0 0.3104143046875 0.657960275 0.045505615625 0.6074897734375 0.042521009375 0.6114427796874999 0.020632815625000002 0.7091038578125 0.0228003015625 0.7835955640625001 0.2738381515625 0.8301232921875 0.3104143046875 0.657960275
0 0.5313050875 0.877374134375 0.567060975 0.7173618453125 0.5528692578125 0.7079945734375 0.331138559375 0.6657163609375 0.3099399375 0.668647028125 0.277731978125 0.831001134375 0.5313050875 0.877374134375
0 0.09389171874999999 0.4287375078125 0.08242766562500001 0.43386278125000005 0.053115354687500005 0.5752823046875 0.045851512500000004 0.606025796875 0.314654028125 0.65737414375 0.352139403125 0.4900419734375 0.09389171874999999 0.4287375078125
0 0.1246271296875 0.255257725 0.088050978125 0.42742074375000005 0.3524853 0.488577996875 0.3761347859375 0.3798048625 0.3820150375 0.3549172734375 0.3986675515625 0.32783236250000003 0.3906624703125 0.318317878125 0.1246271296875 0.255257725
0 0.4042908640625 0.321390325 0.3664595921875 0.49018647031249996 0.6260908671875 0.5456350343749999 0.6612834296875 0.3793279203125 0.4042908640625 0.321390325
0 0.44225060625 0.1433714046875 0.42045907812500005 0.2356018828125 0.40731498281249995 0.291232965625 0.4023439515625 0.3209514046875 0.6612834296875 0.3793279203125 0.7066849296875 0.20452865937500003 0.44225060625 0.1433714046875
0 0.46683766875000005 0 0.4367557625 0.140590665625 0.696041140625 0.1975032046875 0.7377662390624999 0.029584903125 0.72335709375 0.01245883125 0.6680937203124999 0 0.46683766875000005 0
0 0.6856840828124999 0.380203046875 0.9368359093749999 0.43682387812499995 0.98773225 0.26480535625 0.73108558125 0.20540378750000002 0.71057875625 0.2054065015625 0.6856840828124999 0.380203046875
0 0.8915628812499999 0.6024003609374999 0.9345430984374999 0.43784893281250004 0.6810984609374999 0.38225315625 0.6358254328124999 0.5478296390625 0.8915628812499999 0.6024003609374999
0 0.6083414968749999 0.7683011453125 0.9047466984374999 0.824330409375 0.9541704937500001 0.641186215625 0.8915628812499999 0.6024003609374999 0.62769188125 0.54753793125 0.5868760046875 0.72028708125 0.6083414968749999 0.7683011453125
0 0.8751971 0.8192105671875 0.6063945828125 0.7678622234375 0.5849290921875 0.719848159375 0.5690078890625 0.7178007671875 0.52832048125 0.881327140625 0.542868025 0.9586207218749999 0.6436369171874999 0.9749594187499999 0.8448922671875 0.966758890625 0.87896245625 0.8293111859375 0.8751971 0.8192105671875
0 0.11920138437500001 0.1306779984375 0.11608830781249999 0.14385378124999998 0.18972512187499999 0.16199676093749998 0.19283819687499998 0.148820978125 0.11920138437500001 0.1306779984375
0 0.082644884375 0.137856096875 0.1079547578125 0.143562071875 0.11336064374999999 0.12936123593749999 0.08679565156249999 0.12028838593749999 0.082644884375 0.137856096875
0 0.0221128640625 0.3940518703125 0.09025483281249999 0.40941411250000004 0.10270713437500001 0.35671098125 0.034565165625 0.34134873906249996 0.0221128640625 0.3940518703125
0 0.8839928625000001 0.912168959375 0.873270046875 0.9575522125000001 0.8812822265625 0.9652761140624999 0.912760521875 0.9639934718750001 0.9170508765625 0.945834971875 0.8839928625000001 0.912168959375
0 0.9295031781249999 0.8931318421875 0.8973543859375 0.8642966781249999 0.8839928625000001 0.912168959375 0.9170508765625 0.945834971875 0.9295031781249999 0.8931318421875
0 0.900902315625 0.866638496875 0.9295031781249999 0.8931318421875 0.9382790796875 0.84730966875 0.9105874390625001 0.8256471734374999 0.900902315625 0.866638496875
0 0.9105874390625001 0.8256471734374999 0.94022599375 0.847748590625 0.9496936890625 0.7989984671875 0.9236030625 0.7792388671875 0.9105874390625001 0.8256471734374999
0 0.9623634187500001 0.7540541375 0.93203306875 0.73488066875 0.9197092359375001 0.7783610234375 0.9512947046875 0.8009013640625 0.9623634187500001 0.7540541375
0 0.9734321296875 0.7072069078125 0.9427558828124999 0.68949741875 0.9339799828125 0.7353195921875 0.9604165046875 0.7536152140625 0.9734321296875 0.7072069078125
0 0.9424099859374999 0.6909613953125 0.9734321296875 0.7072069078125 0.9832457234374999 0.6569928093749999 0.9518776828125001 0.6422112703125 0.9424099859374999 0.6909613953125
0 0.9969531437500001 0.6076565515625 0.9645474109375 0.597266940625 0.9541704937500001 0.641186215625 0.9851926375 0.6574317296875 0.9969531437500001 0.6076565515625
0 1 0.57419200625 0.9737581671875001 0.5669623671874999 0.9684412375000001 0.5981447828124999 0.9969531437500001 0.6076565515625 1 0.5947610328125 1 0.57419200625
0 0.08299098906249999 0.44015760468750004 0.014849020312499999 0.4247953640625 0.012633165625000001 0.4341737484375 0.016543971875 0.5685794375000001 0.0527694578125 0.5767462796875 0.08299098906249999 0.44015760468750004
0 1 0.07482648750000001 0.742826228125 0.016848040624999998 0.7006267609375 0.1954530953125 0.9643692906249999 0.2595383015625 1 0.13792404375 1 0.07482648750000001
0 0.3170804328125 0.66206849375 0.5767870171875 0.712110603125 0.6163862890625 0.5445106078124999 0.35447140781250003 0.4918438125 0.3170804328125 0.66206849375