0 0.6599999999999999 0.2693333328125 0.662 0.16799999999999998 0.64 0.10133333281250001 0.626 0.07466666718750001 0.45 0.12 0.45599999999999996 0.2773333328125 0.63 0.248 0.6599999999999999 0.2693333328125
0 0.45199999999999996 0.2826666671875 0.442 0.136 0.292 0.17333333281250002 0.3 0.312 0.45199999999999996 0.2826666671875
0 0.29 0.17333333281250002 0.15 0.2106666671875 0.16 0.3413333328125 0.302 0.31466666718749997 0.29 0.17333333281250002
0 0.292 0.3226666671875 0.154 0.3466666671875 0.16999999999999998 0.48266666718750006 0.304 0.4613333328125 0.292 0.3226666671875
0 0.294 0.32 0.306 0.46399999999999997 0.454 0.44000000000000006 0.44400000000000006 0.288 0.294 0.32
0 0.644 0.33599999999999997 0.638 0.2693333328125 0.628 0.2533333328125 0.446 0.2826666671875 0.45599999999999996 0.4346666671875 0.558 0.42933333281249997 0.554 0.3493333328125 0.644 0.33599999999999997
0 0.154 0.344 0.16 0.344 0.152 0.24533333281249997 0.11599999999999999 0.256 0.128 0.36266666718749996 0.154 0.36 0.154 0.344
0 0.156 0.3653333328125 0.122 0.368 0.134 0.4773333328125 0.16799999999999998 0.472 0.156 0.3653333328125
0 0.05600000000000001 0.49866666718749997 0.068 0.6186666671875 0.184 0.608 0.172 0.4773333328125 0.05600000000000001 0.49866666718749997
0 0.064 0.624 0.078 0.7466666671875 0.192 0.7413333328125 0.182 0.608 0.064 0.624
0 0.078 0.7466666671875 0.088 0.8720000000000001 0.202 0.8746666671875 0.19 0.744 0.078 0.7466666671875
0 0.20600000000000002 0.9973333328124999 0.196 0.8773333328125 0.088 0.8720000000000001 0.086 0.8613333328125 0.08 0.8666666671875 0.094 0.9973333328124999 0.20600000000000002 0.9973333328124999
0 0.172 0.48266666718750006 0.186 0.6133333328125 0.314 0.6053333328125 0.304 0.4613333328125 0.172 0.48266666718750006
0 0.308 0.46666666718750005 0.318 0.6026666671875 0.46399999999999997 0.592 0.458 0.4453333328125 0.308 0.46666666718750005
0 0.184 0.6133333328125 0.194 0.744 0.322 0.7413333328125 0.316 0.6026666671875 0.184 0.6133333328125
0 0.314 0.6053333328125 0.324 0.7466666671875 0.47400000000000003 0.7466666671875 0.462 0.592 0.314 0.6053333328125
0 0.458 0.44000000000000006 0.466 0.5946666671874999 0.5700000000000001 0.5893333328125 0.558 0.43200000000000005 0.458 0.44000000000000006
0 0.46399999999999997 0.5946666671874999 0.476 0.7493333328125 0.584 0.752 0.5700000000000001 0.5893333328125 0.46399999999999997 0.5946666671874999
0 0.47400000000000003 0.752 0.484 0.9013333328125 0.604 0.9119999999999999 0.584 0.752 0.47400000000000003 0.752
0 0.324 0.7493333328125 0.33199999999999996 0.8906666671875 0.484 0.9013333328125 0.47400000000000003 0.7493333328125 0.324 0.7493333328125
0 0.192 0.744 0.20600000000000002 0.8800000000000001 0.32999999999999996 0.8826666671875 0.322 0.744 0.192 0.744
0 0.198 0.8773333328125 0.20800000000000002 0.9973333328124999 0.33799999999999997 0.9973333328124999 0.32799999999999996 0.8826666671875 0.198 0.8773333328125
0 0.33599999999999997 0.8933333328125 0.344 0.9973333328124999 0.49000000000000005 1 0.48600000000000004 0.9013333328125 0.33599999999999997 0.8933333328125
0 0.786 0.512 0.764 0.5466666671875 0.568 0.5626666671875 0.5860000000000001 0.7653333328125 0.784 0.7786666671875 0.798 0.6933333328125 0.786 0.512
0 0.784 0.512 0.774 0.3226666671875 0.746 0.31466666718749997 0.554 0.352 0.5700000000000001 0.5599999999999999 0.762 0.544 0.784 0.512
0 0.6980000000000001 0.30133333281249997 0.6980000000000001 0.2053333328125 0.662 0.184 0.6599999999999999 0.272 0.67 0.2906666671875 0.6980000000000001 0.30133333281249997
0 0.6679999999999999 0.2906666671875 0.644 0.2693333328125 0.646 0.3333333328125 0.6679999999999999 0.3306666671875 0.6679999999999999 0.2906666671875
0 0.798 0.3413333328125 0.776 0.3226666671875 0.788 0.5093333328125 0.806 0.48266666718750006 0.798 0.3413333328125
0 0.852 0.4373333328125 0.8039999999999999 0.4373333328125 0.8099999999999999 0.5333333328125 0.858 0.528 0.852 0.4373333328125
0 0.8099999999999999 0.5333333328125 0.8140000000000001 0.624 0.8640000000000001 0.6213333328124999 0.8619999999999999 0.5253333328124999 0.8099999999999999 0.5333333328125
0 0.8160000000000001 0.992 0.8 0.6906666671874999 0.784 0.7813333328125001 0.596 0.768 0.5940000000000001 0.784 0.608 0.9733333328124999 0.8160000000000001 0.992
0 0.866 0.6213333328124999 0.818 0.624 0.8160000000000001 0.7146666671874999 0.8720000000000001 0.712 0.866 0.6213333328124999
0 1 0.42133333281249996 0.8640000000000001 0.42933333281249997 0.868 0.4533333328125 0.8720000000000001 0.5946666671874999 1 0.5973333328125 1 0.42133333281249996
0 0.8779999999999999 0.6 0.8859999999999999 0.7413333328125 1 0.752 0.998 0.6 0.8779999999999999 0.6
0 0.8619999999999999 0.032 0.8240000000000001 0.016 0.762 0.0506666671875 0.764 0.0853333328125 0.826 0.064 0.8699999999999999 0.08 0.8619999999999999 0.032
0 0.8640000000000001 0.0853333328125 0.828 0.0666666671875 0.766 0.088 0.766 0.1306666671875 0.828 0.10933333281249999 0.8619999999999999 0.12 0.8640000000000001 0.0853333328125
0 0.8619999999999999 0.1226666671875 0.826 0.1146666671875 0.776 0.128 0.776 0.16799999999999998 0.8300000000000001 0.16 0.8640000000000001 0.1573333328125 0.8619999999999999 0.1226666671875
0 0.86 0.16 0.8320000000000001 0.1626666671875 0.786 0.17333333281250002 0.788 0.2106666671875 0.842 0.2053333328125 0.86 0.2026666671875 0.86 0.16
0 0.604 0.9093333328125001 0.488 0.9013333328125 0.496 0.9973333328124999 0.614 0.9973333328124999 0.608 0.9653333328124999 0.604 0.9093333328125001