0 0.5672948718749999 0.21748704531250002 0.9508949234375 0.1845167609375 0.9240014343749999 0.0430360578125 0.57317481875 0.026696046875 0.5426431890625001 0.0714250390625 0.5672948718749999 0.21748704531250002
0 0.21243869375000002 0.2616458890625 0.56766008125 0.21965092656250002 0.5347923140625 0.024908353124999998 0.48209272500000006 0.0224538296875 0.1715505703125 0.0600780515625 0.21243869375000002 0.2616458890625
0 0.1715505703125 0.0600780515625 0.0009125375 0.078423346875 0.00334410625 0.2873918359375 0.21189087812500002 0.258400065625 0.1715505703125 0.0600780515625
0 0.6984359437500001 0.2314595390625 0.72574310625 0.4136031390625 0.9840103515624999 0.38072672343749997 0.93782426875 0.18480130781249998 0.72885394375 0.20820914687499997 0.6984359437500001 0.2314595390625
0 0.3800853671875 0.45121964062500003 0.7216421953125 0.40965292187499996 0.699839578125 0.20925440625 0.3324562671875 0.2504068953125 0.3800853671875 0.45121964062500003
0 0.374847028125 0.45070401718750003 0.32740053125 0.2509732140625 0.003354290625 0.28826698125 0.0049661890625 0.42679328281249995 0.023543943749999997 0.49556725625000003 0.374847028125 0.45070401718750003
0 1 0.492151103125 0.98116985625 0.380581896875 0.59484184375 0.43157324687500004 0.62806055625 0.5876995703125 0.6605026203125 0.617137428125 1 0.5875340234374999 1 0.492151103125
0 0.28483389375 0.6702419640625 0.6292133953125 0.625051875 0.5912887515625 0.4308688515625 0.240392675 0.46796973125 0.28483389375 0.6702419640625
0 0.28483389375 0.6702419640625 0.2355195453125 0.46961799062500004 0.0057505515625 0.49420113125 0.0060053671875 0.516099953125 0.051132715625000005 0.6997272171875 0.28483389375 0.6702419640625
0 1 0.6902871140625 0.98944871875 0.5924168375 0.74923096875 0.61381288125 0.7830547015625 0.8040456890625001 1 0.7902501640625 1 0.6902871140625
0 0.6578625515625001 0.6218427375 0.6269231265624999 0.5911341640625001 0.629030790625 0.6239699328125 0.4029836140625 0.6581098015625 0.44505096875000005 0.8463168015625 0.7860599796875001 0.8015042609374999 0.7498205812500001 0.6071324640625 0.6578625515625001 0.6218427375
0 0.0360068765625 0.7036042828125 0.07019054218750001 0.9061436 0.4212331390625 0.8578039234375 0.403714034375 0.662437565625 0.0360068765625 0.7036042828125
0 1 0.8534493937500001 0.9934858640625001 0.789293378125 0.7843747359375 0.801693034375 0.6413115546875 0.818820671875 0.6768915953125 1 0.72643453125 1 1 0.9693565281250001 1 0.8534493937500001
0 0.6804210109375 1 0.6469151015625 0.8215001718750001 0.4510615265625 0.8412339484375 0.4195478953125 0.8579926953125 0.30021894374999997 0.8834856921875 0.33509196874999997 1 0.6804210109375 1
0 0.34060451875000003 1 0.30905217500000004 0.8747794687500001 0.07083148593750001 0.9099412109375 0.10161534531250001 1 0.34060451875000003 1