0 0.669718853125 0.18840349218750002 0.8402134312499999 0.1178648140625 0.925099575 0.09924708593750001 0.9112136984375001 0.0371291125 0.6512903921875 0.02653805 0.6405063078125 0.0402241625 0.669718853125 0.18840349218750002
0 0.8625505359375 0.37110524843750003 0.9778671156250001 0.34976585781249997 0.9260654031250001 0.1032914390625 0.8381183640625001 0.1170813875 0.686840540625 0.1780193015625 0.713418228125 0.3044768953125 0.8625505359375 0.37110524843750003
0 1 0.46436786874999997 0.973839578125 0.34952374062499997 0.8499121765625001 0.3752663265625 0.8585099703125 0.5631346171875 0.90266366875 0.5895199140625 1 0.5781606859374999 1 0.46436786874999997
0 1 0.579967640625 0.9082731671875001 0.5886551734375 0.8647951718750001 0.5654849 0.8739113906249999 0.74663489375 0.8954018593749999 0.77540748125 1 0.7615373921875 1 0.579967640625
0 1 0.7600077749999999 0.89450091875 0.7711207828125 0.8771326328125 0.752776696875 0.888029359375 0.914843484375 1 0.9031508734375 1 0.7600077749999999
0 1 0.900304203125 0.8784549609375001 0.9152130453125 0.8824625953125 0.97102143125 1 0.9522837328125 1 0.900304203125
0 0.6616783625 0.140961565625 0.6405063078125 0.0402241625 0.64976711875 0.026475981250000002 0.4992686078125 0.0203436375 0.5302716296875001 0.16785714062499998 0.6616783625 0.140961565625
0 0.582823109375 0.31686420625 0.7064573203125 0.2989115875 0.6812310421875 0.1788840421875 0.6709129828125 0.184900221875 0.6577134640625 0.1404663859375 0.55061455625 0.16361475 0.582823109375 0.31686420625
0 0.17664796875 0.2212641203125 0.509027765625 0.16781283281249998 0.46817560625 0.019076693750000002 0.46343854218749997 0.0188836734375 0.1357659578125 0.072670925 0.17664796875 0.2212641203125
0 0.0709975078125 0.0859745875 0.0016552875000000002 0.09483135781249999 0.004124334375 0.236282971875 0.1192695265625 0.2146198375 0.0709975078125 0.0859745875
0 0.17664796875 0.2212641203125 0.38122478593750003 0.21185519843749998 0.4323355359375 0.33563725624999996 0.5559697453125 0.3176846375 0.5127674328125 0.1672363390625 0.17664796875 0.2212641203125
0 0.0391231125 0.5588936890625 0.0114619875 0.48239093125 0.07368489843750001 0.4661604921875 0.00604116875 0.34609834687499996 0.009326543750000001 0.534317375 0.0148659421875 0.56334118125 0.0391231125 0.5588936890625
0 0.8503549328125001 0.561072578125 0.8251325125 0.3492135828125 0.7101969875 0.29833509375 0.43726933125 0.331557490625 0.40232502812500004 0.41328569687499994 0.07510426406250001 0.463728896875 0.0084416515625 0.48362191718750003 0.0085513953125 0.489909146875 0.090527053125 0.6748857796875 0.8503549328125001 0.561072578125
0 0.044682167187499996 0.6863786484375 0.0900086265625 0.681604071875 0.036577575 0.5559669125 0.019749078125 0.558561134375 0.044682167187499996 0.6863786484375
0 0.1576080921875 0.8471001218750001 0.8680766578125001 0.7464279609375 0.8472909718749999 0.5648640984375 0.0865621515625 0.674390596875 0.1576080921875 0.8471001218750001
0 0.354278096875 1 0.8774181109375 0.9286496328125 0.8624671562499999 0.7472927015625 0.1522238265625 0.8490365375 0.148866675 0.8606180234374999 0.1864932828125 1 0.354278096875 1
0 0.6865165625 1 0.8876216250000001 0.9680133421875 0.8774181109375 0.9286496328125 0.355730571875 1 0.6865165625 1
0 0.08900867500000001 0.916114996875 0.15720035625 0.900269978125 0.15341795625000001 0.8455332656250001 0.0900086265625 0.681604071875 0.0408895515625 0.6871624546875 0.08900867500000001 0.916114996875
0 0.177028178125 1 0.152041325 0.90327806875 0.08949968750000001 0.9184512484375 0.1066388484375 1 0.177028178125 1