0 0 0.2173913046875 0.08399999999999999 0.1949025484375 0.068 0.0329835078125 0.046 0.034482759375 0 0.05697151406249999 0 0.2173913046875
0 0.122 0 0.066 0.0314842578125 0.08199999999999999 0.1964017984375 0.20800000000000002 0.17391304375 0.19 0 0.122 0
0 0.19 0 0.20800000000000002 0.17391304375 0.372 0.136431784375 0.36 0 0.19 0
0 0.386 0 0.386 0.1289355328125 0.41 0.136431784375 0.442 0.1304347828125 0.646 0.0809595203125 0.646 0 0.386 0
0 0.646 0 0.646 0.0824587703125 0.954 0 0.646 0
0 0.958 0 0.706 0.0659670171875 0.706 0.3658170921875 1 0.364317840625 1 0 0.958 0
0 0.706 0.3658170921875 0.704 0.0689655171875 0.646 0.0824587703125 0.506 0.1184407796875 0.516 0.3688155921875 0.706 0.3658170921875
0 0.382 0.1289355328125 0.374 0.134932534375 0.33999999999999997 0.1499250375 0.344 0.35982009062500003 0.48200000000000004 0.3658170921875 0.49400000000000005 0.3568215890625 0.49000000000000005 0.11994002968749999 0.446 0.1289355328125 0.41 0.137931034375 0.382 0.1289355328125
0 0.33799999999999997 0.1469265375 0.21000000000000002 0.17691154375 0.22799999999999998 0.35982009062500003 0.34199999999999997 0.35982009062500003 0.33799999999999997 0.1469265375
0 0.20800000000000002 0.17391304375 0.122 0.188905546875 0.142 0.3568215890625 0.22799999999999998 0.35982009062500003 0.20800000000000002 0.17391304375
0 0.064 0.35982009062500003 0.144 0.3568215890625 0.12 0.187406296875 0.08199999999999999 0.1964017984375 0.04 0.2068965515625 0.064 0.35982009062500003
0 0 0.3568215890625 0.064 0.362818590625 0.036 0.2068965515625 0 0.2173913046875 0 0.3568215890625
0 0.704 0.364317840625 0.612 0.3688155921875 0.622 0.6161919046875 0.9800000000000001 0.6821589203125 1 0.3673163421875 0.704 0.364317840625
0 0.362 0.36131934062500004 0.37 0.565217390625 0.618 0.6161919046875 0.612 0.3688155921875 0.52 0.3688155921875 0.48600000000000004 0.3673163421875 0.362 0.36131934062500004
0 0.364 0.36131934062500004 0.202 0.35982009062500003 0.21600000000000003 0.52773613125 0.37 0.565217390625 0.364 0.36131934062500004
0 0.21200000000000002 0.52623688125 0.20400000000000001 0.35982009062500003 0.142 0.3568215890625 0.092 0.3583208390625 0.11200000000000002 0.5082458765625 0.21200000000000002 0.52623688125
0 0.028000000000000004 0.49475262343750004 0.11200000000000002 0.511244378125 0.09 0.3568215890625 0.064 0.36131934062500004 0.016 0.35982009062500003 0.028000000000000004 0.49475262343750004
0 0 0.49325337343750003 0.028000000000000004 0.4962518734375 0.016 0.35982009062500003 0 0.3553223390625 0 0.49325337343750003
0 0.608 0.6176911546875 0.612 0.8410794609375 0.93 0.9550224890625 0.954 0.67766116875 0.608 0.6176911546875
0 1 0.685157421875 0.9800000000000001 0.6836581703125 0.944 0.9610194906249999 0.9640000000000001 0.9685157421874999 0.976 0.938530734375 1 0.938530734375 1 0.685157421875
0 0.38 0.7481259375 0.6 0.836581709375 0.604 0.614692653125 0.372 0.565217390625 0.38 0.7481259375
0 0.22200000000000003 0.6821589203125 0.374 0.7496251875 0.368 0.5667166421875 0.21200000000000002 0.52623688125 0.22200000000000003 0.6821589203125
0 0.12 0.6341829078125001 0.22599999999999998 0.6821589203125 0.21400000000000002 0.5247376312500001 0.11200000000000002 0.5067466265625 0.12 0.6341829078125001
0 0.044 0.6011993999999999 0.118 0.6326836578125 0.11399999999999999 0.511244378125 0.03 0.4962518734375 0.044 0.6011993999999999
0 0 0.586206896875 0.04 0.60269865 0.028000000000000004 0.4962518734375 0 0.4962518734375 0 0.586206896875
0 0.362 1 0.3587619046875 0.898836296875 0.356 0.8950524734374999 0.26 0.82758620625 0.262 0.9490254874999999 0.318 1 0.356 1 0.362 1
0 0.254 0.8320839578125 0.184 0.7961019484375 0.18 0.8950524734374999 0.264 0.9550224890625 0.254 0.8320839578125
0 0.186 0.7961019484375 0.118 0.7556221890625 0.126 0.865067465625 0.182 0.898050975 0.186 0.7961019484375
0 0.11409523749999999 0.7571214390625001 0.05609523749999999 0.7196401796874999 0.060095237499999996 0.8215892046875 0.1240952375 0.8665667171875 0.11409523749999999 0.7571214390625001
0 0 0.78889126875 0.058095237499999994 0.8237309906249999 0.054095237500000004 0.721781965625 0 0.6957133671875 0 0.78889126875
0 0.356 0.8950524734374999 0.36 0.901049475 0.403655171875 0.9088559171874999 0.49000000000000005 0.8665667171875 0.48503448125000004 0.794085715625 0.382 0.7496251875 0.37 0.7496251875 0.362 0.7451274359375 0.356 0.8950524734374999
0 0.364 0.7451274359375 0.258 0.698650675 0.262 0.82608695625 0.356 0.8950524734374999 0.364 0.7451274359375
0 0.188 0.7961019484375 0.256 0.8320839578125 0.264 0.82758620625 0.256 0.698650675 0.186 0.664167915625 0.174 0.6581709140625 0.172 0.785607196875 0.188 0.7961019484375
0 0.118 0.7556221890625 0.172 0.787106446875 0.176 0.6581709140625 0.118 0.6326836578125 0.10600000000000001 0.6296851578125 0.10800000000000001 0.7451274359375 0.118 0.7556221890625
0 0.11000000000000001 0.7466266859374999 0.10400000000000001 0.6281859078124999 0.044 0.6011993999999999 0.05600000000000001 0.7196401796874999 0.10200000000000001 0.7496251875 0.11000000000000001 0.7466266859374999
0 0 0.6926536734375001 0.05600000000000001 0.7196401796874999 0.04 0.6011993999999999 0 0.587706146875 0 0.6926536734375001
0 0.49209523749999995 0.7946026984375 0.4978095234375 0.8681373593749999 0.587333334375 0.83172699375 0.49209523749999995 0.7946026984375
0 0.9120952375 0.960948096875 0.585428571875 0.8302991359374999 0.4092380953125 0.9138287999999999 0.40161904843749996 0.9980723921875001 0.8444761906249999 0.9980723921875001 0.9120952375 0.960948096875
0 0.40733333437499997 0.9188263015624999 0.40161904843749996 0.9102591562500001 0.363523809375 0.9045477249999999 0.365428571875 0.9980723921875001 0.3987619046875 0.9966445359374999 0.40733333437499997 0.9188263015624999