0 0.058013092187500004 0.719460825 0.1147253765625 0.9527846984374999 0.254901425 0.9102196828125001 0.2677051015625 0.8743884718749999 0.2594276765625 0.785543284375 0.237645471875 0.7917407187500001 0.1977463953125 0.6233745609375 0.1522017875 0.6363328359375 0.058013092187500004 0.719460825
0 0.1923100921875 0.590050596875 0.2372272953125 0.7891773359375 0.35207891406249997 0.7564999453125 0.32238833125 0.5744998421874999 0.319571778125 0.56993648125 0.30724783125 0.5197956515625 0.265663625 0.5316271218749999 0.1923100921875 0.590050596875
0 0.3593847328125 0.7758801921875 0.35291526875 0.7616267078125001 0.2732890796875 0.781599459375 0.2940872546875 0.8963882359375 0.5010858171875 0.8696816796875 0.4814314875 0.7492027375 0.3593847328125 0.7758801921875
0 0.233980696875 0.1087814 0.2788117796875 0.34548569375 0.41346540468750004 0.3071742703125 0.37686261249999997 0.0573994328125 0.233980696875 0.1087814
0 0.27922995781250004 0.348049075 0.31915360000000004 0.5673731 0.44870297812500004 0.5358786484375 0.40992318125000005 0.3108644578125 0.27922995781250004 0.348049075
0 0.3219701546875 0.571936459375 0.3565681796875 0.7713168328125 0.48622824218750005 0.75320269375 0.45506175468750004 0.5367518203125 0.3219701546875 0.571936459375
0 0.4777540125 0.688554746875 0.5022296625 0.8639915125 0.7056860031250001 0.8409751453125001 0.683079865625 0.6515946640625 0.4777540125 0.688554746875
0 0.45431152187499996 0.4940475015625 0.47889785781249994 0.6828645812499999 0.6846418890625 0.64846788125 0.66234324375 0.4482704671875 0.45431152187499996 0.4940475015625
0 0.4184589640625 0.28697698437499997 0.447534565625 0.49061095000000005 0.659944865625 0.446270490625 0.6351371578125 0.2306927875 0.4184589640625 0.28697698437499997
0 0.566505225 0 0.3776989671875 0.0625261953125 0.413662209375 0.2829770265625 0.633882625 0.2230026421875 0.6092188734375 0 0.566505225 0
0 0.63263215625 0 0.6110551171874999 0.006861537500000001 0.6371173578125 0.230129384375 0.8711991749999999 0.166211178125 0.857231059375 0 0.63263215625 0
0 0.639515734375 0.2321293640625 0.6630689109375 0.44001691875000004 0.8889224375 0.3891692578125 0.869637153125 0.1693379625 0.639515734375 0.2321293640625
0 0.665467290625 0.44201689843749997 0.6901643125 0.6442142875 0.902992790625 0.6024372125 0.8853802140625 0.39285944375000004 0.665467290625 0.44201689843749997
0 0.6846418890625 0.64846788125 0.7058828078125 0.8167779046874999 0.9104829921875 0.7880713703125 0.895490165625 0.60725420625 0.6846418890625 0.64846788125
0 0.4136239875 0 0.4228253984375 0.0470045390625 0.5601572 0 0.4136239875 0