0 0.8317080078125001 0 0.8228560125 0.0343067078125 0.9578450937499999 0 0.8317080078125001 0
0 0.9713689499999999 0 0.910933484375 0.012176659375 0.91067734375 0.031932009375 0.9749528359375 0.019030365625 0.9908217234375 0.03949535625 0.9938145031250001 0 0.9713689499999999 0
0 0.7624994093749999 0.047441703125 0.7592878484375001 0.062458626562499994 0.9064372984375 0.033200350000000003 0.906372284375 0.0149466921875 0.7624994093749999 0.047441703125
0 0.6702144031249999 0.0799669203125 0.6442332640624999 0.21073081249999998 0.6504652609375 0.21870598125 0.94415435625 0.17231964375 0.9810918781250001 0.167898984375 0.990611271875 0.04227266875 0.9743105234374999 0.022033751562500002 0.6702144031249999 0.0799669203125
0 0.759299609375 0.340768584375 0.939182315625 0.3347508515625 0.967788696875 0.3434595109375 0.9807188859375 0.1728213171875 0.785890553125 0.19787447656249998 0.759299609375 0.340768584375
0 0.61358948125 0.224114265625 0.592490703125 0.3506064375 0.7547384078125 0.343538615625 0.7790487500000001 0.20202952187499998 0.61358948125 0.224114265625
0 0.6359196328125 0.351671625 0.6138573843749999 0.48266887187499996 0.9478938796874999 0.4888719640625 0.9629352421874999 0.407509984375 0.96732838125 0.3495342546875 0.934942271875 0.33601919062499996 0.6359196328125 0.351671625
0 0.7205411640625 0.6426238093750001 0.9148798140625001 0.661799915625 0.9488898562499999 0.4934937171875 0.741221265625 0.4902528421875 0.7205411640625 0.6426238093750001
0 0.5548296734375 0.7772338875 0.87274335 0.8402679296875 0.9096763031249999 0.6675733312500001 0.582384084375 0.6298347046874999 0.5548296734375 0.7772338875
0 0.6891328796875 0.8080432999999999 0.6658863390625 0.9394586765625 0.8568482453125 0.92387059375 0.8740604812500001 0.8433879890625 0.6891328796875 0.8080432999999999
0 0.55743143125 0.77434718125 0.561606459375 0.754825184375 0.5201694812500001 0.7630034984375 0.510725921875 0.7700452546875 0.48349266875 0.915942746875 0.5839859578125 0.9461441468749999 0.6623498296875 0.939747359375 0.6884580609375 0.8019198546874999 0.55743143125 0.77434718125
0 0.5366420453125 0.6210277015625 0.71694343125 0.6408887640625001 0.73306233125 0.4912878296875 0.5616272078125 0.48564205312500003 0.5366420453125 0.6210277015625
0 0.6456440140625 0 0.6351680375 0.0489845625 0.7150865750000001 0.027889503125 0.756332428125 0.057720196875 0.7589016765625 0.045706659375 0.8208965687499999 0.0341900296875 0.827319690625 0.0041561875 0.8199612234375 0 0.6456440140625 0
0 0.5193696953125 0.0801096625 0.516800446875 0.0921232015625 0.6045567625 0.07149484375000001 0.6627953046874999 0.105379009375 0.6666166703124999 0.0782318734375 0.755690115625 0.060723579687499994 0.71084653125 0.029157842187499998 0.5193696953125 0.0801096625
0 0.4809206453125 0.10215323750000001 0.46563518281249994 0.210741778125 0.49637648749999996 0.224738815625 0.6017678 0.2051605484375 0.640314375 0.21049746093750002 0.660193546875 0.10826571874999999 0.6039144515625 0.074498228125 0.4809206453125 0.10215323750000001
0 0.4898558421875 0.22739216875 0.4613951375 0.2120101171875 0.46553765937499997 0.1833612890625 0.4139823015625 0.192457915625 0.3942331625 0.331196975 0.571127940625 0.3113139859375 0.5819211375 0.3165191203125 0.595637246875 0.3173358546875 0.6145529515625 0.2196091890625 0.59916604375 0.2080472546875 0.4898558421875 0.22739216875
0 0.5839781046875 0.3440162859375 0.5930354906249999 0.3202225640625 0.5665667390625 0.3140840171875 0.45070338281250005 0.32695545625 0.43214134375 0.4323072609375 0.5460777625000001 0.4284459734375 0.5976656265625 0.42847617812500005 0.618959453125 0.3567449828125 0.5954461234374999 0.355344865625 0.5839781046875 0.3440162859375
0 0.3619550109375 0.43573204531250004 0.344035284375 0.538080465625 0.5403008734375 0.54824641875 0.5583506296875 0.48240531718749996 0.599466453125 0.4757286921875 0.6074953578125 0.43818638749999994 0.56731049375 0.4312311078125 0.3619550109375 0.43573204531250004
0 0.4198113 0.54563423125 0.4052006578125 0.6603462171875 0.5172426484375 0.6746219124999999 0.5661962484374999 0.6684119953125001 0.5716233953125001 0.6337564 0.532755665625 0.6299211765625 0.54489458125 0.554603215625 0.4198113 0.54563423125
0 0.24901848906250001 0.536985071875 0.22618389687499998 0.6344783859375001 0.39964348125 0.6584944953125 0.4175307015625 0.5470192453125 0.24901848906250001 0.536985071875
0 0.21406572656249997 0.4406132171875 0.194475203125 0.532216440625 0.341112371875 0.5424688640625 0.35967441093749997 0.43711706093749997 0.21406572656249997 0.4406132171875
0 0.328107509375 0.6496723906249999 0.303024825 0.7576775515625 0.49842446875 0.7997290671874999 0.5041727703125 0.7635717796875 0.5168929046875 0.7597667609375 0.5544109953125 0.7513550921875 0.5600292671875 0.6786904875 0.5244381140625001 0.6780920015625 0.328107509375 0.6496723906249999
0 0.35317336718750003 0.9036203468749999 0.46659750468750005 0.9392697609375 0.4943183734375 0.9302747109375 0.4795737796875 0.9157093937499999 0.5026970203125 0.8075875578125 0.38015048125 0.77747820625 0.35317336718750003 0.9036203468749999
0 0.46759348125000005 0.9438915140624999 0.2652545140625 0.87861455625 0.2534367515625 0.9524308250000001 0.40003368437500003 0.9611600390625 0.5029146484375 0.9527619390625001 0.49826977031249997 0.9396348937500001 0.46759348125000005 0.9438915140624999
0 0.20534125625000002 0.7412152062499999 0.176660840625 0.8474853203125001 0.35185623593750004 0.9005002875000001 0.3739509921875 0.7786298687500001 0.20534125625000002 0.7412152062499999
0 0.1660834359375 0.62785803125 0.13801282343750002 0.72199793125 0.29322760312499996 0.75709416875 0.32614806406249996 0.6495557140625 0.3104725109375 0.6486223015625 0.1660834359375 0.62785803125
0 0.14324884375 0.7253513453125 0.1357647296875 0.7325097765625 0.0635539390625 0.717564225 0.03708910625 0.8041956656249999 0.17142481874999999 0.8441319046875 0.20370296875 0.7395968374999999 0.14324884375 0.7253513453125
0 0.49587938125 0 0.4394797453125 0.0175615671875 0.42933278125 0.10212303281249999 0.6041705921875 0.054742878125000005 0.6312491484375 0.0487512109375 0.6416752203125 0 0.49587938125 0
0 0.3624555328125 0.117911384375 0.34675139062500004 0.20062113125 0.467818259375 0.181976275 0.47928235625 0.1005348671875 0.5106009578124999 0.0932748625 0.5128490515624999 0.0827630171875 0.3624555328125 0.117911384375
0 0.32655672343750003 0 0.31812422812499996 0.046834943750000003 0.38924152031250003 0.0297782546875 0.444683259375 0.0117881515625 0.444136509375 0 0.32655672343750003 0
0 0.2940010921875 0.057565040624999994 0.2776221296875 0.134151340625 0.3054080140625 0.14340995 0.3559999015625 0.1388183984375 0.35625604375000003 0.119063046875 0.423454446875 0.101773003125 0.4355608578125 0.017328215625 0.2940010921875 0.057565040624999994
0 0.2977977890625 0.2068310484375 0.3451131015625 0.19900276249999999 0.355678746875 0.1403200921875 0.308363434375 0.14814837812499998 0.2977977890625 0.2068310484375
0 0.273320990625 0.20993600625000003 0.254019115625 0.29091070625 0.2775649546875 0.3014376546875 0.34023466562500004 0.2960444703125 0.3379215578125 0.2883026578125 0.3953552484375 0.27955606093749996 0.4097422578125 0.19372625625 0.273320990625 0.20993600625000003
0 0.33156345 0.336590159375 0.3916314046875 0.334083684375 0.39863182343750003 0.2827927984375 0.341519290625 0.2900377015625 0.33156345 0.336590159375
0 0.2724953921875 0.43648837343749997 0.43214134375 0.4323072609375 0.44842278281250003 0.328340471875 0.29012647187499996 0.3447684765625 0.2724953921875 0.43648837343749997
0 0.23090502499999999 0 0.2243595484375 0.030605953125 0.3199458171875 0 0.23090502499999999 0
0 0.22011950468750002 0.0318742921875 0.2082042203125 0.078310071875 0.21931857500000002 0.0820135171875 0.2183551046875 0.08651859375 0.2894723984375 0.0694619015625 0.28748044687499996 0.060218396875 0.315201315625 0.0512233453125 0.321880578125 0.00143415 0.22011950468750002 0.0318742921875
0 0.21803395 0.0880202859375 0.21103353125000002 0.1393111703125 0.276626153125 0.12952958750000002 0.2891512421875 0.07096359375 0.21803395 0.0880202859375
0 0.2052202125 0.1572148015625 0.27373575 0.14304481875 0.306403990625 0.14803170000000002 0.2759838421875 0.132532971875 0.20843177499999999 0.142197878125 0.2052202125 0.1572148015625
0 0.16477920937499999 0.17001486875 0.15867724218749998 0.198547021875 0.198475934375 0.18875033593749999 0.2654832125 0.2094693015625 0.300078390625 0.20544603281249998 0.303481078125 0.15242010156250002 0.27505288125 0.1461648765625 0.16477920937499999 0.17001486875
0 0.19619533281249998 0.1901353515625 0.13615988750000002 0.2017686546875 0.12366730625 0.2694614796875 0.1889387734375 0.2611815890625 0.25234831875 0.280165509375 0.26875978906250003 0.21270603906250002 0.19619533281249998 0.1901353515625
0 0.1589136109375 0 0.13644069375 0.0056001625 0.13040374375 0.052385971875000006 0.22240010468750002 0.030489278125 0.23014441093750002 0 0.1589136109375 0
0 0.12812314375 0.0537709875 0.12163500625000001 0.06555117187500001 0.16503143125 0.05748953125 0.20656593124999997 0.0766917046875 0.21979834843749999 0.033375984375 0.12812314375 0.0537709875
0 0.109236028125 0.0678544984375 0.0845070078125 0.18348479374999999 0.139981253125 0.1746215203125 0.20326076718750002 0.15709812343750001 0.2189974171875 0.083515209375 0.1647102734375 0.058991225 0.109236028125 0.0678544984375
0 0.06134733906249999 0.18970981250000002 0.0494645640625 0.24527242343750003 0.128773296875 0.2363075765625 0.13648104375 0.20026696249999998 0.1550795109375 0.1968119734375 0.1582585640625 0.172668225 0.06134733906249999 0.18970981250000002
0 0.0115928078125 0.24605895625000002 0.0048810390625 0.28672132031249997 0.12138670625 0.27084649375000003 0.12845214062500002 0.2378092671875 0.0115928078125 0.24605895625000002
0 0.28671986562499996 0.3050244203125 0.2748695953125 0.3697138609375 0.280747928125 0.370063890625 0.288167028125 0.3446518 0.32896169375 0.33947686718750003 0.339913509375 0.29754616562499997 0.28671986562499996 0.3050244203125
0 0.2375751375 0.34924335 0.2777600015625 0.3561986296875 0.282800975 0.30479106875 0.24746596406250002 0.2844372328125 0.2375751375 0.34924335
0 0.0597129703125 0.28086143125 0.047220390625000004 0.348554253125 0.1591648578125 0.33544945937500004 0.23365624999999998 0.349009996875 0.24746596406250002 0.2844372328125 0.1745803515625 0.2633682390625 0.0597129703125 0.28086143125
0 0 0.3540163203125 0.0413420578125 0.34820422500000003 0.0551517703125 0.2836314625 0.00455988125 0.2882230109375 0 0.3069664390625 0 0.3540163203125
0 0.037606453125 0.124421890625 0.0966784328125 0.11729366249999999 0.105349646875 0.076747975 0.0485582703125 0.0824911859375 0.037606453125 0.124421890625
0 0.028967746875 0.17409440781250002 0.0870437484375 0.1623444265625 0.09439783125 0.11867867812499999 0.0392447421875 0.1260402578125 0.028967746875 0.17409440781250002
0 0.028646590625000003 0.1755961 0.01901190625 0.22064686562500002 0.0558876859375 0.215238578125 0.05938789531250001 0.1895931375 0.0825475625 0.18336811718749998 0.0867225921875 0.1638461203125 0.028646590625000003 0.1755961
0 0.01901190625 0.22064686562500002 0.01737361875 0.21902849687499998 0.013552251562500001 0.24617563125 0.0455456734375 0.2450390703125 0.055566528125 0.216740271875 0.01901190625 0.22064686562500002
0 0.244420859375 0.4378582875 0.2705359484375 0.4363716984375 0.2820650609375 0.37318395 0.2582305734375 0.373285525 0.244420859375 0.4378582875
0 0.1076095 0.34454608593749997 0.0925151640625 0.41512561875 0.1568231625 0.41135080312500005 0.24339237656249998 0.42410970625 0.2588728859375 0.370282140625 0.2709181984375 0.3603536765625 0.1660391671875 0.34042124375 0.1076095 0.34454608593749997
0 0.036044940625 0.4193671390625 0.021914071875 0.48544159374999996 0.09473466875 0.4882569296875 0.10369453125000001 0.43708272031249995 0.2245052609375 0.438193215625 0.24111177499999997 0.425494721875 0.1483430734375 0.4138874828125 0.036044940625 0.4193671390625
0 0.0886652109375 0.5259159109375 0.1647623828125 0.531967984375 0.193479228125 0.5275946859375 0.21014683750000002 0.4403798640625 0.1072922640625 0.43881776562499997 0.0886652109375 0.5259159109375
0 0.0870308421875 0.617067528125 0.226505053125 0.63297669375 0.24705904531249998 0.5368683953125 0.10369845312499999 0.52985270625 0.0870308421875 0.617067528125
0 0.06875353125 0.619020825 0.0465612515625 0.713510753125 0.11713375468750001 0.726837934375 0.133772778125 0.723266271875 0.16052625781250002 0.6260063109375 0.079193065625 0.616600821875 0.06875353125 0.619020825
0 0.0858555015625 0.9287647453125001 0.1296706046875 0.9465819015625 0.245598975 0.95196411875 0.26165678125 0.8768795109375 0.1076941171875 0.8266496765625 0.0858555015625 0.9287647453125001
0 0.030568460937500003 0.8068490203125 0.00901849375 0.8983355671875 0.0819366140625 0.9285313921875 0.103775228125 0.826416325 0.030568460937500003 0.8068490203125
0 0 0.8843204468750001 0.0093071421875 0.8877070453125 0.030568460937500003 0.8068490203125 0 0.7975430421875 0 0.8843204468750001
0 0 0.7956865515625 0.033170217187500003 0.8039623125 0.058029268749999995 0.724839334375 0 0.7151841828125 0 0.7956865515625
0 0.0181655625 0.7163823609375 0.058350425 0.723337640625 0.06095218125 0.720450934375 0.042642362499999996 0.7132774015625001 0.06329387656249999 0.644549590625 0.0339022125 0.64279944375 0.0181655625 0.7163823609375
0 0 0.71200149375 0.012608387500000002 0.7145306390624999 0.029983323437499997 0.642566090625 0 0.6371078781249999 0 0.71200149375
0 0 0.633871028125 0.05937498906250001 0.6443162390625 0.06711524218750001 0.61740245625 0.081794821875 0.6137141140625 0.09371010468749999 0.567278334375 0 0.5602388625 0 0.633871028125
0 0.0666601359375 0.4896268453125 0.05352524374999999 0.5603230515625001 0.09435241718750001 0.5642749499999999 0.0997795625 0.5296193546875 0.08442516562499999 0.52718425 0.09245406874999999 0.48964194531249994 0.0666601359375 0.4896268453125
0 0 0.556422434375 0.047646910937499995 0.5599730234375 0.06470069218749999 0.48951016875000003 0 0.48757685312500004 0 0.556422434375
0 0 0.485657521875 0.017674028124999998 0.486709934375 0.032126053125 0.41913378593750006 0 0.42058403125000005 0 0.485657521875
0 0 0.4187241109375 0.08631567343749999 0.41627728125 0.10108885625 0.34719944375 0 0.354385015625 0 0.4187241109375