0 0.358 0.148 0.38 0.148 0.40199999999999997 0.13799999999999998 0.398 0.034 0.378 0.006 0.11000000000000001 0.018 0.122 0.16399999999999998 0.35 0.158 0.358 0.148
0 0.358 0.16 0.014000000000000002 0.16599999999999998 0.032 0.364 0.358 0.358 0.358 0.16
0 0.24 0.36 0.022 0.364 0.036 0.5599999999999999 0.248 0.558 0.23399999999999999 0.37 0.24 0.36
0 0.33999999999999997 0.748 0.348 0.738 0.33799999999999997 0.5599999999999999 0.036 0.5599999999999999 0.034 0.548 0.006 0.568 0.018 0.752 0.33999999999999997 0.748
0 0.252 0.748 0.038 0.752 0.05600000000000001 0.9279999999999999 0.252 0.93 0.262 0.924 0.252 0.748
0 0.47000000000000003 0.9259999999999999 0.466 0.746 0.348 0.738 0.33999999999999997 0.748 0.252 0.748 0.262 0.924 0.264 0.93 0.47000000000000003 0.9259999999999999
0 0.6799999999999999 0.922 0.6799999999999999 0.758 0.568 0.756 0.5559999999999999 0.746 0.466 0.746 0.47000000000000003 0.9279999999999999 0.674 0.9279999999999999 0.6799999999999999 0.922
0 0.49400000000000005 0.022 0.396 0.028000000000000004 0.40599999999999997 0.144 0.492 0.146 0.49400000000000005 0.022
0 0.5900000000000001 0.15 0.40800000000000003 0.144 0.404 0.13799999999999998 0.382 0.148 0.358 0.148 0.358 0.358 0.5820000000000001 0.358 0.5900000000000001 0.15
0 0.492 0 0.492 0.146 0.724 0.146 0.73 0 0.492 0
0 0.73 0 0.724 0.146 0.968 0.13999999999999999 0.976 0 0.73 0
0 0.952 0.362 0.9640000000000001 0.13999999999999999 0.724 0.146 0.5900000000000001 0.148 0.5820000000000001 0.358 0.588 0.362 0.952 0.362
0 0.45599999999999996 0.358 0.24 0.36 0.23399999999999999 0.37 0.248 0.5599999999999999 0.46399999999999997 0.5559999999999999 0.45599999999999996 0.358
0 0.686 0.5660000000000001 0.692 0.564 0.696 0.362 0.5900000000000001 0.364 0.5820000000000001 0.358 0.45599999999999996 0.358 0.466 0.5559999999999999 0.46799999999999997 0.5660000000000001 0.686 0.5660000000000001
0 0.9380000000000001 0.362 0.696 0.362 0.692 0.564 0.924 0.572 0.9380000000000001 0.362
0 0.5559999999999999 0.746 0.5599999999999999 0.748 0.558 0.5660000000000001 0.46799999999999997 0.568 0.46399999999999997 0.5559999999999999 0.33599999999999997 0.5599999999999999 0.348 0.738 0.466 0.746 0.5559999999999999 0.746
0 0.9039999999999999 0.754 0.9119999999999999 0.572 0.692 0.5660000000000001 0.688 0.5660000000000001 0.558 0.5660000000000001 0.5599999999999999 0.746 0.568 0.756 0.9039999999999999 0.754
0 0.8939999999999999 0.9339999999999999 0.9039999999999999 0.754 0.6799999999999999 0.756 0.6799999999999999 0.922 0.682 0.932 0.8939999999999999 0.9339999999999999
0 1 0.188 0.9640000000000001 0.19 0.9560000000000001 0.304 0.998 0.304 1 0.188
0 0.9339999999999999 0.422 0.998 0.42000000000000004 0.998 0.304 0.9560000000000001 0.304 0.952 0.362 0.9380000000000001 0.362 0.9339999999999999 0.422
0 0.998 0.42000000000000004 0.9339999999999999 0.422 0.9279999999999999 0.532 0.998 0.534 0.998 0.42000000000000004
0 0.9099999999999999 0.64 0.93 0.64 0.9359999999999999 0.532 0.9279999999999999 0.534 0.924 0.572 0.914 0.572 0.9099999999999999 0.64
0 0.998 0.534 0.9359999999999999 0.532 0.93 0.64 1 0.642 0.998 0.534