0 0.44000000000000006 0.784 0.002 0.776 0.01 0.858 0.44400000000000006 0.858 0.44000000000000006 0.784
0 0.43600000000000005 0.8619999999999999 0 0.8619999999999999 0.004 0.998 0.40599999999999997 1 0.43600000000000005 0.8619999999999999
0 0.43600000000000005 0.8640000000000001 0.42800000000000005 0.998 0.754 1 0.726 0.8480000000000001 0.43600000000000005 0.8640000000000001
0 0.72 0.768 0.454 0.78 0.454 0.8619999999999999 0.732 0.8460000000000001 0.734 0.764 0.72 0.768
0 0.9960000000000001 0.742 0.732 0.748 0.734 0.852 0.752 0.9960000000000001 0.998 0.998 0.9960000000000001 0.742
0 0.728 0.654 0.73 0.748 0.998 0.744 0.998 0.644 0.728 0.654
0 0.732 0.764 0.726 0.654 0.29 0.662 0.282 0.6839999999999999 0.288 0.78 0.732 0.764
0 0.866 0.65 0.8720000000000001 0.554 0.42800000000000005 0.5599999999999999 0.43600000000000005 0.658 0.866 0.65
0 0 0.6639999999999999 0.43600000000000005 0.6599999999999999 0.42800000000000005 0.562 0.002 0.558 0 0.6639999999999999
0 0.27999999999999997 0.686 0.288 0.6599999999999999 0 0.662 0.002 0.776 0.292 0.782 0.27999999999999997 0.686
0 0.256 0.454 0.268 0.5599999999999999 0.724 0.554 0.728 0.44800000000000006 0.256 0.454
0 0.728 0.45 0.728 0.5519999999999999 0.998 0.544 0.998 0.438 0.728 0.45
0 0.874 0.5519999999999999 0.868 0.65 0.998 0.644 0.998 0.546 0.874 0.5519999999999999
0 0 0.5559999999999999 0.262 0.5599999999999999 0.256 0.45199999999999996 0 0.44800000000000006 0 0.5559999999999999
0 0.738 0.32999999999999996 0.728 0.288 0.708 0.284 0.708 0.32599999999999996 0.42800000000000005 0.32799999999999996 0.43 0.45 0.898 0.44000000000000006 0.906 0.324 0.738 0.32999999999999996
0 0 0.44800000000000006 0.43 0.45 0.42800000000000005 0.32999999999999996 0.22999999999999998 0.324 0.22000000000000003 0.32 0.2 0.34199999999999997 0 0.32999999999999996 0 0.44800000000000006
0 0.366 0.20800000000000002 0.20600000000000002 0.20800000000000002 0.21000000000000002 0.32 0.43 0.32799999999999996 0.708 0.32999999999999996 0.716 0.20400000000000001 0.386 0.20400000000000001 0.378 0.182 0.366 0.20800000000000002
0 0.9119999999999999 0.194 0.9 0.16999999999999998 0.8960000000000001 0.188 0.728 0.202 0.728 0.286 0.738 0.32599999999999996 0.9960000000000001 0.32 0.9960000000000001 0.194 0.9119999999999999 0.194
0 0.998 0.322 0.906 0.322 0.898 0.44000000000000006 1 0.43600000000000005 0.998 0.322
0 0 0.33199999999999996 0.2 0.33999999999999997 0.21000000000000002 0.324 0.20600000000000002 0.20600000000000002 0 0.196 0 0.33199999999999996
0 0.9099999999999999 0.06 0.9 0.16999999999999998 0.9119999999999999 0.196 0.994 0.196 1 0.054000000000000006 0.9099999999999999 0.06
0 0.378 0.18 0.386 0.20600000000000002 0.728 0.20400000000000001 0.9 0.19 0.9099999999999999 0.05600000000000001 0.376 0.06 0.378 0.18
0 0 0.194 0.364 0.20800000000000002 0.38 0.182 0.376 0.05600000000000001 0.196 0.057999999999999996 0.182 0.038 0.174 0.06 0 0.052000000000000005 0 0.194
0 0.176 0.057999999999999996 0.182 0.04 0.176 0.006 0.002 0 0 0.052000000000000005 0.176 0.057999999999999996
0 0.736 0.004 0.174 0.004 0.186 0.044 0.2 0.062 0.732 0.06 0.736 0.004
0 1 0.002 0.734 0.002 0.732 0.057999999999999996 1 0.054000000000000006 1 0.002