0 0.048604651562500004 0 0.076511628125 0.2832041328125 0.1920155046875 0.280103359375 0.17496124062500001 0.0010335921875 0.048604651562500004 0
0 0.175736434375 0.0031007765625 0.1920155046875 0.280103359375 0.2982170546875 0.2780361765625 0.289689921875 0 0.175736434375 0.0031007765625
0 0.2927906984375 0.002067184375 0.2982170546875 0.2780361765625 0.3982170546875 0.2780361765625 0.397441859375 0.011369509375 0.2927906984375 0.002067184375
0 0.3982170546875 0.012403101562500001 0.397441859375 0.2780361765625 0.48503875937499996 0.277002584375 0.4935658921875 0.026873384374999996 0.3982170546875 0.012403101562500001
0 0.491240309375 0.0237726109375 0.48503875937499996 0.277002584375 0.5679844953125001 0.2749354 0.5796124046875 0.034108528124999996 0.491240309375 0.0237726109375
0 0.5803875953125 0.029974159374999997 0.5679844953125001 0.2749354 0.6439534874999999 0.2718346234375 0.6602325578125 0.04134366875 0.5803875953125 0.029974159374999997
0 0.7013178296875 0.037209301562500005 0.6656589140625 0.03824289375 0.6439534874999999 0.2718346234375 0.71682170625 0.27080103437499997 0.73542635625 0.0485788109375 0.7013178296875 0.037209301562500005
0 0.7377519375 0.0485788109375 0.71682170625 0.27080103437499997 0.778062015625 0.2718346234375 0.80906976875 0.053746770312500004 0.7377519375 0.0485788109375
0 0.8082945734375 0.0547803625 0.7796124046874999 0.2697674421875 0.8400775203125 0.267700259375 0.868759690625 0.059948320312500004 0.8082945734375 0.0547803625
0 0.871860465625 0.058914728125 0.8400775203125 0.267700259375 0.9540310078124999 0.2604651171875 0.9865891484375 0.066149871875 0.871860465625 0.058914728125
0 0.9524806203124999 0.449612403125 0.968759690625 0.49715762343750003 0.998 0.512 0.998 0.2693333328125 0.9082945734375001 0.2697674421875 0.8819379843749999 0.407235140625 0.9470542640625 0.424806203125 0.9524806203124999 0.449612403125
0 0.870310078125 0.40620155 0.8943410859375 0.267700259375 0.778837209375 0.277002584375 0.7532558140625001 0.4620155046875 0.8524806203124999 0.449612403125 0.8548062015625 0.4082687328125 0.870310078125 0.40620155
0 0.64317829375 0.280103359375 0.6253488375 0.47441860468749997 0.7524806203125001 0.4599483203125 0.775736434375 0.27906976875 0.64317829375 0.280103359375
0 0.48503875937499996 0.280103359375 0.47883720937499996 0.49405684843750003 0.62302325625 0.47648578906249994 0.6424031 0.27906976875 0.48503875937499996 0.280103359375
0 0.295891471875 0.280103359375 0.3059689921875 0.5095607234374999 0.47806201562500006 0.49302325625 0.48503875937499996 0.2832041328125 0.295891471875 0.280103359375
0 0.077286821875 0.2852713171875 0.1044186046875 0.53126615 0.3013178296875 0.5105943140625 0.2951162796875 0.284237725 0.077286821875 0.2852713171875
0 0.2013178296875 0.64599483125 0.1943410859375 0.5260981921875 0.088139534375 0.536434109375 0.0648837203125 0.661498709375 0.091240309375 0.9333333328125001 0.21992247968749998 0.8940568484375 0.2013178296875 0.64599483125
0 0.32302325625 0.6242894046874999 0.296666665625 0.513695090625 0.195891471875 0.5260981921875 0.2005426359375 0.6490956078125001 0.21914728593750002 0.895090440625 0.32999999999999996 0.866149871875 0.32302325625 0.6242894046874999
0 0.43620155 0.6046511625 0.388914728125 0.5012919890624999 0.296666665625 0.513695090625 0.32224806250000004 0.6263565890625 0.32767441875 0.866149871875 0.42922480625 0.8413436687500001 0.43620155 0.6046511625
0 0.61062015625 0.79586563125 0.62922480625 0.577777778125 0.5501550374999999 0.48578811406250005 0.39046511562499997 0.507493540625 0.4377519375 0.6067183468749999 0.42922480625 0.83824289375 0.43852713125 0.84754521875 0.61062015625 0.79586563125
0 0.7865891484375 0.55710594375 0.6951162796875 0.472351421875 0.5501550374999999 0.48578811406250005 0.63 0.58191214375 0.6113953484375 0.7979328156250001 0.7617829453125 0.750387596875 0.7865891484375 0.55710594375
0 0.9214728687499999 0.5240310078125 0.8191472859375001 0.458914728125 0.696666665625 0.46718346093749996 0.788914728125 0.5519379843750001 0.7633333343750001 0.750387596875 0.8896899218750001 0.7142118859375 0.9214728687499999 0.5240310078125
0 0.8183720937500001 0.731782946875 0.791240309375 0.913695090625 0.90906976875 0.8733850140625 0.9385271312500001 0.7090439281250001 0.8183720937500001 0.731782946875
0 0.9377519375000001 0.7100775203125 0.91062015625 0.8692506453125001 0.9664341078125 0.84754521875 0.9951162796874999 0.6956072343749999 0.9377519375000001 0.7100775203125
0 0.6788372093749999 0.782428940625 0.6586821703125 0.96330749375 0.790465115625 0.9126614984374999 0.8160465125 0.7400516796875001 0.6788372093749999 0.782428940625
0 0.674961240625 0.782428940625 0.5137209296874999 0.82894056875 0.502 0.9973333328124999 0.5559999999999999 0.9973333328124999 0.65713178125 0.9674418609375 0.674961240625 0.782428940625
0 0.44317829375000006 0.849612403125 0.43232558125000004 0.8413436687500001 0.32999999999999996 0.866149871875 0.3199224796875 0.8733850140625 0.32 0.9973333328124999 0.502 0.9973333328124999 0.5137209296874999 0.8310077515625001 0.44317829375000006 0.849612403125
0 0.31759689999999996 0.875452196875 0.091240309375 0.9312661500000001 0.0935658921875 0.9953488374999999 0.32147286875000003 0.9963824296875 0.31759689999999996 0.875452196875
0 0.998 0.512 0.9424030999999999 0.48888888750000004 0.9222480624999999 0.504392765625 0.8486046515625001 0.47545219687499995 0.8517054265624999 0.45167958593749996 0.8160465125 0.4558139546875 0.9237984499999999 0.522997415625 0.8896899218750001 0.7152454765625 0.998 0.6906666671874999 0.998 0.512