0 0.46846846875 0.17727272656249998 0.0540540546875 0.16818181875 0.090090090625 0.3363636359375 0.48648648593750005 0.34090909062499997 0.46846846875 0.17727272656249998
0 0.49549549531250003 0.17727272656249998 0.5045045046875 0.34090909062499997 0.8918918921874999 0.34090909062499997 0.927927928125 0.1727272734375 0.49549549531250003 0.17727272656249998
0 0.24324324375 0.4863636359375 0.21621621562499999 0.3454545453125 0.08108108124999999 0.33181818125 0.009009009375 0.34090909062499997 0 0.4272727265625 0.01801801875 0.49090909062500004 0.24324324375 0.4863636359375
0 0.5045045046875 0.35 0.234234234375 0.3454545453125 0.2522522515625 0.49090909062500004 0.5135135140625 0.5 0.5045045046875 0.35
0 0.5045045046875 0.35 0.522522521875 0.5 0.774774775 0.5045454546875 0.7927927921875 0.35 0.5045045046875 0.35
0 1 0.3454545453125 0.8018018015624999 0.35 0.765765765625 0.5045454546875 1 0.5136363640625 1 0.3454545453125
0 0.009009009375 0.4954545453125 0.0540540546875 0.6045454546875 0.2522522515625 0.609090909375 0.22522522500000003 0.49090909062500004 0.009009009375 0.4954545453125
0 0.24324324375 0.49090909062500004 0.2612612609375 0.61818181875 0.48648648593750005 0.6227272734375 0.48648648593750005 0.5045454546875 0.24324324375 0.49090909062500004
0 0.5045045046875 0.5045454546875 0.5135135140625 0.6227272734375 0.7477477484375 0.63181818125 0.7477477484375 0.509090909375 0.5045045046875 0.5045454546875
0 1 0.5136363640625 0.7567567562499999 0.5136363640625 0.7567567562499999 0.6227272734375 1 0.63181818125 1 0.5136363640625
0 0.2522522515625 0.6136363640625 0.0630630625 0.6045454546875 0.10810810781249999 0.6954545453125001 0.297297296875 0.7 0.2702702703125 0.61818181875 0.2522522515625 0.6136363640625
0 0.2792792796875 0.6227272734375 0.31531531562500004 0.7136363640625001 0.5135135140625 0.71818181875 0.5045045046875 0.6272727265625 0.2792792796875 0.6227272734375
0 0.5045045046875 0.63181818125 0.522522521875 0.7136363640625001 0.7477477484375 0.71818181875 0.7477477484375 0.63181818125 0.5045045046875 0.63181818125
0 0.7477477484375 0.63181818125 0.7567567562499999 0.71818181875 0.9639639640625 0.7272727265625 0.9909909906250001 0.6363636359375 0.7477477484375 0.63181818125
0 0.30630630625 0.7 0.135135134375 0.6954545453125001 0.16216216249999998 0.76818181875 0.3333333328125 0.7636363640625 0.32432432499999997 0.709090909375 0.30630630625 0.7
0 0.3333333328125 0.71818181875 0.3333333328125 0.76818181875 0.5135135140625 0.7772727265625 0.522522521875 0.7227272734375 0.3333333328125 0.71818181875
0 0.522522521875 0.7227272734375 0.522522521875 0.790909090625 0.7297297296874999 0.8045454546874999 0.7297297296874999 0.7227272734375 0.522522521875 0.7227272734375
0 0.7477477484375 0.7227272734375 0.7477477484375 0.809090909375 0.9369369375 0.8227272734375 0.9729729734375001 0.7363636359375 0.7477477484375 0.7227272734375
0 0.9549549546874999 0.8272727265625001 1 0.8318181812500001 0.9909909906250001 0.7363636359375 0.9549549546874999 0.8272727265625001
0 1 0.640909090625 0.9909909906250001 0.6454545453125 0.9729729734375001 0.7272727265625 1 0.7272727265625 1 0.640909090625