0 0.23005910156249998 0.11619767343750001 0.481507196875 0.120450153125 0.48656471718749994 0.035611814062500004 0.46647982812500005 0.016289834375 0.15044484687499998 0.00525365 0.15161940000000002 0.0183819671875 0.23005910156249998 0.11619767343750001
0 0.1162589265625 0.198056834375 0.370920559375 0.20897015312499997 0.37225190625 0.12374081249999999 0.22616204374999999 0.11789662031249999 0.1514485203125 0.0204719140625 0.06142219375 0.0184027578125 0.0726364125 0.08808551718749999 0.1162589265625 0.198056834375
0 0.3742004359375 0.122891340625 0.3748176171875 0.2072712046875 0.6036523296875 0.21231261093749998 0.6158204484375001 0.1324361625 0.52027119375 0.03704085625 0.482753103125 0.0362657875 0.4907372 0.12247262343750001 0.3742004359375 0.122891340625
0 0.370664240625 0.212105071875 0.37052904999999997 0.282704784375 0.5825959671875001 0.2859866953125 0.5900126343750001 0.21825892812499997 0.370664240625 0.212105071875
0 0.3632973265625 0.2102781015625 0.1180365734375 0.19929730625 0.1342419828125 0.2768813796875 0.3650252234375 0.2810733109375 0.3632973265625 0.2102781015625
0 0.5841172984375 0.29036208750000003 0.366802871875 0.2823137859375 0.3746326734375 0.347425653125 0.5805976890625 0.3563909078125 0.5841172984375 0.29036208750000003
0 0.366546553125 0.2854487046875 0.128652715625 0.27629488125 0.14783192812499998 0.3404898 0.36531723125000004 0.34644815625000003 0.366546553125 0.2854487046875
0 0.5787346 0.3561954078125 0.37073561875 0.34912460156249997 0.3753518796875 0.40757563125 0.5744626171875 0.40844407499999996 0.5787346 0.3561954078125
0 0.3629415046875 0.352522496875 0.1476610484375 0.3425797453125 0.1633704015625 0.40324874531250005 0.36950629375 0.4101240546875 0.3629415046875 0.352522496875
0 0.252765484375 0.4590025421875 0.3091185046875 0.41327283281250005 0.372463515625 0.4199198125 0.37128394375 0.41136452500000004 0.1632849625 0.40429371875 0.175524459375 0.4614368 0.252765484375 0.4590025421875
0 0.5761548265624999 0.4107295203125 0.37721496718749997 0.4077711296875 0.379744990625 0.42279175625 0.572480921875 0.45566337187499995 0.5761548265624999 0.4107295203125
0 0.22671793125 0.524775315625 0.23671689218749997 0.517393025 0.2354684625 0.48669779999999996 0.262422684375 0.45580014531249996 0.1829768125 0.46221879843749997 0.2004638125 0.5241282703125 0.22671793125 0.524775315625
0 0.23928008125 0.486043825 0.23857998125000002 0.5175885234375001 0.5304013624999999 0.5566417171875 0.5352216703125 0.566632975 0.57803701875 0.502619696875 0.5707887109375 0.453377928125 0.316827178125 0.410919909375 0.23928008125 0.486043825
0 0.177869534375 0.6166118734375 0.202552571875 0.6824382640625 0.49216910625 0.72547585 0.49560327656250003 0.6604920062499999 0.5578018828125 0.6122138734375 0.5304868015624999 0.55559674375 0.242306159375 0.517979521875 0.177869534375 0.6166118734375
0 0.20805639999999997 0.6840697359375 0.2201250140625 0.7433027640625001 0.4845981453125 0.7721086515625 0.4938613140625 0.727761296875 0.20805639999999997 0.6840697359375
0 0.88951708125 0.6459677921875 0.8895859375 0.6681077328125 0.9254449843750001 0.620227528125 0.9379382765625 0.5593561 0.657482890625 0.49620104375 0.5834056515625 0.574850878125 0.88951708125 0.6459677921875
0 0.500886471875 0.7337681609375 0.8078357125 0.8176202531250001 0.8313366578125001 0.7600117671875 0.896456796875 0.6530196312500001 0.5777309484375001 0.575309353125 0.5043206421875001 0.668784315625 0.500886471875 0.7337681609375
0 0.5028350015624999 0.7329186875 0.49475140156249997 0.7858213265625 0.799443521875 0.8283329625 0.8020755671875 0.8191236999999999 0.5028350015624999 0.7329186875