0 0 0 0 0.144 0.22400000000000003 0.1253333328125 0.22999999999999998 0.1146666671875 0.22599999999999998 0 0 0
0 0.42400000000000004 0.0026666671875 0.22799999999999998 0 0.22999999999999998 0.1146666671875 0.41600000000000004 0.10933333281249999 0.426 0.1173333328125 0.42400000000000004 0.0026666671875
0 0.42800000000000005 0 0.434 0.1306666671875 0.442 0.1306666671875 0.744 0.1146666671875 0.744 0 0.42800000000000005 0
0 0.954 0.0026666671875 0.744 0 0.746 0.1173333328125 0.764 0.1173333328125 0.952 0.10933333281249999 0.954 0.0026666671875
0 0.954 0 0.954 0.0773333328125 1 0.0773333328125 0.998 0 0.954 0
0 1 0.0773333328125 0.954 0.0773333328125 0.944 0.2746666671875 1 0.2773333328125 1 0.0773333328125
0 0 0.3333333328125 0.22999999999999998 0.3226666671875 0.22400000000000003 0.1253333328125 0 0.1413333328125 0 0.3333333328125
0 0.43 0.2986666671875 0.43200000000000005 0.2906666671875 0.426 0.1146666671875 0.418 0.10933333281249999 0.22999999999999998 0.1146666671875 0.22599999999999998 0.128 0.22999999999999998 0.3253333328125 0.422 0.32 0.43 0.2986666671875
0 0.742 0.1173333328125 0.43 0.128 0.426 0.136 0.434 0.32799999999999996 0.744 0.31466666718749997 0.742 0.1173333328125
0 0.952 0.1066666671875 0.742 0.1173333328125 0.744 0.312 0.758 0.32799999999999996 0.944 0.32 0.952 0.1066666671875
0 0 0.3306666671875 0.002 0.528 0.038 0.5253333328124999 0.03 0.3306666671875 0 0.3306666671875
0 0.046 0.5706666671875 0.038 0.5573333328125 0.046 0.5466666671875 0.038 0.528 0.002 0.528 0 0.7706666671875 0.057999999999999996 0.7706666671875 0.046 0.5706666671875
0 0.39 0.5546666671875 0.41 0.504 0.41200000000000003 0.3333333328125 0.42000000000000004 0.3226666671875 0.034 0.3306666671875 0.032 0.3386666671875 0.038 0.528 0.046 0.5493333328125 0.39 0.5546666671875
0 0.608 0.3306666671875 0.604 0.32 0.44400000000000006 0.32799999999999996 0.422 0.32 0.41200000000000003 0.33599999999999997 0.42000000000000004 0.5386666671875 0.608 0.536 0.608 0.3306666671875
0 0.9199999999999999 0.3226666671875 0.758 0.32799999999999996 0.744 0.31466666718749997 0.604 0.3173333328125 0.608 0.3333333328125 0.608 0.512 0.9119999999999999 0.5066666671875 0.9199999999999999 0.3226666671875
0 1 0.2773333328125 0.944 0.272 0.9460000000000001 0.3226666671875 0.9179999999999999 0.3226666671875 0.914 0.4693333328125 0.954 0.504 1 0.5066666671875 1 0.2773333328125
0 0.384 0.784 0.41 0.6906666671874999 0.41 0.5413333328125 0.41 0.5013333328125 0.388 0.5546666671875 0.048 0.5493333328125 0.038 0.5546666671875 0.046 0.5786666671875 0.057999999999999996 0.7626666671875 0.384 0.784
0 0.602 0.5386666671875 0.418 0.5413333328125 0.42000000000000004 0.528 0.41 0.5386666671875 0.41600000000000004 0.7333333328125 0.5980000000000001 0.728 0.602 0.5386666671875
0 0.898 0.6853333328125 0.906 0.5066666671875 0.606 0.512 0.608 0.5333333328125 0.6 0.5413333328125 0.6 0.696 0.898 0.6853333328125
0 1 0.5093333328125 0.954 0.5066666671875 0.914 0.46666666718750005 0.914 0.5093333328125 0.9039999999999999 0.5093333328125 0.8960000000000001 0.6666666671875 0.9339999999999999 0.712 1 0.7146666671874999 1 0.5093333328125
0 0.22999999999999998 0.7733333328125 0.062 0.7626666671875 0.06 0.7733333328125 0.002 0.7733333328125 0 0.976 0.21600000000000003 0.96 0.24 0.9066666671875 0.22999999999999998 0.7733333328125
0 0.42400000000000004 0.736 0.418 0.7333333328125 0.41 0.688 0.38 0.7866666671875 0.22999999999999998 0.776 0.242 0.9146666671875 0.42400000000000004 0.9093333328125001 0.43200000000000005 0.8666666671875 0.42400000000000004 0.736
0 0.728 0.6906666671874999 0.6 0.6933333328125 0.6 0.7253333328125 0.426 0.736 0.434 0.8720000000000001 0.734 0.8773333328125 0.736 0.704 0.728 0.6906666671874999
0 0.9359999999999999 0.9226666671875 0.9400000000000001 0.7306666671875 0.9359999999999999 0.7146666671874999 0.9 0.6666666671875 0.9 0.6826666671875 0.728 0.6906666671874999 0.738 0.7093333328125 0.734 0.8773333328125 0.754 0.9253333328125001 0.9359999999999999 0.9226666671875
0 1 0.7173333328125 0.9339999999999999 0.712 0.942 0.7306666671875 0.9380000000000001 0.8506666671875 1 0.8480000000000001 1 0.7173333328125
0 1 0.8480000000000001 0.9359999999999999 0.8480000000000001 0.9339999999999999 1 1 1 1 0.8480000000000001
0 0.932 1 0.9359999999999999 0.9199999999999999 0.754 0.9279999999999999 0.734 0.8746666671875 0.732 1 0.932 1
0 0.73 1 0.734 0.8773333328125 0.434 0.8746666671875 0.438 1 0.73 1
0 0.44000000000000006 1 0.434 0.8746666671875 0.426 0.9093333328125001 0.252 0.9093333328125001 0.252 0.9306666671875 0.254 1 0.44000000000000006 1
0 0.252 1 0.25 0.9146666671875 0.244 0.9146666671875 0.242 0.9093333328125001 0.21800000000000003 0.9573333328125001 0.002 0.976 0 1 0.252 1