0 0.286 0.0329835078125 0.272 0 0.002 0.0014992500000000001 0.002 0.136431784375 0.274 0.109445278125 0.292 0.0959520234375 0.286 0.0329835078125
0 0.292 0 0.3 0.100449775 0.308 0.11244377812499999 0.6980000000000001 0.0914542734375 0.696 0 0.292 0
0 1 0.0014992500000000001 0.696 0 0.7 0.10494752656249999 1 0.098950525 1 0.0014992500000000001
0 0.002 0.134932534375 0 0.2908545734375 0.184 0.27736131875000003 0.162 0.12443778125 0.002 0.134932534375
0 0.16399999999999998 0.12443778125 0.184 0.27436281875 0.43200000000000005 0.2668665671875 0.41600000000000004 0.10494752656249999 0.16399999999999998 0.12443778125
0 0.688 0.25787106406250004 0.682 0.09295352343749999 0.422 0.10644677656249998 0.434 0.26836581718749997 0.538 0.26836581718749997 0.64 0.260869565625 0.688 0.25787106406250004
0 0.958 0.2593703140625 0.962 0.100449775 0.7 0.1079460265625 0.682 0.1544227890625 0.692 0.25787106406250004 0.706 0.265367315625 0.958 0.2593703140625
0 1 0.10494752656249999 0.962 0.1079460265625 0.96 0.25787106406250004 1 0.26236881562500003 1 0.10494752656249999
0 0 0.4467766109375 0.3 0.42428785625 0.272 0.27286356875 0 0.2908545734375 0 0.4467766109375
0 0.286 0.27436281875 0.306 0.4197901046875 0.674 0.413793103125 0.6719999999999999 0.260869565625 0.286 0.27436281875
0 1 0.260869565625 0.96 0.25787106406250004 0.6900000000000001 0.26836581718749997 0.6799999999999999 0.33433283281250004 0.6940000000000001 0.4182908546875 1 0.415292353125 1 0.260869565625
0 0 0.587706146875 0.002 0.587706146875 0.176 0.5802098953125 0.198 0.5742128937500001 0.174 0.43178410781250004 0 0.4452773609375 0 0.587706146875
0 0.304 0.4197901046875 0.298 0.42428785625 0.174 0.43328335781250005 0.198 0.57571214375 0.44000000000000006 0.5682158921875 0.42800000000000005 0.4197901046875 0.304 0.4197901046875
0 0.6719999999999999 0.410794603125 0.42800000000000005 0.4182908546875 0.442 0.5712143921874999 0.6940000000000001 0.5682158921875 0.688 0.415292353125 0.6719999999999999 0.410794603125
0 0.688 0.4167916046875 0.696 0.565217390625 0.9480000000000001 0.563718140625 0.954 0.415292353125 0.688 0.4167916046875
0 1 0.415292353125 0.954 0.415292353125 0.9480000000000001 0.565217390625 1 0.563718140625 1 0.415292353125
0 0.198 0.57571214375 0.176 0.5802098953125 0.002 0.587706146875 0.002 0.7301349328125 0.32799999999999996 0.715142428125 0.308 0.57271364375 0.198 0.57571214375
0 0.308 0.57271364375 0.32999999999999996 0.7166416796874999 0.692 0.7061469265625 0.688 0.565217390625 0.308 0.57271364375
0 1 0.5592203890625 0.6900000000000001 0.5667166421875 0.6940000000000001 0.7121439281249999 1 0.7061469265625 1 0.5592203890625
0 0.21000000000000002 0.7211394296875 0.002 0.7301349328125 0.002 0.8335832078125 0.006 0.8485757125 0.22799999999999998 0.8425787109374999 0.21000000000000002 0.7211394296875
0 0.21000000000000002 0.7211394296875 0.22799999999999998 0.8410794609375 0.45999999999999996 0.8380809593749999 0.45 0.715142428125 0.21000000000000002 0.7211394296875
0 0.45199999999999996 0.715142428125 0.45999999999999996 0.8410794609375 0.6940000000000001 0.839580209375 0.6940000000000001 0.7076461765625 0.45199999999999996 0.715142428125
0 0.6940000000000001 0.710644678125 0.6980000000000001 0.8350824593749999 0.942 0.8350824593749999 0.944 0.7091454265625 0.6940000000000001 0.710644678125
0 1 0.7046476765625 0.944 0.7076461765625 0.9400000000000001 0.8350824593749999 1 0.8320839578125 1 0.7046476765625
0 0.33999999999999997 0.8410794609375 0.002 0.8470764624999999 0.014000000000000002 0.9745127437500001 0.33599999999999997 0.9700149921874999 0.348 0.940029984375 0.33999999999999997 0.8410794609375
0 0.45999999999999996 0.8425787109374999 0.45999999999999996 0.8380809593749999 0.34199999999999997 0.8425787109374999 0.354 0.9655172406249999 0.6940000000000001 0.9700149921874999 0.6940000000000001 0.8410794609375 0.45999999999999996 0.8425787109374999
0 1 0.8305847078124999 0.944 0.836581709375 0.6980000000000001 0.8380809593749999 0.6940000000000001 0.9685157421874999 0.714 0.9745127437500001 1 0.9775112437500001 1 0.8305847078124999
0 0.124 1 0.10800000000000001 0.9715142421875 0.004 0.9820089953125001 0 1 0.124 1
0 0.236 1 0.23199999999999998 0.9730134937500001 0.10800000000000001 0.9715142421875 0.124 1 0.236 1
0 0.46399999999999997 1 0.46399999999999997 0.9685157421874999 0.354 0.9640179906249999 0.348 0.938530734375 0.33599999999999997 0.9685157421874999 0.23199999999999998 0.9715142421875 0.23399999999999999 1 0.46399999999999997 1
0 0.6980000000000001 1 0.6940000000000001 0.9685157421874999 0.46399999999999997 0.9670164921875 0.46399999999999997 1 0.6980000000000001 1
0 0.716 0.9730134937500001 0.6940000000000001 0.9670164921875 0.7 0.99850075 0.9339999999999999 0.99850075 0.9339999999999999 0.9790104953125001 0.716 0.9730134937500001
0 0.9359999999999999 0.9790104953125001 0.9339999999999999 0.9970015 0.992 1 1 0.9775112437500001 0.9359999999999999 0.9790104953125001