0 1 0.06475907656249999 0.829513275 0.0509059015625 0.8242787953124999 0.062752671875 0.8167953734375001 0.11530549375000002 0.848624921875 0.116798571875 0.854122040625 0.12159105156250001 0.8501977015625 0.1591954375 1 0.171030940625 1 0.06475907656249999
0 0.4669940578125 0 0.45719452812499994 0.0939025203125 0.8167953734375001 0.11530549375000002 0.8241218203124999 0.064256846875 0.83197354375 0.04648669375 0.8385439531250001 0 0.4669940578125 0
0 0.087003778125 0 0.08644246718750001 0.064418765625 0.4397613265625 0.0885501390625 0.45520518125000003 0.09380920312499999 0.46499497187500005 0 0.087003778125 0
0 0.45520518125000003 0.09380920312499999 0.43887993124999997 0.25024345000000003 0.601535446875 0.262408003125 0.5984472843749999 0.27284391406249997 0.6659281015625 0.27752088124999996 0.708332278125 0.2734638453125 0.8332415125000001 0.26420776875 0.854122040625 0.12159105156250001 0.45520518125000003 0.09380920312499999
0 0.036455296875 0.21776244375 0.21486861406250002 0.2321777109375 0.2503629078125 0.236865775 0.274705990625 0.23347305624999998 0.43903690468749995 0.248739275 0.4532158328125 0.0937158859375 0.4377719796875 0.08845682187500001 0.0904211609375 0.0646054015625 0.0507911984375 0.061234878125 0.036455296875 0.21776244375
0 0.242363346875 0.4284559625 0.2523522546875 0.2369590921875 0.2147116390625 0.2336818859375 0.03446595 0.2176691265625 0.015263867187499999 0.42082612968750005 0.223674359375 0.43513698125 0.242363346875 0.4284559625
0 0.5993891265625 0.2638188609375 0.27669533749999997 0.23356637343750003 0.2544985734375 0.23554823281249998 0.23974610625 0.43437934531250005 0.5693497765625 0.45588673437500005 0.5993891265625 0.2638188609375
0 1 0.2748433140625 0.8271164984375 0.265431990625 0.6680744203125 0.2761100234375 0.6501250828125 0.40979500468749996 0.7404336 0.46391202812500004 1 0.47608791406249995 1 0.2748433140625
0 1 0.17225420625 0.84820835625 0.15910212031249998 0.8333984875 0.26270359375 0.8271164984375 0.265431990625 1 0.27354170624999996 1 0.17225420625
0 0.667760475 0.2791183734375 0.5964579375 0.2727505984375 0.5785085984375 0.4064355796875 0.6499681078124999 0.41129917968749996 0.667760475 0.2791183734375
0 1 0.47477020937500003 0.895445675 0.47269496093749996 0.8539924765625001 0.6400428046875 0.8591756484375 0.6478436359375 0.9886401625 0.6524050890625 1 0.5435511484375 1 0.47477020937500003
0 0.7404336 0.46391202812500004 0.6519574546875 0.411392496875 0.5785085984375 0.4064355796875 0.5673604296875 0.455793415625 0.4045479421875 0.44513304062500003 0.387857434375 0.6242232375000001 0.8551969546875 0.6476569999999999 0.8956026484375 0.47119078437499995 0.7404336 0.46391202812500004
0 0.394444234375 0.44617062812499997 0.1343107265625 0.42943352343749996 0.015263867187499999 0.42082612968750005 0.0084801890625 0.4858297109375 0.010584909375 0.6064090234374999 0.3742459546875 0.620561665625 0.394444234375 0.44617062812499997
0 0.5050810578125 0.8035489968749999 0.5289440828124999 0.6323529484375 0.2106485984375 0.6174221671875 0.1998204703125 0.778648890625 0.5050810578125 0.8035489968749999
0 0.20091928281250002 0.7681196640625 0.21080557187500001 0.6159179906250001 0.0106115375 0.6079345828125 0.013412353125000002 0.7683932171875 0.19202005625000002 0.776771446875 0.20091928281250002 0.7681196640625
0 0.9521074984375 0.8109145140624999 0.9841392390625 0.676378578125 0.9866508156249999 0.652311771875 0.6343794625 0.6372987703125 0.6297246109375 0.720215053125 0.6495698140624999 0.7982344453125 0.9521074984375 0.8109145140624999
0 0.9521074984375 0.8109145140624999 0.8128532249999999 0.804382296875 0.78317593125 0.9419771421875 0.9598176984375 0.9285920296875 0.9718439921875 0.8133518625 0.9521074984375 0.8109145140624999
0 0.8148425703125 0.8044756156249999 0.6497267890625 0.796730271875 0.6295676375 0.7217192296875 0.62197550625 0.6986900109375 0.5206757953125 0.6924266484375 0.5049240859374999 0.805053175 0.3543616234375 0.79194435 0.33824465625 0.927226825 0.33698886875 0.9392602265625 0.6045488625 0.9555126921875001 0.776450909375 0.942486734375 0.7773137109375 0.9342190703125001 0.8148425703125 0.8044756156249999
0 0.33824465625 0.927226825 0.3444148890625 0.7914777625 0.16814789375 0.7756516375 0.013433953125 0.769630615625 0.016101846875 0.92247415 0.3233773890625 0.93559865625 0.33824465625 0.927226825