0 0.348 0.41600000000000004 0.22799999999999998 0.4186666671875 0.22200000000000003 0.64 0.34199999999999997 0.64 0.354 0.6213333328124999 0.356 0.4373333328125 0.348 0.41600000000000004
0 0.362 0.64 0.484 0.64 0.484 0.41333333281250006 0.366 0.41333333281250006 0.362 0.64
0 0.08 0.2853333328125 0.178 0.2853333328125 0.18 0.0506666671875 0.08399999999999999 0.0506666671875 0.08 0.2853333328125
0 0.18 0.27999999999999997 0.27799999999999997 0.2773333328125 0.274 0.04 0.18 0.04 0.18 0.27999999999999997
0 0.27799999999999997 0.2773333328125 0.372 0.2746666671875 0.368 0.037333332812499995 0.274 0.0426666671875 0.27799999999999997 0.2773333328125
0 0.372 0.2746666671875 0.466 0.272 0.45999999999999996 0.037333332812499995 0.368 0.037333332812499995 0.372 0.2746666671875
0 0.466 0.0586666671875 0.46799999999999997 0.27999999999999997 0.46799999999999997 0.3253333328125 0.544 0.3253333328125 0.554 0.27999999999999997 0.548 0.05600000000000001 0.466 0.0586666671875
0 0.5559999999999999 0.2773333328125 0.548 0.3253333328125 0.624 0.32 0.616 0.1253333328125 0.5519999999999999 0.1253333328125 0.5559999999999999 0.2773333328125
0 0.64 0.05600000000000001 0.618 0.1226666671875 0.63 0.3226666671875 0.708 0.32 0.74 0.2693333328125 0.728 0.0533333328125 0.64 0.05600000000000001
0 0.8119999999999999 0.037333332812499995 0.728 0.0426666671875 0.74 0.2693333328125 0.708 0.32 0.778 0.3173333328125 0.828 0.2666666671875 0.8119999999999999 0.037333332812499995
0 0.8160000000000001 0.061333332812499995 0.8240000000000001 0.1706666671875 0.9339999999999999 0.16799999999999998 0.9339999999999999 0.12 0.93 0.061333332812499995 0.8160000000000001 0.061333332812499995
0 0.8240000000000001 0.17333333281250002 0.828 0.288 0.942 0.2826666671875 0.942 0.2346666671875 0.9359999999999999 0.17333333281250002 0.8240000000000001 0.17333333281250002
0 0.78 0.32799999999999996 0.786 0.42933333281249997 0.8320000000000001 0.40533333281250006 0.9480000000000001 0.3946666671875 0.9380000000000001 0.288 0.8240000000000001 0.29333333281249996 0.78 0.32799999999999996
0 0.95 0.41600000000000004 0.8300000000000001 0.41600000000000004 0.786 0.4373333328125 0.792 0.544 0.8380000000000001 0.5306666671875 0.954 0.5253333328124999 0.9560000000000001 0.4693333328125 0.95 0.41600000000000004
0 0.842 0.5333333328125 0.79 0.544 0.798 0.648 0.8480000000000001 0.6506666671875 0.9640000000000001 0.6453333328124999 0.96 0.5306666671875 0.842 0.5333333328125
0 0.866 0.7733333328125 0.9720000000000001 0.7706666671875 0.978 0.7466666671875 0.968 0.6533333328125 0.85 0.6559999999999999 0.8019999999999999 0.6559999999999999 0.8 0.728 0.8539999999999999 0.752 0.8640000000000001 0.7573333328125 0.866 0.7733333328125
0 0.9800000000000001 0.8933333328125 0.9880000000000001 0.8720000000000001 0.984 0.8213333328125 0.974 0.7813333328125001 0.8640000000000001 0.784 0.8720000000000001 0.9066666671875 0.9800000000000001 0.9013333328125 0.9800000000000001 0.8933333328125
0 0.08 0.2853333328125 0.076 0.5386666671875 0.176 0.5306666671875 0.178 0.5306666671875 0.178 0.2853333328125 0.08 0.2853333328125
0 0.274 0.27999999999999997 0.178 0.2826666671875 0.18 0.528 0.22400000000000003 0.5253333328124999 0.22799999999999998 0.4186666671875 0.27999999999999997 0.41600000000000004 0.274 0.27999999999999997
0 0.362 0.5173333328124999 0.368 0.41333333281250006 0.376 0.41333333281250006 0.37 0.2773333328125 0.27599999999999997 0.2826666671875 0.27799999999999997 0.41600000000000004 0.348 0.41600000000000004 0.358 0.4373333328125 0.358 0.5173333328124999 0.362 0.5173333328124999
0 0.372 0.2773333328125 0.38 0.41333333281250006 0.47000000000000003 0.41333333281250006 0.46799999999999997 0.2773333328125 0.372 0.2773333328125
0 0.47000000000000003 0.41333333281250006 0.48600000000000004 0.41333333281250006 0.488 0.5226666671875 0.554 0.52 0.548 0.3253333328125 0.47000000000000003 0.32799999999999996 0.47000000000000003 0.41333333281250006
0 0.48600000000000004 0.688 0.48600000000000004 0.7653333328125 0.5780000000000001 0.7573333328125 0.562 0.5173333328124999 0.48600000000000004 0.5253333328124999 0.48600000000000004 0.64 0.48600000000000004 0.688
0 0.554 0.5146666671875 0.562 0.5173333328124999 0.564 0.528 0.628 0.5253333328124999 0.626 0.3253333328125 0.55 0.32799999999999996 0.554 0.5146666671875
0 0.63 0.5253333328124999 0.71 0.5226666671875 0.704 0.32 0.628 0.3226666671875 0.63 0.5253333328124999
0 0.712 0.52 0.79 0.52 0.78 0.3173333328125 0.704 0.32 0.712 0.52
0 0.5780000000000001 0.7413333328125 0.642 0.736 0.632 0.5253333328124999 0.564 0.528 0.5780000000000001 0.7413333328125
0 0.644 0.7386666671875 0.722 0.7333333328125 0.712 0.5226666671875 0.632 0.528 0.644 0.7386666671875
0 0.79 0.52 0.712 0.5226666671875 0.724 0.7333333328125 0.8 0.728 0.798 0.6506666671875 0.79 0.544 0.79 0.52
0 0.666 0.7546666671875 0.6799999999999999 0.776 0.692 0.9573333328125001 0.8720000000000001 0.9359999999999999 0.8619999999999999 0.7546666671875 0.8220000000000001 0.7386666671875 0.666 0.7546666671875
0 0.5820000000000001 0.752 0.58 0.7546666671875 0.488 0.7653333328125 0.496 0.96 0.6799999999999999 0.9466666671875 0.674 0.7653333328125 0.654 0.7493333328125 0.5820000000000001 0.752
0 0.3 0.7786666671875 0.294 0.7973333328125001 0.294 0.9866666671875001 0.492 0.9706666671875 0.488 0.7813333328125001 0.484 0.7706666671875 0.3 0.7786666671875
0 0.386 0.7733333328125 0.48200000000000004 0.768 0.47800000000000004 0.6426666671875 0.384 0.6426666671875 0.386 0.7733333328125
0 0.362 0.5226666671875 0.356 0.5226666671875 0.354 0.6213333328124999 0.344 0.64 0.284 0.64 0.286 0.7733333328125 0.382 0.7706666671875 0.38 0.6426666671875 0.362 0.64 0.362 0.5226666671875
0 0.22400000000000003 0.5253333328124999 0.178 0.5333333328125 0.18 0.7813333328125001 0.27799999999999997 0.7786666671875 0.27999999999999997 0.6426666671875 0.22200000000000003 0.64 0.22400000000000003 0.5253333328124999
0 0.078 0.7893333328125001 0.174 0.784 0.174 0.5333333328125 0.076 0.5386666671875 0.078 0.7893333328125001
0 0.088 0.9866666671875001 0.29 0.976 0.292 0.7813333328125001 0.088 0.792 0.088 0.9866666671875001