0 0.2521089578125 0.07206649375 0.2706674140625 0.095420359375 0.2616981390625 0.0060910921875 0.0287430609375 0.0006690015625 0.02529359375 0.0389766 0.2521089578125 0.07206649375
0 0.0248509671875 0.114779865625 0.1129332265625 0.12342566875000001 0.1160220703125 0.0518135921875 0.02529359375 0.0389766 0.0248509671875 0.114779865625
0 0.1160220703125 0.0518135921875 0.1129332265625 0.12342566875000001 0.24370438593750002 0.139285834375 0.2673339625 0.2089237140625 0.2862651578125 0.1684432484375 0.2890977421875 0.140717275 0.2521089578125 0.07206649375 0.1160220703125 0.0518135921875
0 0.10448206093750001 0.1986243015625 0.23792273437499997 0.2146860125 0.272346840625 0.265181840625 0.2673339625 0.2089237140625 0.2410348734375 0.1390842890625 0.0248509671875 0.114779865625 0.024443284375 0.1845986640625 0.085818771875 0.1932238421875 0.09109955625 0.20360104531249998 0.1017776046875 0.20440722500000003 0.10448206093750001 0.1986243015625
0 0.024443284375 0.1845986640625 0.0239191203125 0.274365690625 0.09064528125 0.281399134375 0.0963104515625 0.22594718593750002 0.088488284375 0.1934253859375 0.024443284375 0.1845986640625
0 0.09064528125 0.281399134375 0.21339625468749998 0.2986494890625 0.2531593859375 0.349548409375 0.2691531640625 0.354747321875 0.267042759375 0.258794284375 0.23792273437499997 0.2146860125 0.10448206093750001 0.1986243015625 0.09064528125 0.281399134375
0 0.1917489546875 0.3469077 0.205108165625 0.3459206015625 0.234461153125 0.3501324171875 0.24518579375 0.3429593046875 0.21339625468749998 0.2986494890625 0.0239191203125 0.274365690625 0.0234648453125 0.3521637796875 0.058075321874999995 0.3707424453125 0.0741622859375 0.3599827765625 0.186281803125 0.3684476625 0.1917489546875 0.3469077
0 0.3025617859375 0.1217767703125 0.3161306609375 0.0848828609375 0.404201271875 0.0955234859375 0.40470213906249997 0.00974610625 0.40153812968749997 0.009345903125 0.2863293796875 0.006664390625 0.28152018437500004 0.06630419531250001 0.3025617859375 0.1217767703125
0 0.4233421328125 0.019136210937500002 0.47941353906249995 0.021373829687500002 0.48177881562499997 0.0112135265625 0.4020328328125 0.00935741875 0.40470213906249997 0.00974610625 0.4233421328125 0.019136210937500002
0 0.6048340265625 0.0388257296875 0.6049505078124999 0.0188775015625 0.51309296875 0.011942371875 0.48777896875 0.01135318125 0.4900915875 0.022180009375 0.6048340265625 0.0388257296875
0 0.6155004265625 0.04162673125 0.42601164531249996 0.019337756249999997 0.41487931875 0.0963296671875 0.617715665625 0.119626365625 0.6155004265625 0.04162673125
0 0.3050449296875 0.1538954796875 0.31029076875 0.17025715156250001 0.3103606578125 0.1582882140625 0.5051535203124999 0.1869647484375 0.51094681875 0.1095697484375 0.3161306609375 0.0848828609375 0.3050449296875 0.1538954796875
0 0.625712553125 0.12222582343749999 0.5109584671875 0.10757492500000002 0.5051535203124999 0.1869647484375 0.6252699265625 0.19802909062500001 0.625712553125 0.12222582343749999
0 0.43043047031250004 0.177331846875 0.3103606578125 0.1582882140625 0.30457900625 0.2336883921875 0.41930979687500003 0.25232893437500004 0.43043047031250004 0.177331846875
0 0.6248040031250001 0.27782200156250003 0.6252699265625 0.19802909062500001 0.5051535203124999 0.1869647484375 0.43044211875 0.17533702499999998 0.41930979687500003 0.25232893437500004 0.6248040031250001 0.27782200156250003
0 0.482923815625 0.3349641015625 0.4913633328125 0.261760290625 0.30189784531249997 0.2354816703125 0.2776975140625 0.263590109375 0.280087471875 0.3116674015625 0.482923815625 0.3349641015625
0 0.5016104015625 0.3363749140625 0.613694975 0.350824265625 0.6167954671875 0.2772173671875 0.4913633328125 0.261760290625 0.4936251609375 0.331780634375 0.5016104015625 0.3363749140625
0 0.29609289687499996 0.3148714921875 0.29584828750000003 0.356762771875 0.4025821890625 0.37280385625 0.41352814374999997 0.3277291109375 0.29609289687499996 0.3148714921875
0 0.4132835328125 0.369620390625 0.60550006875 0.3821367953125 0.6110254640624999 0.35062272031249997 0.5016104015625 0.3363749140625 0.48565156875 0.32519153125 0.482923815625 0.3349641015625 0.4135397921875 0.3257342890625 0.4132835328125 0.369620390625
0 0.6252699265625 0.19802909062500001 0.6356101828125 0.2566851296875 0.6516272562500001 0.2578943984375 0.6543317109375 0.25211147500000003 0.7958275140625 0.2607985296875 0.8044184546875 0.161662025 0.6469055781249999 0.1517657015625 0.6252699265625 0.19802909062500001
0 1 0.1696414359375 0.8311834640625 0.1517085359375 0.8042437328125001 0.191584365625 0.8198531250000001 0.2626124328125 1 0.281530375 1 0.1696414359375
0 0.6164110796875 0.34304651875 0.6456825312500001 0.3612220953125 0.9446679109374999 0.38379511875 0.9452969078125 0.2760746859375 0.6543200640625 0.2541062984375 0.627473515625 0.27802354687499997 0.6164110796875 0.34304651875
0 0.64835204375 0.361423640625 0.6137415671875 0.342844975 0.62151714375 0.3833460640625 0.631787509375 0.45397104375 0.6397261578125 0.4665446140625 0.671853490625 0.4530045703125 0.8053407546875 0.46108698906249995 0.8058532703125 0.3733147859375 0.64835204375 0.361423640625
0 1 0.38996832187499997 0.8058416218750001 0.375309609375 0.8053407546875 0.46108698906249995 1 0.473868821875 1 0.38996832187499997
0 1 0.2815680828125 0.9452969078125 0.2760746859375 0.9446679109374999 0.38379511875 1 0.38939924062500003 1 0.2815680828125
0 0.022987274999999998 0.433951515625 0.054998126562500006 0.44035969843749995 0.058075321874999995 0.3707424453125 0.0234648453125 0.3521637796875 0.022987274999999998 0.433951515625
0 0.054998126562500006 0.44035969843749995 0.183076478125 0.4600079640625 0.1750912359375 0.45541368593750003 0.186281803125 0.3684476625 0.076831796875 0.360184321875 0.058075321874999995 0.3707424453125 0.054998126562500006 0.44035969843749995
0 0.24518579375 0.3429593046875 0.2371306640625 0.35033396250000004 0.1917489546875 0.3469077 0.1750912359375 0.45541368593750003 0.18574599218750001 0.4602095109375 0.3485862421875 0.4725037453125 0.35188475 0.36498485937499997 0.27183432500000004 0.3529540453125 0.2558172515625 0.351744775 0.24518579375 0.3429593046875
0 0.3459167296875 0.4723022 0.6342473578125001 0.49007939843750004 0.62151714375 0.3833460640625 0.41329518125 0.3676255671875 0.4025938375 0.3708090328125 0.35188475 0.36498485937499997 0.3459167296875 0.4723022
0 0.193754528125 0.4608141453125 0.054998126562500006 0.44035969843749995 0.0256567875 0.434153059375 0.023478384375 0.5040903171875 0.025150742187500002 0.5399965140625 0.17449718593750002 0.5571496484375 0.193754528125 0.4608141453125
0 0.1824358328125 0.5697232203125 0.473412678125 0.5916916062500001 0.4713838078125 0.4817748078125 0.193754528125 0.4608141453125 0.17450883281250001 0.555154825 0.1824358328125 0.5697232203125
0 0.6342473578125001 0.49007939843750004 0.4713838078125 0.4817748078125 0.473412678125 0.5916916062500001 0.6389457375 0.6001977421875 0.6342473578125001 0.49007939843750004
0 0.025145626562500002 0.5398866859375 0.028246281249999998 0.6064589984375 0.0410565140625 0.5410879375000001 0.025145626562500002 0.5398866859375
0 0.1824358328125 0.5697232203125 0.1771666984375 0.55735119375 0.0410565140625 0.5410879375000001 0.0282944890625 0.6074940390625 0.029927868749999996 0.64256335 0.1738798375 0.66287525625 0.1824358328125 0.5697232203125
0 0.34793395 0.5842138218749999 0.1824241859375 0.5717180421875 0.17376335781250002 0.682823484375 0.34194263281250004 0.6955208093749999 0.34793395 0.5842138218749999
0 0.6362645765625 0.6019910187499999 0.34793395 0.5842138218749999 0.34194263281250004 0.6955208093749999 0.632942771875 0.7134995515625 0.6362645765625 0.6019910187499999
0 0.1519762796875 0.7550195703125 0.16319014062499998 0.6640639 0.029935164062500002 0.6427199890625 0.034867971875 0.7486293421875 0.14126328593749998 0.7601978578125 0.1519762796875 0.7550195703125
0 0.45406215000000005 0.70398569375 0.1630736578125 0.684012128125 0.15707069375 0.7973139375 0.45609101875 0.8139024921875 0.45406215000000005 0.70398569375
0 0.1573386 0.7514330124999999 0.14126328593749998 0.7601978578125 0.034867971875 0.7486293421875 0.039673507812499995 0.8518061390625 0.1486428265625 0.8685229250000001 0.1573386 0.7514330124999999
0 0.3225921046875 0.8078148953125 0.154389534375 0.7991072171875 0.1483749203125 0.9144038484375001 0.32190486875 0.9255094421875001 0.3225921046875 0.8078148953125
0 0.6242702953125 0.8265998171875 0.31992259375 0.8076133499999999 0.3245743828125 0.9257109859374999 0.620948490625 0.93810835 0.6242702953125 0.8265998171875
0 0.6222647234375 0.712693371875 0.45406215000000005 0.70398569375 0.45609101875 0.8139024921875 0.61893126875 0.826196728125 0.6222647234375 0.712693371875
0 0.1133567625 0.9656439828125001 0.121679796875 0.9123884 0.145845184375 0.89026443125 0.1459733140625 0.8683213796875 0.0396749953125 0.8518380609375 0.045043428125 0.9671004515625 0.0999626078125 0.9726155484375001 0.1133567625 0.9656439828125001
0 0.42829747500000004 1 0.42870865937499997 0.9295815890625001 0.1483749203125 0.9144038484375001 0.145845184375 0.89026443125 0.121679796875 0.9123884 0.1159447375 0.9798092859375 0.4081008890625 1 0.42829747500000004 1
0 0.6104377671875 1 0.6129283046875 0.9394985374999999 0.43137817187499994 0.9297831343749999 0.42834950781250003 1 0.6104377671875 1
0 1 0.47388553437500003 0.671853490625 0.4530045703125 0.6397261578125 0.4665446140625 0.631787509375 0.45397104375 0.639073865625 0.5782546921875 0.676435390625 0.5830711421875 1 0.609389725 1 0.47388553437500003
0 0.6358335984375 0.6757994640625 0.6756899125 0.7107398 0.8705060734375 0.7354266890625001 0.8766488140625001 0.5981870046875 0.676435390625 0.5830711421875 0.639073865625 0.5782546921875 0.6358335984375 0.6757994640625
0 1 0.6094955671875 0.8766371656249999 0.600181828125 0.8731755859374999 0.735628234375 1 0.746896534375 1 0.6094955671875
0 1 0.7465872499999999 0.678359425 0.7109413453125 0.6358335984375 0.6757994640625 0.632942771875 0.7134995515625 0.6195952109375 0.712491828125 0.6217522078125 0.8004655765625 0.6615269859375 0.8493696734375 1 0.88247835625 1 0.7465872499999999
0 0.8723796234375 1 0.877722540625 0.871679275 0.6615269859375 0.8493696734375 0.62969085625 0.8130391484375 0.6264272921875 0.914573565625 0.6633345421875 0.9971881046875 0.6880338046875 1 0.8723796234375 1
0 1 1 1 0.8826359937499999 0.877722540625 0.871679275 0.87458383125 1 1 1
0 0.6881395890625 1 0.6633345421875 0.9971881046875 0.6264272921875 0.914573565625 0.62142554375 1 0.6881395890625 1