0 0.6043926953125001 0.46539003437500004 0.562281546875 0.23256099687499998 0.2617399265625 0.26809505 0.3189754171875 0.496087065625 0.6043926953125001 0.46539003437500004
0 0.9031193828124999 0.5931824515625 0.8948175671874999 0.42952770781250005 0.8850783796874999 0.38037367187500004 0.84480495 0.3698912359375 0.5936665640625 0.4011085875 0.6311572453125 0.6207642234375 0.9031193828124999 0.5931824515625
0 0.629192921875 0.6209964734375 0.6043926953125001 0.46539003437500004 0.3189754171875 0.496087065625 0.36233994062499997 0.6540718140624999 0.629192921875 0.6209964734375
0 0.6294880484375 0.6224859890625 0.6513370046875 0.763197265625 0.9084699265625 0.74194203125 0.901450184375 0.594904215625 0.6294880484375 0.6224859890625
0 0.652222384375 0.767665815625 0.629192921875 0.6209964734375 0.3626350671875 0.65556133125 0.39901811249999997 0.788456553125 0.652222384375 0.767665815625
0 0.8266888203124999 0.8567955890625001 0.8546876140625 0.876351346875 0.9237340921875001 0.8697121593749999 0.911614759375 0.7476678484375 0.9104342515624999 0.7417097828125 0.6493726796875 0.763429515625 0.6721990156250001 0.8887811328125 0.7297546765625 0.88502495 0.74163261875 0.8638032484375 0.78730076875 0.8507817 0.7876878953124999 0.8324430062499999 0.80222198125 0.8246269515625 0.8222619171875 0.83445284375 0.8266888203124999 0.8567955890625001
0 0.6505531890625 0.76938758125 0.42062567812499996 0.7859018171875001 0.39705378593749996 0.7886888015625 0.42999687187499996 0.9143686921875 0.670824946875 0.8919924109374999 0.6505531890625 0.76938758125
0 0.3079732859375 0.49129024374999997 0.0472068421875 0.514499490625 0.0352369 0.555549403125 0.07655466718750001 0.76408168125 0.32838486875 0.746502225 0.367652225 0.6808831093750001 0.3258649 0.5410048015625 0.3079732859375 0.49129024374999997
0 0.33064432187500004 0.7477594937500001 0.0768497921875 0.7655711984375 0.106362484375 0.9145228265625001 0.37380571875 0.8844265171875 0.38910449062499997 0.8094460046874999 0.357443478125 0.7003830453125001 0.33064432187500004 0.7477594937500001
0 0.40854673124999996 1 0.42391033437500003 0.9242347828125 0.39254445 0.8166613375 0.37606516874999996 0.8856837859375 0.106362484375 0.9145228265625001 0.12082370312499999 0.9875091234375001 0.126267984375 1 0.40854673124999996 1
0 0.049171165625 0.51426724375 0.3138662609375 0.490593496875 0.29055123437499997 0.3729217109375 0.260302553125 0.38259575625000003 0.02399385625 0.4119585953125 0.0311580703125 0.534963403125 0.036122279687499995 0.56001795 0.049171165625 0.51426724375
0 0.288586909375 0.3731539609375 0.2617399265625 0.26809505 0.26959722343750003 0.26716605625 0.2598580359375 0.21801201875 0.2226278734375 0.20259653437499997 0.0133152953125 0.228614796875 0.02399970625 0.41205905156249995 0.2625620046875 0.3838530234375 0.288586909375 0.3731539609375
0 0.5374908859375 0.10744163124999999 0.3940952109375 0.1243957875 0.26022603125 0.13869918125 0.2914999171875 0.2661008359375 0.562281546875 0.23256099687499998 0.5374908859375 0.10744163124999999
0 0.83946396875 0.2516187265625 0.827030378125 0.06711075625 0.54308873125 0.10525536718749999 0.5398519015625001 0.119357759375 0.572020734375 0.28171503593749997 0.83946396875 0.2516187265625
0 0.5723158609375 0.2832045515625 0.5936665640625 0.4011085875 0.850697921875 0.36919448906249996 0.84172341875 0.25287599374999997 0.5723158609375 0.2832045515625
0 1 0.7679943437500001 0.9365702875 0.7721566546874999 0.9070958578124999 0.7451533140625 0.9231438390625 0.866733125 0.9511521999999999 0.916775959375 1 0.9124141124999999 1 0.7679943437500001
0 1 0.6096736921875 0.92944898125 0.6144599765625001 0.8991907343750001 0.59364695 0.9070958578124999 0.7451533140625 0.9349010890624999 0.7738784187500001 1 0.7702284625 1 0.6096736921875
0 1 0.435099475 0.929493153125 0.442196409375 0.8942273140625 0.426548675 0.8966361562499999 0.590900165625 0.92974410625 0.6159494921875 1 0.610304640625 1 0.435099475
0 1 0.35161136718749997 0.9701787515625 0.201102440625 0.9508306359375001 0.204914446875 0.9197061390625001 0.2406070125 0.9159519234375001 0.1709280203125 0.8612459671874999 0.17892049999999998 0.8740762515625 0.37557684999999996 0.8850783796874999 0.38037367187500004 0.8925581171875001 0.4282704421875 0.9334218015625 0.44173191093749997 1 0.43386014531250006 1 0.35161136718749997
0 0.8672596359375 0.249856759375 0.8589865171875 0.17766323281250002 0.9156567953125 0.169438503125 0.9216704640625 0.24037476406249997 0.9508306359375001 0.204914446875 0.9692933703125 0.19663389375 0.9386001734375 0.0417242015625 0.8482412546875 0.052407642187500006 0.8273255046875001 0.068600271875 0.84172341875 0.25287599374999997 0.8672596359375 0.249856759375