0 0.252 0 0.22400000000000003 0.01846965625 0.254 0.28759894531249997 0.40599999999999997 0.2823219 0.404 0.03166226875 0.40599999999999997 0 0.252 0
0 0.724 0.042216359375 0.562 0.0237467015625 0.514 0.002638521875 0.462 0.0237467015625 0.45599999999999996 0.255936675 0.662 0.3060686015625 0.704 0.2480211078125 0.724 0.042216359375
0 0.686 0.27968337656250003 0.662 0.3060686015625 0.488 0.266490765625 0.488 0.41688654375 0.5700000000000001 0.496042215625 0.662 0.46174142500000004 0.686 0.27968337656250003
0 0.534 0.6464379953125 0.6679999999999999 0.6279683375 0.688 0.48021108124999995 0.666 0.44327176718750005 0.662 0.45910290312499996 0.572 0.49340369375000004 0.49800000000000005 0.43007915625 0.49800000000000005 0.464379946875 0.514 0.4881266484375 0.516 0.5963060687499999 0.534 0.6464379953125
0 0.196 0.4274406328125 0.2 0.45118733437499997 0.202 0.48284960468750004 0.21200000000000002 0.5303430078125 0.44800000000000006 0.50659630625 0.446 0.28759894531249997 0.414 0.21635883906250003 0.40599999999999997 0.21635883906250003 0.40599999999999997 0.2823219 0.254 0.28496042187500004 0.248 0.22427440625 0.196 0.22427440625 0.182 0.3034300796875 0.178 0.3350923484375 0.188 0.3984168859375 0.196 0.4274406328125
0 0.302 0.5883905015625001 0.292 0.522427440625 0.27599999999999997 0.5277044859375 0.21200000000000002 0.5303430078125 0.194 0.42216358906250007 0.13 0.4274406328125 0.072 0.5620052765625 0.11200000000000002 0.7810026390625 0.292 0.74934036875 0.302 0.5883905015625001
0 0.10600000000000001 0.7810026390625 0.13999999999999999 0.9366754625 0.306 0.897097625 0.29 0.74934036875 0.10600000000000001 0.7810026390625
0 0.516 0.490765171875 0.45 0.41424802187500004 0.44800000000000006 0.41424802187500004 0.44800000000000006 0.50659630625 0.348 0.5171503953125 0.35 0.6042216359375 0.40599999999999997 0.6965699203125 0.512 0.6517150390625 0.516 0.490765171875
0 0.382 0.6622691296875 0.376 0.6675461734375 0.376 0.688654353125 0.386 0.8258575203125 0.49400000000000005 0.804749340625 0.49400000000000005 0.6754617421875 0.49400000000000005 0.65963060625 0.40599999999999997 0.69920844375 0.386 0.6622691296875 0.382 0.6622691296875
0 0.392 0.9656992078125001 0.44400000000000006 0.9366754625 0.508 0.9234828500000001 0.512 0.817941953125 0.496 0.7678100265625 0.49400000000000005 0.8021108171875 0.388 0.8258575203125 0.374 0.6912928765624999 0.33599999999999997 0.69920844375 0.346 0.8443271765624999 0.38 0.9762532984375 0.392 0.9656992078125001
0 0.67 0.6200527703125001 0.6679999999999999 0.625329815625 0.536 0.6464379953125 0.516 0.5963060687499999 0.516 0.6517150390625 0.49400000000000005 0.6622691296875 0.528 0.804749340625 0.662 0.77572559375 0.6759999999999999 0.6279683375 0.67 0.6200527703125001
0 0.538 0.8839050125 0.642 0.79419525 0.678 0.8311345640625 0.686 0.7651715046875001 0.666 0.7308707125 0.662 0.77572559375 0.53 0.804749340625 0.496 0.7572559359375 0.512 0.8205804750000001 0.512 0.8680738781249999 0.532 0.92875989375 0.538 0.8839050125
0 0.916 0.580474934375 0.96 0.41688654375 0.962 0.3482849609375 0.786 0.316622690625 0.762 0.3667546171875 0.736 0.509234828125 0.742 0.51978891875 0.916 0.580474934375
0 0.794 0.7124010546874999 0.892 0.7229551453124999 0.93 0.5910290234375 0.922 0.5672823218749999 0.916 0.580474934375 0.754 0.5250659625 0.744 0.58311345625 0.76 0.670184696875 0.8 0.6622691296875 0.794 0.7124010546874999
0 0.744 0.580474934375 0.714 0.5883905015625001 0.6980000000000001 0.6807387859375 0.76 0.67282321875 0.744 0.580474934375
0 0.792 0.7150395781250001 0.836 0.7968337734375 0.8619999999999999 0.7862796828125 0.8779999999999999 0.7229551453124999 0.792 0.7150395781250001
0 0.8300000000000001 0.9604221640624999 0.808 0.9208443265625 0.8099999999999999 0.9050131921875 0.8939999999999999 0.881266490625 0.9179999999999999 0.8443271765624999 0.868 0.8496042218750001 0.796 0.7150395781250001 0.8 0.65963060625 0.696 0.6807387859375 0.6799999999999999 0.8311345640625 0.8 0.970976253125 0.82 0.973614775 0.8300000000000001 0.9604221640624999
0 0.778 0.997361478125 0.798 1 0.8 0.970976253125 0.64 0.7968337734375 0.538 0.881266490625 0.53 0.9894459109374999 0.53 1 0.778 0.997361478125
0 1 0.5250659625 0.96 0.496042215625 0.9640000000000001 0.5329815296875 0.9339999999999999 0.6464379953125 1 0.7150395781250001 1 0.5250659625
0 1 0.7862796828125 0.978 0.7651715046875001 0.906 0.9630606859374999 0.9279999999999999 1 1 1 1 0.7862796828125
0 0 0.9498680734375 0.134 0.9155672828125001 0.10800000000000001 0.778364115625 0.08399999999999999 0.6226912921875 0 0.6358839046875 0 0.9498680734375
0 0.174 0.9313984171874999 0.188 0.98153034375 0.32 0.9366754625 0.306 0.897097625 0.174 0.9313984171874999
0 0.178 1 0.18 0.9762532984375 0.16599999999999998 0.9313984171874999 0.13799999999999998 0.9393139843749999 0.134 0.9155672828125001 0 0.9498680734375 0 1 0.178 1
0 0.528 0.9604221640624999 0.512 0.926121371875 0.442 0.9366754625 0.39 0.9683377312499999 0.396 0.997361478125 0.43 1 0.53 0.997361478125 0.528 0.9604221640624999
0 0.384 1 0.388 0.970976253125 0.368 0.9604221640624999 0.258 0.9525065968750001 0.244 1 0.384 1