0 0.3322781578125 0.2708812484375 0.36950885312500004 0.280096728125 0.39013346250000003 0.1809344703125 0.3441787375 0.1542261546875 0.23792219218750002 0.1202584203125 0.10964411874999999 0.09310658125 0.09804684218750001 0.20830340781249998 0.3322781578125 0.2708812484375
0 0.39195328125 0.172184859375 0.37356756562500004 0.290301415625 0.4647546359375 0.317472409375 0.523236640625 0.3334814359375 0.60779888125 0.35287925625 0.6332725140625 0.359184584375 0.6643252015625001 0.239603375 0.539080159375 0.1978688515625 0.402217746875 0.1624588125 0.39195328125 0.172184859375
0 0.37086175625 0.2834982921875 0.3581947875 0.2849629453125 0.351406346875 0.287882675 0.337406565625 0.39481810781250004 0.3573049703125 0.3982100921875 0.37403065468749996 0.40695012343750003 0.5732940890625 0.45933924218750005 0.602969953125 0.35628400937500004 0.5229333375 0.3349397046875 0.4644513328125 0.318930678125 0.37356756562500004 0.290301415625 0.37086175625 0.2834982921875
0 0.0921683125 0.20684833125000002 0.062472356250000007 0.20103122031249998 0.0543310109375 0.2005493875 0.057340121875000004 0.20589424531249997 0.04786596875 0.3108831921875 0.081923940625 0.3254467203125 0.1541225140625 0.3448509234375 0.294297340625 0.3841475515625 0.33911061249999996 0.35690631875 0.3474873265625 0.286912625 0.359104696875 0.2805881375 0.3375500828125 0.2752528609375 0.3022789 0.2665224046875 0.19541574687500002 0.2354712078125 0.09156170625 0.20976486875 0.0921683125 0.20684833125000002
0 0.9550072515625001 0.3774878390625 0.9636155093750001 0.36581849843750003 0.9692146562499999 0.34880430156250003 0.9766097031250001 0.34296803593749997 0.979036128125 0.3313018875 0.986734478125 0.324007353125 0.9510202984375 0.3075005296875 0.8685811781250001 0.27789483125 0.767899859375 0.24684044218749998 0.7460419421875 0.24296343281250002 0.6442871046875001 0.22697675468749998 0.6433771953125 0.2313515578125 0.668244221875 0.240573425 0.642650990625 0.3339058015625 0.699009871875 0.3601227078125 0.9300684671875 0.42804859687499996 0.93158498125 0.42075725625000004 0.9373238203125001 0.41297769375 0.9382337296875001 0.40860288906250003 0.94623538125 0.399850084375 0.9534907359375 0.3847791828125 0.9550072515625001 0.3774878390625
0 0.9484981953125 0.3988768421875 0.9415461453124999 0.4124894765625 0.9338477953125001 0.41978401249999997 0.9336841843749999 0.430476915625 0.7686423312499999 0.381958425 0.789893640625 0.38875197031250003 0.898109696875 0.4232047296875 0.8876816203125 0.44362368124999996 0.8530610546874999 0.5209214906249999 0.8443131062499999 0.52335619375 0.9367133890625 0.5446941140625 0.9885531500000001 0.46332952812499995 0.989986903125 0.4140546484375 0.95680315 0.3886657703125 0.9484981953125 0.3988768421875
0 0.5882717125 0.4170462625 0.61899335 0.44765074531250004 0.8511015453124999 0.5204364640625 0.8932807671875 0.426609484375 0.6967470578125 0.361095953125 0.6515386328125 0.3407057328125 0.6388716609375 0.34217038906249997 0.63462541875 0.362586146875 0.6091517859375 0.3562808171875 0.6046261578125 0.3582273046875 0.5882717125 0.4170462625
0 0.6485256953125 0.46416076093749997 0.6200429515625 0.4525105765625 0.5873618031250001 0.42142106718749994 0.57690980625 0.46176756093750004 0.5589709125 0.4588606015625 0.558061003125 0.46323540625000004 0.6056958531250001 0.47195947499999996 0.724479678125 0.49522792187500003 0.8022295609375 0.537473009375 0.807828709375 0.5204588125 0.810394825 0.5180273015625 0.8381312718749999 0.5233593875 0.83904118125 0.51898458125 0.7517731296875 0.4927836375 0.6485256953125 0.46416076093749997
0 0.39819539531250003 0.49879869218749995 0.40927791718749995 0.4356081203125 0.55414198125 0.46226535625 0.5514361734375 0.45546223125 0.37568686093750003 0.40889342031250003 0.348557021875 0.400644796875 0.334581159375 0.48765268749999996 0.39819539531250003 0.49879869218749995
0 0 0.4787070921875 0.27208445625 0.550383775 0.329145621875 0.49397398125 0.342678490625 0.3991897203125 0.0270576546875 0.3118660125 0.016046890624999997 0.31527396093750004 0 0.3924267375 0 0.4787070921875
0 0.38939960625 0.5410884796875 0.474309165625 0.6479728296875 0.8260192406250001 0.6905624687499999 0.8670091703124999 0.582641021875 0.8606876453125001 0.5734095765625 0.8019262578124999 0.5389312765625001 0.7264391890625 0.4957129453125 0.410934125 0.43755141562500005 0.38939960625 0.5410884796875
0 0.952086165625 0.550032584375 0.8120510328125 0.5199705953125 0.8019262578124999 0.5389312765625001 0.8606876453125001 0.5734095765625 0.8680587703124999 0.5875008515625 0.8257159390625001 0.6920207375 0.8113927609375 0.691542096875 0.8187638859374999 0.7056333718750001 0.7756747546875 0.8038351562500001 0.7750681484374999 0.8067516937500001 0.8011005499999999 0.8499955671875 0.8069790796874999 0.8514506421875 0.929378621875 0.87714740625 0.9841786562499999 0.6136711421875 0.9853601781249999 0.5730648359375 0.9757399812499999 0.565087525 0.952086165625 0.550032584375
0 0.5017423062499999 0.6547631843749999 0.4918490765625 0.732048221875 0.5198888265625 0.7359220390625001 0.7646639921875 0.8072431046874999 0.772502034375 0.8091832046875 0.8142382609375 0.7075798578125 0.8055142296875 0.6900870203125 0.7132536375 0.6779837390625 0.5124497671875 0.6528135046875 0.5017423062499999 0.6547631843749999
0 0 0.6159852906250001 0.08079492656250001 0.6379692796875001 0.11998513125000002 0.647669784375 0.12917607656250002 0.653011446875 0.13869424531250002 0.6369673015624999 0.14543867187499998 0.545102771875 0.1647543890625 0.5314837515625 0.16596760156249998 0.525650678125 0 0.4817973953125 0 0.6159852906250001
0 0.3874400953125 0.540603453125 0.3953259765625 0.502688471875 0.333974553125 0.4905692265625 0.2737406640625 0.55232706875 0.1715428296875 0.5285640218750001 0.14739818124999998 0.545587796875 0.141423971875 0.6238428859375 0.1433356421875 0.6641829921875 0.17002248749999999 0.6646552484375 0.2817145703125 0.692301690625 0.33522795312500003 0.702480834375 0.414214965625 0.7189653109374999 0.42928444218750006 0.7257620484375 0.4321538625 0.72187226875 0.445850340625 0.616395103125 0.3874400953125 0.540603453125
0 0 0.7269577875000001 0.0606133125 0.7449079046875 0.105682046875 0.7560634859375 0.1627432140625 0.699653690625 0.16398034687500002 0.673893075 0.1707687859375 0.6709733453125 0.1632340484375 0.6675749765625001 0.14303233906249999 0.6656412625 0.1391372390625 0.64474366875 0.12917607656250002 0.653011446875 0.11937852499999999 0.650586321875 0 0.6188049015625 0 0.7269577875000001
0 0.187051475 0.6719370125 0.1675960640625 0.6763213953125 0.16208876875 0.742425309375 0.1620409296875 0.7822803921875 0.257007328125 0.8011868 0.44075829375 0.839002809375 0.46077629687500005 0.7427570890624999 0.46315870937500003 0.6421461421875 0.4535247703125 0.629028109375 0.43441667656250005 0.720899025 0.43094065 0.7277053421875 0.187051475 0.6719370125
0 0 0.8086145640625 0.16287907968749998 0.837688209375 0.1680113109375 0.8328251874999999 0.17349468750000002 0.7866488125 0.159778115625 0.7832536343750001 0.1601292578125 0.7419402859375 0.16409611875000002 0.703055253125 0.1304333015625 0.7361231734375 0.1076415578125 0.7565485109375001 0.058350500000000007 0.7458811484375001 0 0.728510190625 0 0.8086145640625
0 0 0.9092124203124999 0.148436303125 0.9368472750000001 0.1600775921875 0.9105952500000001 0.1622724734375 0.840604746875 0 0.81063376875 0 0.9092124203124999
0 0.4188286203125 0.8949084234375 0.1666344890625 0.8493511671875 0.1647189921875 0.9378109406249999 0.4096816890625 0.9785115609374999 0.4224443375 0.8973367421875 0.4188286203125 0.8949084234375
0 0.1728163234375 0.8493479734375 0.4269699625 0.89539025625 0.43653597031249997 0.8394910296875 0.1771104046875 0.7890771328125 0.1728163234375 0.8493479734375
0 0.856415559375 1 0.8754662578125 0.9481366937500001 0.8816480921875 0.9481335 0.907217403125 0.874728665625 0.810594796875 0.8538789625 0.7988377359375 0.8509688109375 0.7791268609374999 0.81695638125 0.7679764062500001 0.8111296921875001 0.7706822140625 0.8179328171875 0.769911996875 0.8315422578125 0.7346848265625 0.911756603125 0.7211079453125 0.9175960640625 0.700998090625 0.964752065625 0.7020476921875 0.9696118968749999 0.8073778671875 1 0.856415559375 1
0 0.69511069375 1 0.6971948421875 0.9929441921875 0.6923898312500001 0.9764214062500001 0.6836179625 0.9987836515625 0.436719675 0.937670465625 0.4278320328125 0.9308705328125001 0.41815025468749994 0.957607584375 0.41652130625000006 1 0.69511069375 1
0 0.4490871703125 0.808864196875 0.44694012812499995 0.83899961875 0.43590544531250003 0.86233510625 0.429979075 0.9007351124999999 0.42813533593750003 0.929412265625 0.436719675 0.937670465625 0.6836179625 0.9987836515625 0.7155327203125 0.9146827171874999 0.5727917765625 0.8778176046875 0.47451296249999997 0.8550246078124999 0.4594434859375 0.8482278687499999 0.4591880234375 0.8098310546875 0.4490871703125 0.808864196875
0 0.4898895671875 0.731563196875 0.49324982031250003 0.6955947015625 0.478623340625 0.69657433125 0.46485892968750003 0.7330342359375 0.46077629687500005 0.7427570890624999 0.4490871703125 0.808864196875 0.45722851249999996 0.8093460296874999 0.4594434859375 0.8482278687499999 0.48069479687500005 0.8550214140625 0.5727917765625 0.8778176046875 0.7239773656249999 0.9137062828125 0.7321187109375 0.9141881156249999 0.7720351187500001 0.8213343796875 0.762401178125 0.8082163484375 0.5195855234375 0.7373803062500001 0.4898895671875 0.731563196875