0 0.3069053703125 0.23181818125000003 0.35038363125 0.23181818125000003 0.43734015312499996 0.2227272734375 0.434782609375 0.1 0.4092071609375 0.090909090625 0.4092071609375 0.1 0.3913043484375 0.090909090625 0.388746803125 0.08181818125 0.3529411765625 0.0772727265625 0.2122762140625 0.0863636359375 0.2173913046875 0.25 0.3069053703125 0.2545454546875 0.3069053703125 0.23181818125000003
0 0.41687979531249997 0.5 0.40409207187499996 0.26818181874999997 0.3069053703125 0.2636363640625 0.2199488484375 0.25 0.15856777500000002 0.26818181874999997 0.1304347828125 0.26818181874999997 0.0613810734375 0.3 0.0818414328125 0.5727272734375 0.2173913046875 0.58181818125 0.41687979531249997 0.5
0 0.43222506406249994 0.46363636406250003 0.5473145781250001 0.4227272734375 0.5447570328125 0.2363636359375 0.43734015312499996 0.2227272734375 0.35038363125 0.23181818125000003 0.3069053703125 0.23181818125000003 0.3069053703125 0.2636363640625 0.40409207187499996 0.26818181874999997 0.41432225 0.45909090937499997 0.43222506406249994 0.46363636406250003
0 0.5447570328125 0.2772727265625 0.5907928390625 0.28181818125 0.6521739125 0.290909090625 0.657289003125 0.1136363640625 0.6291560109375001 0.0954545453125 0.6291560109375001 0.1 0.6214833765625001 0.0954545453125 0.61892583125 0.0863636359375 0.6010230171875001 0.0863636359375 0.434782609375 0.1 0.43734015312499996 0.2272727265625 0.5447570328125 0.2363636359375 0.5447570328125 0.2772727265625
0 0.43222506406249994 0.6818181812499999 0.468030690625 0.690909090625 0.5549872125 0.61818181875 0.5524296671875 0.43181818125 0.5473145781250001 0.4227272734375 0.434782609375 0.46363636406250003 0.41176470624999995 0.45909090937499997 0.41687979531249997 0.509090909375 0.42710997500000003 0.5227272734375 0.43222506406249994 0.6818181812499999
0 0.434782609375 0.7363636359375 0.42966751875 0.5227272734375 0.41943734062500004 0.5045454546875 0.2173913046875 0.58181818125 0.09974424531250001 0.5772727265625 0.117647059375 0.8272727265625001 0.2276214828125 0.8954545453125 0.434782609375 0.7363636359375
0 0.11253196875 0.7272727265625 0.0588235296875 0.6954545453125001 0.0434782609375 0.7045454546875 0.0511508953125 0.9090909093749999 0.1278772375 0.96818181875 0.11253196875 0.7272727265625
0 0.406649615625 1 0.43989769843750004 0.9454545453125001 0.43734015312499996 0.7363636359375 0.2276214828125 0.8954545453125 0.117647059375 0.8272727265625001 0.1304347828125 1 0.406649615625 1
0 0.43989769843750004 0.9090909093749999 0.468030690625 0.9227272734374999 0.5549872125 0.8136363640625 0.5575447578125 0.61818181875 0.468030690625 0.690909090625 0.43222506406249994 0.6818181812499999 0.434782609375 0.7363636359375 0.43989769843750004 0.7363636359375 0.43989769843750004 0.9090909093749999
0 0.5473145781250001 1 0.5549872125 0.990909090625 0.5549872125 0.81818181875 0.4705882359375 0.9227272734374999 0.43989769843750004 0.9090909093749999 0.43989769843750004 1 0.5473145781250001 1
0 0.5524296671875 0.4727272734375 0.58823529375 0.4727272734375 0.6393861890625 0.45454545468749996 0.644501278125 0.290909090625 0.593350384375 0.28181818125 0.5447570328125 0.2772727265625 0.5498721234375 0.4227272734375 0.5524296671875 0.43636363593749994 0.5524296671875 0.4727272734375
0 0.5575447578125 0.6636363640625 0.58567775 0.6636363640625 0.63682864375 0.6136363640625 0.6393861890625 0.45454545468749996 0.58823529375 0.4727272734375 0.5549872125 0.4727272734375 0.5524296671875 0.6227272734375 0.5575447578125 0.6227272734375 0.5575447578125 0.6636363640625
0 0.6342711000000001 0.7636363640625 0.63682864375 0.6136363640625 0.58823529375 0.6636363640625 0.5575447578125 0.6636363640625 0.5549872125 0.8318181812500001 0.5831202046875 0.8409090906250001 0.6342711000000001 0.7636363640625
0 0.6803069046875 0.2863636359375 0.644501278125 0.29545454531250004 0.6393861890625 0.45454545468749996 0.6751918156250001 0.43181818125 0.6803069046875 0.2863636359375
0 0.6777493609375 0.43181818125 0.63682864375 0.45454545468749996 0.63682864375 0.6136363640625 0.6751918156250001 0.5681818187500001 0.6777493609375 0.43181818125
0 0.6828644500000001 0.5727272734375 0.6803069046875 0.5636363640625001 0.63682864375 0.6136363640625 0.6342711000000001 0.76818181875 0.6879795390625 0.6863636359374999 0.6828644500000001 0.5727272734375
0 0.6035805625 1 0.6317135546875 0.95 0.6317135546875 0.7727272734375 0.5831202046875 0.8409090906250001 0.5549872125 0.8318181812500001 0.5575447578125 0.990909090625 0.578005115625 1 0.6035805625 1
0 0.69820971875 0.66818181875 0.6317135546875 0.7727272734375 0.6317135546875 0.95 0.690537084375 0.8409090906250001 0.69820971875 0.66818181875
0 0.6854219953125 0.1363636359375 0.657289003125 0.1136363640625 0.6521739125 0.28181818125 0.6803069046875 0.28181818125 0.6854219953125 0.1363636359375
0 0.736572890625 0.1454545453125 0.7595907921875 0.16818181875 0.7723785171875 0.16818181875 0.8107416875 0.18181818125 0.8132992328125 0.1 0.7723785171875 0.06818181875 0.6751918156250001 0.08181818125 0.6751918156250001 0.13181818125 0.6930946296875 0.1272727265625 0.736572890625 0.1454545453125
0 0.7237851656250001 0.140909090625 0.6930946296875 0.1272727265625 0.6854219953125 0.1363636359375 0.6828644500000001 0.27272727343750003 0.7186700765625 0.27272727343750003 0.7237851656250001 0.140909090625
0 0.7135549875 0.409090909375 0.7161125312500001 0.2772727265625 0.6828644500000001 0.2772727265625 0.6751918156250001 0.41818181875000004 0.6854219953125 0.41818181875000004 0.7135549875 0.409090909375
0 0.7109974421875 0.409090909375 0.6879795390625 0.41818181875000004 0.6751918156250001 0.4227272734375 0.6777493609375 0.559090909375 0.705882353125 0.5363636359374999 0.7109974421875 0.409090909375
0 0.7084398984375 0.5454545453125 0.7263427109375 0.5363636359374999 0.72890025625 0.5045454546875 0.736572890625 0.5045454546875 0.736572890625 0.3954545453125 0.7161125312500001 0.4045454546875 0.7084398984375 0.409090909375 0.705882353125 0.5363636359374999 0.7084398984375 0.5454545453125
0 0.7263427109375 0.6272727265625 0.69820971875 0.66818181875 0.6930946296875 0.85 0.7237851656250001 0.8 0.7263427109375 0.6272727265625
0 0.7161125312500001 1 0.7263427109375 0.95 0.721227621875 0.809090909375 0.6930946296875 0.8545454546875 0.6930946296875 1 0.7161125312500001 1
0 0.8925831203125 0.48181818125 0.895140665625 0.3727272734375 0.785166240625 0.359090909375 0.7595907921875 0.38181818125 0.754475703125 0.49090909062500004 0.8772378515625 0.5136363640625 0.8925831203125 0.48181818125
0 0.895140665625 0.559090909375 0.8925831203125 0.48181818125 0.8772378515625 0.5136363640625 0.754475703125 0.49090909062500004 0.7519181578125 0.5954545453125 0.8746803062499999 0.6363636359375 0.895140665625 0.559090909375
0 0.8721227624999999 0.709090909375 0.8746803062499999 0.6363636359375 0.754475703125 0.5954545453125 0.744245525 0.6 0.739130434375 0.7 0.8593350390625 0.740909090625 0.8721227624999999 0.709090909375
0 0.8772378515625 0.809090909375 0.8797953968750001 0.7227272734375 0.8721227624999999 0.709090909375 0.8593350390625 0.7454545453125 0.7493606140625 0.709090909375 0.7416879796875 0.7136363640625001 0.739130434375 0.809090909375 0.8618925828125 0.8727272734374999 0.8772378515625 0.809090909375
0 0.8618925828125 0.9818181812500001 0.8695652171875 0.890909090625 0.8670076718749999 0.8545454546875 0.8618925828125 0.8727272734374999 0.739130434375 0.809090909375 0.736572890625 0.8227272734375 0.7340153453125 0.9181818187499999 0.8618925828125 0.9818181812500001
0 0.7416879796875 0.28181818125 0.7186700765625 0.28181818125 0.7161125312500001 0.409090909375 0.736572890625 0.3954545453125 0.7416879796875 0.28181818125
0 0.7519181578125 0.15909090937499998 0.7237851656250001 0.140909090625 0.721227621875 0.27272727343750003 0.74680306875 0.27272727343750003 0.7519181578125 0.15909090937499998
0 0.77749360625 0.17727272656249998 0.7519181578125 0.16363636406249998 0.7493606140625 0.2863636359375 0.7749360609375 0.27272727343750003 0.77749360625 0.17727272656249998
0 0.7595907921875 0.38181818125 0.769820971875 0.36818181875 0.7749360609375 0.2772727265625 0.7416879796875 0.2863636359375 0.7340153453125 0.3954545453125 0.7595907921875 0.3954545453125 0.7595907921875 0.38181818125
0 0.7263427109375 0.540909090625 0.7084398984375 0.5454545453125 0.7084398984375 0.53181818125 0.6803069046875 0.559090909375 0.6879795390625 0.6863636359374999 0.7263427109375 0.61818181875 0.7263427109375 0.540909090625
0 0.7902813296875 0.18181818125 0.7800511515624999 0.18181818125 0.7749360609375 0.2772727265625 0.7877237859374999 0.27272727343750003 0.7902813296875 0.18181818125