0 0.8169777937499999 0.3497074890625 0.823131490625 0.35750390468750004 0.9591629046874999 0.33673886249999996 0.9631720609375 0.336599071875 0.9491836296875 0.11010908281250001 0.796975628125 0.123427184375 0.8169777937499999 0.3497074890625
0 0.61087640625 0.148608296875 0.606357096875 0.3490403421875 0.65250905625 0.3501014640625 0.7969320109375 0.3504064375 0.790915240625 0.1209681703125 0.6385206250000001 0.12361147343750001 0.61087640625 0.148608296875
0 0.608965134375 0.154015590625 0.468364725 0.142896028125 0.4620741046875 0.3567414671875 0.6043991734375 0.3517789375 0.608965134375 0.154015590625
0 0.450463478125 0.15153117968750002 0.30613383125000004 0.156563603125 0.30991275625000003 0.37272826718749996 0.454055790625 0.357021046875 0.450463478125 0.15153117968750002
0 0.29000389531250004 0.1517853640625 0.1435763625 0.1515502828125 0.1476352078125 0.3837271453125 0.29979655625 0.36774034375000003 0.29000389531250004 0.1517853640625
0 0 0.39683358125 0.1435327453125 0.37852953437500003 0.1361178890625 0.1838542578125 0 0.1886003578125 0 0.39683358125
0 0 0.6336630390625 0.147684896875 0.616043796875 0.1375656625 0.38140791875 0 0.395735665625 0 0.6336630390625
0 0.338259809375 0.6174098921875 0.3298652328125 0.366691921875 0.14973309375 0.38899465 0.15761448281249998 0.6103569249999999 0.173977684375 0.6284786625 0.338259809375 0.6174098921875
0 0.3279539625 0.372099215625 0.3503339328125 0.619659221875 0.5064111312499999 0.59819523125 0.4860357390625 0.35056533125 0.3279539625 0.372099215625
0 0.818982371875 0.3496375953125 0.674606071875 0.3520013203125 0.6707865625 0.592463859375 0.8251391046875 0.5870819609375 0.818982371875 0.3496375953125
0 0.8351589593750001 0.3570845359375 0.8553010875 0.591370940625 0.963295078125 0.5773126078125 0.966563128125 0.5305773140625 0.9632187140624999 0.3392677734375 0.8351589593750001 0.3570845359375
0 0.8773544843750001 0.8202500484374999 0.9466134374999999 0.8158711890625 0.96312025 0.57981276875 0.8592635906250001 0.58856245 0.8773544843750001 0.8202500484374999
0 0.9337378968750001 1 0.9459888640624999 0.82480300625 0.8955823046875 0.8302957937500001 0.8713407500000001 0.8204597328125001 0.8706424671875 0.8952532156249999 0.887192390625 1 0.9337378968750001 1
0 0.8592169359374999 0.58589375 0.706868975 0.591205753125 0.7069653171875 0.8261911062499999 0.8633690906249999 0.8234080125000001 0.8592169359374999 0.58589375
0 0.8704678171875001 1 0.8674715531249999 0.8286056203125 0.7110211265624999 0.828720015625 0.71754805 0.8578660265625 0.7235968453125 1 0.8704678171875001 1
0 0.54445146875 0.59419853125 0.5407719203125 0.8426671703125 0.7030028140625 0.8289995953125 0.7009485468750001 0.5967528390625 0.54445146875 0.59419853125
0 0.7175161140624999 1 0.70910985625 0.8341273093750001 0.5507948125000001 0.8423176968750001 0.555294896875 1 0.7175161140624999 1
0 0.5419637749999999 1 0.52865114375 0.8377491390625 0.35868185625 0.8677084921875 0.369298540625 1 0.5419637749999999 1
0 0.342455578125 0.6279448999999999 0.36665351562500004 0.8647602140625 0.5306090671875 0.8350105453125 0.5064577859375 0.6008639312499999 0.342455578125 0.6279448999999999
0 0.16996852812500002 0.628618453125 0.1785030640625 0.8873425218750001 0.34665438593750003 0.8681278593749999 0.3402643875 0.6173399984375 0.16996852812500002 0.628618453125
0 0 0.9146492343749999 0.17430729218750002 0.8768075109375 0.147684896875 0.616043796875 0 0.6366949734375 0 0.9146492343749999
0 0.1879565671875 1 0.1762652171875 0.8740689171874999 0.0005154625 0.917581453125 0.0085646859375 1 0.1879565671875 1
0 0.654606940625 0.3553689671875 0.496198590625 0.3582219546875 0.5083690562500001 0.5954566390625 0.6646328671874999 0.5846674453125 0.654606940625 0.3553689671875
0 0.364670309375 1 0.36059312656250003 0.8623011984375 0.1886192609375 0.8923304453125 0.19508894999999998 1 0.364670309375 1