0 1 0.1653333328125 0.8699999999999999 0.16799999999999998 0.858 0.3333333328125 1 0.3333333328125 1 0.1653333328125
0 1 0.3386666671875 0.858 0.33599999999999997 0.844 0.488 1 0.5013333328125 1 0.3386666671875
0 1 0.5013333328125 0.8460000000000001 0.49066666718749996 0.8320000000000001 0.6346666671875 0.986 0.6506666671875 1 0.5599999999999999 1 0.5013333328125
0 0.8160000000000001 0.7653333328125 0.8039999999999999 0.8906666671875 0.9480000000000001 0.9146666671875 0.962 0.792 0.8160000000000001 0.7653333328125
0 0.8320000000000001 0.6346666671875 0.8240000000000001 0.7626666671875 0.968 0.792 0.986 0.6533333328125 0.8320000000000001 0.6346666671875
0 0.72 0.17333333281250002 0.712 0.3333333328125 0.858 0.3386666671875 0.8699999999999999 0.1706666671875 0.72 0.17333333281250002
0 0.712 0.33599999999999997 0.706 0.48266666718750006 0.844 0.49066666718749996 0.858 0.33599999999999997 0.712 0.33599999999999997
0 0.708 0.488 0.7 0.624 0.8320000000000001 0.632 0.8460000000000001 0.488 0.708 0.488
0 0.8140000000000001 0.7653333328125 0.8220000000000001 0.632 0.6980000000000001 0.6293333328124999 0.6980000000000001 0.6506666671875 0.682 0.6533333328125 0.6799999999999999 0.7493333328125 0.8140000000000001 0.7653333328125
0 0.678 0.7546666671875 0.6759999999999999 0.8613333328125 0.8019999999999999 0.8826666671875 0.8099999999999999 0.7626666671875 0.678 0.7546666671875
0 0.564 0.16799999999999998 0.562 0.33599999999999997 0.712 0.33599999999999997 0.718 0.16799999999999998 0.564 0.16799999999999998
0 0.5599999999999999 0.33599999999999997 0.558 0.496 0.706 0.496 0.712 0.3333333328125 0.5599999999999999 0.33599999999999997
0 0.5559999999999999 0.496 0.554 0.64 0.6980000000000001 0.6506666671875 0.708 0.496 0.5559999999999999 0.496
0 0.542 0.6426666671875 0.54 0.7813333328125001 0.6759999999999999 0.7893333328125001 0.682 0.6506666671875 0.542 0.6426666671875
0 0.53 0.7786666671875 0.522 0.9039999999999999 0.658 0.9253333328125001 0.666 0.792 0.53 0.7786666671875
0 0.40800000000000003 0.1706666671875 0.414 0.33599999999999997 0.562 0.3386666671875 0.562 0.16799999999999998 0.40800000000000003 0.1706666671875
0 0.41200000000000003 0.3386666671875 0.414 0.496 0.5599999999999999 0.496 0.562 0.33599999999999997 0.41200000000000003 0.3386666671875
0 0.41200000000000003 0.496 0.414 0.6453333328124999 0.5559999999999999 0.64 0.5559999999999999 0.4933333328125 0.41200000000000003 0.496
0 0.414 0.6453333328124999 0.4 0.6346666671875 0.398 0.768 0.532 0.784 0.532 0.6426666671875 0.414 0.6453333328124999
0 0.53 0.784 0.39 0.768 0.392 0.8880000000000001 0.518 0.9226666671875 0.522 0.9039999999999999 0.53 0.784
0 0.258 0.1706666671875 0.266 0.3333333328125 0.40599999999999997 0.3333333328125 0.40199999999999997 0.16799999999999998 0.258 0.1706666671875
0 0.268 0.33599999999999997 0.274 0.48266666718750006 0.41 0.4853333328125 0.41 0.33599999999999997 0.268 0.33599999999999997
0 0.272 0.48266666718750006 0.27999999999999997 0.6213333328124999 0.41200000000000003 0.6266666671875 0.41200000000000003 0.48266666718750006 0.272 0.48266666718750006
0 0.396 0.6293333328124999 0.274 0.6213333328124999 0.274 0.736 0.388 0.76 0.398 0.744 0.396 0.6293333328124999
0 0.39 0.8826666671875 0.386 0.76 0.272 0.736 0.262 0.744 0.266 0.8720000000000001 0.372 0.9093333328125001 0.39 0.8826666671875
0 0.13999999999999999 0.176 0.146 0.32799999999999996 0.264 0.3306666671875 0.256 0.176 0.13999999999999999 0.176
0 0.152 0.3306666671875 0.158 0.46399999999999997 0.272 0.48 0.268 0.3333333328125 0.152 0.3306666671875
0 0.154 0.46666666718750005 0.158 0.5946666671874999 0.27999999999999997 0.6106666671875 0.27 0.48 0.154 0.46666666718750005
0 0.158 0.5973333328125 0.16599999999999998 0.7173333328125 0.272 0.736 0.272 0.6133333328125 0.158 0.5973333328125
0 0.262 0.736 0.158 0.7173333328125 0.16 0.8240000000000001 0.236 0.8720000000000001 0.264 0.8533333328125 0.262 0.736
0 0.152 0.7093333328125 0.124 0.7173333328125 0.064 0.6826666671875 0.074 0.792 0.148 0.8266666671875 0.158 0.8186666671875 0.152 0.7093333328125
0 0.152 0.5786666671875 0.074 0.568 0.072 0.5546666671875 0.052000000000000005 0.568 0.066 0.6826666671875 0.126 0.7146666671874999 0.156 0.704 0.152 0.5786666671875
0 0.154 0.4613333328125 0.062 0.4453333328125 0.072 0.5546666671875 0.074 0.5706666671875 0.156 0.5786666671875 0.154 0.4613333328125
0 0.062 0.3173333328125 0.074 0.44800000000000006 0.156 0.4613333328125 0.152 0.32799999999999996 0.062 0.3173333328125
0 0.04 0.1786666671875 0.052000000000000005 0.31466666718749997 0.144 0.3253333328125 0.13799999999999998 0.1786666671875 0.04 0.1786666671875