0 1 0.1 0.9545454546875 0.10454545468750001 0.9454545453125001 0.25 1 0.25 1 0.1
0 1 0.2545454546875 0.940909090625 0.25 0.9227272734374999 0.3772727265625 1 0.3863636359375 1 0.2545454546875
0 1 0.3863636359375 0.940909090625 0.3863636359375 0.93181818125 0.5136363640625 1 0.509090909375 1 0.3863636359375
0 1 0.509090909375 0.93181818125 0.51818181875 0.9227272734374999 0.63181818125 0.96818181875 0.6363636359375 1 0.609090909375 1 0.509090909375
0 0.9272727265625 0.5227272734375 0.8409090906250001 0.540909090625 0.8318181812500001 0.6772727265625 0.9227272734374999 0.6363636359375 0.9272727265625 0.5227272734375
0 0.93181818125 0.51818181875 0.940909090625 0.38181818125 0.8454545453125 0.4 0.8454545453125 0.5227272734375 0.8409090906250001 0.540909090625 0.93181818125 0.51818181875
0 0.9363636359375 0.25 0.8636363640625 0.2545454546875 0.85 0.3954545453125 0.9181818187499999 0.38181818125 0.9363636359375 0.25
0 0.9181818187499999 0.08181818125 0.8727272734374999 0.10454545468750001 0.8636363640625 0.2545454546875 0.9454545453125001 0.24545454531250002 0.9545454546875 0.10454545468750001 0.9181818187499999 0.08181818125
0 0.75 0.25 0.8636363640625 0.25 0.8727272734374999 0.0863636359375 0.7636363640625 0.06818181875 0.61818181875 0.0863636359375 0.6136363640625 0.24545454531250002 0.75 0.25
0 0.7363636359375 0.2545454546875 0.5636363640625001 0.2636363640625 0.559090909375 0.44090909062500006 0.5954545453125 0.45 0.73181818125 0.4272727265625 0.7363636359375 0.2545454546875
0 0.7363636359375 0.2545454546875 0.73181818125 0.4227272734375 0.8454545453125 0.409090909375 0.8636363640625 0.2545454546875 0.7363636359375 0.2545454546875
0 0.71818181875 0.43181818125 0.559090909375 0.45454545468749996 0.55 0.6227272734375 0.5909090906250001 0.63181818125 0.7136363640625001 0.5863636359375 0.71818181875 0.43181818125
0 0.7227272734375 0.43181818125 0.7136363640625001 0.58181818125 0.8363636359375001 0.540909090625 0.8409090906250001 0.409090909375 0.7227272734375 0.43181818125
0 0.7227272734375 0.5863636359375 0.7272727265625 0.7227272734375 0.8318181812500001 0.6772727265625 0.8363636359375001 0.5454545453125 0.7227272734375 0.5863636359375
0 0.7227272734375 0.6136363640625 0.6954545453125001 0.5954545453125 0.5909090906250001 0.6363636359375 0.5545454546874999 0.63181818125 0.559090909375 0.78181818125 0.7136363640625001 0.76818181875 0.7227272734375 0.6136363640625
0 0.559090909375 0.7954545453125 0.5545454546874999 0.6363636359375 0.3863636359375 0.6863636359374999 0.3545454546875 0.6772727265625 0.35 0.85 0.390909090625 0.8772727265625001 0.559090909375 0.7954545453125
0 0.559090909375 0.259090909375 0.33181818125 0.2636363640625 0.34090909062499997 0.48181818125 0.3772727265625 0.4863636359375 0.559090909375 0.45 0.559090909375 0.259090909375
0 0.55 0.45454545468749996 0.359090909375 0.4954545453125 0.359090909375 0.6727272734375 0.3954545453125 0.6818181812499999 0.55 0.6272727265625 0.55 0.45454545468749996
0 0.5727272734375 0.0454545453125 0.3727272734375 0.018181818750000002 0.31818181874999996 0.03181818125 0.3272727265625 0.2636363640625 0.3863636359375 0.259090909375 0.5727272734375 0.2545454546875 0.5727272734375 0.0454545453125
0 0 0 0 0.27272727343750003 0.08181818125 0.27272727343750003 0.3272727265625 0.2636363640625 0.3136363640625 0.0227272734375 0.16818181875 0 0 0
0 0.3272727265625 0.2636363640625 0.0363636359375 0.2772727265625 0.06363636406249999 0.51818181875 0.1136363640625 0.5363636359374999 0.34090909062499997 0.4863636359375 0.3272727265625 0.2636363640625
0 0.35 0.5 0.3272727265625 0.49090909062500004 0.1136363640625 0.5363636359374999 0.07272727343749999 0.5272727265625 0.08181818125 0.7454545453125 0.13181818125 0.78181818125 0.3545454546875 0.6954545453125001 0.35 0.5
0 0 0.5681818187500001 0.07272727343749999 0.55 0.0363636359375 0.27272727343750003 0 0.27272727343750003 0 0.5681818187500001
0 0 0.8363636359375001 0.08181818125 0.809090909375 0.06818181875 0.5545454546874999 0 0.5681818187500001 0 0.8363636359375001
0 0.0863636359375 1 0.07272727343749999 0.81818181875 0 0.8363636359375001 0 0.85 0 1 0.0863636359375 1
0 0.3454545453125 0.7 0.1363636359375 0.78181818125 0.0863636359375 0.7863636359374999 0.1272727265625 0.9954545453125 0.359090909375 0.8727272734374999 0.35 0.85 0.3454545453125 0.7