0 0 0.44815900937500003 0.0817187828125 0.42846513750000004 0.0814347234375 0.357989465625 0.15416151250000001 0.33709985625 0.1834792171875 0.3313033859375 0.0507927625 0.3152180296875 0 0.3260788953125 0 0.44815900937500003
0 0.1823132859375 0.43027846875 0.1858120453125 0.335182578125 0.154256090625 0.33816626250000004 0.07743111875 0.35769592499999997 0.0827906171875 0.4293383265625 0.1823132859375 0.43027846875
0 0.369882840625 0.2467044734375 0.47589978593750004 0.2984456609375 0.477223403125 0.21246066406250003 0.3762502640625 0.13910525468749999 0.1939761390625 0.1805686171875 0.1937874625 0.2793504859375 0.369882840625 0.2467044734375
0 0.1962153484375 0.38521076249999997 0.3697572703125 0.3574100203125 0.39336911875 0.3657629296875 0.4780121453125 0.34468754218750003 0.47794887812500003 0.29912563593749997 0.3690001609375 0.24796409375 0.1914231625 0.2863285671875 0.1962153484375 0.38521076249999997
0 0.2073439671875 0.48826569218750004 0.3656280953125 0.467822025 0.38359703125 0.46860976406250004 0.3831867640625 0.3742867359375 0.391036290625 0.3618837375 0.3637991515625 0.357502909375 0.2046954515625 0.39112987499999996 0.2073439671875 0.48826569218750004
0 0.3818321578125 0.5720436875 0.3807598390625 0.47025581718750004 0.2046013546875 0.49097814843750004 0.20510620156249998 0.586367584375 0.36061624375 0.5794936500000001 0.3818321578125 0.5720436875
0 0.190258675 0.6880476843750001 0.34844838437500003 0.7001758406249999 0.3818011671875 0.6838156390625 0.3766622984375 0.6034487765625001 0.3824310984375 0.5675848484375 0.3504338890625 0.58801745625 0.1992426625 0.587526878125 0.190258675 0.6880476843750001
0 0.19129951875 0.8006928265625 0.3517274796875 0.8156337703125001 0.37864925 0.794034428125 0.3742039015625 0.7102751296875 0.37994123125 0.6852684765625 0.3471873921875 0.6971698375 0.1875160625 0.69076014375 0.19129951875 0.8006928265625
0 0.18720181875 0.9002475593750001 0.3542184703125 0.933417725 0.37467775937500003 0.9174365171875 0.373983753125 0.8199142687500001 0.37660015625 0.793354453125 0.34781845 0.8164066328124999 0.18622407968750002 0.799526096875 0.18720181875 0.9002475593750001
0 0.12065185 0.5086611015625 0.20204789843749998 0.49582342031250004 0.2040020921875 0.4281605359375 0.1097440203125 0.43051993906249997 0.0145717984375 0.44499623593750004 0.012018662500000001 0.5171179578125 0.12065185 0.5086611015625
0 0.0123024 0.520317178125 0.012082089062499999 0.596318090625 0.11923365625 0.5935796953125 0.1178146578125 0.51030715625 0.0123024 0.520317178125
0 0.116742821875 0.5094339640625 0.119738021875 0.58805445 0.2002199171875 0.5873336625000001 0.20274141874999999 0.49243098593749995 0.116742821875 0.5094339640625
0 0.013153925 0.5971912796875001 0.0150772875 0.6749385765625 0.12115701718750001 0.6713269890625 0.12355246875 0.5862151828125 0.013153925 0.5971912796875001
0 0.1265788171875 0.5867019421874999 0.124372525 0.673946559375 0.19107824843750001 0.674864384375 0.20138633125 0.58927325625 0.1265788171875 0.5867019421874999
0 0.1303940703125 0.7530538046874999 0.127020559375 0.6701676953125 0.009686637500000001 0.6814298984375 0.0082053390625 0.7544248125 0.11671247343749999 0.755758825 0.1303940703125 0.7530538046874999
0 0.127020559375 0.6701676953125 0.130583228125 0.755186615625 0.189660053125 0.7597829765624999 0.1900064125 0.6739911953125 0.127020559375 0.6701676953125
0 0.0112316875 0.754911571875 0.0133756796875 0.8239344046875001 0.1290704546875 0.8390388015625 0.12686335625 0.7580922890624999 0.0112316875 0.754911571875
0 0.12686335625 0.7580922890624999 0.131119546875 0.8397187765625 0.18912453906249999 0.8434419500000001 0.1884936390625 0.7578433828125 0.12686335625 0.7580922890624999
0 0 0.526943575 0.0099380984375 0.5272952578125001 0.0116400265625 0.4455758828125 0 0.44827006562499994 0 0.526943575
0 0 0.597488590625 0.0129647671875 0.59505846875 0.0099380984375 0.5272952578125001 0 0.5259629875 0 0.597488590625
0 0 0.6755817234375 0.014793551562500002 0.671739359375 0.0117037765625 0.5920524687500001 0 0.5949101156250001 0 0.6755817234375
0 0 0.7026275296875 0.004800675 0.7496724296874999 0.0111682609375 0.6757114390625001 0 0.675316221875 0 0.7026275296875
0 0.0109482734375 0.8189888062499999 0.012398098437500001 0.756851165625 0.004706096875 0.7486060250000001 0.0109482734375 0.8189888062499999
0 0.46306843124999997 0.108918975 0.38154633437499996 0.1315475265625 0.382586696875 0.14327799218749998 0.4800605953125 0.21081461093749998 0.48144780000000004 0.23766797187500002 0.5049650671875 0.24495447499999998 0.5040507546875 0.22343314374999998 0.5300583750000001 0.21395069531250002 0.525739078125 0.1204005296875 0.46306843124999997 0.108918975
0 0.5088424593750001 0.22140065781249998 0.5099778828125 0.3351122078125 0.56675335625 0.3249721015625 0.565933140625 0.2036025 0.5088424593750001 0.22140065781249998
0 0.48037596406249994 0.23679478125000003 0.4797775015625 0.342168296875 0.5099778828125 0.3351122078125 0.505564009375 0.2404956328125 0.48037596406249994 0.23679478125000003
0 0.7090537296874999 0.12430585937500001 0.56224458125 0.1620126734375 0.5649879984374999 0.327491346875 0.5830515109375 0.32934549375 0.624348559375 0.3352869265625 0.6247898203125 0.3178380015625 0.757129271875 0.285162234375 0.7519271375 0.1592334640625 0.7090537296874999 0.12430585937500001
0 0.7674686671875001 0.15507560781250002 0.7509498828125001 0.1594266796875 0.75722385 0.286228640625 0.7759808875 0.28469035625 0.7674686671875001 0.15507560781250002
0 0.7750036312499999 0.284883571875 0.8767329140625 0.26585554375 0.8718776203124999 0.15504967187500002 0.8905400796875 0.152444978125 0.8865674625000001 0.0403794828125 0.76475720625 0.079654340625 0.7750036312499999 0.284883571875
0 0.888236025 0 0.887734359375 0.1432337578125 0.9573376953125001 0.12031403437499999 0.9466671703125 0 0.888236025 0
0 0.8984222031250001 0.3646522890625 0.9772105124999999 0.34438721875 0.9575306359375 0.1224895015625 0.8729494546875 0.15592286093750002 0.8735174078125001 0.2632359734375 0.8984222031250001 0.3646522890625
0 0.580845378125 0.45022833906250004 0.621480378125 0.44870493125 0.62229946875 0.3346069515625 0.57933164375 0.33225116718750003 0.385645640625 0.3683750609375 0.38709627343749997 0.474428553125 0.580845378125 0.45022833906250004
0 0.58664645625 0.571698271875 0.6234039015625 0.5600904515625 0.6172876140625 0.44627857656250003 0.5868980781250001 0.45120185625 0.38602443750000004 0.4735553640625 0.381201740625 0.5873598 0.58664645625 0.571698271875
0 0.578356153125 0.7024648734375 0.632641115625 0.6754554921875 0.6253584140624999 0.5597040203125 0.56933956875 0.578375371875 0.37543277812500003 0.5895854984375 0.379310815625 0.7005845890625 0.578356153125 0.7024648734375
0 0.581288565625 0.8364381312500001 0.6330830140625 0.7925594734375 0.63008765625 0.6803007625 0.5756135390625 0.70517733125 0.3748974234375 0.7068826953125 0.378491725 0.8146825671875 0.581288565625 0.8364381312500001
0 0.5821397687500001 0.8460357828125 0.374771853125 0.8175882421875 0.3754343859375 0.9259677625 0.500034259375 0.9567166015625 0.615776771875 0.9337894765625 0.6423517000000001 0.897067240625 0.6458506203125001 0.835609575 0.6330831765625 0.8261977 0.6338396421875 0.8010907203125001 0.5821397687500001 0.8460357828125
0 0.8736757359375 0.4107789640625 0.8732026828125001 0.371808709375 0.8976341031249999 0.36697831718749996 0.8727293062499999 0.265562003125 0.62204720625 0.3205504609375 0.6238446796875 0.44172684999999995 0.8736757359375 0.4107789640625
0 0.6240338359375001 0.443859659375 0.6239713734375 0.5664888859375 0.8864752953125 0.5438864718749999 0.8717212218749999 0.411165396875 0.6240338359375001 0.443859659375
0 0.6238767937499999 0.5654224812499999 0.6334608484375 0.69591041875 0.8877054578125 0.692302653125 0.8864752953125 0.5438864718749999 0.6238767937499999 0.5654224812499999
0 0.631411753125 0.69523044375 0.6356051593750001 0.8322097015625 0.903184684375 0.844412246875 0.8919927968750001 0.6957954125 0.631411753125 0.69523044375
0 0.6450625203125 0.8379356046875 0.6529125296875 0.9264472828124999 0.9076928125 0.872818775 0.905139196875 0.844025815625 0.6450625203125 0.8379356046875
0 0.8739907828125 0.36948268125 0.892244415625 0.575298996875 0.977458084375 0.5697405468750001 0.983034453125 0.4100542390625 0.9770175734375 0.34221175000000004 0.8739907828125 0.36948268125
0 0.9046030390625001 0.7931318828125 0.9696027828125 0.7946869328124999 0.97743629375 0.5703645265625 0.8903844828125 0.5767518359375 0.9046030390625001 0.7931318828125
0 0.9079765500000001 0.8760179906250001 0.9672109234375 0.863180853125 0.9693169765625 0.8028713468750001 0.9133668765625 0.8022502140625001 0.9079765500000001 0.8760179906250001