0 0 0.34819463281249996 0.0871610125 0.5428351874999999 0.295174190625 0.5325015718749999 0.44762716874999997 0.4922065265625 0.3880813328125 0.296644725 0.23858842187499998 0.3065748546875 0 0.34727773906250003 0 0.34819463281249996
0 0 0.34564213593750004 0.2408163 0.302047990625 0.3884801859375 0.30232770625 0.33362373125 0.064770396875 0.1730256171875 0.061551587500000005 0 0.10355194062499999 0 0.34564213593750004
0 0.40191297812500004 0.3123705265625 0.4501541875 0.49194189843749997 0.549838928125 0.46146629843750003 0.504822725 0.29157551718749997 0.37311865 0.301073990625 0.40191297812500004 0.3123705265625
0 0.32321652031250003 0.0615666765625 0.3860528796875 0.30401308125000004 0.5050221515625 0.294417009375 0.46326515468749996 0.09842355 0.32321652031250003 0.0615666765625
0 0.547611046875 0.4659931640625 0.6322333921875 0.43852608593750003 0.6008494109375 0.281519615625 0.497241671875 0.2923694046875 0.547611046875 0.4659931640625
0 0.6008494109375 0.281519615625 0.5715935937500001 0.1185655328125 0.46306572968750004 0.0955820578125 0.5046233015625 0.28873402656249997 0.6008494109375 0.281519615625
0 0.664224284375 0.27774538125000003 0.6411193468749999 0.1298902421875 0.5766476296875 0.118036275 0.608629890625 0.28356722031250003 0.664224284375 0.27774538125000003
0 0.6370880031249999 0.4351553375 0.6917849828125 0.4165467875 0.666950728125 0.2803222421875 0.603575853125 0.284096478125 0.6370880031249999 0.4351553375
0 0.5075776125 0.4759102109375 0.5600751546875 0.6435863609375 0.691747909375 0.5611006062499999 0.6746941343749999 0.42692366562500006 0.5075776125 0.4759102109375
0 0.3219685046875 0.732924296875 0.3728080015625 0.7318939531249999 0.5547219812499999 0.6398533828125 0.5105034796875 0.481328565625 0.2748583328125 0.533197859375 0.3219685046875 0.732924296875
0 0 0.7134723953125001 0.0204185859375 0.897603003125 0.1598718203125 0.817164853125 0.324595234375 0.7340804140625 0.27991236875 0.5326686015625001 0.07452592031250001 0.5441583328124999 0 0.5783938546875 0 0.7134723953125001
0 0 0.5799538828124999 0.08453428125 0.5416790703125 0 0.369736940625 0 0.5799538828124999
0 0.9035645656250001 0.060902573437499996 0.633039728125 0.12358039999999999 0.663925146875 0.27348314375 0.9232108734375 0.2320188984375 0.9035645656250001 0.060902573437499996
0 0.663725721875 0.270641653125 0.6947108546874999 0.42196514062499996 0.9344784234375 0.3925631484375 0.9156298187499999 0.2328127859375 0.663725721875 0.270641653125
0 0.8333977062500001 0.403148309375 0.8567020671875 0.5538449390625 0.981019503125 0.54353031875 0.983454675 0.47379610625 0.9772383046875 0.3852229640625 0.8333977062500001 0.403148309375
0 0.6867935859375 0.5630506093750001 0.8568017812500001 0.555265684375 0.83369684375 0.4074105453125 0.6792496078125 0.41929067968749995 0.6867935859375 0.5630506093750001
0 0.7358011796875 0.681000665625 0.883564778125 0.682701128125 0.8592290874999999 0.553580309375 0.7172175140625 0.5612958078125 0.7358011796875 0.681000665625
0 0.881237184375 0.6858072484375 0.9761545843749999 0.6828433734375 0.980921475 0.5463374921875 0.8567020671875 0.5538449390625 0.881237184375 0.6858072484375
0 0.955013515625 0.902777834375 0.9684874328124999 0.9024018703125 0.9750176203124999 0.71540176875 0.9475692484374999 0.7604386484375001 0.955013515625 0.902777834375
0 0.6038948015625001 0.7964281953125 0.638637703125 0.9287527343749999 0.9123191515625001 0.9473220328125 0.9476318875 0.9064132125000001 0.9523241468749999 0.755647153125 0.975033825 0.7149377328125001 0.9761612375000001 0.6826528578125 0.7384279109375 0.68215678125 0.6038948015625001 0.7964281953125
0 0.587003378125 0.8096465640625 0.7384279109375 0.68215678125 0.7097361734375001 0.563510440625 0.55006679375 0.6460656218749999 0.587003378125 0.8096465640625
0 0.4441912265625 0.914766646875 0.587003378125 0.8096465640625 0.55522054375 0.646957109375 0.3775629 0.727102459375 0.4441912265625 0.914766646875
0 0.356204409375 1 0.44711709375 0.920185 0.3780614640625 0.7342061859375 0.3145868765625 0.736559675 0.1522907671875 0.8179587406250001 0.21656305781250001 0.8269712171875 0.27454250468749997 1 0.356204409375 1
0 0.2820049328125 1 0.20655469843750002 0.829450478125 0.154917496875 0.8191148578125 0.0177918546875 0.8964468890624999 0.025059571875 1 0.2820049328125 1
0 0.45522803281249996 0.999482121875 0.5690435546875 0.9889945625 0.6361106828125 0.9290173625 0.6041939390625 0.80069043125 0.4417639203125 0.9164520218750001 0.45522803281249996 0.999482121875