0 0.0817748234375 0 0.07390747656249999 0.075005390625 0.14972406875 0.062436134374999994 0.1533910546875 0 0.0817748234375 0
0 0.15539157812499999 0.06599113906250001 0.14988116406250002 0.060938409375 0.07390747656249999 0.075005390625 0.059925840625000004 0.208302909375 0.1490713515625 0.20303017968749998 0.15539157812499999 0.06599113906250001
0 0.1516209515625 0.35148588593749996 0.153059153125 0.203403215625 0.060240034374999994 0.205307459375 0.042536432812500004 0.3548934359375 0.129688040625 0.3494341875 0.1516209515625 0.35148588593749996
0 0.1516209515625 0.35148588593749996 0.04468743125 0.3535822296875 0.032709889062500004 0.46777320937500005 0.03519855 0.503362715625 0.1437297546875 0.5035021765625001 0.1516209515625 0.35148588593749996
0 0.1615177671875 0.5066785640625 0.13989905 0.501631415625 0.035191240624999995 0.5032581875 0.0462300453125 0.66112044375 0.15315527812500002 0.663188028125 0.1615177671875 0.5066785640625
0 0.1529981828125 0.664685753125 0.046256420312500005 0.6614976218749999 0.0579604234375 0.8288726625 0.140913728125 0.837483675 0.1529981828125 0.664685753125
0 0.127693546875 0.8483463656250001 0.14275053124999998 0.8391679171875 0.05800424375 0.8294993265624999 0.06425696875 0.9189174640625 0.1196815984375 0.9247303359375 0.127693546875 0.8483463656250001
0 0.1196815984375 0.9247303359375 0.2732119625 0.9390922265625001 0.27802159375 0.854846596875 0.13661173124999998 0.8401060875 0.128007740625 0.845350915625 0.1196815984375 0.9247303359375
0 0.37451431875 0.8563108359375 0.3723513046875 0.800148940625 0.2802209515625 0.8338784453124999 0.27121806249999997 0.9389057093750001 0.52618248125 0.9627561765625 0.5602383578125 0.9599762187499999 0.55873868125 0.865981871875 0.37451431875 0.8563108359375
0 0.9142694015625 0.835718084375 0.641576278125 0.8056719359375 0.604538025 0.8324556265625 0.6070635921875 0.86596513125 0.582665490625 0.8682200890624999 0.591412175 0.9574315234374999 0.9257527187499999 0.93013954375 0.9220999234375 0.8954349828125 0.9142694015625 0.835718084375
0 0.1386056328125 0.84029260625 0.27786449687500003 0.8563443203125001 0.2785412453125 0.830696478125 0.3764962046875 0.799024253125 0.378514434375 0.6646076265625 0.335385740625 0.672672546875 0.15315527812500002 0.663188028125 0.1386056328125 0.84029260625
0 0.3292108921875 0.5011914125 0.31079449375 0.5040059234375 0.159838059375 0.503496596875 0.1510042828125 0.6644992359375 0.3375367375 0.6713613390625001 0.380508334375 0.66479414375 0.3807137921875 0.6436394765625 0.40789127968749994 0.6340824125 0.41864626875 0.6275263765625 0.41815094531249997 0.51707335 0.3292108921875 0.5011914125
0 0.14962705 0.35129936875 0.144201046875 0.49900900156250005 0.15784415937500001 0.503310078125 0.31079449375 0.5040059234375 0.3331986953125 0.5015644484374999 0.420144846875 0.5172598671874999 0.423842784375 0.3860252078125 0.30981586562499996 0.3405729703125 0.14962705 0.35129936875
0 0.30965876875 0.3420706953125 0.42583668281250003 0.38621172656249997 0.426755234375 0.26227917343749996 0.30773755625 0.1876240890625 0.15321625 0.20190549062500002 0.1516209515625 0.35148588593749996 0.30965876875 0.3420706953125
0 0.30773755625 0.1876240890625 0.42308162656250003 0.2589106875 0.41739008593750004 0.1404094796875 0.3088615640625 0.04253686875 0.1555486734375 0.0644934140625 0.149228446875 0.2015324546875 0.30773755625 0.1876240890625
0 0.1550086765625 0 0.15371186875 0.0628091703125 0.3110125625 0.041225662499999996 0.41219386875 0.1323613 0.40970464531250006 0.021721753125 0.390552709375 0 0.1550086765625 0
0 0.4092084265625 0 0.40970464531250006 0.021721753125 0.44375805625 0.0233948359375 0.5142937265625 0.09956438749999999 0.515901040625 0.0074570953125 0.51010748125 0 0.4092084265625 0
0 0.44331079687499997 0.142834215625 0.517254240625 0.205710759375 0.516287628125 0.0997509046875 0.44176415625 0.02320831875 0.40802493906250004 0.0185397875 0.41539618593750005 0.1402229609375 0.44331079687499997 0.142834215625
0 0.4460658546875 0.270135253125 0.5199005609375 0.3148525796875 0.5174113375 0.204213034375 0.4417881875 0.138154521875 0.41539618593750005 0.1402229609375 0.42077353124999994 0.26171961875 0.4460658546875 0.270135253125
0 0.42476133281250006 0.2620926546875 0.4256795875 0.38770945156250003 0.5147283765624999 0.42175060468750003 0.516226953125 0.3114840953125 0.42476133281250006 0.2620926546875
0 0.42583668281250003 0.38621172656249997 0.420712859375 0.473452809375 0.5170484875 0.476414775 0.5150425703125 0.4187551546875 0.42583668281250003 0.38621172656249997
0 0.37252041875 0.8561243171875 0.6087433 0.8691471 0.6072813625 0.6527342171875 0.603027728125 0.6356996890625 0.41864626875 0.6275263765625 0.37856279375 0.644950684375 0.37252041875 0.8561243171875
0 0.6173719171875 0.47974977656249995 0.6075595093749999 0.4773194625 0.4187189578125 0.473266290625 0.41864626875 0.6275263765625 0.613311425 0.6336368296875 0.6173719171875 0.47974977656249995
0 0.6080184875 0.6649025359375 0.6108339203125001 0.8300197328125 0.6498660765625 0.8034225578124999 0.6471593796875 0.656464578125 0.6392321359375 0.636061565625 0.6010338265625 0.6355131703125 0.6080184875 0.6649025359375
0 0.6178432078125 0.4752566015625 0.619450225 0.6326986578125 0.8797570125 0.64646193125 0.8636126609374999 0.47404820625 0.6178432078125 0.4752566015625
0 0.6531894421875 0.637367190625 0.6596784828125 0.8058528734375001 0.8743913843750001 0.8319877218749999 0.8636487078125 0.6464675109375 0.6531894421875 0.637367190625
0 1 0.5686459187499999 0.9779657890625 0.573978096875 0.9018833624999999 0.569885859375 0.8964333281249999 0.602649290625 0.8981250515625 0.6633043609375 0.9260939953125 0.930111684375 0.989476628125 0.92493780625 1 0.8246105265624999 1 0.5686459187499999
0 0.546401596875 0.08139400937499999 0.5420148953124999 0.180803409375 0.6794853187500001 0.1755139375 0.67836160625 0.0710518078125 0.546401596875 0.08139400937499999
0 0.6786758015625 0.0680563578125 0.6794853187500001 0.1755139375 0.8379944265624999 0.1616055703125 0.8411727109375 0.054521028125 0.6786758015625 0.0680563578125
0 0.5420148953124999 0.180803409375 0.54728350625 0.2841408484375 0.680609028125 0.279976065625 0.6794853187500001 0.1755139375 0.5420148953124999 0.180803409375
0 0.54728350625 0.2841408484375 0.5482501203125001 0.390100703125 0.6872431515625 0.3894909234375 0.6827600265625 0.27866485937499996 0.54728350625 0.2841408484375
0 0.5502440203125001 0.390287221875 0.5497363843749999 0.47191043906249996 0.6884152218749999 0.474296109375 0.685092153125 0.39080213124999996 0.5502440203125001 0.390287221875
0 0.867757559375 0.47292351562499996 0.8582956921875 0.39036770781249996 0.6872431515625 0.3894909234375 0.6884152218749999 0.474296109375 0.8637697578125 0.47255048125 0.867757559375 0.47292351562499996
0 0.682602928125 0.2801625828125 0.687086053125 0.3909886484375 0.86228349375 0.39074074375 0.8443143531249999 0.2741158796875 0.682602928125 0.2801625828125
0 0.6794853187500001 0.1755139375 0.68045193125 0.2814737921875 0.8443143531249999 0.2741158796875 0.8379944265624999 0.1616055703125 0.6794853187500001 0.1755139375
0 1 0 0.8356395421875 0 0.8427073375 0.11667382343749999 1 0.10068889218749999 1 0
0 1 0.10217065 0.8425502390625 0.118171546875 0.8477221281249999 0.2608228734375 1 0.25080465625000004 1 0.10217065
0 1 0.2488305375 0.8517099296874999 0.261195909375 0.8616067453125 0.4163885859375 0.87970895 0.416569525 0.877654671875 0.3785668453125 0.9385713765625001 0.3736783125 0.964262596875 0.28231151250000003 1 0.27929214999999996 1 0.2488305375
0 0.8774975749999999 0.38006457031249996 0.89007705625 0.567269028125 0.9580267812500001 0.5721129171875 0.934740671875 0.3718075515625 0.8774975749999999 0.38006457031249996
0 1 0.27929214999999996 0.964262596875 0.28231151250000003 0.936420378125 0.3749895203125 0.9581838781249999 0.570615190625 0.98793529375 0.5749106875 1 0.5714145421875 1 0.27929214999999996