0 0.5135163703125001 0 0.51768055625 0.0446200390625 0.5296385203125 0.043573532812499996 0.5834493593750001 0.0388642546875 0.6280394421875 0.0430014796875 0.6292798046875 0.0562921703125 0.64721675 0.0547224109375 0.659679275 0.0375526578125 0.7832449046875001 0.026738757812500003 0.8156373718750001 0.007824825 0.8152018859375 0 0.5135163703125001 0
0 0.292619371875 0 0.268581559375 0.0021036796875 0.2807539234375 0.0894734140625 0.320613803125 0.08598505937499999 0.3517490734375 0.09665948437500001 0.3574884015625 0.0720385671875 0.388632090625 0.061273468750000004 0.4496706890625 0.0478921046875 0.49351655625 0.0440549125 0.517432484375 0.0419619 0.5135163703125001 0 0.292619371875 0
0 0.659679275 0.0375526578125 0.64721675 0.0547224109375 0.6394928453125 0.058078221875 0.648646253125 0.220747921875 0.6633414281250001 0.22750141250000003 0.8748468656249999 0.21167127031250002 0.904741775 0.2090550046875 0.9348847578124999 0.209096878125 0.9478434281249999 0.1972433984375 0.951152546875 0.0174039453125 0.9466704140625 0.012436503125 0.659679275 0.0375526578125
0 0.587435346875 0.03851541875 0.5515614546875 0.0416549390625 0.5156875624999999 0.0447944578125 0.4994955390625 0.043531659375 0.4576426640625 0.0471944328125 0.388632090625 0.061273468750000004 0.3574884015625 0.0720385671875 0.3554869890625 0.09365251249999999 0.37410922343749997 0.2501338453125 0.386315259375 0.25174547812500003 0.408486265625 0.25248502031250003 0.492192015625 0.245159475 0.5101289609374999 0.24358971562499998 0.5602018828124999 0.2418874109375 0.6157576437500001 0.2343455765625 0.641170421875 0.22676186875 0.6280394421875 0.0430014796875 0.587435346875 0.03851541875
0 0.278760928125 0.0896478328125 0.066254784375 0.1162849453125 0.100812553125 0.2928104625 0.1324523859375 0.287361640625 0.22413010937500003 0.279338425 0.287657846875 0.27109891875000003 0.33374478125 0.26974544843750003 0.3633916203125 0.26447104375 0.3721162296875 0.2503082625 0.3542382109375 0.1018013453125 0.318620809375 0.0861594765625 0.278760928125 0.0896478328125
0 0.904741775 0.2090550046875 0.8748468656249999 0.21167127031250002 0.6633414281250001 0.22750141250000003 0.6464051875 0.2182642 0.641170421875 0.22676186875 0.63493495 0.24606651093749998 0.6441051953125 0.3658571578125 0.6572951 0.39954086875 0.7893288484375 0.393345575 0.8451326828125 0.3884618796875 0.9251005140625 0.3841433078125 0.9303605359375 0.31132706250000003 0.9333879093749999 0.21458757187500002 0.904741775 0.2090550046875
0 0.8391537 0.38898513281249997 0.7875839265625 0.39617813125 0.6572951 0.39954086875 0.6460813515625 0.40856179062500003 0.64283958125 0.416885040625 0.6534982578124999 0.5526245203125 0.6637113 0.5544105703125 0.727983253125 0.5541454796874999 0.8263841749999999 0.5535734265625 0.880443084375 0.5515222859375 0.9105860671875 0.551564159375 0.9245370265625 0.5503432359375 0.92833386875 0.39725958281249996 0.9253485859374999 0.386801446875 0.8391537 0.38898513281249997
0 0.8607612171874999 0.5559246015625 0.735955228125 0.5534478078125 0.6637113 0.5544105703125 0.6547386171875 0.5659152140625 0.6432767968750001 0.572277996875 0.651959315625 0.6653128421875001 0.66539729375 0.7016546921875 0.7877141453125 0.6989896265625 0.8798880140625001 0.6962826875 0.9137689124999999 0.6933175859375 0.9123225703125 0.5701711265625 0.9148201281249999 0.5538734609375 0.8607612171874999 0.5559246015625
0 0.7979271875 0.700775675 0.66539729375 0.7016546921875 0.651959315625 0.6653128421875001 0.6544316171875 0.7133337531249999 0.6636018625 0.8331244 0.7116817906249999 0.8315965140625 0.7151716343750001 0.8259314015625 0.7181569156250001 0.8363895375 0.746058834375 0.8339476890625 0.846700821875 0.83585935625 0.9030007984375 0.8362919359375001 0.9052923734375 0.7101385046875001 0.9082860734375 0.699157115625 0.7979271875 0.700775675
0 0.605792675 0.23521766562500002 0.54824391875 0.24293391718750001 0.5021569859375 0.2442873875 0.44037417031250004 0.24969433749999997 0.3945353078125 0.25370594375 0.378343284375 0.2524431484375 0.3696186734375 0.26660592968749997 0.374348878125 0.27423150937499996 0.391234609375 0.41210587500000007 0.39247496875 0.425396565625 0.44429281249999997 0.4208617046875 0.4477826578125 0.4151965921875 0.45575463281250006 0.41449892187500004 0.4562507765625 0.41981519843750004 0.58230554375 0.4141431578125 0.5877883828125 0.408303628125 0.5917743703125 0.40795479375 0.5940154359375 0.41043851406250004 0.6460813515625 0.40856179062500003 0.634686878125 0.24340837187500003 0.6297086015625 0.2331246515625 0.605792675 0.23521766562500002
0 0.3058428640625 0.2721872984375 0.2340950796875 0.278466334375 0.1344453796875 0.2871872234375 0.100812553125 0.2928104625 0.1341299625 0.4560452875 0.25196468125 0.4484127796875 0.37129625 0.435289578125 0.3892416140625 0.41228029218750006 0.37608538125 0.2928384796875 0.3696186734375 0.26660592968749997 0.3636396921875 0.26712918281250003 0.3058428640625 0.2721872984375
0 0.5703475796874999 0.4151896640625 0.4564988484375 0.42247333749999993 0.39247496875 0.425396565625 0.39942940312499997 0.47838491875000005 0.4108575484375 0.5577802359375 0.415083190625 0.5815290640625 0.5246978609374999 0.5719360890625 0.6544905453125 0.5632570734375 0.6423434359375 0.4115687640625 0.5962565015625 0.41292223437500003 0.5703475796874999 0.4151896640625
0 0.5326698390625 0.5712384171875 0.41707618437500005 0.5813546453125 0.4098568421875 0.5685872078124999 0.40138030625 0.585408128125 0.41677760468749997 0.7073336625 0.4200109578125 0.7204499359375001 0.48602783125000004 0.7173522890624999 0.5742157140625 0.7149941859375 0.6541835453125 0.710675615625 0.651959315625 0.6653128421875001 0.64253258125 0.56430358125 0.5326698390625 0.5712384171875
0 0.60610361875 0.7122035015625 0.49200681562500004 0.7168290359375 0.4200109578125 0.7204499359375001 0.4359044015625 0.847691746875 0.54427029375 0.8462476046875 0.5527384140625 0.8508662093750001 0.640678221875 0.84584996875 0.6645941515625 0.8437569546875 0.6521905515624999 0.7108500328125 0.60610361875 0.7122035015625
0 0.37129625 0.435289578125 0.25993665625 0.447715109375 0.134378034375 0.4587034265625 0.1674557890625 0.5978405875 0.2132946515625 0.5938289796875 0.22077048281249997 0.58781503125 0.225252615625 0.592782471875 0.23920357343749998 0.5915615484375001 0.3074615140625 0.590947621875 0.3533003765625 0.5869360140625 0.3911672640625 0.583622078125 0.4088645546875 0.5579546546875 0.3907300453125 0.4282291234375 0.3894896859375 0.41493842968749994 0.37129625 0.435289578125
0 0.3914153359375 0.5862802171875 0.37123732187499997 0.5853662546875 0.317426484375 0.5900755328125 0.2431895625 0.5912127125 0.2113016578125 0.594003396875 0.1657108671875 0.60067314375 0.19206542499999998 0.7323591421875 0.244131340625 0.7304824203125 0.30840329375 0.7302173296875 0.406308071875 0.7243289984375 0.4147846109375 0.7075080796875 0.40138030625 0.585408128125 0.40412593281250003 0.5717686 0.3914153359375 0.5862802171875
0 0.4085491375 0.7268127171875001 0.35050424062499996 0.7292126953125 0.27626731718749997 0.7303498734375 0.196299484375 0.7346684453125001 0.21991683125 0.8585544468749999 0.43640054531250005 0.8530080234374999 0.4182660359375 0.7232824921875001 0.41503268281250005 0.7101662171875 0.4085491375 0.7268127171875001
0 0.0092190109375 0.0864384234375 0.003498503125 0.0858593984375 0.0075275656250000005 0.1847397109375 0.036086546875 0.1805616484375 0.0092190109375 0.0864384234375
0 0.044546249999999996 0.2066197796875 0.057967390625000004 0.28584068125 0.10006833749999999 0.2848360484375 0.0809247046875 0.1873570125 0.036334620312499996 0.1832197875 0.0075682140625 0.18573729218749999 0.0079309046875 0.1946383578125 0.021879100000000002 0.200563959375 0.044546249999999996 0.2066197796875
0 0.0592077515625 0.29913137343749996 0.044546249999999996 0.2066197796875 0.021879100000000002 0.200563959375 0.0079309046875 0.1946383578125 0.0127909734375 0.313912953125 0.058207045312500004 0.30993834531250003 0.0592077515625 0.29913137343749996
0 0.0592077515625 0.29913137343749996 0.058207045312500004 0.30993834531250003 0.06564920468749999 0.38968249843749997 0.11896389843749999 0.3796569421875 0.098323415625 0.28766860312500003 0.0582154625 0.28849881875 0.0592077515625 0.29913137343749996
0 0.0584551171875 0.312596484375 0.012899779687499998 0.3165832796875 0.0173341375 0.42541019062499996 0.0678818515625 0.4136057453125 0.0584551171875 0.312596484375
0 0.06812992343749999 0.416263884375 0.078565784375 0.4850266484375 0.0847928375 0.48716153437500004 0.13512225 0.46667784218749997 0.134378034375 0.4587034265625 0.11896389843749999 0.3796569421875 0.06564920468749999 0.38968249843749997 0.06812992343749999 0.416263884375
0 0.08229528281250001 0.5034592 0.06812992343749999 0.416263884375 0.017443765625 0.42810065937499997 0.020906935937500003 0.513092959375 0.0229931875 0.535447534375 0.08229528281250001 0.5034592
0 0.0907549828125 0.5295173296875 0.0997024109375 0.5823312640625 0.154770446875 0.5480336265625 0.135370321875 0.46933597968749996 0.083047915625 0.4899940890625 0.0907549828125 0.5295173296875
0 0.032916065625000004 0.6417730734375 0.100942771875 0.5956219578125 0.084536346875 0.50594291875 0.023241259375 0.538105671875 0.032916065625000004 0.6417730734375
0 0.1051768296875 0.5979312609375 0.118101828125 0.6718358828125 0.1273225828125 0.662989378125 0.167943515625 0.624596390625 0.1657108671875 0.60067314375 0.15501851875 0.550691765625 0.09995048281249999 0.5849894015625 0.1051768296875 0.5979312609375
0 0.0331641375 0.6444312125 0.0440793046875 0.761389303125 0.11909411562500001 0.6824684375000001 0.1205909671875 0.67697774375 0.10119084375000001 0.5982800968750001 0.0331641375 0.6444312125