0 0.6546153390625 0.24216435781249998 0.6771713578125 0.2787944703125 0.8625569609375001 0.2277930859375 0.8627539296875 0.2195202921875 0.8439244203125 0.190373996875 0.6546153390625 0.24216435781249998
0 0.6797213515625 0.281026084375 0.67560090625 0.29008785625 0.6871717203125 0.3234382046875 0.6989421499999999 0.321071275 0.9011981734375001 0.2721661890625 0.897668634375 0.256409578125 0.8870773671875 0.236584225 0.8645187 0.2273985984375 0.6797213515625 0.281026084375
0 0.6871717203125 0.3234382046875 0.6946247359375 0.3384058421875 0.69874253125 0.3567885546875 0.7110985703125 0.3844922109375 0.7244368015625 0.3982763828125 0.7320867875 0.404971225 0.9574923859375 0.3404333828125 0.9431746078125001 0.3131242125 0.9274833499999999 0.288835634375 0.9031599109374999 0.2717717 0.6871717203125 0.3234382046875
0 1 0.3622864625 0.9827980140625 0.3435778296875 0.9569041296874999 0.3378072796875 0.73267504375 0.40759732499999995 0.7516988718750001 0.4559153109375 0.756402278125 0.5043686140625 0.7687609640625 0.504627784375 0.774646178125 0.5034443203125 0.827024859375 0.4901670359375 0.9207970156249999 0.460332703125 0.9380587234375 0.47332789531249997 1 0.454977315625 1 0.3622864625
0 0.4766801015625 0.3355778625 0.670892203125 0.2965235234375 0.67560090625 0.29008785625 0.6771713578125 0.2787944703125 0.65206534375 0.23993274375 0.4629532296875 0.2834503109375 0.4766801015625 0.3355778625
0 0.4753066203125 0.33859845312500003 0.48628387812499996 0.4242116703125 0.69442511875 0.37412311875 0.69795730625 0.362435246875 0.6946247359375 0.3384058421875 0.6714804609375 0.2991496265625 0.4753066203125 0.33859845312500003
0 0.48628387812499996 0.4242116703125 0.505696346875 0.5108730375 0.5090289171875 0.5349024453125 0.524720175 0.5591910234374999 0.7550287953125 0.5073892015625 0.750522359375 0.4506631078125 0.73385155625 0.4128495296875 0.7250250578124999 0.4009024859375 0.7022720703124999 0.3725451671875 0.48628387812499996 0.4242116703125
0 1 0.45466961406250006 0.9366852421875 0.47634848593749995 1 0.5620477359375 1 0.45466961406250006
0 1 0.56062464375 0.9272704875000001 0.4617753390625 0.825651378125 0.493187625 0.9068519828125 0.6360338234375 0.908805775 0.71797279375 1 0.7017501515625 1 0.56062464375
0 0.7869889703124999 0.6683704046875001 0.7956132046875 0.7434792140625001 0.9080205484375 0.723619484375 0.9068519828125 0.6360338234375 0.8231013828125 0.4909560125 0.7242292375 0.5163271171875 0.7869889703124999 0.6683704046875001
0 0.6641846765625 0.687576471875 0.68045889375 0.769380125 0.7975749421875 0.743084725 0.7875772265625 0.6709965062500001 0.726190975 0.5159326281250001 0.622218840625 0.53684050625 0.6641846765625 0.687576471875
0 0.5443216640624999 0.7199130515625 0.5686398046875001 0.79186595625 0.68104715 0.7720062265625 0.66163468125 0.6853448578125 0.624180578125 0.5364460203125 0.518246703125 0.5577483859375 0.5443216640624999 0.7199130515625
0 0.6908478953125 0.8523672390625 0.6751619359375 0.7731896921875 0.5680515484375 0.7892398546875 0.5894257546875 0.87550673125 0.6908478953125 0.8523672390625
0 0.67849715625 0.7697746125 0.692221378125 0.8493466484375001 0.7989404765625 0.8223975890625 0.7962014609375 0.746105315625 0.67849715625 0.7697746125
0 0.7956132046875 0.7434792140625001 0.799528734375 0.8250236921875 0.9068360890625 0.8007007343750001 0.9027235921875001 0.7274290515625 0.7956132046875 0.7434792140625001
0 1 0.7039485359375 0.9127292515625 0.717183815625 0.9133095593749999 0.8021433734375 1 0.7867909109375 1 0.7039485359375
0 0.2267514484375 0.41876905156250005 0.264996075 0.5071322281249999 0.4823577515625 0.4524451328125 0.4629452828125 0.365783765625 0.44059418125 0.23854740468750002 0.24304685625000003 0.281016821875 0.2267514484375 0.41876905156250005
0 0.084316525 0.579142428125 0.093539609375 0.5470993984375 0.26362259374999997 0.5101528171874999 0.2267514484375 0.41876905156250005 0.23578816093750002 0.2852208765625 0.0394173515625 0.3329424984375 0.029040685937499998 0.3557630828125 0.041507884375 0.5084925671875 0.06018740625 0.5812501859375 0.084316525 0.579142428125
0 0.5460864359375 0.7277913578125 0.5356947843750001 0.6722487265625 0.5121671703125 0.5397601609375 0.506284603125 0.513499140625 0.4921664453125 0.4504726921875 0.2630343375 0.507526715625 0.093539609375 0.5470993984375 0.06665558125 0.6375817921875 0.1343050921875 0.9395835265624999 0.1425433328125 0.9489044703125 0.5772666859375 0.8395302796875 0.5666780671875 0.7922604453125001 0.5460864359375 0.7277913578125