0 0.9798779140624999 0.0904769953125 0.9828443874999999 0.005718021875 0.9108005 0.0052988828125 0.90800831875 0.085077925 0.9798779140624999 0.0904769953125
0 0.8400411468750001 0.08255979375 0.8920314703125 0.08404464687499999 0.9100644328125 0.08352111250000001 0.9087950828125001 0.062598303125 0.9139824531249999 0.00531739375 0.8284887015625 0.00482000625 0.8240118484375 0.08302515625 0.8400411468750001 0.08255979375
0 0.8239069453125 0.086022440625 0.8265924703125 0.0664819328125 0.8287505171875 0.0048215296875 0.7344978671875 0.0042731828125 0.7299446125 0.08276188437500001 0.8239069453125 0.086022440625
0 0.6254289296875 0.0378883890625 0.7054180750000001 0.0400574984375 0.7052607234375 0.044553421875 0.7039494515625 0.082019459375 0.7299970625000001 0.08126324375 0.7315705890624999 0.0363039984375 0.732692 0.004262678125000001 0.6246261703125 0.00363396875 0.623687521875 0.030453351562499998 0.6254289296875 0.0378883890625
0 0.49919819218750006 0.0415531265625 0.5214482828125 0.0349186859375 0.5374775828125 0.034453321875 0.6254813796875001 0.0363897484375 0.63011240625 0.0036658875000000002 0.498521228125 0.0029003109375 0.4959251796875 0.020688487499999998 0.49919819218750006 0.0415531265625
0 0.363526103125 0.029023659375 0.391524928125 0.0297079140625 0.39331878593749997 0.0356443109375 0.3922697703125 0.0656171390625 0.42823079374999995 0.0675673546875 0.4463686578125 0.06404653906249999 0.49503351562500003 0.0461653921875 0.495400671875 0.0356749015625 0.4985339921875 0.0029003859375 0.49127248906250004 0.0028581390625 0.3623092046875 0.006602207812499999 0.363526103125 0.029023659375
0 0.3643128671875 0.0065440359375000005 0.18999423124999998 0.0116048625 0.1876758640625 0.0206548828125 0.2416173984375 0.023580204687500002 0.363526103125 0.029023659375 0.3643128671875 0.0065440359375000005
0 0.1355281890625 0.023665954687499997 0.14312323124999998 0.035422406249999996 0.143280584375 0.03092648125 0.149658728125 0.0202614796875 0.18973197656250002 0.0190980703125 0.18999423124999998 0.0116048625 0.1479173203125 0.0128264421875 0.1098477328125 0.01393168125 0.0597561703125 0.015385940625 0.05759515625 0.0199400359375 0.0635536921875 0.0212641671875 0.133629428125 0.0207268421875 0.1355281890625 0.023665954687499997
0 0.973363478125 0.21941833437499997 0.9754720421874999 0.21636287968749998 0.9799828156249999 0.0874797140625 0.90600465625 0.08513609531250001 0.895220640625 0.22168698125000003 0.9153097171875 0.219606634375 0.973363478125 0.21941833437499997
0 0.9000147281249999 0.19909101875 0.9013260000000001 0.1616249796875 0.9079034171875 0.0880752078125 0.8559655453125 0.085091715625 0.8178959593749999 0.0861969515625 0.8111192687500001 0.222631496875 0.8992804171875 0.2200719984375 0.9000147281249999 0.19909101875
0 0.8097974671875001 0.20320732968750002 0.8135320078125 0.153693990625 0.8178959593749999 0.0861969515625 0.7219299625 0.0829945671875 0.7152476437499999 0.159541621875 0.71494346875 0.225423678125 0.8111192687500001 0.222631496875 0.8097974671875001 0.20320732968750002
0 0.7153630765625001 0.2134345453125 0.7148280375 0.1715307546875 0.7218775125 0.0844932078125 0.6997323234375 0.088130365625 0.698525953125 0.12259911875 0.693375240625 0.2125757796875 0.68715445 0.21874485781250003 0.69079461875 0.22911900468750002 0.7148385687500001 0.228420959375 0.7153630765625001 0.2134345453125
0 0.6939522 0.196090721875 0.7029528859374999 0.11049364531250001 0.7034144125 0.040115667187499995 0.517493409375 0.033536384375 0.5053140828125 0.0383813328125 0.4463686578125 0.06404653906249999 0.450564925 0.2301048890625 0.4929565421875 0.2198914625 0.52116516875 0.21458115156250002 0.6913191265624999 0.214132590625 0.6939522 0.196090721875
0 0.4488654375 0.16428100625 0.4480576140625 0.072980215625 0.44225643124999997 0.0671601625 0.3922697703125 0.0656171390625 0.3953015890625 0.20775539687500003 0.4005258140625 0.23006050781249998 0.45066982656250004 0.2271076078125 0.4488654375 0.16428100625
0 0.3976724078125 0.1972067375 0.39713736875 0.155302946875 0.393528590625 0.029649745312499996 0.155669715625 0.0200869671875 0.14148672499999998 0.0249900859375 0.1643558953125 0.22943141250000001 0.1722131921875 0.2336946546875 0.3966233890625 0.22717956718750001 0.3976724078125 0.1972067375
0 0 0.23570011875 0.1622997828125 0.23098822343749997 0.151893253125 0.1279891546875 0.13958796406250001 0.022050971875 0.051636618749999995 0.0186159046875 0 0.020115021875 0 0.23570011875
0 0.957932196875 0.317179053125 0.956977553125 0.28726439375 0.9612366015625 0.2227646390625 0.895168190625 0.223185621875 0.8891047515625001 0.224858775 0.8790550500000001 0.3404286796875 0.9573552390625 0.333664109375 0.957932196875 0.317179053125
0 0.8797369109375 0.3209463421875 0.883209196875 0.278926209375 0.887101090625 0.2249169453125 0.8411742062500001 0.2217589421875 0.8029997156249999 0.22586146093749998 0.7966950859375 0.34880823437499997 0.8790550500000001 0.3404286796875 0.8797369109375 0.3209463421875
0 0.7972195937500001 0.33382181875 0.7985308640625 0.29635578125 0.8050558296875 0.22430465000000002 0.7148385687500001 0.228420959375 0.71027534375 0.35880276875 0.798646296875 0.35024870468749997 0.7972195937500001 0.33382181875
0 0.7111145578125 0.33482450625000004 0.7133699453125 0.270382921875 0.71288735625 0.2269804890625 0.69079461875 0.22911900468750002 0.6864201375000001 0.2397258359375 0.68422773125 0.359558984375 0.7121741046875 0.36174188281249997 0.7111145578125 0.33482450625000004
0 0.6854865515624999 0.3235915875 0.6892210921874999 0.27407824999999997 0.6914240296874999 0.21113530625000002 0.5872860296875 0.21266152656249998 0.52111271875 0.21607979375 0.45256858749999995 0.2300467203125 0.4532295875 0.3827336390625 0.5231479718750001 0.386692240625 0.5693371093749999 0.3823570375 0.684070378125 0.36405490937499996 0.6854865515624999 0.3235915875
0 0.453806546875 0.3662485828125 0.45341833125 0.2629586609375 0.4485612609375 0.230163059375 0.414499 0.23115195625 0.3983648 0.2346146046875 0.40508923750000003 0.38562837031249997 0.4090441125 0.387010671875 0.45122592499999997 0.38279181093750003 0.453806546875 0.3662485828125
0 0.4039772390625 0.3602096359375 0.4025924578125 0.285393903125 0.3985746015625 0.22862003749999998 0.390612403125 0.227354078125 0.17622051875 0.2335783140625 0.1719509390625 0.2411878609375 0.1938654625 0.415714528125 0.4047745328125 0.39462021875 0.4039772390625 0.3602096359375
0 0 0.427823040625 0.033520015624999996 0.421866803125 0.0917835796875 0.4156839375 0.11577507812500001 0.416484534375 0.131594575 0.4220137359375 0.195816675 0.4171549984375 0.18890349374999998 0.3859162109375 0.185892734375 0.3575583625 0.17274823125 0.27559844375 0.1701570796875 0.23525146718749998 0 0.23759539687500003 0 0.427823040625
0 0.9491832359375 0.338392715625 0.9449347171875001 0.45978267500000003 0.9653384984375 0.44871048125 0.9674995125000001 0.4441563859375 0.9697549000000001 0.379714803125 0.9719578343749999 0.3167718609375 0.9679505109375001 0.31688820156249997 0.9577748453125 0.321674978125 0.9515540546875 0.3278440546875 0.9491832359375 0.338392715625
0 0.9479349453125 0.4312503171875 0.9487636296874999 0.350381846875 0.9452283625 0.337010415625 0.9111136484375001 0.33949795312500003 0.8649245109375 0.34383315625 0.85870371875 0.3500022328125 0.850395425 0.47300717499999995 0.8644735125 0.47110134062500003 0.94498716875 0.458284034375 0.9479349453125 0.4312503171875
0 0.8533432015625 0.44597345937500005 0.8589135234375 0.3440076671875 0.8429366734375 0.3429743890625 0.806660946875 0.350016021875 0.76848645625 0.35411854374999996 0.76036690625 0.3573485078125 0.7516390046875 0.4923425828125 0.8523466359375 0.47444764531250005 0.8533432015625 0.44597345937500005
0 0.7564855421875001 0.46824797812499996 0.7564225609374999 0.41285641406250007 0.7583632421875001 0.3574066796875 0.73236808125 0.356664253125 0.678006940625 0.3657280609375 0.6557568500000001 0.372362503125 0.6568899078125 0.5115616484375 0.7496353421874999 0.492400753125 0.7564855421875001 0.46824797812499996
0 0.6579913765625001 0.48009017812500004 0.659554371875 0.37824072656249996 0.6517495249999999 0.37247884375 0.643734875 0.37271152500000004 0.5793554234375 0.38206618593749997 0.5411284828125 0.3876673484375 0.544212753125 0.5283069640625 0.652882584375 0.5116779890625 0.6579913765625001 0.48009017812500004
0 0.5447897109375 0.5118219093749999 0.5446742796875 0.4579289859375 0.53712115625 0.3877836890625 0.525204084375 0.385135428125 0.47521742343750006 0.38359240625 0.45528570156250003 0.3811768265625 0.435144175 0.3847558140625 0.4090441125 0.387010671875 0.41247447812500004 0.40337938749999996 0.42135993125000004 0.549839059375 0.5422090890625 0.5283651359375 0.5447897109375 0.5118219093749999
0 0.41697491875 0.503555684375 0.4104183640625 0.40493619843750006 0.40872940625 0.3960025203125 0.3324328796875 0.40270892031249994 0.276172978125 0.40883361718750005 0.273382553125 0.4313714109375 0.2931569234375 0.4382829140625 0.31063398750000004 0.568024846875 0.42135993125000004 0.549839059375 0.41697491875 0.503555684375
0 0.223658146875 0.4223351796875 0.26552525625 0.4271081671875 0.2734874546875 0.4283741265625 0.272218103125 0.4074513171875 0.19782033906250002 0.41709682968750006 0.223658146875 0.4223351796875
0 0 0.7535754125 0.14525325625000002 0.7180467046875 0.3227294734375 0.6799575953125 0.3248904875 0.6754035 0.3010247515625 0.4994363625 0.291048359375 0.44133836562499995 0.271593284375 0.4305030484375 0.195853640625 0.4158512390625 0.154927540625 0.42157613125 0.1375531109375 0.4233378671875 0.09974577968750001 0.4169498984375 0 0.42896909531249994 0 0.7535754125
0 0.9453229343749999 0.563072596875 0.9423121734375 0.5347147484375 0.945364853125 0.50468375 0.946099165625 0.4837027671875 0.9469383796875 0.4597245046875 0.8564588625 0.47133402343749997 0.8540985750000001 0.5387728890625 0.8502066812500001 0.5927821515625 0.8720896171874999 0.596638203125 0.9386825359375001 0.58123080625 0.9453229343749999 0.563072596875
0 0.9631250328125001 0.45476321718749996 0.9449347171875001 0.45978267500000003 0.942836684375 0.519728334375 0.9428472125 0.576618540625 0.9604863640625 0.57088914375 0.9656468828125 0.4970902875 0.96702745625 0.457644159375 0.9631250328125001 0.45476321718749996
0 0.8548958687500001 0.573183471875 0.8558399828125 0.5462079265625001 0.8573086062499999 0.504245965625 0.8543502984375 0.47438947656249997 0.8041013843749999 0.48033966093749997 0.7575975406250001 0.49366671249999994 0.7574087984375 0.6134416890625001 0.8480456656250001 0.5973362484375 0.8548958687500001 0.573183471875
0 0.7580382078125 0.5954579921875001 0.7603460453124999 0.5295177671875 0.755593878125 0.493724884375 0.7092998374999999 0.50105736875 0.6588935703125001 0.5115034781250001 0.6584425734375 0.6387716625000001 0.7574612484375 0.6119430484375 0.7580382078125 0.5954579921875001
0 0.6548862468750001 0.5116198171875 0.5441602999999999 0.5298056078125 0.5494580359375 0.6643924875 0.6604462359375 0.63871349375 0.6548862468750001 0.5116198171875
0 0.546216415625 0.52824879375 0.42536725625000005 0.5497227171875 0.4325637515625 0.6872487109375001 0.5474543749999999 0.6644506578125 0.546216415625 0.52824879375
0 0.42336359375 0.5497808875 0.31063398750000004 0.568024846875 0.3266318953125 0.6828385359375 0.3005318328125 0.6850933921875 0.30734011250000004 0.719329465625 0.43245885156249997 0.6902459953125 0.42336359375 0.5497808875
0 0.302587946875 0.68353658125 0.2662597671875 0.69207685625 0.27507170937500003 0.726254759375 0.3053364515625 0.7193876359375 0.302587946875 0.68353658125
0 0.2740226921875 0.7562275875 0.267791371875 0.705506459375 0.260143878125 0.69524865 0.2498633109375 0.7030327093750001 0.2588431375 0.78960489375 0.2789846640625 0.78602590625 0.2740226921875 0.7562275875
0 0 0.7544198390625 0.0358912328125 0.983217484375 0.076121834375 0.9775581499999999 0.274526340625 0.91341043125 0.24812190312500002 0.6955976734375 0 0.7536802484375 0 0.7544198390625
0 0 1 0.0073474203125 1 0.037580190624999996 0.9921511609375001 0.0094973265625 0.8222949312500001 0 0.7757612671875 0 1
0 0.27607880625000003 0.754670775 0.2792469171875 0.7785326984375 0.2790371140625 0.784527265625 0.2608468 0.7895467234375 0.260322290625 0.8045331375 0.265546515625 0.8268382484375 0.2927585765625 0.8500021265625 0.34259841406249997 0.9129312796875 0.350413790625 0.97558336875 0.42934338906249997 0.9508351015625 0.41312514843750003 0.7851257703125001 0.3114523390625 0.716215840625 0.269008271875 0.7279279109375 0.27607880625000003 0.754670775
0 0.35478678124999996 1 0.3447594296875 0.908377184375 0.2695013890625 0.8282205484375 0.276530003125 0.9133522624999999 0.0013976000000000001 1 0.35478678124999996 1
0 0.8666766499999999 0.6941080703125 0.8886120343749999 0.696465478125 0.9528824625000001 0.6796300125 0.960387471875 0.5723033828124999 0.876096940625 0.5965218625 0.8666766499999999 0.6941080703125
0 0.8721420671875 0.5951395609375 0.7491843453125 0.6196689375 0.7451980796875 0.733565690625 0.870579071875 0.6969890109375 0.8721420671875 0.5951395609375
0 0.7472331328124999 0.6182284671875 0.5998643046875001 0.653946378125 0.597619446875 0.7752781671875 0.6033157296875 0.78409550625 0.74525053125 0.7320670484375 0.7472331328124999 0.6182284671875
0 0.5998118531250001 0.6554450187499999 0.4223880875 0.6920354875 0.43353945781250003 0.83094378125 0.59730474375 0.7842700171875 0.5998118531250001 0.6554450187499999
0 0.4291019953125 0.7861590484375001 0.4244442015625 0.6904786765625001 0.317358425 0.7190386140625 0.31524986250000003 0.7220940671875 0.41876897968750004 0.79544175 0.41961872187499993 0.8283536921874999 0.43570047343749996 0.8263896875000001 0.4291019953125 0.7861590484375001
0 0.7472017421875 0.73350751875 0.899175915625 0.7949686218750001 0.89081516875 0.91947220625 0.9377025046874999 0.896713521875 0.9498741234375 0.7226512656249999 0.8807022859375 0.6937008765625 0.7472017421875 0.73350751875
0 0.9498651015625 0.7227802890625 0.9528881828125 0.6795481984375 0.8846047078125 0.69658181875 0.9498651015625 0.7227802890625
0 0.9011271265625 0.79640909375 0.7472541921875 0.732008878125 0.662156253125 0.7614275828125 0.793884 0.8294649546875 0.7994439890625 0.956558628125 0.888968859375 0.9150344515625 0.9011271265625 0.79640909375
0 0.79762906875 0.836841821875 0.6661635796875001 0.761311240625 0.6114877328125 0.7793669000000001 0.5650363406250001 0.791195309375 0.680367628125 0.8701885359375 0.682130096875 0.991403984375 0.7020093703125 0.995318203125 0.799548890625 0.953561346875 0.79762906875 0.836841821875
0 0.4457187859375 0.8260988359375 0.5021990203125 0.8708697781250001 0.55472438125 0.9142584203125 0.55594128125 0.9366798734374999 0.6298775203125 0.9974123390624999 0.6799690828125 0.995958078125 0.680367628125 0.8701885359375 0.5904545406249999 0.8084227921875 0.5650363406250001 0.791195309375 0.4457187859375 0.8260988359375
0 0.5449158734374999 0.9085547078125 0.4457187859375 0.8260988359375 0.4154015953125 0.8344645984374999 0.42923848906249995 0.9538323828124999 0.5365340671875 0.9192778796875001 0.5541998734375 0.9292448359375 0.5449158734374999 0.9085547078125
0 0.5407463828125 1 0.6338848453125 0.9972960000000001 0.5658022421875 0.940884946875 0.5426499578125 0.9161060859375001 0.350361340625 0.9770820109375 0.3511735796875 1 0.5407463828125 1