0 0.0621897578125 0 0.06327903124999999 0.10444616874999998 0.35783567656250004 0.12280844531249999 0.359282509375 0 0.0621897578125 0
0 0.3597490953125 0 0.3612677890625 0.11908650000000001 0.6555117640625 0.1415515640625 0.6667624 0.0249077734375 0.4682251671875 0 0.3597490953125 0
0 0.668400290625 0.0240724984375 0.6624613984375001 0.09167326718749999 0.9635677906250001 0.11704661875 0.966307259375 0.060442881250000004 0.668400290625 0.0240724984375
0 0.6612907015625 0.0967065421875 0.6394020968749999 0.39425378437499997 0.931930015625 0.41857982031249996 0.9701175375 0.1240576921875 0.6612907015625 0.0967065421875
0 0.6562463734375 0.4004512015625 0.62866061875 0.721113415625 0.9589327328125 0.75625894375 0.9999324609375 0.4351639109375 0.6562463734375 0.4004512015625
0 0.344681878125 0.41935160937499993 0.6404074093750001 0.44303279062499995 0.6519233171875001 0.1473249015625 0.35510525625 0.12765129687500001 0.344681878125 0.41935160937499993
0 0.3467612859375 0.12352689218749999 0.0580526953125 0.1110547828125 0.060965123437500005 0.4033479765625 0.34312215625000003 0.41916118906250005 0.3467612859375 0.12352689218749999
0 0.3486593515625 0.418801965625 0.05605145625 0.405853803125 0.0626323078125 0.6809957875 0.3409682015625 0.69530725 0.3486593515625 0.418801965625
0 0.3492047109375 0.42197426718750003 0.3481432859375 0.6941127515625001 0.6239814531250001 0.720542153125 0.6438377125 0.449663021875 0.3492047109375 0.42197426718750003
0 0.6553842234375 1 0.6749051203125 0.73400591875 0.6207056734374999 0.7222127046875 0.3475961171875 0.7012926265625 0.348717940625 0.9757681375 0.54719924375 1 0.6553842234375 1
0 1 0.7551402734375 0.9662695828125001 0.72195651875 0.9604924546875001 0.7564493640625 0.677244703125 0.73429155 0.6547523875000001 1 0.9869233609375 1 1 0.8284104078125001 1 0.7551402734375
0 1 0.451205403125 0.9654897218749999 0.7218613078125 1 0.7552281890625 1 0.451205403125
0 0.04995294375 0.940328240625 0.3502776640625 0.9759585578125 0.3455692015625 0.696904209375 0.0632558359375 0.683142390625 0.061934234374999994 0.6591705250000001 0.0386129453125 0.6759928687500001 0.04995294375 0.940328240625