0 0.6585715953125 0.2575961953125 0.6652557796874999 0.42147126718749994 0.8533035390625001 0.41162610937500005 0.8465378390625 0.24575256093750003 0.6585715953125 0.2575961953125
0 0.4704423203125 0.265442875 0.4712880109375 0.43362910781249997 0.6554977828124999 0.4279903765625 0.6484875390625 0.256121396875 0.4704423203125 0.265442875
0 0.282068503125 0.267294128125 0.285077728125 0.43937257656249995 0.4651234578125 0.42994636249999996 0.464196253125 0.2597616546875 0.282068503125 0.267294128125
0 0.10111250000000001 0.4510067390625 0.2809952 0.437583571875 0.2783935453125 0.2754975046875 0.10026680937500002 0.28282050625 0.10111250000000001 0.4510067390625
0 0.0993565359375 0.457106903125 0.10412172812500001 0.6230851875 0.2822484609375 0.6157621859375 0.28324025 0.4434742640625 0.0993565359375 0.457106903125
0 0.28515924375 0.44137105312499997 0.286249478125 0.6155527140625 0.46829571249999996 0.606021765625 0.46936901718749996 0.43573232031250003 0.28515924375 0.44137105312499997
0 0.47545205468749996 0.4374165890625 0.4784612828125 0.6094950390625 0.6686725796874999 0.6035420984375001 0.6655818375 0.4294651734375 0.47545205468749996 0.4374165890625
0 0.6675008328125001 0.4273619609375 0.6785120906250001 0.5990214671875 0.8743173390625 0.5827619375 0.8613870875 0.41320564375 0.6675008328125001 0.4273619609375
0 0 0.7637724703125001 0.0009409984375 0.7967176765625 0.17539277343749998 0.797598053125 0.18915178593749998 0.7908694734374999 0.180385578125 0.6251006593749999 0.09803868906249999 0.62140091875 0 0.6323209890625 0 0.7637724703125001
0 0.1823860859375 0.624995925 0.1893963296875 0.7968649015625 0.377362575 0.78502126875 0.3683518234375 0.6132570265624999 0.1823860859375 0.624995925
0 0.374353346875 0.61294281875 0.3794445984375 0.786915009375 0.5656548781249999 0.781171540625 0.564646159375 0.60898835625 0.374353346875 0.61294281875
0 0.57272970625 0.6105678890624999 0.5798214640625 0.78443534375 0.7738707484375 0.7742759796875001 0.766697475 0.5984100484375 0.57272970625 0.6105678890624999
0 0.7706169765625 0.5962021 0.7838732875 0.7737523015625001 0.9661161015624999 0.762421653125 0.97319175 0.6105046328125 0.9705862703125 0.583730053125 0.7706169765625 0.5962021