0 0 0.5519366156250001 0.0005940421875 0.554257309375 0.1902523078125 0.515251859375 0.1488578875 0.31290989062499996 0.12626120624999998 0.0709098078125 0 0.094691040625 0 0.5519366156250001
0 0.3456399625 0.2594290125 0.30383301406249996 0.0374642515625 0.12626120624999998 0.0709098078125 0.1488578875 0.31290989062499996 0.18846058125 0.505739084375 0.3781188484375 0.46673363125 0.3456399625 0.2594290125
0 0.34444547812500004 0.2530871625 0.498626328125 0.2174804484375 0.5309328203125 0.2146789515625 0.5020320218750001 0.011684925 0.447447884375 0.010414465625 0.30383301406249996 0.0374642515625 0.34444547812500004 0.2530871625
0 0.49922356875 0.22065137343750002 0.351384571875 0.25506360156249996 0.377706321875 0.4471108390625 0.5560600859375 0.40038433749999996 0.5289563796875 0.22161804375 0.49922356875 0.22065137343750002
0 0.55432378125 0.21684010781250002 0.7376401984375 0.179029140625 0.7192608015624999 0.016740981250000002 0.5054390093750001 0.0117642234375 0.5341037453124999 0.21408170937499998 0.55432378125 0.21684010781250002
0 0.7382374390625001 0.18220006718749998 0.55432378125 0.21684010781250002 0.5315300625 0.217849878125 0.5598282546875 0.40295802031249994 0.5723272406250001 0.41702092031250004 0.7530699750000001 0.3829781203125 0.7382374390625001 0.18220006718749998
0 0.937765590625 0.335057134375 0.9332708859375 0.171732940625 0.9231177703125001 0.1178272140625 0.8267218875 0.019242165624999998 0.7220738156250001 0.0168064546875 0.758217340625 0.3754417859375 0.937765590625 0.335057134375
0 0.7732345890625 0.559767971875 0.9438673062499999 0.5243459734375 0.9383628312500001 0.3382280609375 0.759411825 0.38178363593750003 0.7732345890625 0.559767971875
0 0.5873444875 0.60134710625 0.7643190546875 0.5647306234375 0.7530699750000001 0.3829781203125 0.569156315625 0.4176181625 0.5873444875 0.60134710625
0 0.94703823125 0.5237487328125 0.77383183125 0.5629388984375 0.787057353125 0.737752309375 0.9501537359375 0.6971829453125 0.94703823125 0.5237487328125
0 0.7418824453124999 0.7593946421875 0.7850809140624999 0.7446914 0.768087225 0.56730430625 0.5942835796875 0.6033235484375 0.6150454390625 0.783284325 0.7418824453124999 0.7593946421875
0 0.5917098984375 0.607091715625 0.567179875 0.42455725468749994 0.553486403125 0.40415250468749997 0.3808772453125 0.44651359687500003 0.3755451671875 0.4705017984375 0.37536045156250003 0.48695366562500003 0.41078245 0.6575863828124999 0.5917098984375 0.607091715625
0 0.2308216734375 0.678348240625 0.404028071875 0.6391580734375 0.372374240625 0.47109904062499997 0.189655065625 0.5120809328125 0.2308216734375 0.678348240625
0 0 0.5840990234375 0.0532929625 0.764320328125 0.2310494859375 0.7144229015625 0.22765074843750002 0.6789454828125 0.1902523078125 0.515251859375 0.00495945 0.5600019171875 0 0.5774140625 0 0.5840990234375
0 0.097033253125 0.926819465625 0.2690451671875 0.88128745 0.23224397031250002 0.7207647515625 0.1967665515625 0.7241634890624999 0.18150916718750001 0.730320625 0.1795327265625 0.7372597187500001 0.09828315625 0.7591298625 0.046951112499999996 0.7655148109375001 0.097033253125 0.926819465625
0 0.41257417656250006 0.667099159375 0.40522255625000003 0.645499925 0.2345898390625 0.6809219234375 0.233438453125 0.7271066015625001 0.2690451671875 0.88128745 0.44165432656250003 0.838926359375 0.41257417656250006 0.667099159375
0 0.6118745140625 0.7838815671875 0.592307140625 0.610262640625 0.41137969218750003 0.6607573062500001 0.4137686609375 0.6734410093750001 0.4454224921875 0.8415000421875 0.6142634828125 0.7965652671875 0.6118745140625 0.7838815671875
0 0.9640319203125 0.7011358249999999 0.9501537359375 0.6971829453125 0.793996446875 0.7397287484375 0.8045189921875 0.760730740625 0.820090384375 0.8957013249999999 0.9705030656250001 0.8575209265625 0.9640319203125 0.7011358249999999
0 0.6437130609375 0.9354887328125001 0.6599802125 0.9521253156249999 0.8135638203125 0.9133476765624999 0.820090384375 0.8957013249999999 0.8045189921875 0.760730740625 0.7951909296874999 0.7460706 0.7787390624999999 0.7458858859374999 0.7456506125 0.7619683234375 0.62515545625 0.784663525 0.6356780015625 0.8056655156250001 0.6437130609375 0.9354887328125001
0 0.64311581875 0.9323178078125001 0.631909834375 0.8030918343750001 0.6200080906250001 0.7921998578125 0.45295882656249997 0.8466474078124999 0.4836028875 0.9919127234375 0.6415519046875 0.9588796937499999 0.64311581875 0.9323178078125001
0 0.463748775 1 0.48102920625 0.995680890625 0.479834721875 0.9893390406250001 0.45732423437499997 0.8523920171875 0.44482524999999995 0.8383291171874999 0.2791551859375 0.88266665 0.31132776406249996 1 0.463748775 1
0 0.31132776406249996 1 0.2791551859375 0.88266665 0.1071432703125 0.928198665625 0.12670589062499998 1 0.31132776406249996 1