0 0.121547746875 0.09094959375 0.0006768265625000001 0.11633650625 0.000896165625 0.1540377 0.14941747968750002 0.16283661562500001 0.121547746875 0.09094959375
0 0.27947325 0.17277128125000002 0.3067757984375 0.163797646875 0.2682199640625 0.060143553125000006 0.1219609328125 0.0924824078125 0.14941747968750002 0.16283661562500001 0.27947325 0.17277128125000002
0 0.3048233078125 0.1723057140625 0.4046842328125 0.18048432187500002 0.3636492890625 0.06763334843749999 0.314431759375 0.0504375390625 0.26621075781250003 0.0605655546875 0.3067757984375 0.163797646875 0.27947325 0.17277128125000002 0.2835483859375 0.1800133453125 0.3048233078125 0.1723057140625
0 0.4880015875 0.1824200546875 0.458365678125 0.08822965 0.3800794234375 0.0577040921875 0.3636492890625 0.06763334843749999 0.40385786250000005 0.1774186953125 0.4880015875 0.1824200546875
0 0.12566344375 0.1613473703125 0.0009068828124999999 0.155879934375 0.0019274765625 0.3313049953125 0.18506485625 0.310830665625 0.12566344375 0.1613473703125
0 0.28148245781250003 0.17234928124999999 0.12808583906249998 0.1624581828125 0.18506485625 0.310830665625 0.3338597203125 0.2957747546875 0.28148245781250003 0.17234928124999999
0 0.3338597203125 0.2957747546875 0.34597168906250003 0.30132881718750004 0.44406643749999997 0.287204040625 0.4066934421875 0.180062321875 0.3048233078125 0.1723057140625 0.2835483859375 0.1800133453125 0.3338597203125 0.2957747546875
0 0.49042398125000003 0.1835308671875 0.4062802578125 0.17852950781250002 0.4436532515625 0.285671228125 0.5180506828125 0.278143271875 0.49042398125000003 0.1835308671875
0 0.14672008125 0.69625013125 0.0023252374999999997 0.399674446875 0.0032665125000000002 0.5614658968749999 0.054936551562500005 0.7495392328125 0.14672008125 0.69625013125
0 0.3199413515625 0.60642125 0.19150566875 0.3110974765625 0.0019431953124999998 0.3340069203125 0.00230961875 0.3969898078125 0.14672008125 0.69625013125 0.3199413515625 0.60642125
0 0.439027428125 0.5441585156250001 0.34597168906250003 0.30132881718750004 0.33586892968750004 0.2953527546875 0.19150566875 0.3110974765625 0.3199413515625 0.60642125 0.439027428125 0.5441585156250001
0 0.4424704140625 0.2891588546875 0.34396248125 0.30175081718749996 0.439027428125 0.5441585156250001 0.514380825 0.5007986703125 0.4424704140625 0.2891588546875
0 0.5180506828125 0.278143271875 0.44406643749999997 0.287204040625 0.5163900328125 0.5003766703125 0.583350128125 0.4652580796875 0.5180506828125 0.278143271875
0 0.31274358125 1 0.14672008125 0.69625013125 0.054936551562500005 0.7495392328125 0.121013065625 1 0.31274358125 1
0 0.320369175 1 0.44088297968749995 0.866068325 0.32756499843750003 0.6032004359375 0.146306896875 0.69471731875 0.31191833125 1 0.320369175 1
0 0.439027428125 0.5441585156250001 0.32756499843750003 0.6032004359375 0.44289218750000003 0.8656463249999999 0.530316990625 0.7646848296875 0.439027428125 0.5441585156250001
0 0.597819865625 0.6922015390625 0.52283084375 0.50064348125 0.51839924375 0.49995466874999994 0.439027428125 0.5441585156250001 0.5307301765625 0.76621764375 0.597819865625 0.6922015390625
0 0.5873685453124999 0.4644140796875 0.5224176578125 0.49911066875000004 0.6022514671875 0.6928903515625 0.6509585312499999 0.6373115703125001 0.5873685453124999 0.4644140796875
0 0.5015385218749999 1 0.44289218750000003 0.8656463249999999 0.32215310937499997 1 0.5015385218749999 1
0 0.6027764171875 1 0.6186575375000001 0.9663953875000001 0.5323262 0.7642628296875 0.44289218750000003 0.8656463249999999 0.5015385218749999 1 0.6027764171875 1
0 0.597819865625 0.6922015390625 0.532739384375 0.7657956421875001 0.6190707234375 0.9679282015625 0.667081009375 0.8703862812500001 0.597819865625 0.6922015390625
0 0.6525545546875 0.63535675625 0.6002422578125 0.6933123515624999 0.6679073796874999 0.87345190625 0.706041778125 0.802278184375 0.6525545546875 0.63535675625
0 0.5293280328125001 0.10733670625 0.4603748859375 0.08780765 0.49042398125000003 0.1835308671875 0.55364925 0.18968660625 0.5293280328125001 0.10733670625
0 0.5793152140625 0.11951207500000001 0.5285016625 0.1042710796875 0.5528228796875 0.18662098124999998 0.6011573218749999 0.1926650984375 0.5793152140625 0.11951207500000001
0 0.6028100625 0.1987963515625 0.873056678125 0.11450244999999999 0.9004726640625 0.12170094843749998 0.8822925078124999 0.054257176562499995 0.8764386390625001 0.051046737499999995 0.824751290625 0.0480362921875 0.5858694625 0.1359510171875 0.6028100625 0.1987963515625
0 0.5180506828125 0.278143271875 0.5474191578125 0.2768337046875 0.550611203125 0.2729240765625 0.57590454375 0.26437244375 0.5532360656249999 0.18815379375000002 0.49042398125000003 0.1835308671875 0.5180506828125 0.278143271875
0 0.6011573218749999 0.1926650984375 0.5532360656249999 0.18815379375000002 0.5775005656250001 0.2624176296875 0.6200504109375 0.247002365625 0.6011573218749999 0.1926650984375
0 0.5494283671875 0.276411703125 0.5180506828125 0.278143271875 0.5853593375 0.4648360796875 0.6062210734375 0.455595634375 0.5494283671875 0.276411703125
0 0.5775005656250001 0.2624176296875 0.5494283671875 0.276411703125 0.6062210734375 0.455595634375 0.7420208781250001 0.4238339703125 0.806088675 0.377985690625 0.7591556984375 0.2275032046875 0.6883635 0.2326543453125 0.6244820125 0.24769117812500002 0.5775005656250001 0.2624176296875
0 0.6737727578125 0.6195630578125 0.6142579078125 0.45390763281249996 0.6102394906249999 0.454751634375 0.5873685453124999 0.4644140796875 0.6529677390625 0.6368895703125 0.6737727578125 0.6195630578125
0 0.6737727578125 0.6195630578125 0.8108688359375 0.6004858984375 0.75892091875 0.423523590625 0.7676706859375 0.408729084375 0.7420208781250001 0.4238339703125 0.6142579078125 0.45390763281249996 0.6737727578125 0.6195630578125
0 0.670167525 0.621939871875 0.6529677390625 0.6368895703125 0.7080509859374999 0.8018561828124999 0.723184846875 0.779242421875 0.670167525 0.621939871875
0 0.8563192265625 0.7690953281249999 0.8085031624999999 0.6074611515624999 0.8088596296875 0.6009078984375 0.6721767359374999 0.621517871875 0.723184846875 0.779242421875 0.8563192265625 0.7690953281249999
0 0.6879503140625001 0.23112153281249997 0.76116490625 0.2270812046875 0.887688321875 0.19240910312499998 0.9227279546875 0.1963867859375 0.9024818703124999 0.121278946875 0.87264349375 0.11296963906249999 0.6028100625 0.1987963515625 0.6200504109375 0.247002365625 0.6879503140625001 0.23112153281249997
0 0.887688321875 0.19240910312499998 0.7571464890625 0.2279252046875 0.806088675 0.377985690625 0.936274040625 0.349022840625 0.94891263125 0.372281846875 0.9552400046875 0.35637652656249996 0.9636900265625 0.35622133749999996 0.920718746875 0.1968087859375 0.887688321875 0.19240910312499998
0 0.765661475 0.4091510859375 0.7597472890625 0.4265892171875 0.8108688359375 0.6004858984375 0.9600201671875 0.5788767359375 0.9835067656250001 0.48486600781250005 0.9382832484374999 0.3486008390625 0.806088675 0.377985690625 0.765661475 0.4091510859375
0 1 0.5408864171875 0.9835067656250001 0.48486600781250005 0.9600201671875 0.5788767359375 0.8088596296875 0.6009078984375 0.8563192265625 0.7690953281249999 1 0.7632077703125 1 0.5408864171875