0 0.6488834531250001 0.030848948437500003 0.6450214046875 0.0704905515625 0.85746424375 0.0795755875 0.8614504640625 0.03727881875 0.6488834531250001 0.030848948437500003
0 1 0.095668371875 0.80922809375 0.080424253125 0.7828146046875 0.3446396359375 0.9730146890625001 0.356990075 1 0.18265635 1 0.095668371875
0 0.600908409375 0.06905585625 0.5842440390625 0.3395110890625 0.782690434375 0.347294803125 0.8112275859375 0.08061015625 0.600908409375 0.06905585625
0 0.398711371875 0.055589999999999994 0.3942922953125 0.3218503171875 0.5842440390625 0.3395110890625 0.600908409375 0.06905585625 0.398711371875 0.055589999999999994
0 0.8008100328125 0.3463127625 0.7735145859375 0.586445740625 0.9574678531249999 0.6035488046874999 0.9925129281249999 0.3694697734375 0.9730146890625001 0.356990075 0.8008100328125 0.3463127625
0 0.5942415 0.340440603125 0.5891888062499999 0.577308178125 0.773390415625 0.5891009078125 0.7963143671874999 0.356561625 0.782690434375 0.347294803125 0.5942415 0.340440603125
0 0.40428975625 0.32277983125 0.40560805 0.5522396125 0.5893129765625 0.574653009375 0.5942415 0.340440603125 0.40428975625 0.32277983125
0 0.37029839062500003 0.31961948281249997 0.37798767187500004 0.541671471875 0.40535970781249997 0.557549946875 0.40428975625 0.32277983125 0.37029839062500003 0.31961948281249997
0 0.7735145859375 0.586445740625 0.7583274953125 0.7823703921875 0.9224100140625 0.7949592609375 0.9514693781249999 0.6029910968750001 0.7735145859375 0.586445740625
0 0.5891888062499999 0.577308178125 0.5837508359375 0.7794726796875 0.7578308140625001 0.7929910609374999 0.7735145859375 0.586445740625 0.5891888062499999 0.577308178125
0 0.40773171250000007 0.5497703484375001 0.39548641875 0.5539652671875 0.40579604375 0.7629273234375 0.583626665625 0.7821278453125 0.5891888062499999 0.577308178125 0.40773171250000007 0.5497703484375001
0 0.7563280046874999 0.782184490625 0.74201010625 0.9595229734374999 0.903720621875 0.9798914390625001 0.928035978125 0.803482471875 0.9204105218749999 0.7947733593749999 0.7563280046874999 0.782184490625
0 0.58762565 0.7824996515625 0.582795765625 0.928719740625 0.7418859375 0.9621781421875 0.7578308140625001 0.7929910609374999 0.58762565 0.7824996515625
0 0.9149856390625001 1 0.917592896875 0.9838479265625001 0.9080921171874999 0.9722977437500001 0.7598813640625 0.9638512671875 0.7556894328125 1 0.9149856390625001 1
0 0.7578193453125001 1 0.7618808578125 0.96403716875 0.582795765625 0.928719740625 0.5794623046875 1 0.7578193453125001 1
0 0.5775268578125 1 0.5830441078125 0.9234094078125 0.58762565 0.7824996515625 0.4197924890625 0.76422864375 0.4112978390625 0.7741057 0.337132115625 0.9858805046875 0.4889953828125 1 0.5775268578125 1
0 0.28058235468750004 0.34861209375 0.39466480625 0.313884815625 0.3988355421875 0.0529348328125 0.341843190625 0.0019887859375000002 0.0418344125 0.00024338593749999998 0.02552933125 0.3488989328125 0.28058235468750004 0.34861209375
0 0.3081806796875 0.70318400625 0.3873642796875 0.5558768203125 0.3722978828125 0.319805384375 0.280458184375 0.3512672609375 0.02552933125 0.3488989328125 0.019483915625 0.47816952968750004 0.0211613453125 0.5193366234375 0.0515006765625 0.6953194421875 0.3081806796875 0.70318400625
0 0.06162230625 0.6935937875 0.09719307031249999 0.9635721609375001 0.337132115625 0.9858805046875 0.4111736671875 0.7767608671875 0.393611096875 0.5511241953125 0.3081806796875 0.70318400625 0.06162230625 0.6935937875
0 1 0.883570559375 0.9557805265624999 0.8113954453125001 0.928035978125 0.803482471875 0.917567365625 0.8985107765624999 0.9107124609374999 0.9592078125000001 0.926311459375 1 0.9991731578125 1 1 0.9823194265625 1 0.883570559375