0 0.13999999999999999 0 0.126 0.12 0.13 0.128 0.21400000000000002 0.128 0.21800000000000003 0.1573333328125 0.22599999999999998 0.1546666671875 0.22799999999999998 0.128 0.238 0 0.13999999999999999 0
0 0.24 0 0.23199999999999998 0.1573333328125 0.322 0.16 0.32999999999999996 0.1546666671875 0.33599999999999997 0 0.24 0
0 0.33799999999999997 0 0.33399999999999996 0.1573333328125 0.422 0.1653333328125 0.42800000000000005 0.1573333328125 0.42800000000000005 0.0053333328125 0.33799999999999997 0
0 0.43200000000000005 0.1653333328125 0.524 0.1706666671875 0.518 0.013333332812500001 0.43200000000000005 0.008 0.43200000000000005 0.1653333328125
0 0.528 0.16799999999999998 0.618 0.17333333281250002 0.606 0.008 0.52 0.008 0.528 0.16799999999999998
0 0.608 0.0026666671875 0.622 0.16799999999999998 0.708 0.1653333328125 0.712 0.1573333328125 0.692 0.0053333328125 0.608 0.0026666671875
0 0.722 0.1893333328125 0.8119999999999999 0.184 0.784 0.0266666671875 0.6980000000000001 0.0346666671875 0.722 0.1893333328125
0 0.8160000000000001 0.192 0.9019999999999999 0.1893333328125 0.874 0.0293333328125 0.788 0.0346666671875 0.8160000000000001 0.192
0 0.716 0.2026666671875 0.744 0.3573333328125 0.844 0.36 0.8140000000000001 0.1866666671875 0.722 0.1893333328125 0.716 0.2026666671875
0 0.844 0.36266666718749996 0.9460000000000001 0.3573333328125 0.908 0.192 0.8160000000000001 0.1973333328125 0.844 0.36266666718749996
0 0.708 0.1653333328125 0.622 0.16799999999999998 0.618 0.176 0.634 0.3386666671875 0.678 0.33599999999999997 0.732 0.3413333328125 0.736 0.3253333328125 0.708 0.1653333328125
0 0.524 0.17333333281250002 0.526 0.3306666671875 0.528 0.3466666671875 0.536 0.3493333328125 0.538 0.33599999999999997 0.624 0.3386666671875 0.616 0.176 0.532 0.1706666671875 0.524 0.17333333281250002
0 0.426 0.33599999999999997 0.426 0.3493333328125 0.43200000000000005 0.3466666671875 0.524 0.344 0.52 0.17333333281250002 0.426 0.16799999999999998 0.426 0.33599999999999997
0 0.422 0.344 0.422 0.1706666671875 0.32599999999999996 0.1573333328125 0.32 0.344 0.40800000000000003 0.3493333328125 0.41200000000000003 0.376 0.42000000000000004 0.37066666718749997 0.422 0.344
0 0.32 0.1626666671875 0.21800000000000003 0.16 0.20400000000000001 0.3306666671875 0.302 0.3386666671875 0.306 0.3466666671875 0.312 0.344 0.32 0.1626666671875
0 0.202 0.312 0.21600000000000003 0.16 0.21200000000000002 0.13333333281249998 0.10800000000000001 0.1306666671875 0.1 0.176 0.09 0.3173333328125 0.182 0.3173333328125 0.19 0.3306666671875 0.2 0.32799999999999996 0.202 0.312
0 0.188 0.3333333328125 0.184 0.3173333328125 0.06999999999999999 0.32 0.046 0.5333333328125 0.06 0.5466666671875 0.144 0.5466666671875 0.172 0.5466666671875 0.174 0.5306666671875 0.188 0.3333333328125
0 0.192 0.3306666671875 0.176 0.5519999999999999 0.292 0.5573333328125 0.298 0.5413333328125 0.302 0.3413333328125 0.192 0.3306666671875
0 0.40599999999999997 0.3493333328125 0.304 0.3466666671875 0.298 0.5599999999999999 0.4 0.5599999999999999 0.40800000000000003 0.5573333328125 0.41200000000000003 0.5546666671875 0.40599999999999997 0.3493333328125
0 0.43 0.3493333328125 0.43 0.5519999999999999 0.53 0.568 0.536 0.5493333328125 0.53 0.352 0.43 0.3493333328125
0 0.538 0.33599999999999997 0.542 0.5386666671875 0.64 0.5466666671875 0.646 0.536 0.636 0.3386666671875 0.538 0.33599999999999997
0 0.646 0.5519999999999999 0.654 0.5573333328125 0.6599999999999999 0.5413333328125 0.746 0.5573333328125 0.754 0.5466666671875 0.74 0.344 0.642 0.344 0.6519999999999999 0.5386666671875 0.646 0.5519999999999999
0 0.758 0.5466666671875 0.752 0.5573333328125 0.764 0.5653333328125 0.86 0.5733333328125 0.8699999999999999 0.5626666671875 0.842 0.36266666718749996 0.742 0.36266666718749996 0.758 0.5466666671875
0 0.874 0.5653333328125 0.89 0.568 0.966 0.5706666671875 0.9800000000000001 0.5599999999999999 0.944 0.36266666718749996 0.8460000000000001 0.3653333328125 0.874 0.5653333328125
0 0.13999999999999999 0.5519999999999999 0.014000000000000002 0.5493333328125 0 0.6639999999999999 0.002 0.8160000000000001 0.126 0.8186666671875 0.128 0.808 0.154 0.5733333328125 0.13999999999999999 0.5519999999999999
0 0.16 0.5519999999999999 0.134 0.8160000000000001 0.27 0.8213333328125 0.27599999999999997 0.744 0.282 0.5626666671875 0.16 0.5519999999999999
0 0.284 0.5653333328125 0.274 0.8186666671875 0.398 0.8160000000000001 0.398 0.8053333328125 0.398 0.5653333328125 0.284 0.5653333328125
0 0.42400000000000004 0.5546666671875 0.40599999999999997 0.8 0.52 0.8160000000000001 0.526 0.8053333328125 0.534 0.5706666671875 0.42400000000000004 0.5546666671875
0 0.646 0.5519999999999999 0.538 0.5386666671875 0.528 0.7733333328125 0.638 0.792 0.64 0.7786666671875 0.644 0.5573333328125 0.646 0.5519999999999999
0 0.768 0.6293333328124999 0.766 0.568 0.662 0.544 0.648 0.568 0.642 0.7866666671875 0.752 0.808 0.766 0.7946666671875 0.768 0.6293333328124999
0 0.768 0.5706666671875 0.766 0.808 0.8779999999999999 0.8240000000000001 0.89 0.8106666671875 0.8779999999999999 0.5786666671875 0.768 0.5706666671875
0 0.8800000000000001 0.5706666671875 0.8960000000000001 0.792 0.892 0.8133333328125 0.998 0.8213333328125 1 0.6293333328124999 0.992 0.576 0.8800000000000001 0.5706666671875