0 0.8960000000000001 0.37234042500000003 0.898 0.4361702125 0.958 0.4441489359375 0.958 0.3829787234375 0.8960000000000001 0.37234042500000003
0 0.994 0.454787234375 0.8960000000000001 0.4361702125 0.914 0.5851063828124999 0.99 0.59042553125 0.994 0.454787234375
0 0.9960000000000001 0.5984042546875 0.914 0.59042553125 0.9339999999999999 0.747340425 0.992 0.7446808515625001 0.9960000000000001 0.5984042546875
0 0.914 0.59042553125 0.63 0.5585106390625 0.644 0.7553191484374999 0.9339999999999999 0.75 0.914 0.59042553125
0 0.626 0.5585106390625 0.196 0.5239361703125 0.188 0.747340425 0.638 0.734042553125 0.626 0.5585106390625
0 0.192 0.515957446875 0.006 0.5 0.014000000000000002 0.752659575 0.178 0.7393617015625 0.192 0.515957446875
0 0.19 0.2712765953125 0.012 0.23936170156249997 0.012 0.484042553125 0.188 0.4946808515625 0.19 0.2712765953125
0 0.614 0.375 0.2 0.28457446875 0.198 0.513297871875 0.36 0.518617021875 0.624 0.5505319156249999 0.614 0.375
0 0.898 0.4361702125 0.616 0.3829787234375 0.63 0.5611702125 0.9119999999999999 0.59042553125 0.898 0.4361702125
0 0.884 0.2898936171875 0.608 0.20212765937500002 0.62 0.36968085156249997 0.9 0.4281914890625 0.884 0.2898936171875
0 0.618 0.361702128125 0.606 0.204787234375 0.2 0.0718085109375 0.144 0.2579787234375 0.196 0.27925531875 0.618 0.361702128125