0 0.653101221875 0.743054875 0.6531884953125 0.8066933281249999 0.6551137171875 0.8721564078125 0.8131578328125 0.9001359062500001 0.8623430031250001 0.78191419375 0.8727084265625 0.6923373765624999 0.856764475 0.6910350875 0.810082615625 0.7609005203125 0.653101221875 0.743054875
0 0.810237659375 0.7592386765625 0.8569195203125 0.6893732406249999 0.8562346578125 0.610615403125 0.8065422609375 0.62665066875 0.5968127562500001 0.61454365 0.597297390625 0.7384968609375 0.810237659375 0.7592386765625
0 0.8065422609375 0.62665066875 0.8562346578125 0.610615403125 0.8604660531249999 0.5222120718750001 0.8033119984375 0.48907712812500004 0.6484560546875 0.4914991890625 0.64479965625 0.6167886734375 0.8065422609375 0.62665066875
0 0.5983211140625 0.490753225 0.6484560546875 0.4914991890625 0.8033119984375 0.48907712812500004 0.8377904859375 0.50696388125 0.8391438000000001 0.3848353 0.8097366156250001 0.3556412078125 0.5993643375000001 0.37194833125 0.5983211140625 0.490753225
0 0.8663803531250001 0.43729521406250005 0.8389661640625 0.408263909375 0.8417764734375 0.5072894531250001 0.8664450374999999 0.52270043125 0.8663803531250001 0.43729521406250005
0 0.948261471875 0.872657371875 0.966091646875 0.681545253125 0.9355765546875 0.6857508359375 0.9335157890625 0.7508883453124999 0.9344655609375 0.869856025 0.948261471875 0.872657371875
0 0.7330725734375 0.3594263984375 0.811884653125 0.35414215000000004 0.749749659375 0.24524748437500002 0.658071934375 0.23775931875 0.5383146578125 0.25142075468749997 0.5352784390624999 0.3700628625 0.7330725734375 0.3594263984375
0 0.46213525000000005 0.379159159375 0.4597192109375 0.4911538875 0.5983211140625 0.490753225 0.597681434375 0.36846185625 0.46213525000000005 0.379159159375
0 0.4575711734375 0.49265294531250003 0.45469 0.6096332078125 0.64479965625 0.6167886734375 0.646463059375 0.49133640312500004 0.4575711734375 0.49265294531250003
0 0.46250693125 0.6119461953124999 0.4580979 0.7237781375 0.595459440625 0.73667223125 0.5966577109375 0.6162054953125 0.46250693125 0.6119461953124999
0 0.46436438124999996 0.7427095718750001 0.4801532875 0.7456737078125 0.4788903359375 0.7807352265625 0.6531884953125 0.8066933281249999 0.6529461765625 0.7447167203125 0.5992903843749999 0.738659646875 0.46392183593749997 0.7259283421875 0.46436438124999996 0.7427095718750001
0 0.466431328125 0.3761610421875 0.5188693515625 0.37374610625 0.5185171703125 0.2698978140625 0.5096375156249999 0.2574509734375 0.341583246875 0.27219107343750004 0.3394773 0.3808621109375 0.466431328125 0.3761610421875
0 0.40879263750000006 0.2190728875 0.406599415625 0.2641054765625 0.5097925625 0.25578912656249997 0.5203551203125001 0.2717224453125 0.5366091625 0.26970104687499996 0.5363216625 0.25125796875 0.6336908703125 0.2407914171875 0.63415600625 0.235805884375 0.40879263750000006 0.2190728875
0 0.3277873359375 0.2693897234375 0.3395902546875 0.2720282875 0.4044513765625 0.26560453281249996 0.40879263750000006 0.2190728875 0.2872200015625 0.209142928125 0.2854693265625 0.270956746875 0.3277873359375 0.2693897234375
0 0.334913221875 0.494355896875 0.332807275 0.6030269374999999 0.45453495468750005 0.6112950515625 0.4575711734375 0.49265294531250003 0.334913221875 0.494355896875
0 0.2910252640625 0.3836026203125 0.288919315625 0.492273659375 0.4575711734375 0.49265294531250003 0.4622902953125 0.3774973140625 0.2910252640625 0.3836026203125
0 0.32468025312500004 0.6040376375000001 0.3308142796875 0.6028641515625 0.3309272359375 0.49403032500000005 0.22038229375 0.49504815156250004 0.21874148125 0.5987336562500001 0.32468025312500004 0.6040376375000001
0 0.27891225468749997 0.3842877484375 0.1924382859375 0.3855971640625 0.1915952890625 0.45920667968749995 0.21812439062500003 0.45467552343750006 0.2205373390625 0.49338630625 0.27895434531249996 0.491459728125 0.286926321875 0.492110871875 0.2868842296875 0.38493889375 0.27891225468749997 0.3842877484375
0 0.287307275 0.27278137812500003 0.181811046875 0.2842586296875 0.181875728125 0.36966384531249996 0.19168565312500002 0.3721396203125 0.19259333125 0.38393531875 0.291180309375 0.3819407765625 0.33963234375 0.37920026875 0.341428203125 0.27385291875 0.329625284375 0.2712143546875 0.287307275 0.27278137812500003
0 0.1875703015625 0.20100361875 0.183959084375 0.2827595703125 0.2833212859375 0.27245580468749997 0.2852270078125 0.2089801421875 0.1875703015625 0.20100361875
0 0.640736028125 1 0.6525426328124999 0.9858129796874999 0.65303345 0.8083551703125 0.405304603125 0.7730502921875 0.284594465625 0.8184495625 0.5772319046875001 0.867469590625 0.5786047187500001 0.874279753125 0.5820875187500001 1 0.640736028125 1
0 0.45794285468749996 0.7254399828125 0.4603588921875 0.6134452546875 0.2986162875 0.6035832609375 0.29768601562499997 0.6135543265625001 0.39749076250000004 0.6200317953125001 0.399438575 0.663728109375 0.40030107187499997 0.7190573375 0.45794285468749996 0.7254399828125
0 0.39502954375 0.775560053125 0.40729759843749996 0.7732130781250001 0.478735290625 0.7823970734375 0.4801532875 0.7456737078125 0.46436438124999996 0.7427095718750001 0.398750621875 0.7356757828125 0.39502954375 0.775560053125
0 0.5816595265625 1 0.576921815625 0.8707932796875 0.284594465625 0.8184495625 0.157905346875 0.863360471875 0.109740809375 0.88454405625 0.10243110312499999 0.9844175140625 0.28539573906250004 1 0.5816595265625 1
0 0.40030107187499997 0.7190573375 0.39549776875 0.6198690078125 0.295537978125 0.6150533859375 0.221487109375 0.612353984375 0.103877871875 0.6245163625 0.10755376875 0.6281656234375 0.24108436875 0.6390723 0.2467532609375 0.6428843484375 0.24074859843750002 0.8148682640624999 0.27447445 0.8192974765625 0.3930365484375 0.7753972671875 0.398750621875 0.7356757828125 0.40030107187499997 0.7190573375
0 0.0515948921875 0.6252694546875001 0.0939129015625 0.62370243125 0.217656165625 0.6103665687500001 0.2202272484375 0.49670999374999997 0.2175042109375 0.46132290156250005 0.052395798437499995 0.44448795625 0.0515948921875 0.6252694546875001
0 0.07779749375 0.3444177296875 0.0824457546875 0.4452679046875 0.191750334375 0.45754483593749995 0.1915306078125 0.3738014640625 0.07779749375 0.3444177296875
0 0.17463688593749999 0.253531496875 0.012186828125 0.18667843125 0.007135025000000001 0.32692451562499997 0.179882734375 0.369501059375 0.17463688593749999 0.253531496875
0 0 0.4385337984375 0.080452759375 0.4451051171875 0.07764245 0.346079575 0 0.3268128265625 0 0.4385337984375
0 0.048060718749999995 0.18960858281249998 0.047285495312499995 0.1979178046875 0.17877791875 0.252195225 0.17959832656250002 0.2003524734375 0.048060718749999995 0.18960858281249998
0 0 0.656166121875 0.000507090625 0.6562613203125001 0.0037794453125 0.9010068406249999 0.0293782765625 0.9064467531249999 0.24134618593749999 0.829987653125 0.246598215625 0.64454619375 0.2409293234375 0.6407341453125001 0.0515948921875 0.6252694546875001 0 0.6285395625 0 0.656166121875
0 0 0.9777255296874999 0.0962970765625 0.985591 0.09915565937500001 0.890377503125 0.087507784375 0.8860770984374999 0.0292232328125 0.9081085953124999 0.0077654328125000005 0.9013324140625001 0.004377034375 0.916126228125 0 0.91792013125 0 0.9777255296874999
0 0 0.629729825 0.049446853125 0.6267685140625 0.0543887921875 0.4446507421875 0 0.44151105 0 0.629729825