0 0.4292794671875 0.114524115625 0.3846874125 0.40581218906250005 0.727615825 0.4740145078125 0.838406378125 0.20322891250000003 0.8271558499999999 0.164710759375 0.8256483781249999 0.161913653125 0.4526943796875 0.0944561203125 0.4292794671875 0.114524115625
0 0.36846395625 0.4533381796875 0.3602412015625 0.51218086875 0.6978379484375 0.588133159375 0.7162671015625001 0.562342678125 0.7300563999999999 0.5173572562500001 0.729586640625 0.47414277812499994 0.3846874125 0.40581218906250005 0.36846395625 0.4533381796875
0 0.6723411953125 0.6431525828125 0.6839312125 0.6223149625 0.6998087640625 0.5882614296875001 0.355836225 0.514593165625 0.3451793109375 0.5759764234375 0.6723411953125 0.6431525828125
0 0.28654383437500003 0.7529927375 0.6324871921875 0.826789271875 0.6599547609374999 0.771898121875 0.6664287468750001 0.642767771875 0.34123767968749996 0.5757198812500001 0.29036161250000003 0.6965623437499999 0.28654383437500003 0.7529927375
0 0.6329505359375001 0.824120434375 0.28457301875 0.7528644671875 0.27971111406250004 0.803828915625 0.609887940625 0.8765992890625001 0.6329505359375001 0.824120434375
0 0 0.70741054375 0.28364633125 0.7582021421875 0.28989826875 0.69923118125 0.3392668640625 0.5755916125 0.028334853124999997 0.506772778125 0.00016905937500000001 0.542725528125 0.02057544375 0.5629466296875 0 0.583083940625 0 0.598731765625 0.021508546875 0.6034922703125 0 0.6314208328124999 0 0.6438661546875 0.012822449999999999 0.665003796875 0.021867281250000002 0.6817864421875 0 0.706745684375 0 0.70741054375
0 0 0.732177859375 0.0194395359375 0.7302103234375 0.03451425625 0.758181396875 0.278784425 0.8091665906250001 0.2831829859375 0.7608709796875 0 0.7101623499999999 0 0.732177859375
0 0.367537265625 0.45867585312500003 0.38515075625 0.40314335156250003 0.0472081046875 0.340663515625 0.0155640234375 0.37369088906250003 0.020791078125 0.4469039265625 0.355836225 0.514593165625 0.367537265625 0.45867585312500003
0 0.355836225 0.514593165625 0.0168494453125 0.44664738593750003 0.024393221875000003 0.5065162359375 0.3432084953125 0.5758481515625 0.355836225 0.514593165625
0 0.4511869078125 0.0916590109375 0.0792770390625 0.029667421875 0.055862125 0.0497354171875 0.036401675 0.161826584375 0.0472081046875 0.340663515625 0.38271659687500004 0.40568391875 0.42974281249999996 0.111855278125 0.4511869078125 0.0916590109375
0 0.84037719375 0.203357184375 0.72715248125 0.4766833453125 0.971768553125 0.5141960828125 0.981318665625 0.45918793437499994 0.9914228171874999 0.16984289218749998 0.8457024421874999 0.1497238984375 0.84037719375 0.203357184375
0 0.8410769328125 0 0.8615735796875 0.06978704999999999 0.826111721875 0.15924481562499998 0.991417203125 0.17000368906250002 0.9971898765624999 0.004695915625 0.95985419375 0 0.8410769328125 0
0 0.45930279374999994 0 0.4590573421875 0.0004054640625 0.4437669875 0.0884770921875 0.8256483781249999 0.161913653125 0.8596027640624999 0.06965878125 0.84404613125 0 0.45930279374999994 0
0 0.07492346718750001 0 0.0773062234375 0.029539151562499998 0.4437669875 0.0884770921875 0.4590573421875 0.0004054640625 0.45932995468750004 0 0.07492346718750001 0
0 0.9513814140625 0.6316249203125001 0.9722318968750001 0.5115272453124999 0.7310941125 0.47693988593750003 0.732027215625 0.517485525 0.7100087515625 0.5754303234375 0.9513814140625 0.6316249203125001
0 0.9513814140625 0.6316249203125001 0.7071112453125 0.580639728125 0.6866002515625 0.6413816359375 0.9411878453125 0.6903393421875 0.9513814140625 0.6316249203125001
0 0.9073637281250001 0.8851644625 0.9416511890624999 0.687670503125 0.6718778515625 0.6458214171875001 0.6599547609374999 0.771898121875 0.6344580078125001 0.8269175437499999 0.9073637281250001 0.8851644625
0 0.6324871921875 0.826789271875 0.609887940625 0.8765992890625001 0.8663074 0.9317090125 0.8997225999999999 0.9291769609375 0.906900384375 0.8878332999999999 0.6324871921875 0.826789271875