0 0.3462449359375 0.2882252609375 0.4214672734375 0.26643599687499997 0.36349358593750003 0.10480062500000001 0.2831638265625 0.1030893640625 0.059946884374999995 0.1969883921875 0.126002296875 0.3644318890625 0.3462449359375 0.2882252609375
0 0.127330971875 0.36191653125 0.0759030546875 0.24216659218749997 0.0087941453125 0.2518313578125 0.014185300000000001 0.4062138375 0.095223415625 0.3804845796875 0.127330971875 0.36191653125
0 0.147029153125 0.5357042140625 0.1812089609375 0.5101977078125 0.12084607031250001 0.368162478125 0.095223415625 0.3804845796875 0.0140664796875 0.40281128437499997 0.0195138796875 0.55880439375 0.0239624328125 0.572683865625 0.147029153125 0.5357042140625
0 0.18354936093750002 0.517828678125 0.3142711828125 0.4784185640625 0.25805279375 0.3225064171875 0.2574676953125 0.320598675 0.125417196875 0.362524146875 0.12084607031250001 0.368162478125 0.18354936093750002 0.517828678125
0 0.31485628125 0.48032630625 0.44749187968750004 0.4403085765625 0.4583894328125 0.4347551421875 0.4004157453125 0.2731197671875 0.38701931875 0.2773730765625 0.3481587109375 0.2876176453125 0.2574676953125 0.320598675 0.31485628125 0.48032630625
0 0.60309278125 0.3929994609375 0.6247782140625 0.360992321875 0.5766415515625 0.21088829687500002 0.5421935953125 0.221825378125 0.4004157453125 0.2731197671875 0.45897453125 0.436662884375 0.60309278125 0.3929994609375
0 0.02337733125 0.5707761234375 0.0690151203125 0.7195800218749999 0.1302559296875 0.700136325 0.0698930390625 0.5581010921875 0.02337733125 0.5707761234375
0 0.12967082968750002 0.6982285828125 0.22078847031249998 0.6734861359375001 0.16600842968750001 0.5359589015624999 0.182220684375 0.520344034375 0.1812089609375 0.5101977078125 0.147029153125 0.5357042140625 0.06856436406250001 0.5606164515625001 0.12967082968750002 0.6982285828125
0 0.191679346875 0.8250867703125 0.12967082968750002 0.6982285828125 0.06843001875 0.7176722796874999 0.1099721078125 0.8531219796875 0.1882784203125 0.8345405859374999 0.191679346875 0.8250867703125
0 0.1302559296875 0.700136325 0.192264446875 0.8269945125 0.2782258609375 0.80598265625 0.2227022453125 0.672878521875 0.1302559296875 0.700136325
0 0.2416201125 0.9536829093750001 0.1882784203125 0.8345405859374999 0.11058419687500001 0.8551231953125 0.1443345234375 0.9720096171874999 0.2416201125 0.9536829093750001
0 0.331994178125 0.9333635640625 0.2776407609375 0.8040749140625 0.1941782234375 0.826386896875 0.1882784203125 0.8345405859374999 0.2397063375 0.954290525 0.331994178125 0.9333635640625
0 0.22945529531250003 0.6812020015625 0.35193691562499996 0.6423146078124999 0.36299294375 0.6304303296875 0.30852985624999996 0.48024141093750006 0.181635584375 0.5184362921875 0.16600842968750001 0.5359589015624999 0.22945529531250003 0.6812020015625
0 0.30603098125 0.47894128281250004 0.36474824375 0.63615355625 0.5048804671875 0.6000362078125 0.44807697968750004 0.44221631875 0.30603098125 0.47894128281250004
0 0.649425340625 0.5646113703125 0.665259775 0.5135268078124999 0.6181348359375 0.373569109375 0.60117900625 0.3936070765625 0.4455781046875 0.44091619218749994 0.50546556875 0.60194395 0.649425340625 0.5646113703125
0 0.35767824375 0.6404917609375 0.35193691562499996 0.6423146078124999 0.22754152031250002 0.6818096171875 0.2854055359375 0.8225447203125 0.41214133124999996 0.79068068125 0.35767824375 0.6404917609375
0 0.41214133124999996 0.79068068125 0.5551990546875001 0.7641020421875 0.499724240625 0.603766796875 0.5004678171875 0.599343696875 0.3654918203125 0.63173045625 0.3569346671875 0.6449148609375001 0.41214133124999996 0.79068068125
0 0.6978301515625 0.7292848203125 0.7156271640625 0.6503615296875 0.664674675 0.5116190656249999 0.6519242171874999 0.565911496875 0.5004678171875 0.599343696875 0.5559426296875001 0.75967894375 0.6978301515625 0.7292848203125
0 0.282906659375 0.8212445953125 0.3397589515625 0.9518333718750001 0.46043646875000005 0.9344538625000001 0.41214133124999996 0.79068068125 0.282906659375 0.8212445953125
0 0.41214133124999996 0.79068068125 0.46160666875 0.9382693468750001 0.605834590625 0.91550619375 0.551371503125 0.7653172734375 0.41214133124999996 0.79068068125
0 0.6040792921875 0.9097829671875 0.7424074109375 0.8951735031249999 0.7488923140625 0.8889275546875 0.7602532265625 0.7890191015625 0.7169558390625 0.6478461734375001 0.6978301515625 0.7292848203125 0.551371503125 0.7653172734375 0.6040792921875 0.9097829671875
0 0.394967240625 0.11155594531249999 0.368759484375 0.1219703046875 0.4214672734375 0.26643599687499997 0.4425188015625 0.25975222656249997 0.394967240625 0.11155594531249999
0 0.3362741078125 0.10506865624999999 0.36290848750000004 0.1028928828125 0.368759484375 0.1219703046875 0.46460672656249996 0.0852586859375 0.44322618125 0.02924165 0.4010134515625 0.021708920312499998 0.3220732359375 0.06561368437500001 0.3362741078125 0.10506865624999999
0 0.441933703125 0.25784448437499996 0.5766415515625 0.21088829687500002 0.61093103125 0.2062820609375 0.5784823921875 0.0867868078125 0.554822315625 0.0712701828125 0.5240922390625 0.0600917609375 0.396881015625 0.11094832968749999 0.441933703125 0.25784448437499996
0 0.6568857703125001 0.3424242734375 0.61284480625 0.20567444375 0.5766415515625 0.21088829687500002 0.6253633140625 0.3629000640625 0.636845965625 0.3592543703125 0.6568857703125001 0.3424242734375
0 0.61342990625 0.2075821859375 0.6568857703125001 0.3424242734375 0.6736831249999999 0.3287171484375 0.6400642859375 0.2054064125 0.61342990625 0.2075821859375
0 0.6420021921875 0.3555237828125 0.6362608671875 0.357346628125 0.6175497359375 0.3716613671875 0.6665884515625 0.5110114484375 0.67753480625 0.47822690312500005 0.6420021921875 0.3555237828125
0 0.7017191140625 0.4475198890625 0.669111996875 0.3343554796875 0.6425872921875 0.357431525 0.6781199046874999 0.48013464531250005 0.6865185828125 0.47328108281250003 0.7017191140625 0.4475198890625
0 0.70982496875 0.6040529968749999 0.8463977890625 0.58372030625 0.8528706265625001 0.5021118671875 0.8342571031249999 0.461964384375 0.7191624359375 0.4838518875 0.6964164765625 0.5329438125 0.70982496875 0.6040529968749999
0 0.727377965625 0.6612852640625 0.743114790625 0.664662925 0.8423141578125 0.6457286015625 0.8583070656249999 0.5883131968749999 0.85011566875 0.5616048046875 0.845812690625 0.5818125640625 0.70849629375 0.6065683546875 0.727377965625 0.6612852640625
0 0.754182884375 0.7281411390625 0.8806017296875 0.708938784375 0.8900609328125 0.6850004375000001 0.8708014421874999 0.59481383125 0.8577219671874999 0.5864054546874999 0.84289925625 0.64763634375 0.7310470390625 0.6664008765625 0.754182884375 0.7281411390625
0 0.8985813484375 0.7744096359375 0.90272585 0.760532721875 0.88575795625 0.7052081953125 0.880016628125 0.7070310421875 0.748600034375 0.72363314375 0.770833828125 0.79612735 0.8985813484375 0.7744096359375
0 0.836170878125 0.46135676718749996 0.8553695015624999 0.5034119921875 0.85515015625 0.4616114546875 0.8409492843749999 0.42215648281249996 0.73893409375 0.4524523625 0.7222464109375 0.48705975781250005 0.836170878125 0.46135676718749996
0 1 0.35447413125 0.8474829906249999 0.3886794234375 0.8431800125000001 0.40888718281249997 0.8614765828125 0.46169635 1 0.4384574109375 1 0.35447413125
0 1 0.43855511406250003 0.85764903125 0.4629115828125 0.871849903125 0.502366553125 1 0.479130625 1 0.43855511406250003
0 1 0.4788661765625 0.8795050062499999 0.49993609218749996 0.869887325 0.53020528125 0.88212561875 0.59749898125 1 0.580936728125 1 0.4788661765625
0 1 0.5806759453125 0.8859531687500001 0.59628375 0.8850023140625 0.634268803125 0.8975575593749999 0.68890081875 1 0.6794759890625001 1 0.5806759453125
0 1 0.6734671640625 0.8883056328125001 0.6792772109375 0.8890004046875 0.702085221875 0.902567375 0.7668635640625 1 0.756199340625 1 0.6734671640625
0 0.550665225 0 0.48442718749999997 0.026628048437500003 0.499798259375 0.06989850625 0.5221784640625 0.060699378125 0.5529085406250001 0.0718777984375 0.5778972921875 0.084879065625 0.5814078921875 0.0963255203125 0.6095294203125 0.08530354531249999 0.5870041953125 0 0.550665225 0
0 0.5814078921875 0.0963255203125 0.6122597062499999 0.20376670156249999 0.6452205125 0.20167582187500002 0.610858096875 0.08278818593750001 0.5814078921875 0.0963255203125