0 0 0.3055453203125 0.1491317484375 0.275607125 0.21081180000000002 0.361376525 0.20870245625 0.23577734687500002 0.18182420625 0.1827408703125 0.1543759765625 0.1714739203125 0 0.19438805625 0 0.3055453203125
0 0 0.4298651578125 0.1532696078125 0.4028903921875 0.2081508453125 0.47437481562499995 0.22108244843749997 0.4697497234375 0.230494978125 0.394998740625 0.1495280046875 0.2807364078125 0 0.308637703125 0 0.4298651578125
0 0 0.5456286671874999 0.1603549875 0.5191798390625 0.2113208953125 0.5154090906250001 0.21033786718749997 0.4781106171875 0.148135071875 0.41014840937499997 0 0.43119964531250005 0 0.5456286671874999
0 0 0.677949653125 0.19019754687499998 0.63516120625 0.22425407343749998 0.6336732296875 0.2241260109375 0.5337204718749999 0.18856371249999998 0.51571716875 0 0.5503824015625 0 0.677949653125
0 0 0.7990011046875 0.18645909375 0.758785690625 0.19019912187500002 0.7580504390625 0.23194144374999998 0.7331813406250001 0.22807335312500002 0.6339638359374999 0.18661602187499998 0.6379481703125001 0 0.6774868421875 0 0.7990011046875
0 0.4853531484375 0 0.1889856875 0.0542777078125 0.20033383749999997 0.1520247125 0.1850887265625 0.1758504796875 0.21233121875 0.2090280484375 0.229225384375 0.255695796875 0.790071353125 0.1433564140625 0.8409732328124999 0.089609284375 0.8214755703125001 0 0.4853531484375 0
0 0.8102788500000001 0.28206067031250004 0.784540559375 0.1454851453125 0.2137897578125 0.2524816609375 0.2107325484375 0.36035066875 0.23650127968749998 0.3990251484375 0.8102788500000001 0.28206067031250004
0 0.2404790625 0.4013674671875 0.2543160203125 0.555904221875 0.8428159562499999 0.4329211703125 0.8156511421875001 0.277880221875 0.2404790625 0.4013674671875
0 0.2486267234375 0.5559812421875 0.2426860265625 0.7248204484375 0.87169228125 0.585542778125 0.8446859703125 0.43255354375 0.2486267234375 0.5559812421875
0 0.9520711015625001 0.3125270703125 0.8299147937500001 0.33964521875 0.8513262812500001 0.44478680625000006 0.9606357843750001 0.4233914171875 0.9520711015625001 0.3125270703125
0 0.851167778125 0.4427350921875 0.8755587968749999 0.5618710499999999 0.952206209375 0.5447512171875 0.9613539171875001 0.43268717656250005 0.9607205828125001 0.42448908437500005 0.851167778125 0.4427350921875