0 0.9027875484375001 0.2509175359375 0.6727525156249999 0.2643291859375 0.6767531234375 0.5404189046875 0.8947863312500001 0.5237023125 0.9027875484375001 0.2509175359375
0 0.6787534281250001 0.2639793171875 0.3747071203125 0.2777013390625 0.380708034375 0.5556767734375 0.6727525140624999 0.5366474703125 0.6787534281250001 0.2639793171875
0 0.372706815625 0.279820303125 0.06866050781250001 0.295544665625 0.0806623359375 0.5771749109375001 0.380708034375 0.5616837953125 0.372706815625 0.279820303125
0 0.3507034640625 0.563433140625 0.0706608125 0.5797603671875 0.0766617265625 0.8196913359375 0.34870315937499996 0.7938189015625 0.3507034640625 0.563433140625
0 0.614743678125 0.5400295374999999 0.350703465625 0.5554237796875 0.34870315937499996 0.7978235812500001 0.616743984375 0.776189071875 0.614743678125 0.5400295374999999
0 0.8947863312500001 0.525704653125 0.6207445921875 0.54368435 0.616743984375 0.7801937515625 0.8847848078125 0.75855924375 0.8947863312500001 0.525704653125
0 0.6187442890625 0.7780747890625 0.3507034640625 0.7977069578125 0.3507034640625 0.9719105656249999 0.616743984375 0.9543973609374999 0.6187442890625 0.7780747890625
0 0.616743984375 0.7801937515625 0.6187442890625 0.9542807375000001 0.62768899375 0.9537592374999999 0.8809299234375001 0.9345697875000001 0.8867851124999999 0.75644028125 0.616743984375 0.7801937515625
0 0.34670285624999997 0.7999425453125 0.0726611171875 0.821926921875 0.0706608125 0.9842331109375 0.34870315937499996 0.9680225078125 0.34670285624999997 0.7999425453125
0 0.0646946328125 0 0.06866050781250001 0.293542325 0.310697371875 0.283435615625 0.318698590625 0.0426882859375 0.3090976828125 0 0.0646946328125 0
0 0.3224367140625 0 0.31469798125000004 0.2832023703125 0.612743375 0.2658255359375 0.620007271875 0 0.3224367140625 0
0 0.623540925 0 0.6107430703125 0.2679445 0.9247909 0.2436276625 0.92824025 0 0.623540925 0