0 0.9099999999999999 0.1253333328125 0.9119999999999999 0.16 0.998 0.1386666671875 1 0.10133333281250001 0.9560000000000001 0.096 0.9359999999999999 0.10133333281250001 0.9099999999999999 0.1253333328125
0 0.9119999999999999 0.21600000000000003 0.9119999999999999 0.27999999999999997 1 0.2666666671875 0.998 0.1413333328125 0.916 0.16 0.892 0.2133333328125 0.9119999999999999 0.21600000000000003
0 0.8960000000000001 0.2853333328125 0.9 0.392 0.982 0.392 0.982 0.2693333328125 0.8960000000000001 0.2853333328125
0 1 0.2666666671875 0.984 0.272 0.982 0.392 1 0.38933333281250004 1 0.2666666671875
0 1 0.3973333328125 0.9400000000000001 0.392 0.9 0.3946666671875 0.9019999999999999 0.504 1 0.512 1 0.3973333328125
0 0.906 0.504 0.906 0.608 0.992 0.6213333328124999 0.99 0.5146666671875 0.906 0.504
0 0.906 0.6106666671875 0.908 0.7093333328125 1 0.7386666671875 0.998 0.6266666671875 0.906 0.6106666671875
0 1 0.7413333328125 0.99 0.7386666671875 0.9880000000000001 0.8426666671874999 1 0.8453333328125 1 0.7413333328125
0 0.9119999999999999 0.7146666671874999 0.9119999999999999 0.8026666671875 0.986 0.8400000000000001 0.99 0.7386666671875 0.9119999999999999 0.7146666671874999
0 0.906 0.6586666671875 0.882 0.6586666671875 0.882 0.7413333328125 0.9 0.752 0.9099999999999999 0.7493333328125 0.906 0.6586666671875
0 0.884 0.568 0.882 0.6586666671875 0.906 0.6559999999999999 0.906 0.568 0.884 0.568
0 0.906 0.5066666671875 0.9019999999999999 0.5066666671875 0.9 0.472 0.882 0.47466666718750006 0.8720000000000001 0.4853333328125 0.874 0.5653333328125 0.906 0.5653333328125 0.906 0.5066666671875
0 0.882 0.384 0.8800000000000001 0.472 0.9 0.4693333328125 0.898 0.384 0.882 0.384
0 0.8960000000000001 0.2906666671875 0.882 0.2906666671875 0.882 0.3786666671875 0.898 0.3786666671875 0.8960000000000001 0.2906666671875
0 0.908 0.17333333281250002 0.9099999999999999 0.14666666718750002 0.8779999999999999 0.14666666718750002 0.8779999999999999 0.192 0.9 0.1893333328125 0.908 0.17333333281250002
0 0.9099999999999999 0.27999999999999997 0.914 0.21600000000000003 0.89 0.21600000000000003 0.9 0.192 0.882 0.1946666671875 0.882 0.2853333328125 0.9099999999999999 0.27999999999999997
0 0.876 0.1946666671875 0.8779999999999999 0.096 0.8619999999999999 0.07466666718750001 0.8039999999999999 0.09066666718750001 0.8019999999999999 0.192 0.876 0.1946666671875
0 0.8800000000000001 0.29333333281249996 0.8800000000000001 0.1973333328125 0.808 0.192 0.808 0.296 0.8800000000000001 0.29333333281249996
0 0.836 0.296 0.8380000000000001 0.38933333281250004 0.882 0.38933333281250004 0.882 0.29333333281249996 0.836 0.296
0 0.8800000000000001 0.47466666718750006 0.882 0.392 0.8099999999999999 0.3946666671875 0.8039999999999999 0.49866666718749997 0.818 0.496 0.8720000000000001 0.4853333328125 0.8800000000000001 0.47466666718750006
0 0.784 0.30133333281249997 0.782 0.4 0.8380000000000001 0.392 0.836 0.296 0.784 0.30133333281249997
0 0.778 0.504 0.784 0.5946666671874999 0.8220000000000001 0.5813333328125 0.818 0.49866666718749997 0.778 0.504
0 0.748 0.4106666671875 0.75 0.5066666671875 0.8039999999999999 0.4933333328125 0.806 0.3973333328125 0.748 0.4106666671875
0 0.748 0.40800000000000003 0.71 0.41600000000000004 0.708 0.52 0.748 0.5066666671875 0.748 0.40800000000000003
0 0.82 0.49866666718749997 0.8240000000000001 0.5813333328125 0.874 0.568 0.8699999999999999 0.4853333328125 0.82 0.49866666718749997
0 0.784 0.5946666671874999 0.776 0.5013333328125 0.708 0.5226666671875 0.712 0.5493333328125 0.704 0.5519999999999999 0.708 0.6293333328124999 0.784 0.5946666671874999
0 0.748 0.7093333328125 0.748 0.6133333328125 0.71 0.6293333328124999 0.708 0.6559999999999999 0.716 0.6586666671875 0.716 0.7226666671875 0.748 0.7093333328125
0 0.806 0.5866666671874999 0.75 0.6106666671875 0.75 0.704 0.758 0.704 0.808 0.6853333328125 0.806 0.5866666671874999
0 0.808 0.5893333328125 0.8099999999999999 0.6799999999999999 0.8800000000000001 0.6613333328125 0.882 0.568 0.808 0.5893333328125
0 0.882 0.6639999999999999 0.8320000000000001 0.6746666671875 0.834 0.768 0.884 0.7493333328125 0.8800000000000001 0.744 0.882 0.6639999999999999
0 0.8320000000000001 0.6746666671875 0.782 0.6986666671874999 0.784 0.7893333328125001 0.834 0.768 0.8320000000000001 0.6746666671875
0 0.782 0.696 0.716 0.7253333328125 0.714 0.8186666671875 0.784 0.792 0.782 0.696
0 0.644 0.7973333328125001 0.646 0.9093333328125001 0.714 0.8800000000000001 0.714 0.7733333328125 0.644 0.7973333328125001
0 0.754 0.192 0.754 0.30133333281249997 0.806 0.296 0.806 0.192 0.754 0.192
0 0.658 0.11200000000000002 0.6599999999999999 0.1653333328125 0.718 0.1493333328125 0.7 0.1866666671875 0.75 0.1893333328125 0.8019999999999999 0.1866666671875 0.8019999999999999 0.09066666718750001 0.774 0.07466666718750001 0.774 0.064 0.658 0.11200000000000002
0 0.6980000000000001 0.1866666671875 0.702 0.304 0.754 0.30133333281249997 0.752 0.1893333328125 0.6980000000000001 0.1866666671875
0 0.702 0.304 0.7 0.4186666671875 0.782 0.4 0.782 0.2986666671875 0.702 0.304
0 0.622 0.3093333328125 0.626 0.43200000000000005 0.7 0.42400000000000004 0.702 0.304 0.622 0.3093333328125
0 0.7 0.2986666671875 0.6980000000000001 0.184 0.718 0.1493333328125 0.658 0.1653333328125 0.568 0.1653333328125 0.568 0.1813333328125 0.5740000000000001 0.3066666671875 0.5860000000000001 0.3093333328125 0.7 0.2986666671875
0 0.538 0.31466666718749997 0.542 0.44266666718750003 0.62 0.43200000000000005 0.616 0.3093333328125 0.538 0.31466666718749997
0 0.584 0.44266666718750003 0.588 0.5626666671875 0.71 0.5413333328125 0.708 0.42400000000000004 0.584 0.44266666718750003
0 0.622 0.5599999999999999 0.63 0.6746666671875 0.706 0.6613333328125 0.702 0.5466666671875 0.622 0.5599999999999999
0 0.712 0.6586666671875 0.634 0.6746666671875 0.5900000000000001 0.6853333328125 0.596 0.808 0.606 0.8106666671875 0.714 0.7706666671875 0.712 0.6586666671875
0 0.604 0.8106666671875 0.596 0.8106666671875 0.5559999999999999 0.8213333328125 0.564 0.944 0.642 0.9119999999999999 0.64 0.8 0.604 0.8106666671875
0 0.5860000000000001 0.6853333328125 0.546 0.696 0.544 0.7066666671874999 0.506 0.7146666671874999 0.516 0.8373333328125 0.5559999999999999 0.8186666671875 0.5940000000000001 0.8106666671875 0.5860000000000001 0.6853333328125
0 0.54 0.576 0.546 0.6933333328125 0.628 0.6746666671875 0.62 0.5626666671875 0.54 0.576
0 0.58 0.44000000000000006 0.49400000000000005 0.4533333328125 0.502 0.5866666671874999 0.548 0.5706666671875 0.5860000000000001 0.5626666671875 0.58 0.44000000000000006
0 0.568 0.16799999999999998 0.528 0.1386666671875 0.47800000000000004 0.1706666671875 0.48600000000000004 0.31466666718749997 0.5740000000000001 0.3066666671875 0.568 0.16799999999999998
0 0.33199999999999996 0.1946666671875 0.33999999999999997 0.3306666671875 0.388 0.32 0.48200000000000004 0.31466666718749997 0.476 0.1706666671875 0.42800000000000005 0.14666666718750002 0.4 0.17333333281250002 0.384 0.17333333281250002 0.418 0.1386666671875 0.33199999999999996 0.1946666671875
0 0.33799999999999997 0.312 0.32999999999999996 0.1653333328125 0.314 0.1413333328125 0.13999999999999999 0.136 0.136 0.1813333328125 0.156 0.3226666671875 0.33799999999999997 0.312
0 0.242 0.0773333328125 0.196 0.061333332812499995 0.192 0.072 0.188 0.072 0.192 0.05600000000000001 0.146 0.072 0.134 0.096 0.136 0.136 0.248 0.1413333328125 0.242 0.0773333328125
0 0.064 0.1173333328125 0.136 0.144 0.13 0.06933333281250001 0.08399999999999999 0.0346666671875 0.06 0.0666666671875 0.05600000000000001 0.064 0.072 0.0346666671875 0.026000000000000002 0.061333332812499995 0 0.10400000000000001 0.002 0.144 0.062 0.1413333328125 0.064 0.1173333328125
0 0 0.25866666718750003 0.008 0.3253333328125 0.148 0.32 0.136 0.14666666718750002 0.066 0.1173333328125 0.062 0.14666666718750002 0 0.14666666718750002 0 0.25866666718750003
0 0 0.504 0.10200000000000001 0.488 0.088 0.32799999999999996 0 0.3306666671875 0 0.504
0 0.098 0.3226666671875 0.11200000000000002 0.4853333328125 0.236 0.4693333328125 0.22599999999999998 0.32 0.098 0.3226666671875
0 0.22999999999999998 0.32 0.24 0.4693333328125 0.352 0.4533333328125 0.33599999999999997 0.312 0.22999999999999998 0.32
0 0.362 0.46666666718750005 0.396 0.46399999999999997 0.54 0.4453333328125 0.532 0.312 0.388 0.3226666671875 0.352 0.3306666671875 0.362 0.46666666718750005
0 0.382 0.5946666671874999 0.40199999999999997 0.6053333328125 0.496 0.584 0.49000000000000005 0.45599999999999996 0.396 0.46666666718750005 0.374 0.46666666718750005 0.382 0.5946666671874999
0 0.544 0.7013333328125 0.538 0.5786666671875 0.40199999999999997 0.6053333328125 0.374 0.5893333328125 0.382 0.7173333328125 0.40599999999999997 0.7466666671875 0.544 0.7013333328125
0 0.512 0.8426666671874999 0.504 0.7173333328125 0.40599999999999997 0.7466666671875 0.394 0.736 0.394 0.8560000000000001 0.422 0.8720000000000001 0.512 0.8426666671874999
0 0.562 0.9413333328125001 0.5559999999999999 0.8213333328125 0.42400000000000004 0.8746666671875 0.4 0.8640000000000001 0.404 0.9626666671875 0.426 0.9973333328124999 0.438 0.9973333328124999 0.562 0.9413333328125001
0 0.356 0.45599999999999996 0.178 0.48266666718750006 0.194 0.6186666671875 0.20600000000000002 0.6346666671875 0.366 0.5893333328125 0.356 0.45599999999999996
0 0.184 0.6266666671875 0.174 0.4853333328125 0.046 0.49866666718749997 0.057999999999999996 0.6559999999999999 0.184 0.6266666671875
0 0 0.6693333328125 0.048 0.6559999999999999 0.032 0.49866666718749997 0 0.504 0 0.6693333328125
0 0 0.8240000000000001 0.132 0.7866666671875 0.122 0.6426666671875 0 0.6693333328125 0 0.8240000000000001
0 0.20600000000000002 0.6373333328124999 0.188 0.6266666671875 0.128 0.64 0.142 0.7866666671875 0.258 0.7546666671875 0.248 0.624 0.20600000000000002 0.6373333328124999
0 0.258 0.6213333328124999 0.27 0.7493333328125 0.368 0.72 0.362 0.592 0.258 0.6213333328124999
0 0.20800000000000002 0.768 0.21800000000000003 0.9039999999999999 0.372 0.8453333328125 0.368 0.7226666671875 0.20800000000000002 0.768
0 0.21400000000000002 0.9039999999999999 0.202 0.7706666671875 0.086 0.8026666671875 0.096 0.944 0.21400000000000002 0.9039999999999999
0 0.088 0.9466666671875 0.072 0.8053333328125 0.002 0.8266666671875 0 0.976 0.088 0.9466666671875
0 0 0.9973333328124999 0.16 0.9973333328124999 0.154 0.9279999999999999 0 0.976 0 0.9973333328124999
0 0.156 0.9279999999999999 0.162 1 0.27799999999999997 0.9973333328124999 0.266 0.8880000000000001 0.156 0.9279999999999999
0 0.304 1 0.386 0.968 0.378 0.8480000000000001 0.27799999999999997 0.8800000000000001 0.286 1 0.304 1