0 1 0.0437829515625 0.880470128125 0.040435575 0.7941989859375 0.329564975 0.818766940625 0.54223659375 0.9222108109375 0.5570262953125 1 0.39678006250000003 1 0.0437829515625
0 1 0.4052105859375 0.8692770968750001 0.68129301875 0.8926754328125 0.7533272453125 0.9750056953125 0.9804785640624999 0.9918333578125 0.9719881859375 1 0.5312826562499999 1 0.4052105859375
0 0.6826829984375 0.52781995 0.7420623109375 0.7818844234375 0.8103769234374999 0.6073993546875001 0.904040825 0.600850728125 0.9236598671875 0.5571021921875 0.8150897921875 0.5451679140625 0.79508705 0.3202397453125 0.79981579375 0.29862001718750003 0.7438818265625 0.30402086875 0.6826829984375 0.52781995
0 0.643865303125 0.21756065468750002 0.63083739375 0.299141375 0.6395862328125 0.2964756890625 0.663904384375 0.4404081171875 0.7030470328125 0.44141694062500003 0.7337021015625 0.30557030625000003 0.7983667390625 0.29854412343750003 0.876829321875 0.0412861875 0.610275953125 0.023160015625 0.643865303125 0.21756065468750002
0 0.31238620156249997 0.0138056203125 0.30324660937500003 0.20492699062500003 0.3101238875 0.309417659375 0.6221430671875 0.298686003125 0.6300811125 0.2178799984375 0.6102214421875 0.026281074999999997 0.31238620156249997 0.0138056203125
0 0.2962125046875 0.31701947656249996 0.3028422734375 0.31111888906249996 0.29578329062500003 0.217031746875 0.29794515625 0.0104044734375 0.0106516734375 0.0003719640625 0.0049845828125 0.324841484375 0.2962125046875 0.31701947656249996
0 0.0052773015625000004 0.3246902078125 0.0007119171875 0.6691229437499999 0.2884242359375 0.6383747093750001 0.2954698078125 0.3180218828125 0.0052773015625000004 0.3246902078125
0 0.3036393109375 0.6391716125 0.6876774218749999 0.6155511328125 0.6938370500000001 0.595047653125 0.6388071937500001 0.29955880156250003 0.312261128125 0.3116122078125 0.29691886093750003 0.3180977765625 0.3036393109375 0.6391716125
0 0.30306665312500003 1 0.2992376359375 0.6420649843749999 0 0.6721687546874999 0 0.9856235390625001 0.25730484531250003 1 0.30306665312500003 1
0 0.7802283234375 1 0.714521275 0.614874490625 0.3036029703125 0.6412523203125 0.3092776828125 1 0.7802283234375 1
0 0.9856690890625 1 0.9742266562499999 0.9835616765624999 0.8656908031249999 0.6790225765625 0.900272825 0.608983815625 0.8122416078124999 0.6251991968749999 0.7447968859375 0.7913993890625 0.7808226453125 1 0.9856690890625 1