0 0.173675990625 0.25696594687499996 0.44080660156249996 0.25077399375 0.4394366984375 0.005159959375 0.1723060890625 0.0082559328125 0.1599769828125 0.23839009375 0.173675990625 0.25696594687499996
0 0.447656096875 0.0030959734375 0.44491630156250006 0.24664602656249998 0.7024576015624999 0.2590299265625 0.7188964078125 0.005159959375 0.447656096875 0.0030959734375
0 0.7271158140625 0.01135190625 0.7051974078125001 0.2590299265625 0.959998903125 0.269349846875 0.9668484078124999 0.0227038203125 0.7271158140625 0.01135190625
0 0.7051974078125001 0.2641898859375 0.70930710625 0.518059853125 0.9545193015625 0.5211558328125 0.9613688046875 0.27554179375 0.7051974078125001 0.2641898859375
0 0.7024576015624999 0.5221878203125 0.699717796875 0.7729618140625 0.9531493984375 0.7708978328125 0.9572591062500001 0.5232198140625 0.7024576015624999 0.5221878203125
0 0.7024576015624999 0.7770897796875 0.6902654874999999 0.9933333328125 0.9557522125 0.9933333328125 0.9490396984375 0.7729618140625 0.7024576015624999 0.7770897796875
0 0.6814159296875 0.9933333328125 0.6942381953125001 0.77399380625 0.4271075921875 0.7770897796875 0.43362831875 0.9933333328125 0.6814159296875 0.9933333328125
0 0.42299789375 0.7750258 0.1558672828125 0.7832817328125 0.14159292031249998 0.9933333328125 0.415929203125 0.9933333328125 0.42299789375 0.7750258
0 0.149017778125 0.77399380625 0.42025808906249995 0.7667698671875 0.42162799062499995 0.520123840625 0.165456584375 0.5159958734375001 0.149017778125 0.77399380625
0 0.42162799062499995 0.520123840625 0.43395709687500006 0.2528379796875 0.15449738125 0.2579979328125 0.1572371859375 0.51186790625 0.42162799062499995 0.520123840625
0 0 0.64 0.142168275 0.6284829734375 0.142168275 0.5139318859374999 0.1298391765625 0.374613 0 0.37333333281250003 0 0.64
0 0.44491630156250006 0.255933953125 0.44080660156249996 0.379772959375 0.699717796875 0.382868940625 0.699717796875 0.2652218796875 0.44491630156250006 0.255933953125
0 0.699717796875 0.6780185734375 0.4284774953125 0.6749226 0.42436778750000004 0.7719298265625001 0.695608096875 0.77399380625 0.699717796875 0.6780185734375