0 0.43079396406250003 0.24165216875 0.1769235703125 0.18816093125 0.1261491109375 0.508597809375 0.37967518437500003 0.5121876078125001 0.43079396406250003 0.24165216875
0 0.6119451015624999 0.2902671921875 0.43136111250000003 0.246189203125 0.37967518437500003 0.5121876078125001 0.564599803125 0.516108909375 0.6119451015624999 0.2902671921875
0 0.37612453125 0.511516921875 0.1249421296875 0.5072623484375 0.087524325 0.8014278156250001 0.3342422203125 0.7616475390625 0.37612453125 0.511516921875
0 0.5618998734375 0.522243771875 0.38066888906249996 0.5145902609374999 0.336799165625 0.7599155703125 0.517896721875 0.727674753125 0.5618998734375 0.522243771875
0 0.3314016984375 0.7611109890625001 0.08986799375 0.8007630390625 0.07905395312499999 0.891748309375 0.30395198749999996 0.9353370265625 0.3314016984375 0.7611109890625001
0 0.395024384375 0.9543560515625 0.476382609375 0.9169637609375 0.515410071875 0.732742425 0.3314016984375 0.7611109890625001 0.30395198749999996 0.9353370265625 0.395024384375 0.9543560515625
0 0.59691565 0.17003585000000002 0.5533117390625 0.170659265625 0.5362471203125 0.2671087109375 0.573030915625 0.27848674687499997 0.59691565 0.17003585000000002
0 0.60011243125 0.1651023171875 0.573954325 0.27755369375 0.6131520859374999 0.29160265625 0.597153859375 0.38271615625 0.6847131625 0.3981478578125 0.7315544468749999 0.204327728125 0.6487575515625 0.1687535703125 0.60011243125 0.1651023171875
0 0.7983746046875 0.23134664218749998 0.732691134375 0.2023274859375 0.686063128125 0.3950804265625 0.7570761593750001 0.40849415625 0.7983746046875 0.23134664218749998
0 0.8554662171875 0.255420446875 0.7988714578125 0.23254797031250002 0.759490125 0.411165084375 0.815449825 0.4150905234375 0.8554662171875 0.255420446875
0 0.9004856140624999 0.2772139171875 0.8568161812499999 0.25235301718750003 0.8180770671875001 0.4166942609375 0.8635980921874999 0.4175404484375 0.9004856140624999 0.2772139171875
0 0.9443707109374999 0.289933328125 0.9015520031250001 0.2718779734375 0.8631715375000001 0.419674825 0.9039325390625 0.42958916875000003 0.9443707109374999 0.289933328125
0 0.5965140234375 0.3859177265625 0.5540765015625 0.5761397859375 0.6949027453125 0.5684088671875 0.731012225 0.4135381921875 0.5965140234375 0.3859177265625
0 0.829225875 0.41990764374999995 0.7308716328125 0.40686678125000003 0.6963230046875 0.5686771421875 0.7974522453125 0.5567702406249999 0.829225875 0.41990764374999995
0 0.8982514968749999 0.42851606875000003 0.8286587265625001 0.41537061406250003 0.7982326734375 0.5602400828125 0.8710972984375 0.5496391 0.8982514968749999 0.42851606875000003
0 0.691635665625 0.57000669375 0.552939815625 0.5781400234375 0.510007828125 0.756086453125 0.6519052359375 0.720870978125 0.691635665625 0.57000669375
0 0.79091809375 0.5599658984375 0.6911388140625 0.5688053703125 0.6529692390624999 0.7266093375 0.7552399421875 0.6905535859375 0.79091809375 0.5599658984375
0 0.8641365875 0.5549691375 0.79006498125 0.5642346546875 0.7555235171875 0.6928221 0.832224753125 0.6740860171875 0.8641365875 0.5549691375
0 0.6500584203125 0.7227370828125 0.50887114375 0.7580866937499999 0.4768794609375 0.9181650875 0.618071515625 0.8606668687499999 0.6500584203125 0.7227370828125
0 0.7534634234375 0.6957553937500001 0.6552426125 0.72260885625 0.6167918484375 0.867070003125 0.7251725390625 0.8188786640625001 0.7534634234375 0.6957553937500001
0 0.829667809375 0.6758179828124999 0.756446925 0.6918890515625 0.7273029296875 0.8192810765624999 0.8021597375 0.79133679375 0.829667809375 0.6758179828124999
0 0.9047856515625 0.42532041249999997 0.8979679218750001 0.42624755312499996 0.8789885796875 0.5101530953125 0.9354475203125 0.50420555625 0.97240295 0.378289034375 0.9231906796875 0.3701007515625 0.9047856515625 0.42532041249999997
0 1 0.3855275671875 0.9731130796875 0.3784231734375 0.93189686875 0.50353486875 0.9828129750000001 0.5142599421875 1 0.4522117703125 1 0.3855275671875
0 0.8723042812499999 0.550974565625 0.8627866234375 0.5580365671874999 0.8391175531249999 0.6543459703125001 0.900123240625 0.6403974609375 0.9327475921874999 0.510340415625 0.879129171875 0.51682450625 0.8723042812499999 0.550974565625
0 0.979688878125 0.5114548796875 0.932250740625 0.5091390875 0.9038895578125 0.62892665625 0.9474231734374999 0.624967534375 0.955738621875 0.5944214578125 0.952905265625 0.5606619937499999 0.9570981375000001 0.5470568078125 0.9730772640625001 0.5445377453125 0.979688878125 0.5114548796875
0 0.8036526828125 0.7838664671875 0.8695613734375 0.7564469109374999 0.89756629375 0.642129428125 0.8368441828125001 0.65834645 0.830591215625 0.6748849296875 0.8036526828125 0.7838664671875
0 0.9464997640625 0.6259005875 0.9010466484374999 0.6394644109375001 0.8648740343749999 0.757776465625 0.9137372062500001 0.73821191875 0.9464997640625 0.6259005875