0 0.85717236875 0.5399797609375 0.9695394609375001 0.6132531218749999 0.9795066703125 0.399253121875 0.8755066703125 0.40349079843749996 0.85717236875 0.5399797609375
0 0.7541093984375 0.4383804234375 0.7805861843749999 0.2556469796875 0.7508656390625 0.2508693859375 0.622958790625 0.2540849859375 0.5249587906250001 0.2580781796875 0.5151340640625001 0.4261596734375 0.5597367921874999 0.4542853171875 0.74782994375 0.4446249046875 0.7541093984375 0.4383804234375
0 0.20705194218749998 0.2690356875 0.20020254999999998 0.45895419375 0.5122957015625 0.4442411671875 0.5227724874999999 0.2621596734375 0.5209587906250001 0.2582411671875 0.4792382453125 0.2539525359375 0.21979715312499998 0.252546725 0.20705194218749998 0.2690356875
0 0.6388874 0.6406995921874999 0.64451479375 0.6484551109375001 0.8286079453124999 0.6389576859375 0.837073703125 0.6286317109375 0.8629915796875001 0.4578982671875 0.77457515625 0.4275654859375 0.7584820046875 0.4302174359375 0.7561093984375 0.43829892968750006 0.7477367921875 0.44662490468750005 0.635643640625 0.4531885546875 0.656898428125 0.4682921234375 0.6388874 0.6406995921874999
0 0.51420255 0.4461596734375 0.41820255 0.45007137343750003 0.438898428125 0.47717494218749995 0.421955884375 0.6695009171875 0.6364216421875 0.6507810859375 0.6528052765625 0.47045511093750003 0.633643640625 0.45327004843749996 0.5597367921874999 0.4542853171875 0.5150409125000001 0.42815967343750005 0.51420255 0.4461596734375
0 0.19576958125 0.6827097125 0.42004903593750004 0.6675824109375 0.4368052765625 0.47925643593749995 0.41820255 0.45007137343750003 0.20610939843749998 0.46070971250000003 0.196618975 0.49303568750000004 0.19576958125 0.6827097125
0 0 0.6886905062500001 0.1778627328125 0.6814431562500001 0.1913531578125 0.6489541937500001 0.192618975 0.49319867500000003 0.1977367921875 0.4690356875 0.197972428125 0.42111718125 0.119972428125 0.4242954375 0.11657515624999999 0.45437693125 0.030388853124999997 0.4618811625 0.030158731249999998 0.42396265624999996 0 0.42519152968749996 0 0.6886905062500001
0 0.8471230359374999 0.5843057359375 0.9289805515625 0.626882996875 0.90352843125 0.787616440625 0.9616215828125 0.783253121875 0.9694463093750001 0.615253121875 0.850986065625 0.5442242421875 0.8471230359374999 0.5843057359375
0 0.7425147937500001 0.6444619171875 0.743955884375 0.6563804234374999 0.7204106140625 0.8190323734374999 0.9009695234375 0.7996979343749999 0.9248874 0.629045984375 0.8450298843749999 0.5863872296875 0.8348874000000001 0.6327132046874999 0.8306079453124999 0.6388761921875 0.7425147937500001 0.6444619171875
0 0.7400490359375 0.6545434109375 0.7385147937500001 0.6446249046875 0.5460490359375 0.6624483046874999 0.5298517046875 0.8387742796875 0.7204106140625 0.8190323734374999 0.7400490359375 0.6545434109375
0 0.525758553125 0.8409372671875 0.5421421875 0.6606112921875 0.32976958125 0.6772496296875 0.32693121875000003 0.6953311234374999 0.3206407359375 0.8732496296875001 0.525758553125 0.8409372671875
0 0.09976958124999999 0.6866214125 0.0844654609375 0.7151918687500001 0.087802371875 0.9007029062499999 0.31654758437499997 0.8754126171875001 0.3238627328125 0.6754941109375 0.1935832796875 0.68679120625 0.193073703125 0.6548727000000001 0.17767643125000002 0.6854431562500001 0.09976958124999999 0.6866214125
0 0 0.998102184375 0.0434242515625 0.9963327812499999 0.064218796875 0.9355993375 0.0728818859375 0.7495993375000001 0.06534764374999999 0.7399253125 0 0.7399742093749999 0 0.998102184375
0 0.41519964375 0.8574194234375 0.32045443281249997 0.8772496296875 0.079802371875 0.90102888125 0.06728728125 0.9554363499999999 0.0694242515625 0.9952733625000001 0.41942425156249996 0.9810119546875 0.4255229171875 0.8929304609375001 0.41519964375 0.8574194234375
0 0.5958517046875 0.8360849859374999 0.5296654015625 0.8427742796875 0.4191064921875 0.8592564359375 0.4295229171875 0.8927674734375 0.4214242515625 0.9809304609374999 0.5074242515625 0.9774262296874999 0.577890009375 0.9645739484375 0.5958517046875 0.8360849859374999
0 0.8967832203125001 0.803860921875 0.60594485625 0.8336775171875 0.59557225 0.8420849859375 0.5794242515625 0.9744924546875 0.8894242515625 0.961860921875 0.9158517046875 0.823045984375 0.8967832203125001 0.803860921875
0 0.906876371875 0.8014534531249999 0.9179448562499999 0.820964490625 0.8914242515625 0.961779428125 0.9534242515625 0.959253121875 0.9614352796875 0.787253121875 0.9074352796875 0.7894534531249999 0.906876371875 0.8014534531249999