0 0.296 0.264 0.3 0.192 0.182 0.1706666671875 0.176 0.24 0.282 0.2506666671875 0.296 0.264
0 0.286 0.3466666671875 0.292 0.2693333328125 0.27999999999999997 0.2533333328125 0.13999999999999999 0.24 0.122 0.3226666671875 0.272 0.3386666671875 0.286 0.3466666671875
0 0.122 0.304 0.11200000000000002 0.2986666671875 0.10600000000000001 0.3413333328125 0.12 0.344 0.12 0.3253333328125 0.122 0.304
0 0.27799999999999997 0.4453333328125 0.3 0.44800000000000006 0.286 0.42133333281249996 0.286 0.3546666671875 0.27799999999999997 0.3466666671875 0.124 0.3306666671875 0.10600000000000001 0.41600000000000004 0.264 0.4373333328125 0.27799999999999997 0.4453333328125
0 0.118 0.3466666671875 0.052000000000000005 0.3306666671875 0.008 0.472 0.086 0.488 0.118 0.3466666671875
0 0.03 0.3973333328125 0.04 0.36 0.002 0.36266666718749996 0 0.46666666718750005 0.006 0.4693333328125 0.03 0.3973333328125
0 0.25 0.5093333328125 0.258 0.44000000000000006 0.10200000000000001 0.42400000000000004 0.09 0.5013333328125 0.246 0.52 0.25 0.5093333328125
0 0.386 0.49866666718749997 0.33199999999999996 0.49866666718749997 0.306 0.4533333328125 0.258 0.45599999999999996 0.25 0.5306666671875 0.382 0.536 0.386 0.49866666718749997
0 0.057999999999999996 0.6559999999999999 0.08399999999999999 0.49066666718749996 0.006 0.47466666718750006 0 0.4773333328125 0.002 0.64 0.041999999999999996 0.648 0.057999999999999996 0.6559999999999999
0 0.244 0.5253333328124999 0.09 0.512 0.076 0.6 0.23399999999999999 0.6213333328124999 0.244 0.5253333328124999
0 0.21800000000000003 0.7306666671875 0.23199999999999998 0.6266666671875 0.072 0.608 0.052000000000000005 0.6986666671874999 0.06 0.704 0.21800000000000003 0.7306666671875
0 0.21200000000000002 0.7333333328125 0.032 0.704 0.012 0.8 0.196 0.8320000000000001 0.21200000000000002 0.7333333328125
0 0.046 0.6986666671874999 0.052000000000000005 0.6613333328125 0.038 0.6533333328125 0.002 0.6453333328124999 0.002 0.7813333328125001 0.03 0.7013333328125 0.046 0.6986666671874999
0 0.178 0.9279999999999999 0.196 0.8346666671875 0.012 0.8026666671875 0.002 0.8506666671875 0 0.8960000000000001 0.178 0.9279999999999999
0 0.16399999999999998 0.9973333328124999 0.178 0.9333333328125001 0 0.8986666671875 0.002 0.984 0.08399999999999999 0.9973333328124999 0.16399999999999998 0.9973333328124999
0 0.078 1 0.002 0.9893333328124999 0 1 0.078 1
0 0.38 0.5466666671875 0.38 0.544 0.248 0.5386666671875 0.236 0.6186666671875 0.376 0.6266666671875 0.38 0.5466666671875
0 0.376 0.6293333328124999 0.238 0.624 0.22599999999999998 0.7013333328125 0.372 0.712 0.376 0.6293333328124999
0 0.364 0.7973333328125001 0.37 0.768 0.37 0.7173333328125 0.22400000000000003 0.7093333328125 0.21400000000000002 0.8026666671875 0.362 0.8240000000000001 0.364 0.7973333328125001
0 0.352 0.944 0.358 0.8320000000000001 0.35 0.8240000000000001 0.20400000000000001 0.8053333328125 0.186 0.9333333328125001 0.33399999999999996 0.952 0.352 0.944
0 0.348 0.9973333328124999 0.346 0.9546666671875 0.33399999999999996 0.96 0.186 0.9386666671875 0.174 0.9973333328124999 0.33399999999999996 0.9973333328124999 0.348 0.9973333328124999
0 0.33599999999999997 0.496 0.386 0.496 0.386 0.472 0.386 0.4453333328125 0.5700000000000001 0.44266666718750003 0.58 0.45866666718750004 0.592 0.4613333328125 0.602 0.42133333281249996 0.5940000000000001 0.11200000000000002 0.304 0.1146666671875 0.296 0.2506666671875 0.286 0.41333333281250006 0.33599999999999997 0.496
0 0.5700000000000001 0.4453333328125 0.388 0.44800000000000006 0.386 0.5466666671875 0.5780000000000001 0.544 0.576 0.45599999999999996 0.5700000000000001 0.4453333328125
0 0.576 0.5493333328125 0.384 0.5493333328125 0.378 0.6533333328125 0.5740000000000001 0.6506666671875 0.58 0.6533333328125 0.576 0.5493333328125
0 0.5780000000000001 0.6559999999999999 0.376 0.6559999999999999 0.372 0.768 0.58 0.7733333328125 0.5780000000000001 0.6559999999999999
0 0.596 1 0.5940000000000001 0.7733333328125 0.584 0.7733333328125 0.368 0.776 0.356 1 0.596 1
0 0.9119999999999999 0.2026666671875 0.9099999999999999 0.192 0.89 0.0026666671875 0.624 0.0053333328125 0.62 0.2213333328125 0.628 0.24 0.642 0.2133333328125 0.9119999999999999 0.2026666671875
0 0.9380000000000001 0.46399999999999997 0.906 0.2053333328125 0.654 0.22400000000000003 0.63 0.23733333281250002 0.616 0.384 0.624 0.46666666718750005 0.6519999999999999 0.46666666718750005 0.9380000000000001 0.46399999999999997
0 0.992 0.8160000000000001 0.95 0.4693333328125 0.9480000000000001 0.46666666718750005 0.622 0.472 0.61 0.49866666718749997 0.612 0.808 0.63 0.8133333328125 0.992 0.8160000000000001
0 0.986 0.8213333328125 0.608 0.8160000000000001 0.608 0.9973333328124999 0.998 1 0.998 0.9386666671875 0.986 0.8213333328125