0 1 0.0266666671875 0.758 0.024 0.726 0.0346666671875 0.724 0.1706666671875 0.758 0.1706666671875 1 0.1706666671875 1 0.0266666671875
0 1 0.176 0.758 0.176 0.722 0.1786666671875 0.72 0.30133333281249997 0.752 0.3226666671875 1 0.3173333328125 1 0.176
0 1 0.3253333328125 0.754 0.3226666671875 0.752 0.45866666718750004 1 0.45866666718750004 1 0.3253333328125
0 1 0.45866666718750004 0.752 0.45866666718750004 0.746 0.5973333328125 1 0.6 1 0.45866666718750004
0 1 0.6 0.738 0.5973333328125 0.73 0.7306666671875 1 0.7253333328125 1 0.6
0 1 0.7306666671875 0.72 0.7413333328125 0.724 0.8613333328125 1 0.8480000000000001 1 0.7306666671875
0 1 0.8506666671875 0.71 0.8693333328125 0.712 0.9866666671875001 1 0.9706666671875 1 0.8506666671875
0 0.688 0.04 0.688 0.16 0.722 0.1653333328125 0.726 0.032 0.688 0.04
0 0.692 0.1626666671875 0.688 0.2826666671875 0.72 0.296 0.722 0.16799999999999998 0.692 0.1626666671875
0 0.5 0.0453333328125 0.504 0.16799999999999998 0.6900000000000001 0.1653333328125 0.686 0.0426666671875 0.5 0.0453333328125
0 0.5 0.1706666671875 0.504 0.2826666671875 0.686 0.288 0.6900000000000001 0.1653333328125 0.5 0.1706666671875
0 0.75 0.46666666718750005 0.752 0.3333333328125 0.6940000000000001 0.3066666671875 0.5820000000000001 0.30133333281249997 0.5820000000000001 0.40800000000000003 0.616 0.4613333328125 0.75 0.46666666718750005
0 0.614 0.592 0.746 0.5946666671874999 0.748 0.4693333328125 0.622 0.46666666718750005 0.58 0.41333333281250006 0.5780000000000001 0.52 0.614 0.592
0 0.502 0.4 0.502 0.52 0.5780000000000001 0.5173333328124999 0.58 0.40533333281250006 0.502 0.4
0 0.736 0.5973333328125 0.614 0.5893333328125 0.5780000000000001 0.5173333328124999 0.504 0.5253333328124999 0.5 0.6666666671875 0.516 0.7253333328125 0.728 0.7306666671875 0.736 0.5973333328125
0 0.516 0.7253333328125 0.506 0.696 0.502 0.8533333328125 0.72 0.8533333328125 0.72 0.728 0.516 0.7253333328125
0 0.5 0.8560000000000001 0.496 0.9813333328124999 0.706 0.984 0.708 0.8586666671875 0.5 0.8560000000000001
0 0.3 0.0533333328125 0.304 0.17333333281250002 0.488 0.1706666671875 0.49000000000000005 0.0533333328125 0.3 0.0533333328125
0 0.304 0.1786666671875 0.306 0.2853333328125 0.488 0.288 0.48600000000000004 0.17333333281250002 0.304 0.1786666671875
0 0.308 0.344 0.306 0.41333333281250006 0.496 0.41333333281250006 0.49400000000000005 0.3413333328125 0.308 0.344
0 0.306 0.41600000000000004 0.308 0.5306666671875 0.484 0.528 0.49000000000000005 0.4106666671875 0.306 0.41600000000000004
0 0.48 0.528 0.312 0.5333333328125 0.318 0.6613333328125 0.48600000000000004 0.6506666671875 0.49000000000000005 0.544 0.48 0.528
0 0.32599999999999996 0.6586666671875 0.324 0.7626666671875 0.488 0.7626666671875 0.49000000000000005 0.6533333328125 0.32599999999999996 0.6586666671875
0 0.324 0.7653333328125 0.32599999999999996 0.8773333328125 0.49000000000000005 0.8746666671875 0.49000000000000005 0.7653333328125 0.324 0.7653333328125
0 0.036 0.04 0.041999999999999996 0.16799999999999998 0.3 0.16799999999999998 0.298 0.0426666671875 0.036 0.04
0 0.012 0.45599999999999996 0.136 0.45866666718750004 0.142 0.5653333328125 0.296 0.5546666671875 0.294 0.43200000000000005 0.014000000000000002 0.43200000000000005 0.012 0.4373333328125 0.012 0.45599999999999996
0 0.284 0.6906666671874999 0.282 0.584 0.162 0.576 0.13 0.6186666671875 0.13 0.736 0.27 0.7386666671875 0.284 0.6906666671874999
0 0.11399999999999999 0.608 0.142 0.5866666671874999 0.132 0.46399999999999997 0.012 0.45599999999999996 0.002 0.47466666718750006 0 0.6106666671875 0.11399999999999999 0.608
0 0.126 0.6106666671875 0 0.6133333328125 0.002 0.7413333328125 0.124 0.736 0.132 0.728 0.126 0.6106666671875
0 0.126 0.7413333328125 0.13 0.8586666671875 0.27 0.8586666671875 0.266 0.7413333328125 0.126 0.7413333328125
0 0.128 0.8640000000000001 0.124 0.7413333328125 0.002 0.736 0 0.8640000000000001 0.128 0.8640000000000001
0 0.13 0.8640000000000001 0.136 0.9813333328124999 0.27 0.9813333328124999 0.264 0.8586666671875 0.13 0.8640000000000001
0 0.136 0.9786666671875001 0.13 0.8640000000000001 0.004 0.8666666671875 0.014000000000000002 0.976 0.136 0.9786666671875001
0 0.502 0.3866666671875 0.508 0.4026666671875 0.58 0.4026666671875 0.5820000000000001 0.30133333281249997 0.6900000000000001 0.304 0.688 0.288 0.524 0.2853333328125 0.53 0.3173333328125 0.526 0.3386666671875 0.504 0.3413333328125 0.502 0.3866666671875
0 0.04 0.30133333281249997 0.046 0.2826666671875 0.202 0.2826666671875 0.21200000000000002 0.296 0.25 0.296 0.264 0.288 0.3 0.288 0.296 0.22400000000000003 0.066 0.2266666671875 0.05600000000000001 0.2213333328125 0.052000000000000005 0.1706666671875 0.04 0.16799999999999998 0 0.1706666671875 0.004 0.304 0.04 0.30133333281249997
0 0.306 0.4026666671875 0.304 0.33599999999999997 0.29 0.344 0.252 0.3386666671875 0.25 0.296 0.21600000000000003 0.296 0.21000000000000002 0.3493333328125 0.044 0.344 0.038 0.30133333281249997 0.008 0.304 0.012 0.43200000000000005 0.292 0.4266666671875 0.306 0.4026666671875