0 0.532 0.1253333328125 0.372 0.1253333328125 0.37 0.17333333281250002 0.376 0.24 0.534 0.24266666718750002 0.532 0.1253333328125
0 0.532 0.1253333328125 0.534 0.24266666718750002 0.6940000000000001 0.23733333281250002 0.6940000000000001 0.1173333328125 0.532 0.1253333328125
0 0.16599999999999998 0.24 0.16999999999999998 0.3573333328125 0.256 0.36 0.252 0.24533333281249997 0.16599999999999998 0.24
0 0.252 0.24533333281249997 0.258 0.3573333328125 0.35 0.3546666671875 0.348 0.24266666718750002 0.252 0.24533333281249997
0 0.348 0.24266666718750002 0.35 0.3546666671875 0.44000000000000006 0.3546666671875 0.438 0.24266666718750002 0.348 0.24266666718750002
0 0.438 0.24266666718750002 0.44000000000000006 0.3546666671875 0.524 0.3546666671875 0.524 0.24266666718750002 0.438 0.24266666718750002
0 0.524 0.24266666718750002 0.524 0.3573333328125 0.61 0.3546666671875 0.61 0.24266666718750002 0.524 0.24266666718750002
0 0.61 0.24266666718750002 0.61 0.3546666671875 0.692 0.3493333328125 0.692 0.23733333281250002 0.61 0.24266666718750002
0 0.692 0.23733333281250002 0.692 0.3493333328125 0.776 0.3493333328125 0.782 0.2346666671875 0.692 0.23733333281250002
0 0.782 0.2346666671875 0.776 0.3493333328125 0.86 0.3493333328125 0.866 0.2346666671875 0.782 0.2346666671875
0 0.866 0.2346666671875 0.86 0.3466666671875 0.9560000000000001 0.3466666671875 0.9640000000000001 0.23199999999999998 0.866 0.2346666671875
0 0.318 0.3573333328125 0.258 0.3573333328125 0.16799999999999998 0.3546666671875 0.156 0.36266666718749996 0.16 0.47466666718750006 0.32 0.4693333328125 0.318 0.3573333328125
0 0.318 0.3573333328125 0.318 0.4693333328125 0.47800000000000004 0.46666666718750005 0.47800000000000004 0.3546666671875 0.318 0.3573333328125
0 0.48 0.3546666671875 0.47800000000000004 0.46399999999999997 0.632 0.46666666718750005 0.634 0.3546666671875 0.48 0.3546666671875
0 0.634 0.3546666671875 0.632 0.46666666718750005 0.79 0.45866666718750004 0.794 0.3493333328125 0.634 0.3546666671875
0 0.8619999999999999 0.3466666671875 0.794 0.3493333328125 0.79 0.45866666718750004 0.944 0.45866666718750004 0.952 0.3466666671875 0.8619999999999999 0.3466666671875
0 0.158 0.47466666718750006 0.16399999999999998 0.5866666671874999 0.252 0.584 0.248 0.472 0.158 0.47466666718750006
0 0.248 0.472 0.252 0.5866666671874999 0.33599999999999997 0.584 0.33399999999999996 0.4693333328125 0.248 0.472
0 0.33399999999999996 0.4693333328125 0.33799999999999997 0.5813333328125 0.42800000000000005 0.576 0.426 0.4693333328125 0.33399999999999996 0.4693333328125
0 0.426 0.4693333328125 0.43 0.576 0.51 0.576 0.508 0.46399999999999997 0.426 0.4693333328125
0 0.508 0.46399999999999997 0.51 0.576 0.5940000000000001 0.576 0.592 0.46666666718750005 0.508 0.46399999999999997
0 0.592 0.46666666718750005 0.596 0.576 0.674 0.576 0.6759999999999999 0.46666666718750005 0.592 0.46666666718750005
0 0.678 0.46666666718750005 0.674 0.576 0.764 0.5733333328125 0.766 0.4613333328125 0.678 0.46666666718750005
0 0.766 0.46399999999999997 0.764 0.5733333328125 0.852 0.568 0.8560000000000001 0.4613333328125 0.766 0.46399999999999997
0 0.858 0.45866666718750004 0.852 0.5706666671875 0.9359999999999999 0.5626666671875 0.9380000000000001 0.45866666718750004 0.858 0.45866666718750004
0 0.174 0.5893333328125 0.184 0.6853333328125 0.33799999999999997 0.6799999999999999 0.33599999999999997 0.584 0.174 0.5893333328125
0 0.33799999999999997 0.584 0.33799999999999997 0.6826666671875 0.49000000000000005 0.6799999999999999 0.492 0.576 0.33799999999999997 0.584
0 0.492 0.576 0.49000000000000005 0.6799999999999999 0.64 0.6773333328125 0.64 0.576 0.492 0.576
0 0.64 0.576 0.64 0.6773333328125 0.798 0.6719999999999999 0.798 0.5733333328125 0.64 0.576
0 0.932 0.5519999999999999 0.9380000000000001 0.5653333328125 0.8 0.5733333328125 0.798 0.6746666671875 0.95 0.6719999999999999 0.952 0.5706666671875 0.932 0.5519999999999999
0 0.184 0.6853333328125 0.188 0.7813333328125001 0.268 0.7813333328125001 0.264 0.6853333328125 0.184 0.6853333328125
0 0.264 0.6853333328125 0.268 0.7813333328125001 0.352 0.7786666671875 0.35 0.6826666671875 0.264 0.6853333328125
0 0.35 0.6826666671875 0.352 0.7813333328125001 0.43200000000000005 0.776 0.43200000000000005 0.6826666671875 0.35 0.6826666671875
0 0.43200000000000005 0.6826666671875 0.43200000000000005 0.7786666671875 0.514 0.776 0.512 0.6799999999999999 0.43200000000000005 0.6826666671875
0 0.512 0.6799999999999999 0.514 0.776 0.5940000000000001 0.7733333328125 0.5940000000000001 0.6799999999999999 0.512 0.6799999999999999
0 0.5940000000000001 0.6799999999999999 0.5940000000000001 0.7733333328125 0.6759999999999999 0.7733333328125 0.6759999999999999 0.6773333328125 0.5940000000000001 0.6799999999999999
0 0.678 0.6799999999999999 0.678 0.7733333328125 0.76 0.7733333328125 0.76 0.6773333328125 0.678 0.6799999999999999
0 0.76 0.6773333328125 0.76 0.7706666671875 0.842 0.7706666671875 0.842 0.6746666671875 0.76 0.6773333328125
0 0.8460000000000001 0.6719999999999999 0.8460000000000001 0.7653333328125 0.9279999999999999 0.7653333328125 0.9279999999999999 0.6693333328125 0.8460000000000001 0.6719999999999999
0 0.192 0.7866666671875 0.196 0.8720000000000001 0.33999999999999997 0.8720000000000001 0.33999999999999997 0.7813333328125001 0.192 0.7866666671875
0 0.34199999999999997 0.7813333328125001 0.34199999999999997 0.8746666671875 0.48600000000000004 0.8720000000000001 0.488 0.7786666671875 0.34199999999999997 0.7813333328125001
0 0.49000000000000005 0.7786666671875 0.48600000000000004 0.8746666671875 0.636 0.8693333328125 0.634 0.7733333328125 0.49000000000000005 0.7786666671875
0 0.634 0.7733333328125 0.636 0.8720000000000001 0.78 0.8693333328125 0.786 0.7733333328125 0.634 0.7733333328125
0 0.9279999999999999 0.7653333328125 0.786 0.7733333328125 0.782 0.8666666671875 0.9279999999999999 0.8666666671875 0.9339999999999999 0.776 0.9279999999999999 0.7653333328125
0 0.20600000000000002 0.8720000000000001 0.21000000000000002 0.968 0.29 0.968 0.286 0.8720000000000001 0.20600000000000002 0.8720000000000001
0 0.288 0.8720000000000001 0.292 0.968 0.372 0.968 0.368 0.8720000000000001 0.288 0.8720000000000001
0 0.366 0.8746666671875 0.37 0.9706666671875 0.45 0.9706666671875 0.446 0.8746666671875 0.366 0.8746666671875
0 0.44400000000000006 0.8746666671875 0.44800000000000006 0.9706666671875 0.528 0.9706666671875 0.524 0.8746666671875 0.44400000000000006 0.8746666671875
0 0.524 0.8746666671875 0.528 0.9706666671875 0.608 0.9706666671875 0.604 0.8746666671875 0.524 0.8746666671875
0 0.602 0.8693333328125 0.606 0.9653333328124999 0.686 0.9653333328124999 0.682 0.8693333328125 0.602 0.8693333328125
0 0.6799999999999999 0.8693333328125 0.6839999999999999 0.9653333328124999 0.764 0.9653333328124999 0.76 0.8693333328125 0.6799999999999999 0.8693333328125
0 0.762 0.8693333328125 0.764 0.9493333328125001 0.834 0.9493333328125001 0.836 0.8666666671875 0.762 0.8693333328125
0 0.836 0.8693333328125 0.834 0.9493333328125001 0.9039999999999999 0.9466666671875 0.9099999999999999 0.8666666671875 0.836 0.8693333328125