0 0.43772972968749996 0.06054054062500001 0.449621621875 0 0.1382702703125 0.0118918921875 0.43772972968749996 0.06054054062500001
0 0.43124324375 0.49513513593749997 0.4452972984375 0.06270270156249999 0.007459459375 0.0086486484375 0 0.324 0.0215135140625 0.4648648640625 0.43124324375 0.49513513593749997
0 0.4539459453125 0 0.44097297187500006 0.038918918749999996 0.8463783781249999 0.0843243234375 0.8604324312499999 0.00540540625 0.4539459453125 0
0 0.998 0.006 0.8625945937499999 0.0064864859375 0.8452972984375 0.092972971875 0.8820540546875 0.1156756765625 0.998 0.132 0.998 0.006
0 0.8398918921874999 0.08324324375 0.4452972984375 0.04540540625 0.4452972984375 0.4778378375 0.798810809375 0.49621621562499996 0.8398918921874999 0.08324324375
0 0.998 0.51 0.998 0.134 0.8831351359375 0.1113513515625 0.8431351359375 0.08324324375 0.807459459375 0.44108108125 0.8528648640625001 0.49945945937499997 0.998 0.51
0 0.4031351359375 0.88540540625 0.43340540625 0.7848648640625 0.4323243234375 0.49621621562499996 0.0182702703125 0.4648648640625 0.0128648640625 0.45297297187499996 0 0.476 0.0031351359374999998 0.7254054062499999 0.0139459453125 0.87675675625 0.4031351359375 0.88540540625
0 0.7998918921875 0.49945945937499997 0.447459459375 0.48 0.448540540625 0.83675675625 0.768540540625 0.8389189187499999 0.7998918921875 0.49945945937499997
0 0.998 0.8400000000000001 0.998 0.512 0.8539459453125 0.49945945937499997 0.8107027015625 0.4464864859375 0.7782702703125 0.7297297296874999 0.82691891875 0.8302702703125 0.998 0.8400000000000001
0 0.4301621625 0.9913513515625001 0.43340540625 0.79243243125 0.40097297187500003 0.8864864859375 0.0128648640625 0.87891891875 0.0258378375 0.9935135140625 0.32999999999999996 0.998 0.39772972968750003 0.9978378375 0.4301621625 0.9913513515625001
0 0.769621621875 0.83675675625 0.451783784375 0.8378378375000001 0.44800000000000006 0.998 0.758 0.998 0.769621621875 0.83675675625
0 0.998 0.8380000000000001 0.828 0.8259459453125 0.7782702703125 0.7372972984375 0.7620540546875 0.9924324312499999 0.998 0.998 0.998 0.8380000000000001