0 0.16623227812500002 0.10255800781249999 0.0403923875 0.1010919390625 0.005539634375 0.356916046875 0.1371545 0.3611184578125 0.16623227812500002 0.10255800781249999
0 0.1413668171875 0.35849846875 0.2712016265625 0.360011078125 0.30292906875000003 0.09347430625 0.1710968015625 0.091938425 0.170444596875 0.09993801875 0.1413668171875 0.35849846875
0 0.43054901718750005 0.097630175 0.3071413859375 0.090854315625 0.277411403125 0.3574143609375 0.40546615468749997 0.35623716875 0.43054901718750005 0.097630175
0 0.43432653125 0.1003432484375 0.409461071875 0.3562837109375 0.537298421875 0.35777305 0.5559541046875001 0.10442930624999999 0.43432653125 0.1003432484375
0 0.6857889125 0.10594191875 0.559949021875 0.10447585 0.5415107406249999 0.35515305937499997 0.6649183703125 0.3619289203125 0.6857889125 0.10594191875
0 0.817186375 0.1128108609375 0.6917812875 0.10601173125 0.669348090625 0.3566423984375 0.8003107500000001 0.36884440625 0.817186375 0.1128108609375
0 0.9392487515625 0.11156385625000001 0.8213986953125 0.11019087031250001 0.80452306875 0.36622441562499997 0.9299281562499999 0.3730235484375 0.9392487515625 0.11156385625000001
0 0 0.639076175 0.100562534375 0.6382748140625 0.126732403125 0.366335165625 0 0.36224904375 0 0.639076175
0 0.27054942187500003 0.3680106734375 0.1307273203125 0.3663817078125 0.1063375078125 0.641011159375 0.2403846359375 0.6399037796875 0.27054942187500003 0.3680106734375
0 0.40060163125 0.366856753125 0.2723294796875 0.370700475 0.2441621515625 0.642616853125 0.379771934375 0.6468658078125 0.40060163125 0.366856753125
0 0.38441905468750004 0.63891275625 0.3897592265625 0.6469821625 0.5140364625 0.643091896875 0.53755666875 0.37912857031249997 0.5304364390625 0.3683693625 0.4043791484375 0.369569825 0.38441905468750004 0.63891275625
0 0.668478484375 0.3673085234375 0.5408585343750001 0.363152653125 0.5184661828125 0.6378053765625 0.6500810484375 0.6420077890625 0.668478484375 0.3673085234375
0 0.7998759468750001 0.37417746875 0.672690803125 0.36468853437500004 0.654293365625 0.6393877984375 0.7881230921875 0.6409469515625 0.7998759468750001 0.37417746875
0 0.9294933546875 0.37835660937500004 0.804088265625 0.37155747968749997 0.792118009375 0.6409934921875 0.9195205546875 0.64781589375 0.9294933546875 0.37835660937500004
0 0 0.9401730781250001 0.077993625 0.9396161218750001 0.10169038749999999 0.6489642109375 0 0.6496903890625 0 0.9401730781250001
0 0.24194729062500003 0.6452601140625001 0.1059027046875 0.646344221875 0.0824233453125 0.9343296000000001 0.2202479875 0.9359352921875 0.24194729062500003 0.6452601140625001
0 0.37955453125 0.6495323390625 0.24572480625 0.6479731859375 0.2209410375 0.9519577515625001 0.3549881640625 0.9508503734374999 0.37955453125 0.6495323390625
0 0.5153817171874999 0.6511147609375 0.383114646875 0.65491194375 0.359417884375 0.9455638515624999 0.4934650109375 0.944456475 0.5153817171874999 0.6511147609375
0 0.651643703125 0.647364121875 0.5198114375 0.645828240625 0.49724252656249995 0.9471695468749999 0.62907479375 0.9487054265625 0.651643703125 0.647364121875
0 0.783693371875 0.646233471875 0.6558560203125 0.6447441328125 0.6339393171875 0.9380858453125 0.7639915265624999 0.9369319234375 0.783693371875 0.646233471875
0 0.9190857515624999 0.6531489578125 0.7876882890625 0.6462800125 0.7677690421875 0.939644996875 0.9015987671874999 0.9412041484375001 0.9190857515624999 0.6531489578125