0 0.3190721640625 0.23686610312499998 0.3118556703125 0.018161021875 0.2757731953125 0.0038640484375 0.17680412343750002 0.0019320234375 0.096907215625 0.002318428125 0.001030928125 0.0027048328125 0 0.2299108171875 0.29381443125 0.241502959375 0.3190721640625 0.23686610312499998
0 0.528350515625 0.24768543593749998 0.6314432984375 0.2500038640625 0.6443298953125 0.234547675 0.6608247421875 0.0544830671875 0.6567010296875 0.013910571875 0.651030928125 0.00966011875 0.45721649375 0.005409665625 0.310309278125 0.0085009046875 0.31855670156250004 0.23802531718750003 0.3778350515625 0.2426621734375 0.47835051562500003 0.24420779375 0.528350515625 0.24768543593749998
0 0.9639175265625 0.251163078125 0.998 0.11244377812499999 0.998 0.0194902546875 0.6778350515625 0.0170018078125 0.6726804125 0.0177746171875 0.660309278125 0.054869471875 0.64381443125 0.235320484375 0.6484536078125 0.24227576874999998 0.9639175265625 0.251163078125
0 0.47319587656250006 0.4269772328125 0.47680412343749995 0.24459419843750002 0.3778350515625 0.2426621734375 0.31958762812499997 0.23725250781249999 0.294845359375 0.2418893640625 0.001030928125 0.2299108171875 0.0005154640625 0.2851666953125 0.023195876562500002 0.41113463906250003 0.020103092187499998 0.41770351874999995 0.47010309218749996 0.4323869 0.47319587656250006 0.4269772328125
0 0.378350515625 0.5861759828124999 0.3773195875 0.42968206562500005 0.0824742265625 0.4204083515625 0.0675257734375 0.4285228515625 0.096907215625 0.5939040796875 0.3628865984375 0.6035641984375 0.378350515625 0.5861759828124999
0 0.0139175265625 0.5865623890625 0.022164948437500002 0.608587459375 0.026288659375000002 0.6275212906250001 0.032989690625 0.7001653812499999 0.0634020625 0.7001653812499999 0.0463917515625 0.583084746875 0.08917525781249999 0.55024034375 0.07010309218750001 0.44938870781249995 0.012886598437499999 0.4466838734375 0.0005154640625 0.4509343265625 0.0005154640625 0.5544907968749999 0.0097938140625 0.55526360625 0.0139175265625 0.5865623890625
0 0.027118643749999997 0.628015290625 0.022518159375 0.60913853125 0.014043584375000001 0.5868131296875 0.0094431 0.55486784375 0.001030928125 0.5541043906249999 0.0010178125 0.744665834375 0.0346055984375 0.708805903125 0.027118643749999997 0.628015290625
0 0.0544981625 0.7618667343750001 0.06162284375 0.7946747578125 0.07332767812499999 0.7939117796875 0.10182640624999999 0.7622482234375 0.0947017234375 0.7237178703125 0.0748543953125 0.722573403125 0.0646762796875 0.7149436312499999 0.06162284375 0.699302596875 0.032615209374999996 0.6989211078124999 0.033633021875 0.7092213015625 0.0275261515625 0.7126546984375 0.0275261515625 0.718377028125 0.0387220796875 0.718377028125 0.0473734796875 0.745081234375 0.0544981625 0.7618667343750001
0 0.0244274796875 0.919387634375 0.039185750000000005 0.9052725546874999 0.0300254453125 0.845760325 0.066157759375 0.80570401875 0.06361323125 0.7980742453125 0.055979643749999995 0.7648847328125 0.04936386875 0.7469547671875 0.04071246875 0.7198690734375 0.028498728125 0.7206320515625 0.027989821874999998 0.715291209375 0.0010178125 0.7450473234375 0 0.9453288625 0.0244274796875 0.919387634375
0 0.41933842187500003 0.916335725 0.418829515625 0.8812387703125 0.4234096703125 0.8667422015625 0.3445292625 0.859112428125 0.34351145 0.8488122359375 0.3374045796875 0.854534565625 0.11246819374999999 0.838130553125 0.1033078875 0.763358778125 0.029007634375 0.8472862796875 0.0529262078125 0.9521956578124999 0.3974554703125 0.9834777265625 0.41933842187500003 0.916335725
0 0.3374045796875 0.8537715875 0.3445292625 0.8491937234375 0.34198473125 0.733984153125 0.09516539375000001 0.7240654484375 0.1022900765625 0.7629772890625001 0.11145038125 0.8377490640625 0.3374045796875 0.8537715875
0 0.562340965625 0.8793313265625 0.56895674375 0.8831462125 0.5791348593750001 0.8835277015624999 0.5954198484375001 0.746573278125 0.47531806562499995 0.7416139265624999 0.468702290625 0.7328396859375 0.4610687015625 0.7404694609375 0.34402035625 0.7336026640625 0.34351145 0.8495752124999999 0.34503816875000004 0.8594939171875 0.562340965625 0.8793313265625
0 0.7867684484375 0.998355784375 0.803562340625 0.9113763734375 0.580661578125 0.8835277015624999 0.5684478375 0.8827647234375 0.562340965625 0.8793313265625 0.4239185765625 0.8667422015625 0.4178117046875 0.8812387703125 0.4218829515625 0.98500368125 0.588 0.99850075 0.7867684484375 0.998355784375
0 0.8544529265625 0.756873471875 0.596437659375 0.746191790625 0.5791348593750001 0.8846721671875001 0.827989821875 0.9159542374999999 0.8620865140625 0.788537028125 0.8544529265625 0.756873471875
0 0.46259542031249995 0.7412324375 0.4692111953125 0.7324581984375 0.4727735359375 0.600463128125 0.3826972015625 0.5943593093749999 0.3781170484375 0.5867295375 0.362340965625 0.603896525 0.09669211250000001 0.59359633125 0.08854961875 0.5501066265625 0.0458015265625 0.5832961375 0.066157759375 0.7171986515625 0.076335878125 0.723683959375 0.46259542031249995 0.7412324375
0 0.8778625953124999 0.75950998125 0.9099236640624999 0.6160702515625001 0.659541984375 0.6030996375 0.6534351140625 0.6027181484375 0.6503816796875 0.6088219671874999 0.47989821875 0.601573684375 0.47226463125 0.6252259796875 0.4697201015625 0.73433173125 0.47531806562499995 0.741961503125 0.8778625953124999 0.75950998125
0 0.6544529265625 0.6016075937500001 0.67226463125 0.44481575937500006 0.666157759375 0.43947491875000005 0.47735369062500005 0.43108216875 0.4732824421875 0.428030259375 0.4707379140625 0.432226634375 0.3760814234375 0.42993770312499996 0.3781170484375 0.5848220921875 0.3821882953125 0.5943593093749999 0.6524173015625 0.6073299234375 0.6544529265625 0.6016075937500001
0 0.971501271875 0.4520640453125 0.9465648859375 0.43070068125 0.9430025437499999 0.45130106718749996 0.8732824421875 0.44901213437500004 0.676335878125 0.44061938593749994 0.67226463125 0.4451972484375 0.65648855 0.6023705703125 0.931297709375 0.6180116046874999 0.971501271875 0.4520640453125
0 0.9435114499999999 0.450538090625 0.9872773546875001 0.2544529265625 0.9659033078125001 0.2475861296875 0.9653944015624999 0.2517825046875 0.6483460562500001 0.242626778125 0.6452926203125 0.234234028125 0.6315521625 0.2498750625 0.5272264640625 0.2475861296875 0.4778625953125 0.244534221875 0.47226463125 0.42764877031250004 0.476335878125 0.43146365781249996 0.9435114499999999 0.450538090625