0 0.2893983390625 0.1719734796875 0.39172533125000003 0.1807895796875 0.5633521125 0.2062257109375 0.588303915625 0.0422042109375 0.41301026093750004 0.012031637500000001 0.295965090625 0.08513356562499999 0.2893983390625 0.1719734796875
0 0.569050509375 0.22480059843750003 0.772490653125 0.22404335312499998 0.7799004203125001 0.08222054375 0.58339785625 0.069510221875 0.5633521125 0.2062257109375 0.569050509375 0.22480059843750003
0 0 0.3388143828125 0.122972428125 0.3438993734375 0.150377259375 0.16622486718750001 0.1357097625 0.1472791015625 0.024413665625 0.138092121875 0 0.27397304375 0 0.3388143828125
0 0.15322645625 0.175512309375 0.126639303125 0.3486358140625 0.16251570937499998 0.3501193265625 0.35983595 0.358278646875 0.3872407828125 0.18060414062500002 0.2938828875 0.17215891875 0.18788902031250002 0.15860637500000002 0.15322645625 0.175512309375
0 0 0.5390358703125 0.096781440625 0.5399633265625 0.1258216265625 0.353186815625 0.122972428125 0.3438993734375 0 0.3388143828125 0 0.5390358703125
0 0.10208366875 0.5355977640625 0.1342932015625 0.5323448359375 0.33691566875 0.5361385953125 0.3590182734375 0.36282965 0.16251570937499998 0.3501193265625 0.1258216265625 0.353186815625 0.10208366875 0.5355977640625
0 0 0.7412241984375 0.029411818750000002 0.7389093296875 0.0811949078125 0.7272961546875 0.10126599218750001 0.5401487640625 0 0.539081384375 0 0.7412241984375
0 0.0811949078125 0.7272961546875 0.10279998593749999 0.7327743515625 0.305026284375 0.7136276625 0.33161344062500003 0.54050415625 0.124506425 0.536524959375 0.10126599218750001 0.5401487640625 0.0811949078125 0.7272961546875
0 0.3422178953125 0.53177303125 0.33161344062500003 0.54050415625 0.3066616390625 0.704525659375 0.33723581875 0.710374734375 0.507252584375 0.6944809734375 0.5199392406250001 0.598724496875 0.5142408453125 0.5801496125 0.5232352875 0.5300885921875 0.3422178953125 0.53177303125
0 0.3385510203125 0.5270365921875 0.36097377656249996 0.5279637875 0.5277198359375 0.5302740328125 0.5481870890625 0.366067090625 0.3822587046875 0.3592058421875 0.3590182734375 0.36282965 0.3385510203125 0.5270365921875
0 0.3856054296875 0.18970614375 0.3651381765625 0.353913084375 0.38307638125 0.3546548421875 0.549004765625 0.36151608749999997 0.5645659578125 0.224615159375 0.5633521125 0.2062257109375 0.40884585937500006 0.1860823390625 0.3856054296875 0.18970614375
0 0.5481870890625 0.366067090625 0.5485832578125 0.38900753906249996 0.5636722625 0.3804618515625 0.75977865625 0.37023172656250003 0.7716729765625 0.22859435625 0.56374828125 0.22916616093750003 0.5481870890625 0.366067090625
0 0.54776558125 0.393558540625 0.5277198359375 0.5302740328125 0.568080796875 0.531942984375 0.768671740625 0.521898296875 0.780566059375 0.380260925 0.76344553125 0.37496816875 0.5673391359375 0.38519829375 0.54776558125 0.393558540625
0 0.5224176109374999 0.5346395953124999 0.5199392406250001 0.598724496875 0.510523290625 0.6762769671875 0.553733446875 0.6872333609375 0.7694134 0.6686429875 0.7776408421875 0.522269175 0.568080796875 0.531942984375 0.5224176109374999 0.5346395953124999
0 0.7642632078125 0.37041716562500004 0.780566059375 0.380260925 0.7834152578125 0.3895483703125 0.9151025875000001 0.3858240984375 0.9282107500000001 0.2625761734375 0.7720691453125 0.251534803125 0.7642632078125 0.37041716562500004
0 0.9195871390624999 0.3860095375 0.7834152578125 0.3895483703125 0.7731562921874999 0.5220837359375 0.904843621875 0.5183594671875 0.9195871390624999 0.3860095375
0 0.8958745203125 0.5179885875 0.7776408421875 0.522269175 0.771866428125 0.6549899828125 0.8819486796874999 0.6457875171875 0.8958745203125 0.5179885875