0 0 0.5022708125 0.40722802187499996 0.40841137187500004 0.38839890312500003 0.325895934375 0.0427298609375 0.387458853125 0 0.4024617140625 0 0.5022708125
0 0 0.6000306921874999 0.097350153125 0.5831138046875 0.300601165625 0.524524278125 0.277305515625 0.439512678125 0 0.5034130390625 0 0.6000306921874999
0 0 0.68500875625 0.1261301796875 0.6772317359375 0.32157873124999997 0.6077369484374999 0.3007708078125 0.5256259734375 0.099498596875 0.5838110375000001 0 0.6011544843750001 0 0.68500875625
0 0.2810934828125 0.43760205937499996 0.3025799703125 0.524119815625 0.47072143437499997 0.476115696875 0.45471932031250006 0.398704271875 0.2810934828125 0.43760205937499996
0 0.30472841562499997 0.5248170484375 0.325536340625 0.6069280234375001 0.33362119687499997 0.60641186875 0.48621462187500003 0.5502220375 0.47089107343750003 0.4772173921875 0.30472841562499997 0.5248170484375
0 0 0.6931953734375 0.0113046921875 0.7666111875 0.1624861421875 0.767528421875 0.4534251953125 0.6421518046875 0.43397439843749996 0.568854390625 0.331812034375 0.6079180265625 0.3219180140625 0.6099403375 0.1261301796875 0.6772317359375 0 0.6861114781250001 0 0.6931953734375
0 0.16265578281249998 0.76863011875 0.011474334375 0.7677128828125 0.023688478125000002 0.8470349296874999 0.18595143281249998 0.8536417171874999 0.4712364703125 0.718057071875 0.45557363906250004 0.6428490375 0.16265578281249998 0.76863011875
0 0.1841422703125 0.8551478749999999 0.023688478125000002 0.8470349296874999 0.0353937 0.9230518875 0.20348031249999998 0.9409683984375 0.490517625 0.7902527921875 0.4733849140625 0.7187543046875 0.1841422703125 0.8551478749999999
0 0.390208065625 0.3243897765625 0.4090371859375 0.406905215625 0.5589173749999999 0.37286097812499996 0.5454029921875 0.298350175 0.390208065625 0.3243897765625
0 0.54738179375 0.2979457125 0.5610658203125001 0.3735582109375 0.6852215578124999 0.34477198750000004 0.6728946578125 0.2779730484375 0.54738179375 0.2979457125
0 0.5590870171875 0.3739626734375 0.45867692968749996 0.397895346875 0.47286987812500003 0.4768129296875 0.685845271875 0.41509939375 0.6736880140625 0.3494021515625 0.5590870171875 0.3739626734375
0 0.47286987812500003 0.4768129296875 0.4883630671875 0.5509192703125 0.5041935 0.5476835703125 0.701790496875 0.47888601406250003 0.691781684375 0.41388600625 0.47286987812500003 0.4768129296875
0 0.504363140625 0.5487852640625001 0.4845751 0.5528298890625 0.4341440375 0.5699560859374999 0.45755244375000004 0.6424445750000001 0.60008220625 0.5871753609375 0.5857765046875001 0.5207808859374999 0.504363140625 0.5487852640625001
0 0.4597008890625 0.6431418078125 0.4753637171875 0.71834984375 0.61240910625 0.6539742984375 0.5984426843749999 0.5897832140625 0.4597008890625 0.6431418078125
0 0.4753637171875 0.71834984375 0.4924964296875 0.78984833125 0.6265451671875 0.7192670796875 0.6087907796875001 0.6569866140625 0.4753637171875 0.71834984375
0 0.38892107187499997 0.846246315625 0.2038195953125 0.9431717875000001 0.035563340625 0.9241535828125 0.0450632296875 0.9858485078125 0.126415109375 0.99805489375 0.26315205 0.9964638156250001 0.40820222812500007 0.9184420359375001 0.38892107187499997 0.846246315625
0 0.390730234375 0.8447401578125 0.4119901953125 0.916531415625 0.5598336749999999 0.8294941218749999 0.5376127562499999 0.7647174984375 0.390730234375 0.8447401578125
0 0.41215983593749994 0.9176331109375001 0.43308051406250003 0.987220978125 0.5767967453125 0.8998909140625001 0.560003315625 0.8305958171875 0.41215983593749994 0.9176331109375001
0 0.590593525 0.9629803046875001 0.5753268640625 0.9036004625 0.435228959375 0.9879182109375 0.4369599984375 0.9944413765625001 0.5015024328125001 0.9936903578124999 0.5647563171875001 0.9807614250000001 0.590593525 0.9629803046875001
0 0.5879249484375 0.5214781187499999 0.604039815625 0.5863664359375 0.7114600265625 0.5416826343750001 0.6999813328125 0.48039217343749996 0.5879249484375 0.5214781187499999
0 0.6024002937499999 0.5889742890624999 0.614387909375 0.6535698375 0.7252568078125 0.604772025 0.7137781140625 0.5434815625 0.6024002937499999 0.5889742890624999
0 0.6087907796875001 0.6569866140625 0.6265451671875 0.7192670796875 0.7309687312500001 0.6683775671875 0.7236172859375001 0.6073798765625 0.6087907796875001 0.6569866140625
0 0.6267148078125 0.7203687734375 0.5397611999999999 0.76541473125 0.5621517609375 0.8312930515625 0.7464050328125 0.7288591046875 0.7311383703125001 0.6694792625 0.6267148078125 0.7203687734375
0 0.56017295625 0.8316975140625 0.5787755484375 0.899486453125 0.76167169375 0.7882389453124999 0.7483838359375 0.7284546421875 0.56017295625 0.8316975140625
0 0.5769663859375 0.900992609375 0.5925723296875 0.9625758421875 0.772923859375 0.8348029078125 0.75986253125 0.7897451015625 0.5769663859375 0.900992609375
0 0.6873131156250001 0.331844415625 0.6873700031250001 0.34546921875000003 0.6756668171875 0.3489976890625 0.6894635984375 0.41208707968749997 0.7951315328125 0.3825342359375 0.7864229625 0.312722984375 0.6873131156250001 0.331844415625
0 0.6914424015625 0.411682615625 0.7072748718749999 0.4879923453125 0.8059885515625 0.4530427203125 0.795301175 0.38363593281249997 0.6914424015625 0.411682615625
0 0.7054657093750001 0.489498503125 0.7191497359375 0.5651110015625 0.870555675 0.5012093046875 0.858228775 0.4344103671875 0.7054657093750001 0.489498503125
0 0.7193193765625 0.5662126953125 0.73266411875 0.6396218046875 0.8822040093749999 0.5636014625 0.8687465109374999 0.5027154609375 0.7193193765625 0.5662126953125
0 0.7328337609375 0.6407234984375 0.7425032921875 0.70352011875 0.8857674875000001 0.626509771875 0.8785856828125 0.5666137765625 0.7328337609375 0.6407234984375
0 0.742672934375 0.7046218140625 0.758278875 0.76620504375 0.89130976875 0.689013621875 0.8841279640625 0.629117625 0.742672934375 0.7046218140625
0 0.7584485171875001 0.7673067375 0.7747330234375001 0.8332967515625 0.8928944421875 0.7523263953125 0.8876914421875 0.6920259375 0.7584485171875001 0.7673067375
0 0.7880624843749999 0.31011513281249997 0.7971103375 0.382129775 0.87937190625 0.359633871875 0.8729814203125 0.2916215484375 0.7880624843749999 0.31011513281249997
0 0.7971103375 0.382129775 0.8077977140625 0.4515365625 0.8874019140625 0.42503834375 0.8797111890625 0.36183726250000003 0.7971103375 0.382129775
0 0.956260834375 0.2757358171875 0.8751298656250001 0.29231878125 0.87937190625 0.359633871875 0.96559108125 0.33632904531249996 0.956260834375 0.2757358171875
0 0.96559108125 0.33632904531249996 0.8795415468750001 0.36073556562500003 0.88938071875 0.42463388125 0.97492133125 0.396922275 0.96559108125 0.33632904531249996
0 0.8602075796875001 0.4340059046875 0.8725344796875 0.5008048421875 0.939587290625 0.4723266171875 0.9324054875 0.4124306203125 0.8602075796875001 0.4340059046875
0 0.87270411875 0.5019065359375 0.8843524546875001 0.5642986953125 0.9487478984375001 0.53181815 0.9419053765625 0.47412554531250006 0.87270411875 0.5019065359375
0 0.8805644875 0.5662093140625 0.8877462906250001 0.6261053109375 0.957399584375 0.5880046 0.9490871796875 0.5340215421875001 0.8805644875 0.5662093140625
0 0.8861067671875 0.6287131640625 0.89357096875 0.6771877453124999 0.9244963828125 0.6526847609375 0.96056689375 0.6350847171875 0.957569225 0.5891062953125 0.8861067671875 0.6287131640625
0 0 0.4024617140625 0.0427298609375 0.387458853125 0.07851797656250001 0.381280221875 0.2988437953125 0.3407916625 0.23201037812499997 0.10558738125 0 0.10805466562499999 0 0.4024617140625
0 0.2318407375 0.10448568437500001 0.2988437953125 0.3407916625 0.49361480156250004 0.3066628109375 0.4306831265625 0.096797515625 0.2318407375 0.10448568437500001
0 0.44883164375 0.095360740625 0.43102240781249995 0.0990009046875 0.4932755203125 0.30445942187499997 0.6473398453125 0.28433275625 0.6105287921875 0.0850376421875 0.44883164375 0.095360740625
0 0.43536191874999997 0 0.33925993125 0.0200291671875 0.34966491093749996 0.1008573703125 0.602443934375 0.085553796875 0.617315446875 0.168878159375 0.67961933125 0.14932518749999998 0.6633955125 0 0.43536191874999997 0
0 0.792976975 0.1432007125 0.8038929156249999 0.3068794328125 0.8828754406250001 0.28959923593750003 0.877613515625 0.13612854218749998 0.792976975 0.1432007125
0 0.690983234375 0.143593328125 0.6133578375 0.169687084375 0.6410641515625 0.283342753125 0.6748734625 0.2775685859375 0.6894615609375 0.3325416484375 0.8044018390625001 0.3101845171875 0.788340803125 0.13960285781249998 0.690983234375 0.143593328125
0 0.9340378749999999 0.13141376093749998 0.8718467437499999 0.13844362500000001 0.8776175921875 0.295219403125 0.9560911921875 0.2746341234375 0.9340378749999999 0.13141376093749998
0 0.9646941437500001 0.6353774875 0.9738290453125 0.6306451890625 0.9759434828125 0.578753175 0.9577388656249999 0.590207990625 0.9646941437500001 0.6353774875
0 0.9557600609374999 0.590612453125 0.9759627765625 0.5782796734375 0.9784231468750001 0.5178978671875 0.9467690937500001 0.5322226140625 0.9557600609374999 0.590612453125
0 0.9471083765625 0.534426003125 0.9783926421875 0.518646471875 0.9809718890625 0.45534721874999995 0.939587290625 0.4723266171875 0.9471083765625 0.534426003125
0 0.9304266828125 0.4128350828125 0.939587290625 0.4723266171875 0.980926621875 0.456458190625 0.9815883 0.440219421875 0.97492133125 0.396922275 0.9304266828125 0.4128350828125