0 0.64293866875 0.062303985937499994 0.6289273625 0.073127721875 0.6265806796875 0.20666837187499998 0.9424278062500001 0.24752428124999998 0.9574392203125001 0.24399293281249998 0.9735547234374999 0.1130858875 0.64293866875 0.062303985937499994
0 0.7007539656249999 0.2314491546875 0.68705530625 0.23814188125000002 0.6695470609374999 0.4694783796875 0.6762671484375 0.483219771875 0.922520540625 0.47979885156249996 0.94010695 0.24742959843749998 0.7007539656249999 0.2314491546875
0 0.68709781875 0.48366162656249995 0.689645159375 0.491017134375 0.6807968796874999 0.62843630625 0.9374981312499999 0.6202619203124999 0.945486634375 0.4942030234375 0.9220515703125001 0.485995365625 0.68709781875 0.48366162656249995
0 0.836984371875 1 0.884525903125 0.9920755203124999 0.9213222906249999 0.62892546875 0.9171495484375001 0.6225395859375 0.82910528125 0.6272352062500001 0.8001300499999999 1 0.836984371875 1
0 0.7970506328125 1 0.8276362046875001 0.62613933125 0.7248931734374999 0.6302352875 0.698237159375 1 0.7970506328125 1
0 0.696185065625 1 0.7210250796875 0.6300774828125 0.62052474375 0.635300871875 0.596113490625 1 0.696185065625 1
0 0.3710703703125 0.47594846874999996 0.3798768328125 0.49288280156250003 0.3734195703125 0.639722984375 0.3778267984375 0.6430106062500001 0.6795622875 0.6242421734375 0.689645159375 0.491017134375 0.6676090125 0.4745790203125 0.3710703703125 0.47594846874999996
0 0.40771660781249996 0.20706291875 0.39459159375 0.47276429374999995 0.6683044687499999 0.47564333437500006 0.6863678453125 0.226718484375 0.40771660781249996 0.20706291875
0 0.5293311484375 0.20995250312499997 0.6241114999999999 0.19828010625 0.6344688515625 0.0101613984375 0.4805286296875 0.002795634375 0.3405322328125 0.0019811578125 0.336465478125 0.205192053125 0.5293311484375 0.20995250312499997
0 0.0860553390625 0.181508925 0.07407075937499999 0.47315535000000003 0.39358348906249996 0.475830990625 0.40756028281249995 0.20912842656250002 0.0860553390625 0.181508925
0 0.0727580046875 0.46999397187499997 0.0234568625 0.49595305468750006 0.01729625 0.6593803968749999 0.37155968281249996 0.6437908703125 0.3807286125 0.4918816078125 0.3681322171875 0.47375672187499995 0.0727580046875 0.46999397187499997
0 0.5968393046875 1 0.6185946953125 0.630042428125 0.51561718125 0.6372366421875 0.4967887328125 1 0.5968393046875 1
0 0.496005140625 1 0.51345264375 0.6350764546875001 0.39871451874999997 0.6438627546875 0.380143378125 0.997314053125 0.4459808203125 1 0.496005140625 1
0 0.2678867109375 0.6499207703125001 0.25439931250000003 0.9921841171875 0.378147440625 0.997232625 0.3913611375 0.6487424671875 0.2678867109375 0.6499207703125001
0 0.13233902656250002 0.656822171875 0.1226674328125 0.9868098968749999 0.25439931250000003 0.9921841171875 0.2693557875 0.6510166453124999 0.13233902656250002 0.656822171875
0 0 0.9818054765625 0.1226674328125 0.9868098968749999 0.13233902656250002 0.656822171875 0.01729625 0.6593803968749999 0.01606965625 0.644827184375 0 0.6650215859374999 0 0.9818054765625