0 1 0.1173333328125 0.9119999999999999 0.1386666671875 0.8939999999999999 0.38133333281250004 1 0.38933333281250004 1 0.1173333328125
0 1 0.4 0.8939999999999999 0.38933333281250004 0.876 0.616 1 0.6586666671875 1 0.4
0 1 0.6613333328125 0.874 0.6186666671875 0.876 0.632 0.9400000000000001 0.6693333328125 0.9259999999999999 0.9333333328125001 0.932 0.9386666671875 1 0.8960000000000001 1 0.6613333328125
0 1 0 0.858 0.0026666671875 0.852 0.0586666671875 0.916 0.08 0.9119999999999999 0.13333333281249998 0.974 0.1253333328125 1 0.1146666671875 1 0
0 0.65 0 0.85 0.05600000000000001 0.8560000000000001 0 0.65 0
0 1 0.8933333328125 0.9259999999999999 0.944 0.922 1 1 1 1 0.8933333328125
0 0.924 1 0.922 0.9386666671875 0.8 1 0.924 1
0 0.256 0.8826666671875 0.368 1 0.8039999999999999 0.9973333328124999 0.9259999999999999 0.9306666671875 0.9380000000000001 0.6693333328125 0.876 0.632 0.868 0.6853333328125 0.508 0.7946666671875 0.264 0.6346666671875 0.256 0.8826666671875
0 0.89 0.3973333328125 0.528 0.40533333281250006 0.23199999999999998 0.36 0.22799999999999998 0.6106666671875 0.512 0.792 0.868 0.688 0.89 0.3973333328125
0 0.47400000000000003 0 0.23199999999999998 0.096 0.23399999999999999 0.3546666671875 0.538 0.4 0.8939999999999999 0.392 0.916 0.08 0.626 0 0.47400000000000003 0
0 0.268 0.0826666671875 0.472 0 0.266 0.0026666671875 0.268 0.0826666671875
0 0.09 0 0.094 0.13333333281249998 0.20600000000000002 0.088 0.236 0.09066666718750001 0.266 0.08 0.262 0 0.09 0
0 0.1 0.344 0.23399999999999999 0.3546666671875 0.23399999999999999 0.096 0.202 0.088 0.094 0.1413333328125 0.1 0.344
0 0.028000000000000004 0.1626666671875 0.034 0.3306666671875 0.1 0.3386666671875 0.094 0.1386666671875 0.028000000000000004 0.1626666671875
0 0.03 0.3333333328125 0.034 0.496 0.096 0.5253333328124999 0.094 0.344 0.03 0.3333333328125
0 0.22999999999999998 0.36 0.098 0.3466666671875 0.094 0.528 0.22599999999999998 0.6106666671875 0.22999999999999998 0.36
0 0.05600000000000001 0.5093333328125 0.062 0.648 0.134 0.728 0.126 0.5546666671875 0.05600000000000001 0.5093333328125
0 0.128 0.5519999999999999 0.136 0.752 0.256 0.8746666671875 0.264 0.632 0.128 0.5519999999999999
0 0.268 0.9973333328124999 0.364 0.9973333328124999 0.262 0.9013333328125 0.268 0.9973333328124999
0 0.262 0.8880000000000001 0.148 0.7653333328125 0.13999999999999999 0.9306666671875 0.21800000000000003 1 0.264 0.9973333328124999 0.262 0.8880000000000001
0 0.13999999999999999 0.7546666671875 0.134 0.7306666671875 0.054000000000000006 0.64 0.054000000000000006 0.808 0.13999999999999999 0.9333333328125001 0.148 0.7626666671875 0.13999999999999999 0.7546666671875
0 0.052000000000000005 0.8106666671875 0.052000000000000005 1 0.124 0.9973333328124999 0.124 0.9093333328125001 0.052000000000000005 0.8106666671875
0 0.21400000000000002 1 0.122 0.9173333328125001 0.122 1 0.21400000000000002 1