0 0.747128640625 0 0.8117355703125 0.238461928125 0.8079105125 0.24963034843749998 0.9673546156249999 0.22523265 0.9043750968750001 0 0.747128640625 0
0 0.5470094249999999 0 0.613836528125 0.26129048125 0.6315238609375 0.256107171875 0.80571829375 0.24357446249999998 0.811049778125 0.2375465140625 0.7458411390624999 0 0.5470094249999999 0
0 1 0.350234609375 0.9678739640625 0.2284296140625 0.8070582765625 0.250996484375 0.8793909515625 0.5206179359374999 0.8938041796875 0.524208815625 1 0.4947610421875 1 0.350234609375
0 1 0.4969189796875 0.8884210781249999 0.5257863453125 0.959953134375 0.8012243515625 1 0.7856758625 1 0.4969189796875
0 0.8754468546874999 0.5256811140625001 0.7161102046875001 0.5718168609375 0.7924196343750001 0.8849283796874999 0.9613763375 0.8075055984375 0.8871169140624999 0.5256103390625 0.8754468546874999 0.5256811140625001
0 0.6303703390625001 0.2564452140625 0.6169800078125001 0.26204385937499997 0.6940900531249999 0.5693388203125 0.705193359375 0.574457871875 0.8749117046875 0.5252797484375 0.8768658453124999 0.5191251515624999 0.8037125359375 0.2452786421875 0.6303703390625001 0.2564452140625
0 0.36537307812500003 0 0.3068901609375 0.01744218125 0.297073115625 0.11074639687500001 0.3428410734375 0.285445134375 0.3863104109375 0.28275383125000003 0.38969196875 0.2957176921875 0.401924565625 0.2776198765625 0.6117791515625 0.258544240625 0.547459946875 0 0.36537307812500003 0
0 0.61054240625 0.2600230578125 0.40207520781249995 0.2781339234375 0.3902429203125 0.293323459375 0.47926531875 0.6255953390625 0.5003974171875 0.6221935000000001 0.5051305421875 0.6269465734375 0.69405845 0.5749300140625 0.6162784125 0.26392404062499997 0.61054240625 0.2600230578125
0 0.7148734609375 0.573295678125 0.7048088515625001 0.5745705531249999 0.6945935999999999 0.57533138125 0.5041276640625 0.6277986624999999 0.585222015625 0.9693069890625001 0.5971125203125001 0.9686144453125 0.7914167562500001 0.8857804671875 0.7148734609375 0.573295678125
0 0.477493425 0.6266727890625 0.2366412359375 0.696696834375 0.3106209375 0.9853006796875 0.5835912421875 0.9694019703125001 0.50084934375 0.6237356421875 0.477493425 0.6266727890625
0 0.34183819375 0.286297221875 0.11533497343750002 0.316950096875 0.21474012187499997 0.7003240359375 0.47811179531250003 0.6259333812500001 0.3846217390625 0.28269050625 0.34183819375 0.286297221875
0 0.1458616875 0.308562371875 0.337089265625 0.284339746875 0.29570152968749996 0.10891557031250002 0.10186140937499999 0.1199489765625 0.1458616875 0.308562371875
0 0.114950465625 0.3170627765625 0.14447430156250002 0.30952714062500003 0.11430153750000001 0.1737972765625 0.0898068421875 0.12013243124999999 0.007301225 0.12535720156250002 0.023335 0.400646478125 0.1322269578125 0.384564990625 0.114950465625 0.3170627765625
0 0.20501577499999998 0.66856579375 0.1338166078125 0.3885646859375 0.023944579687500002 0.41111256406249996 0.0318182828125 0.5462988156249999 0.0768558171875 0.6999832109375 0.20501577499999998 0.66856579375
0 0.224721509375 0.7001899359375 0.2151246296875 0.7002113546875 0.2044648234375 0.6709600250000001 0.0771571015625 0.7010113062500001 0.162654675 0.9913352625 0.2879008046875 0.9457005281249999 0.224721509375 0.7001899359375