0 0.6314186703125 0.19524040781250002 0.6362352984374999 0.2930331609375 0.87827845 0.287864290625 0.8751230968750001 0.1869675046875 0.6314186703125 0.19524040781250002
0 0.373095359375 0.1982474359375 0.38206508125 0.297330484375 0.6161342624999999 0.29258036718749997 0.610653196875 0.188788925 0.373095359375 0.1982474359375
0 0.161619034375 0.2078446765625 0.16161813125 0.2983484453125 0.3800715890625 0.2974351734375 0.37326146875 0.1997471078125 0.161619034375 0.2078446765625
0 0.5863979828125 0.2956503578125 0.5888888999999999 0.3905484546875 0.8247854640625001 0.38419397499999997 0.822294546875 0.289295878125 0.5863979828125 0.2956503578125
0 0.36046888125 0.3014813953125 0.3664484546875 0.39167110156249996 0.5865631875 0.38765379843750003 0.584404490625 0.2957550453125 0.36046888125 0.3014813953125
0 0.1376962203125 0.2996046984375 0.135701821875 0.3902131546875 0.3523278984375 0.3909042453125 0.346348325 0.3007145375 0.1376962203125 0.2996046984375
0 0.589055009375 0.39204812499999997 0.5947023640625 0.47923848593749996 0.8251167781250001 0.4776970875 0.8251176812500001 0.38719331874999996 0.589055009375 0.39204812499999997
0 0.3606340875 0.3934848359375 0.3682749359375 0.48057051093750003 0.5903831609375 0.47644851875 0.586729296875 0.3891534703125 0.3606340875 0.3934848359375
0 0.58905410625 0.48255189375 0.5933724046875 0.57584563125 0.8339203921875 0.575280465625 0.8292698734374999 0.478987384375 0.58905410625 0.48255189375
0 0.1278939609375 0.392131578125 0.1337074265625 0.48082161250000005 0.34817390000000004 0.48011771718749996 0.3405330515625 0.39303204375 0.1278939609375 0.392131578125
0 0.3588057984375 0.485592965625 0.3647853734375 0.5757826703125 0.5893854203125 0.5760550078125 0.586562284375 0.478157565625 0.3588057984375 0.485592965625
0 0.133873534375 0.48232128281250003 0.149488353125 0.56898820625 0.36212744375 0.56988866875 0.3564800875 0.4826983078125 0.133873534375 0.48232128281250003
0 0.59553200625 0.577240615625 0.5980229234375 0.6721387125 0.8468770984375 0.674154140625 0.8420604718750001 0.5763613859375 0.59553200625 0.577240615625
0 0.3609644984375 0.5774917171875 0.3674424 0.6721804390624999 0.5960294296875001 0.6722433999999999 0.591545021875 0.5774499921875 0.3609644984375 0.5774917171875
0 0.365282796875 0.67078545625 0.3604661703125 0.5729927015625 0.1479931890625 0.5735919093749999 0.130550084375 0.5790331171875 0.1378587109375 0.66311944375 0.365282796875 0.67078545625
0 0.59636165 0.6752427453125 0.6006799484374999 0.76853648125 0.8477067421875001 0.77215626875 0.845049715625 0.6757584999999999 0.59636165 0.6752427453125
0 0.36345541406250004 0.672389815625 0.3656141109375 0.7642885671874999 0.5966929640624999 0.7687458578124999 0.594202046875 0.673847759375 0.36345541406250004 0.672389815625
0 0.13021605625 0.757041309375 0.3498322796875 0.7666257421875 0.36428523749999997 0.752291190625 0.36146192187500004 0.672494503125 0.13802482031250002 0.6646191171875 0.12656219375 0.6697462609375 0.13021605625 0.757041309375
0 0.8427229203125 0.781468365625 0.8379053875 0.77417938125 0.5868916093750001 0.7707689703125 0.592705075 0.8594590015625 0.84637678125 0.868763415625 0.8427229203125 0.781468365625
0 0.5875551437500001 0.867271425 0.5848981171875 0.7708736578125001 0.357640140625 0.76470731875 0.348503225 0.7727291203125 0.3518248703125 0.8570248234375001 0.5875551437500001 0.867271425
0 0.1483236 0.7575987921875 0.1584562671875 0.8490787921875 0.34983137656249996 0.8571295109375001 0.3458452953125 0.76683511875 0.1483236 0.7575987921875
0 1 0.32339463749999997 0.8227925140625001 0.3299964015625 0.8261141578125001 0.41429210625 1 0.41030342343750004 1 0.32339463749999997
0 1 0.4120302578125 0.8264463765625001 0.4172914515625 0.833588896875 0.49987810625 1 0.49843857343750003 1 0.4120302578125
0 1 0.5002315281249999 0.8339211140625 0.5028774515625 0.8359138843749999 0.575175778125 0.8418943625 0.5748617140625 0.8438876734375 0.5928577796875001 1 0.5915073375000001 1 0.5002315281249999
0 1 0.5918550234375 0.8460472765624999 0.5942527640625 0.8498672484375 0.6830474859375 1 0.6826947484375 1 0.5918550234375
0 1 0.6853273343749999 0.8460463703125001 0.6847565343750001 0.8493680156250001 0.7690522375 0.9980492328125001 0.7718030406249999 1 0.7362814281250001 1 0.6853273343749999
0 1 0.77169848125 0.8477067421875001 0.77215626875 0.8490348937500001 0.8565566609375 0.9995434937500001 0.85770310625 1 0.7790587765625 1 0.77169848125