0 0.8039388140625 0.6741984140625 0.784581465625 0.6642881828125 0.5898743953125 0.5388844671874999 0.5623651046875 0.5449771421875 0.45486730781249995 0.7282085671875 0.6255242203125 0.88473265625 0.784795278125 0.8244226109374999 0.8996003203124999 0.6897515296875001 0.9108807999999999 0.6463948875 0.827938925 0.6892578921875 0.8039388140625 0.6741984140625
0 0.542960771875 0.2209996359375 0.4257467640625 0.43391083750000004 0.589104771875 0.5341779375 0.7404240828125 0.3051513859375 0.542960771875 0.2209996359375
0 0.74351925625 0.30858421875 0.5937475328125 0.539327184375 0.8213595937499999 0.6838872874999999 0.91126978125 0.6448998312499999 0.9617063203124999 0.46599584062500005 0.9685698859375 0.3678422859375 0.8519337578125 0.3517668859375 0.74351925625 0.30858421875
0 0.3182573078125 0.6094456218750001 0.4451844625 0.7271017734375 0.565071296875 0.5499050296875 0.591041340625 0.5343992984375 0.4257467640625 0.43391083750000004 0.40017404218749997 0.44022486875 0.3182573078125 0.6094456218750001
0 0.3256062625 0.6195227546875001 0.254953325 0.76078015 0.364054034375 0.8856357687499999 0.4598907109375 0.7395594015625 0.3256062625 0.6195227546875001
0 0.6274607890625 0.8849540156250001 0.46995419531250004 0.7468677796875001 0.456778853125 0.751519853125 0.34544128281250003 0.9035219921875 0.40275170468750005 0.9614155906249999 0.6858662859375 0.93830515 0.78053315625 0.82547495 0.6274607890625 0.8849540156250001
0 0.32175814687500004 0.5959901125 0.40172162968749997 0.4419412859375 0.4203260390625 0.43175170312500005 0.300714471875 0.35495925625 0.2254020921875 0.5064606875 0.32175814687500004 0.5959901125
0 0.1524236046875 0.6489917765625 0.24954094218749998 0.7509243718749999 0.319407571875 0.6203537359375 0.313217225 0.6134880734375 0.3182739921875 0.5940523375 0.22462412812500002 0.5094507984375001 0.1524236046875 0.6489917765625
0 0.2222985765625 0.510724496875 0.1352280421875 0.431493565625 0.079306378125 0.5621186578125 0.154757496875 0.6400214375 0.2222985765625 0.510724496875
0 0.133291475 0.4312722078125 0.225791075 0.5049656296875 0.296841334375 0.3545165375 0.2832936921875 0.34527038125 0.193880925 0.28270643125 0.133291475 0.4312722078125
0 0.4736833171875 0.1653558046875 0.380728003125 0.154730575 0.287936453125 0.3504196296875 0.424588159375 0.43069936562500005 0.534055890625 0.2169027296875 0.46785692812499996 0.1800850125 0.4736833171875 0.1653558046875
0 0.2556706875 0.098868921875 0.18846020000000002 0.2805473 0.2860082265625 0.342501628125 0.37569626093749997 0.1510763859375 0.47058814375 0.1619229734375 0.350181928125 0.10351392343750002 0.2556706875 0.098868921875
0 0.1790109140625 0.0639345234375 0.11415100156249999 0.221249278125 0.190405109375 0.273072015625 0.2552817046875 0.100363978125 0.333141790625 0.10002663437499999 0.2611164359375 0.0779381265625 0.1790109140625 0.0639345234375
0 0.1857540078125 0.2756194109375 0.11453998437499999 0.21975422187500002 0.0628637546875 0.36472025937499997 0.13368045625 0.42977714999999994 0.1857540078125 0.2756194109375
0 0.13716461093750001 0.43171492499999997 0.059768582812500005 0.361287428125 0.0042358984375 0.49041746562500005 0.07892573750000001 0.555917071875 0.13716461093750001 0.43171492499999997
0 0.8013629078125 0 0.6467325109375001 0.2590330609375 0.8554179124999999 0.3537046625 0.9686533984375 0.3666480109375 0.9930866046875 0.017236867187499998 0.8895345078125001 0 0.8013629078125 0
0 0.5620316390625 0 0.46011065 0.17919957656250002 0.6413117859375 0.256873925 0.792703946875 0 0.5620316390625 0