0 0.0017142859375 0.25289017343750003 0.002428571875 0.31482245937500003 0.0738571421875 0.298307184375 0.0017142859375 0.25289017343750003
0 0 0.2485549140625 0.0767142859375 0.3003715921875 0.17028571406249998 0.279727496875 0 0.176300578125 0 0.2485549140625
0 0.117428571875 0.0072254328125 0.011714285937500001 0.003096615625 0.0017142859375 0.174442609375 0.1717142859375 0.2817919078125 0.2738571421875 0.2621800171875 0.11171428593749999 0.1372832375 0.117428571875 0.0072254328125
0 0.2588571421875 0.0020644109375 0.1202857140625 0.0072254328125 0.11171428593749999 0.1372832375 0.277428571875 0.2621800171875 0.404571428125 0.2394715109375 0.2531428578125 0.0877374078125 0.2588571421875 0.0020644109375
0 0.41600000000000004 0.003096615625 0.259571428125 0.0020644109375 0.2538571421875 0.0898018171875 0.4052857140625 0.23740710156249997 0.5452857140625 0.21263418750000002 0.42385714218750004 0.042320395312499995 0.41600000000000004 0.003096615625
0 0.734571428125 0.10528488750000001 0.6981428578125 0.0041288171875 0.4181428578125 0.0051610234375000005 0.42671428593750005 0.04438480625 0.5452857140625 0.21366639062499998 0.749571428125 0.1641205609375 0.734571428125 0.1352188265625 0.734571428125 0.10528488750000001
0 0.7281428578125 0.006193228125 0.7331428578125 0.1352188265625 0.749571428125 0.1641205609375 0.9167142859374999 0.123864575 0.9052857140624999 0.0010322046875 0.7281428578125 0.006193228125
0 0.909571428125 0.0041288171875 0.922428571875 0.12489677968749999 0.998 0.106936415625 0.998 0.0028901734375 0.909571428125 0.0041288171875
0 0.998 0.1734104046875 0.754571428125 0.21366639062499998 0.7538571421875 0.52436003125 0.771 0.5419075140625 0.998 0.540462428125 0.998 0.1734104046875
0 0.7531428578125 0.29417836406250003 0.7288571421875 0.2281172578125 0.522428571875 0.264244425 0.5152857140625 0.5398431046875001 0.742428571875 0.537778696875 0.749571428125 0.5130057796874999 0.7531428578125 0.29417836406250003
0 0.5181428578125 0.2828241125 0.346 0.3106936421875 0.33528571406249996 0.5532617656250001 0.5038571421875 0.5481007421874999 0.511 0.536746490625 0.5181428578125 0.2828241125
0 0.34242857187500003 0.317919075 0.33671428593749997 0.31275805156250003 0.189571428125 0.3354665578125 0.176 0.56668043125 0.322428571875 0.5604872000000001 0.332428571875 0.5511973578125 0.34242857187500003 0.317919075
0 0.057428571875 0.35507844843749997 0.043857142187499996 0.5615194046875 0.17028571406249998 0.56668043125 0.186 0.33753096562499996 0.057428571875 0.35507844843749997
0 0.1688571421875 0.56977704375 0.0252857140625 0.56977704375 0.0067142859375 0.7834434359375 0.134571428125 0.802023121875 0.151 0.7927332781249999 0.1688571421875 0.56977704375
0 0.317428571875 0.5646160203125 0.1688571421875 0.56668043125 0.151 0.7999587109374999 0.2981428578125 0.8185383984374999 0.3102857140625 0.80821635 0.317428571875 0.5646160203125
0 0.499571428125 0.5511973578125 0.3331428578125 0.5522295640625 0.3188571421875 0.5615194046875 0.3102857140625 0.8123451703125 0.48457142812500004 0.834021471875 0.496 0.8247316265625001 0.499571428125 0.5511973578125
0 0.7402857140625 0.8226672171875 0.7388571421875 0.5388108984375 0.5088571421875 0.5398431046875001 0.5038571421875 0.5522295640625 0.497428571875 0.832989265625 0.7202857140625001 0.8567299734375 0.7402857140625 0.8226672171875
0 0.998 0.5375722546875 0.7731428578124999 0.5450041296875 0.7488571421875 0.5233278296874999 0.7388571421875 0.5388108984375 0.7467142859375 0.8443435171875 0.7731428578124999 0.861891 0.998 0.87572254375 0.998 0.5375722546875