0 0.5481266640625 0.7084356484375001 0.9459775125000001 0.8667313328124999 0.97245594375 0.6829584203125 0.57428055625 0.5638674703125 0.5481266640625 0.7084356484375001
0 0.6859611859375 0.593312903125 0.9749405703124999 0.6787492515625 0.9878542609375 0.5625773515625 0.9898525640625 0.4767221265625 0.72354561875 0.43662821249999995 0.6859611859375 0.593312903125
0 0.48361913906250004 0.3997604171875 0.46839949374999995 0.53667674375 0.6798307578125 0.5940346390625 0.719899815625 0.43314077968750003 0.48361913906250004 0.3997604171875
0 0.251149696875 0.3683792671875 0.2402344171875 0.48471599374999996 0.4639265359375 0.54063041875 0.479642475 0.39924942812499997 0.251149696875 0.3683792671875
0 0.385882125 0.5170166234375 0.370163025 0.6402834671875001 0.5421616671875 0.7076691625 0.5701384625 0.5648447015625 0.385882125 0.5170166234375
0 0.22650048906250003 0.5901241859375 0.22121618125000003 0.692089696875 0.424204146875 0.789118565625 0.441746146875 0.6675954374999999 0.22650048906250003 0.5901241859375
0 0.37032845625 0.6387952453125 0.38157459843749997 0.519482075 0.238576946875 0.4814840578125 0.22434672500000002 0.5913569140625 0.37032845625 0.6387952453125
0 0.424204146875 0.789118565625 0.62603409375 0.8965649812500001 0.6518571265624999 0.7549732453125 0.43926152187499995 0.6718046046875 0.424204146875 0.789118565625
0 0.9217731468749999 1 0.9534345484375001 0.8722179750000001 0.6596450234375 0.757483446875 0.63382199375 0.8990751828124999 0.841873696875 1 0.9217731468749999 1
0 0.3569285515625 0.7593411421875 0.343029190625 0.86623755625 0.5050924953125 0.96857406875 0.5285994921875 0.847817425 0.3569285515625 0.7593411421875
0 0.21906241875000002 0.6933224234375001 0.210132309375 0.7918005015625 0.3350758609375 0.8652155765625 0.3589168828125 0.7595966390625 0.21906241875000002 0.6933224234375001
0 0.40297454843749997 1 0.41478090468750006 0.9101754515625 0.21593187500000002 0.79405520625 0.2035213953125 0.88755763125 0.36207928125 1 0.40297454843749997 1
0 0.8419292031250001 1 0.5289303546874999 0.8448409859374999 0.5047616328125 0.971550509375 0.5531437953125 1 0.8419292031250001 1
0 0.20169849218749997 0.8858139156249999 0.194922146875 0.9830592687499999 0.32018707968750004 0.9991554624999999 0.3268106375 0.9758549171875 0.20169849218749997 0.8858139156249999
0 0.135246890625 0.8304812406250001 0.019083821875 0.7506470421875 0.0113085671875 0.8205934265625 0.130124853125 0.912844384375 0.199547890625 0.9051607890625 0.20914288593750002 0.818843971875 0.135246890625 0.8304812406250001
0 0 0.8157443390625 0.009154803125 0.8218261531250001 0.021072153125 0.7509025375 0 0.7377247687499999 0 0.8157443390625
0 0 0.733098359375 0.0454315953125 0.7676179624999999 0.0580106671875 0.6907414640625 0 0.6596961546875 0 0.733098359375
0 0.045266164062499996 0.769106184375 0.1312702265625 0.82997025 0.206823690625 0.8215649203125001 0.20797854531249998 0.7930332265625 0.21094998125000003 0.73001695625 0.14152694375 0.737700553125 0.0537031421875 0.6932069140625 0.045266164062499996 0.769106184375
0 0 0.6631842765625 0.006145435937500001 0.6674726640624999 0.02502036875 0.5883862093750001 0 0.5743178890625 0 0.6631842765625
0 0.006641728125 0.6630080031250001 0.13937318125 0.738933278125 0.2149266453125 0.730527946875 0.2208758375 0.6407237 0.1517836609375 0.6454308546874999 0.02502036875 0.5883862093750001 0.006641728125 0.6630080031250001
0 0 0.5748282390624999 0.0629672734375 0.6098665421875 0.0748814609375 0.52082878125 0 0.49314591874999997 0 0.5748282390624999
0 0.0652864671875 0.6071455953125 0.147972428125 0.6434316421874999 0.22253330781249997 0.6439556359374999 0.2303054 0.5558951046875 0.162205809375 0.551672934375 0.07720065625 0.5181078328125001 0.0652864671875 0.6071455953125
0 0.04421035625 0.4157525796875 0.036438264062499996 0.5038131109374999 0.17678586093749998 0.5475085156249999 0.23063626093749998 0.5529186625 0.2379089 0.45120864843749997 0.177762640625 0.4480084578125 0.04421035625 0.4157525796875
0 0.0776811421875 0.4230724375 0.241885565625 0.4517196390625 0.2393819734375 0.347243928125 0.088268721875 0.3278262984375 0.0776811421875 0.4230724375
0 0.0476559578125 0.22147261875000002 0.0408796109375 0.318717971875 0.240043696875 0.3412910453125 0.24798122031249997 0.25174229062500003 0.27531841875 0.2416697390625 0.205726790625 0.2327274109375 0.0476559578125 0.22147261875000002
0 0.0112200578125 0.313397325 0.0405487484375 0.3216944140625 0.0478213875 0.21998440000000002 0.019819306249999998 0.2178956875 0.0112200578125 0.313397325
0 0.017830971875 0.21764019218750003 0.0920609890625 0.22114062968749998 0.097510728125 0.11768689843749999 0.030737746875 0.11967310625000001 0.017830971875 0.21764019218750003
0 0.099664490625 0.1164541734375 0.0955413609375 0.22611628125 0.2063885125 0.2267745265625 0.2986821140625 0.24920034375000003 0.3659513875 0.24274947343750003 0.3725654625 0.1651064890625 0.2136579921875 0.106950365625 0.099664490625 0.1164541734375
0 0.249969553125 0.2519977859375 0.23938513437500003 0.36535807343750004 0.3883446234375 0.38600843125 0.397764703125 0.24683739531249999 0.249969553125 0.2519977859375
0 0.3923212875 0.38651942031250003 0.5936391375000001 0.40785976562500004 0.6226085171875 0.256105978125 0.6068672890625 0.2525737953125 0.40372969999999997 0.24760387968750003 0.3923212875 0.38651942031250003
0 0.5976158015624999 0.4083707546875 0.9898524234374999 0.47672811406250004 0.9946092765625 0.2723543484375 0.6274123359375 0.2491758640625 0.5976158015624999 0.4083707546875
0 0.373888909375 0.153200721875 0.36330133125 0.24844686093749999 0.5987485296874999 0.25304003750000004 0.6220900968749999 0.133771615625 0.373888909375 0.153200721875
0 0.380837009375 0.0906954421875 0.37587724375 0.1534562171875 0.5230075078125 0.1361345625 0.42126537812500003 0.0898524609375 0.380837009375 0.0906954421875
0 0.0289148453125 0.11792938906249999 0.22376508281250002 0.10673962031249999 0.37289632500000003 0.162130046875 0.373888909375 0.153200721875 0.38497278281249997 0.05348991875 0.29281652343750003 0.011931359375 0.1083455296875 0.0044147421875 0.0424833421875 0.014009418749999999 0.0289148453125 0.11792938906249999
0 0.60305605625 0.25057458593750004 0.9697331828125 0.2720304390625 0.9946627890625 0.2700552515625 0.998483396875 0.1059063375 0.626728484375 0.1283297234375 0.60305605625 0.25057458593750004