0 0.13 0.3019323671875 0.0022222218750000003 0.2977677828125 0 0.45577211406249996 0.13694444374999998 0.4549808421875 0.13 0.3019323671875
0 0.12166666562499999 0.4591454265625 0.0008333343749999999 0.453939696875 0 0.5967016484375 0.12166666562499999 0.6028235875 0.12166666562499999 0.4591454265625
0 0.120277778125 0.603864734375 0.0008333343749999999 0.59970015 0 0.7316341828125 0.113333334375 0.7360902874999999 0.120277778125 0.603864734375
0 0.1188888875 0.737131434375 0.0008333343749999999 0.737131434375 0 0.8635682156250001 0.11750000000000001 0.8724804265625 0.1188888875 0.737131434375
0 0.12166666562499999 0.87456271875 0.0022222218750000003 0.8672746953124999 0 0.9970015 0.134166665625 0.998459103125 0.12166666562499999 0.87456271875
0 0.5536111125 0.3060969515625 0.13555555625 0.2894386140625 0.127222221875 0.2967266375 0.138333334375 0.4435282359375 0.5411111125 0.4560219890625 0.5536111125 0.3060969515625
0 0.534166665625 0.4591454265625 0.138333334375 0.44248709062499997 0.13555555625 0.579918375 0.5188888875 0.6007412953125 0.534166665625 0.4591454265625
0 0.521666665625 0.6049058796875 0.12444444375 0.5882475421875 0.120277778125 0.7225553890625 0.509166665625 0.7444194578125 0.521666665625 0.6049058796875
0 0.5063888875 0.745460603125 0.12166666562499999 0.7277611203125 0.12166666562499999 0.85269865 0.48694444375 0.8693569875 0.5063888875 0.745460603125
0 0.5063888875 0.87456271875 0.49111111249999995 0.84436948125 0.48833333437500004 0.870398134375 0.12166666562499999 0.85478094375 0.13555555625 0.9807596203125 0.495277778125 0.99429451875 0.5063888875 0.87456271875
0 0.563333334375 0.299850075 0.5549999999999999 0.312343828125 0.546666665625 0.4445693828125 0.959166665625 0.45289855 0.9800000000000001 0.30297351250000004 0.563333334375 0.299850075
0 0.92444444375 0.6059470265625 0.9480555562499999 0.462268865625 0.546666665625 0.44873396718749997 0.545277778125 0.45706313437499996 0.534166665625 0.5934532734375 0.92444444375 0.6059470265625
0 0.5313888875 0.595535565625 0.521666665625 0.7277611203125 0.9077777781249999 0.7350491421875 0.9258333343749999 0.6090704640625 0.5313888875 0.595535565625
0 0.521666665625 0.7308845578125001 0.509166665625 0.858945528125 0.884166665625 0.87456271875 0.909166665625 0.7360902874999999 0.521666665625 0.7308845578125001
0 0.5175 0.85790438125 0.507777778125 0.9828419125 0.870277778125 0.9901299359375001 0.888333334375 0.875603865625 0.5175 0.85790438125
0 0.9827777781249999 0.292562053125 0.9411111125 0.2988089296875 0.9827777781249999 0.304014659375 0.964722221875 0.4476928203125 0.998 0.4467766109375 0.998 0.2938530734375 0.9827777781249999 0.292562053125
0 0.998 0.4452773609375 0.9633333343749999 0.4476928203125 0.93 0.5892886890625 0.998 0.586206896875 0.998 0.4452773609375
0 0.998 0.5907046484375 0.93 0.5903298343750001 0.9119444437500001 0.7267199734374999 0.998 0.7301349328125 0.998 0.5907046484375
0 0.998 0.7331334328125 0.909166665625 0.7329668500000001 0.8938888875 0.8599866734375 0.998 0.8635682156250001 0.998 0.7331334328125
0 0.998 0.8665667171875 0.8952777781249999 0.8641512578125001 0.8813888875 0.9870064968750001 0.998 0.9865067468750001 0.998 0.8665667171875