0 0.358632740625 0.09556428125000001 0.3838226734375 0.059126678125 0.391214996875 0.056392745312500006 0.416776715625 0.021436835937500003 0.29643300156249996 0.040846534375 0.315229984375 0.1318560328125 0.32373766875 0.13356718125 0.3473583609375 0.0989243328125 0.358632740625 0.09556428125000001
0 0.8148997546875 0.0466415609375 0.8115840578125001 0.0283411390625 0.7230352484375 0.025248946875 0.7347382265625 0.04107055 0.8148997546875 0.0466415609375
0 0.890807440625 0.051356996875000005 0.8868892625000001 0.03097085625 0.8121437390624999 0.028360684375 0.8152715421875 0.0481232546875 0.890807440625 0.051356996875000005
0 0.3512404171875 0.0982982140625 0.3221684296875 0.1353619359375 0.344393590625 0.23198515468749997 0.3776373296875 0.203498540625 0.3512404171875 0.0982982140625
0 0.415217003125 0.16814596875 0.391586784375 0.057874439062500005 0.3857637 0.05881361875 0.3516122046875 0.09977991093750001 0.3792065703125 0.20170378437499997 0.415217003125 0.16814596875
0 0.393527809375 0.05756138125 0.41529909375 0.1604244359375 0.44106842031250004 0.1423932875 0.5394427734375 0.148110153125 0.557655596875 0.1482560046875 0.6549145859375 0.149527784375 0.7366453546875 0.1533040421875 0.7487453984375 0.14518584375000002 0.7354818015625 0.044033940625000004 0.7229815 0.025247070312499998 0.489069178125 0.017078671875 0.420658771875 0.0208107171875 0.393527809375 0.05756138125
0 0.73887608125 0.1621942078125 0.750522246875 0.1603158515625 0.9454120140625 0.16434110625 0.9178997375 0.0546956953125 0.7381664046874999 0.0466842703125 0.7487453984375 0.14518584375000002 0.7370171421875 0.154785734375 0.73887608125 0.1621942078125
0 0.4586292875 0.276768596875 0.5609677859375 0.27413780781249997 0.5417555890625 0.1492787875 0.437929940625 0.145982796875 0.33580381406250004 0.23799553593749997 0.35526228125000003 0.33968995625 0.4586292875 0.276768596875
0 0.5440684046875 0.1504474203125 0.564849840625 0.2735116875 0.67107039375 0.2702547796875 0.6464069015625 0.14781663125 0.5440684046875 0.1504474203125
0 0.7366453546875 0.1533040421875 0.649091503125 0.15046696406249999 0.673011421875 0.26994171875 0.7559396421875 0.2704415265625 0.7366453546875 0.1533040421875
0 0.7392478687499999 0.163675903125 0.761308846875 0.2757421859375 0.8431217078125 0.271796909375 0.8241171171874999 0.1638626515625 0.7392478687499999 0.163675903125
0 0.8996530140625 0.1670963921875 0.82680171875 0.16651298125 0.8431217078125 0.271796909375 0.915601215625 0.270898625 0.8996530140625 0.1670963921875
0 0.9461555875000001 0.16730449375 0.9019658296875 0.1682650265625 0.91754224375 0.27058556562499997 0.9718089265625001 0.2695414296875 0.9461555875000001 0.16730449375
0 0.382146971875 0.32610389375 0.3517520140625 0.34179776875 0.3688976671875 0.44232355468750006 0.4027208015625 0.432243396875 0.382146971875 0.32610389375
0 0.41373938125 0.3071335671875 0.38334442343749997 0.32282744375 0.4027208015625 0.432243396875 0.436915725 0.42364493437500006 0.41373938125 0.3071335671875
0 0.47350555156249996 0.40849357499999994 0.7624724015625 0.3850122859375 0.7419806624999999 0.27115125 0.4554908078125 0.2803581046875 0.41336759375 0.305651871875 0.43617215 0.4206815453125 0.47350555156249996 0.40849357499999994
0 0.7662723671875 0.3921077 0.9974622640625 0.371778365625 0.9718089265625001 0.2695414296875 0.915601215625 0.270898625 0.8434934953125 0.2732786046875 0.7489191078124999 0.27465715468749996 0.7662723671875 0.3921077
0 0.4996561953125 0.536858496875 0.6009614203125 0.52206109375 0.5747286875000001 0.4014177 0.4781311828125 0.4108308421875 0.36187713125 0.4465391828125 0.378650996875 0.5455832734375 0.4996561953125 0.536858496875
0 0.6736390078125 0.3931731921875 0.5766697140625 0.401104640625 0.6048434765625 0.521434975 0.6925615078125 0.508828984375 0.6736390078125 0.3931731921875
0 0.78416159375 0.49559687500000005 0.7708979984375001 0.394444971875 0.764413428125 0.384699228125 0.6736390078125 0.3931731921875 0.69681535 0.509684559375 0.78416159375 0.49559687500000005
0 0.8003513 0.503777321875 0.8783641937500001 0.49273662968750004 0.8593596046875 0.3848023734375 0.7708979984375001 0.394444971875 0.78416159375 0.49559687500000005 0.8003513 0.503777321875
0 0.9443109421875 0.3772675859375 0.86092884375 0.3830076171875 0.8818744625000001 0.49062881718750007 0.9602591437499999 0.4810698203125 0.9443109421875 0.3772675859375
0 1 0.3818920734375 0.9974622640625 0.371778365625 0.9443109421875 0.3772675859375 0.9637694109374999 0.4789620078125 1 0.4740716546875 1 0.3818920734375
0 0.42246896562499997 0.5431410453125001 0.38678689374999997 0.5458127296875 0.40744281562499995 0.6442306999999999 0.4449838234375 0.6489674890625 0.42246896562499997 0.5431410453125001
0 0.46628693749999994 0.5406988171875 0.42246896562499997 0.5431410453125001 0.4449838234375 0.6489674890625 0.4871504640625 0.6560415500000001 0.46628693749999994 0.5406988171875
0 0.5351401874999999 0.66217643125 0.808907178125 0.6103134875 0.7884154375 0.49645244999999993 0.5136151765625 0.5361487765625 0.46591515 0.5392171234375 0.4890914921875 0.6557284906249999 0.5351401874999999 0.66217643125
0 1 0.47421063124999996 0.7922154015625 0.5035478640625 0.8108482046875001 0.610000428125 0.82204049375 0.614361909375 1 0.5807954890625 1 0.47421063124999996
0 0.5395677390625 0.792503315625 0.6405832671875 0.7685026828125 0.618604378125 0.6487148671875 0.524691475 0.6607783390625 0.4055017875 0.6445437609375 0.4230192265625 0.746551240625 0.5395677390625 0.792503315625
0 0.6198018296875001 0.6454384156249999 0.6425242953125 0.7681896234375001 0.737716740625 0.74512816875 0.7149121843749999 0.63009849375 0.6198018296875001 0.6454384156249999
0 0.80696615 0.6106265484375 0.7187942406250001 0.629472375 0.741970584375 0.74598374375 0.827457890625 0.7244875859375 0.80696615 0.6106265484375
0 0.83984763125 0.7255726171875 0.9163733734375 0.708605146875 0.8977405718749999 0.6021525828125001 0.8107661140625 0.6177219625 0.8286553421875 0.7212111375 0.83984763125 0.7255726171875
0 0.9800893984375 0.5842459359375 0.8977405718749999 0.6021525828125001 0.9167451609375 0.7100868421875 0.9990939875 0.69218019375 0.9800893984375 0.5842459359375
0 1 0.5805803296875001 0.9800893984375 0.5842459359375 0.9987221999999999 0.6906985 1 0.6903516171875 1 0.5805803296875001
0 0.4549156265625 0.9541557078125 0.5645209296875 0.9241446921875 0.5395677390625 0.792503315625 0.4203346234375 0.7439009109375 0.334103740625 0.7624336765625 0.3577339625 0.87270520625 0.4549156265625 0.9541557078125
0 0.835965575 0.7261987359375001 0.8313399453124999 0.7238614671875 0.5438215828125 0.7933588921875 0.571169678125 0.9184473687500001 0.8603393703125001 0.8394336546875 0.835965575 0.7261987359375001
0 1 0.688839796875 0.837906603125 0.7258856765624999 0.862280396875 0.83912059375 1 0.8009801921875 1 0.688839796875
0 0.57889963125 1 0.5645209296875 0.9241446921875 0.4549156265625 0.9541557078125 0.3543057859375 0.8670914875 0.34534422187499997 0.8716201734375 0.36195390625 0.98610733125 0.3804987234375 1 0.57889963125 1
0 0.6927937859375 1 0.6698723906249999 0.8932781000000001 0.5680311984374999 0.922036878125 0.5813285687499999 1 0.6927937859375 1
0 0.7130047625 1 0.7848130015625 0.9811142921875 0.7643212609375001 0.8672532546875 0.67181341875 0.8929650390624999 0.6928839499999999 1 0.7130047625 1
0 0.8513778078125 0.8439623421875 0.7646930484375 0.8687349484375 0.7848130015625 0.9811142921875 0.8726952125 0.9530652343750001 0.8513778078125 0.8439623421875
0 0.9322394828125 0.8201289140625001 0.8533188359375 0.8436492828125 0.875008028125 0.9542338718750001 0.9543825531250001 0.924473665625 0.9322394828125 0.8201289140625001
0 1 0.8011266078125001 0.9341805109375001 0.8198158546875 0.9559517937500001 0.9226789109375 1 0.9071276906250001 1 0.8011266078125001
0 0.23279904999999998 1 0.208149315625 0.872164503125 0.1802700171875 0.8334945875 0.18233656250000002 0.8578278234375001 0.113946715625 0.8750247484375 0.1453055609375 1 0.23279904999999998 1
0 0.1403245734375 0.69039631875 0.0708193640625 0.7031481609375 0.113203140625 0.8720613593750001 0.1819647734375 0.856346128125 0.1601934921875 0.7534830718750001 0.1497013515625 0.7197171546875001 0.1403245734375 0.69039631875
0 0.2705309453125 1 0.3612924203125 0.975422409375 0.34534422187499997 0.8716201734375 0.35504935937500004 0.8700548765624999 0.34881106093750003 0.8371445328125 0.207777528125 0.870682809375 0.23271296718749998 1 0.2705309453125 1
0 0.186044909375 0.7277303921875 0.14837838125 0.698347309375 0.1798982296875 0.8320128953125 0.207405740625 0.8692011140625 0.34881106093750003 0.8371445328125 0.334103740625 0.7624336765625 0.34574990781250003 0.76055531875 0.33476046249999997 0.7006614124999999 0.186044909375 0.7277303921875
0 0.41165799375 0.6851756359375 0.33827073125 0.698553596875 0.3473191484375 0.758760565625 0.42458846718750004 0.7447564859375 0.41165799375 0.6851756359375
0 0.1879859375 0.727417334375 0.33864251875 0.70003529375 0.3113765125 0.5672252828125 0.15923278125 0.588680546875 0.13214048437499998 0.5853418484375 0.14875016875 0.6998290046875 0.1879859375 0.727417334375
0 0.3890176203125 0.5547028984375 0.3148867796875 0.56511746875 0.3398399703125 0.69675884375 0.4135990203125 0.6848625765625 0.3890176203125 0.5547028984375
0 0.1650558640625 0.5877413671875 0.3148867796875 0.56511746875 0.2879925625 0.4337891546875 0.1378719484375 0.44720982343750004 0.10933592968750001 0.470312175 0.1360225390625 0.5847157296875001 0.1650558640625 0.5877413671875
0 0.29150283125 0.4316813421875 0.31645602031250003 0.563322715625 0.3870765921875 0.55501595625 0.38678689374999997 0.5458127296875 0.3809638109375 0.546751909375 0.36187713125 0.4465391828125 0.3650156109375 0.4429496734375 0.3667490328125 0.42571185468749995 0.29150283125 0.4316813421875
0 0.22245149999999997 0.43819334374999996 0.2713489796875 0.43184854687499996 0.36637724375 0.42423015781249995 0.3575364328125 0.3809479515625 0.2623005625 0.3716415796875 0.210636390625 0.3830575796875 0.22245149999999997 0.43819334374999996
0 0.09887292343750001 0.2515425171875 0.11477769687499999 0.3229769234375 0.12919055468750001 0.31602736249999996 0.349023984375 0.3067796125 0.33580381406250004 0.23799553593749997 0.33745514375 0.228479246875 0.10993969374999998 0.231257703125 0.09887292343750001 0.2515425171875
0 0.13642346249999998 0.4011936828125 0.2116696625 0.395224196875 0.1977880078125 0.315755196875 0.12217002031249999 0.320242990625 0.09929290156250001 0.357849228125 0.113628434375 0.4310783890625 0.13642346249999998 0.4011936828125
0 0.2619287734375 0.37015988437499997 0.28633646874999996 0.3708482546875 0.2737777828125 0.3127491 0.199729034375 0.3154421375 0.21220563124999997 0.38126282499999997 0.2619287734375 0.37015988437499997
0 0.345513715625 0.3088874265625 0.27765983906249997 0.31212298125000004 0.28827749687500004 0.37053519375 0.35716464531250003 0.37946625625 0.345513715625 0.3088874265625
0 0.1433232453125 0.44478894999999996 0.2205104734375 0.438506403125 0.2116696625 0.395224196875 0.1371670375 0.4041570734375 0.1155694625 0.43076532968750003 0.12188985000000001 0.455954140625 0.1433232453125 0.44478894999999996
0 0.098047259375 0.2563006625 0.08570094375000001 0.28758345625000004 0.10094423125 0.34833294062500003 0.11506739375 0.33218015312500004 0.098047259375 0.2563006625
0 0.279098796875 0.21322474218749998 0.2851294875 0.229210325 0.339024384375 0.22668449375000002 0.32274782343749997 0.1537683921875 0.279098796875 0.21322474218749998
0 0.0378462671875 0.4510092484375 0.0300000671875 0.45998302031250005 0.044499778125 0.5177691140625 0.051520314062499996 0.5135534859375 0.11825882812499999 0.5058728484375 0.10665132656250001 0.4676618453125 0.1222616375 0.457435834375 0.11697452187499999 0.4444136421875 0.0378462671875 0.4510092484375
0 0.0593712796875 0.577036903125 0.11566108125 0.5679581734375 0.108553690625 0.5074381453125001 0.059284424999999995 0.512301246875 0.0397920578125 0.523153378125 0.049294353125 0.57712050625 0.0593712796875 0.577036903125
0 0.0591684359375 0.6325693296875 0.0772991703125 0.640436715625 0.1355299984375 0.631044928125 0.13057124375 0.5871366015625 0.12999185 0.5687301453125 0.0717610203125 0.5781219359375 0.050781503125 0.583047284375 0.0591684359375 0.6325693296875
0 0.08172195625 0.6983064156250001 0.1395809984375 0.6874329312499999 0.13358897187500002 0.6313579875 0.0870043078125 0.63887141875 0.06490942968749999 0.639351684375 0.072842484375 0.69511356875 0.08172195625 0.6983064156250001