0 0.049206060937500004 0 0.0281772078125 0.1133727421875 0.0235202546875 0.23489774218749998 0.14134108750000002 0.24247757343749998 0.1635307359375 0.24069086093749997 0.18807283749999998 0 0.049206060937500004 0
0 0.021548275 0.23481614999999997 0.0281772078125 0.1133727421875 0.0042787953125 0.24221611406250002 0.021548275 0.23481614999999997
0 0.18899610312499998 0 0.163032853125 0.2433750984375 0.2138064140625 0.2481807578125 0.31387943906250004 0.2550262484375 0.40261847656249994 0.25869794375 0.4755816859375 0.2617168921875 0.488965875 0.22169811718750002 0.5319530296874999 0 0.18899610312499998 0
0 0.53553315 0 0.49093785468749995 0.2217797109375 0.4820150609375 0.24845889375 0.6703292421875 0.2616603140625 0.7782901828125001 0.2688321796875 0.7798033890625 0.24996092656250002 0.8578277703125 0 0.53553315 0
0 0.8578361375 0 0.7817753671875 0.25004252031249996 0.802451809375 0.26712705937500003 0.8280679765625001 0.2790063140625 0.8655355703125001 0.28055658437500003 0.9232208328124999 0.28023855000000003 0.9865442015625 0.10075742343750001 0.9947689578125001 0 0.8578361375 0
0 0.9429406203124999 0.28105448125 0.9715388968750001 0.2845799953125 0.9865240859375 0.1010038375 0.9271843453124999 0.269583196875 0.9429406203124999 0.28105448125
0 0 0.47804864062499997 0.11427937343750001 0.4847932359375 0.1355514765625 0.4451008359375 0.15807357187499999 0.25939892656249997 0.1615587578125 0.24060926718750003 0.14134108750000002 0.24247757343749998 0.0235202546875 0.23489774218749998 0.0037809109374999997 0.24490035312499997 0 0.26528435781250004 0 0.47804864062499997
0 0.1689487890625 0.243619878125 0.15857145625 0.2567146890625 0.130035646875 0.49626452343749994 0.143839496875 0.496835675 0.2656042875 0.5045786921875 0.2834498734375 0.4512203265625 0.3119074609375 0.25494465625 0.20986245625 0.2480175734375 0.1689487890625 0.243619878125
0 0.3400415921875 0.5103634718750001 0.42780441874999997 0.5085850984375 0.4372250953125 0.47922167812499994 0.4546314640625 0.3960919265625 0.4765187875 0.288804040625 0.4755816859375 0.2617168921875 0.40064649843750005 0.25861635 0.3375431828125 0.256005365625 0.33208601875 0.2747134328125 0.3260723046875 0.3285613578125 0.323543775 0.3636196234375 0.3170517328125 0.409333246875 0.312072896875 0.436175615625 0.300621575 0.497913065625 0.308489934375 0.50905798125 0.3400415921875 0.5103634718750001
0 0.5604639812500001 0.48973052499999997 0.5783291234375 0.425553615625 0.604121290625 0.340066 0.62300175625 0.259702078125 0.49334904999999996 0.25163269062500004 0.43869919062499996 0.48198750781250005 0.5604639812500001 0.48973052499999997
0 0.6055953859375001 0.34283183125 0.5807794296875 0.4337695140625 0.5826536296875 0.4879438125 0.7093581453125 0.4904815421875 0.7782901828125001 0.2688321796875 0.6703292421875 0.2616603140625 0.6308896703125 0.2600284515625 0.6055953859375001 0.34283183125
0 0.9291563249999999 0.2696647890625 0.9237187171875 0.2775543140625 0.8655355703125001 0.28055658437500003 0.8275700921875 0.28169055 0.8019539265625 0.26981129843749996 0.7798033890625 0.24996092656250002 0.7763182046875 0.2687505859375 0.7113301234375 0.490563134375 0.947948003125 0.511172859375 0.9570463531250001 0.4621209734375 0.971345134375 0.28695368125 0.9429406203124999 0.28105448125 0.9291563249999999 0.2696647890625
0 0 0.6748130812500001 0.1020955 0.6790374156250001 0.1288052109375 0.631455490625 0.141369634375 0.49943831875000005 0.1280636671875 0.49618293125 0.1355514765625 0.4451008359375 0.11427937343750001 0.4847932359375 0 0.47752621875 0 0.6748130812500001
0 0 0.8548019265625 0.08401524375 0.8622182765625 0.10032806875 0.8385497000000001 0.1144056984375 0.6876612796875 0.12727244843750002 0.6611452828125 0.13027930625 0.6342213203125 0.100123521875 0.678955821875 0 0.6748130796875 0 0.8548019265625
0 0 0.9534113468750001 0.0803931703125 0.9567377203125 0.08598722343750001 0.8622998687500001 0 0.8544914484374999 0 0.9534113468750001
0 0.3001236921875 0.500597303125 0.312072896875 0.436175615625 0.284465196875 0.4350333109375 0.2834498734375 0.4512203265625 0.26610217187499996 0.5018944546874999 0.141369634375 0.49943831875000005 0.12474391874999999 0.69620355 0.20165108593749997 0.6993856843749999 0.39295256875 0.6964816859375 0.40038170937500006 0.6778552140625 0.43027428125 0.50598245625 0.3380696125 0.510281878125 0.308489934375 0.50905798125 0.3001236921875 0.500597303125
0 0.12627668281249999 0.66651375625 0.1163776765625 0.687742875 0.09979107499999999 0.8628710203125 0.2097435484375 0.8593059359374999 0.23993844531250003 0.7929343515625 0.2534204140625 0.698822871875 0.2317286484375 0.6979253453125 0.12424603593750001 0.6988877859375 0.12627668281249999 0.66651375625
0 0.3478016078125 0.8541989203125 0.3747068765625 0.6984315828125001 0.2632803078125 0.6992308375 0.2388449 0.85239553125 0.342861884375 0.85940420625 0.3478016078125 0.8541989203125
0 0.2097435484375 0.8593059359374999 0.09979107499999999 0.8628710203125 0.10032806875 0.8385497000000001 0.0904290640625 0.8597788171875 0.0843371265625 0.9569009078124999 0.3170306046875 0.96652890625 0.3389179265625 0.8592410203125 0.24081687812500002 0.8524771234375 0.23993844531250003 0.7929343515625 0.2097435484375 0.8593059359374999
0 0.5807794296875 0.4337695140625 0.5604639812500001 0.48973052499999997 0.43820130625 0.48467174531249996 0.39741396562500003 0.6831420921875 0.456075440625 0.6882741265625001 0.546288571875 0.6947116515625 0.6522775359375 0.7018019203125 0.7083428234375 0.50666855625 0.7054141875 0.49031835468749996 0.5826536296875 0.4879438125 0.5807794296875 0.4337695140625
0 0.667155375 0.6537304359375 0.6794264640625001 0.68399138125 0.7878852875 0.6884790078125 0.8572369859375 0.5074195718750001 0.7418860140625 0.49723709843749997 0.7128042203125 0.49332896406250004 0.667155375 0.6537304359375
0 0.8914043875000001 0.698171921875 0.9280326593750001 0.6185423390625 0.947948003125 0.511172859375 0.8602047328125 0.502132690625 0.79035515 0.6858763640625 0.7972472984375 0.6915712109375 0.8914043875000001 0.698171921875
0 0.792327128125 0.6859579578125 0.787387403125 0.6911632453125 0.6794264640625001 0.68399138125 0.667155375 0.6537304359375 0.6522775359375 0.7018019203125 0.63650170625 0.7011491750000001 0.59483593125 0.8400767531250001 0.601708521875 0.8565901406249999 0.822570128125 0.8657285796874999 0.8914043875000001 0.698171921875 0.7992192765625 0.691652803125 0.792327128125 0.6859579578125
0 0.401357921875 0.6833052796875 0.39048270625 0.6990843296875 0.3552111953125 0.8463909875000001 0.356646178125 0.8707939015624999 0.46215681249999996 0.8697498671874999 0.5053553484375 0.7011324984375 0.5053749062499999 0.6903139578124999 0.456075440625 0.6882741265625001 0.401357921875 0.6833052796875
0 0.4754627796875 0.8730052546874999 0.5794797640625 0.8800139328125001 0.632040309375 0.7144887671875 0.6305857703125 0.7009043953125 0.512267053125 0.6960088015625 0.4725537015625 0.8458365140625 0.4754627796875 0.8730052546874999
0 0.3556504109375 0.8761623734375 0.3552111953125 0.8463909875000001 0.340392021875 0.86200685 0.3209745625 0.9666920921875001 0.3921668265625 0.969637765625 0.420294865625 0.9678352390624999 0.443911121875 0.8716997640624999 0.3556504109375 0.8761623734375
0 0.47496489531249997 0.87568949375 0.4700838390625 0.8484391578125001 0.46165892968750005 0.872434103125 0.451301153125 0.874710375 0.4289746140625 0.9522268734375 0.4381194640625 0.9666929874999999 0.5441117953125 0.9599006890625 0.5656759124999999 0.8794427812500001 0.47496489531249997 0.87568949375
0 0.7062233890625 0.86091458125 0.6046567125 0.8621218 0.5928639515625 0.839995159375 0.5794797640625 0.8800139328125001 0.5651780296875 0.8821270171875 0.555718240625 0.9331275203124999 0.5580216078125 0.9590093078124999 0.6739373234375 0.9515810921875 0.706203834375 0.8717331203124999 0.7062233890625 0.86091458125
0 0.82059815 0.8656469859374999 0.7106652296875 0.8583935296874999 0.6752728046875001 0.9514955109375001 0.7939114875 0.9438927984375001 0.8240246671874999 0.8793129499999999 0.82059815 0.8656469859374999
0 0.8339236718749999 0.8580838359375 0.8254987625 0.88207878125 0.794536015625 0.9438527765625 0.8685727375000001 0.9391082875000001 0.8832231374999999 0.8601236640625001 0.8339236718749999 0.8580838359375
0 0.9121003859375 0.7044379203125 0.890906503125 0.700856159375 0.8260357578124999 0.8577574625000001 0.8832231374999999 0.8601236640625001 0.9121003859375 0.7044379203125
0 0.8914043875000001 0.698171921875 0.91259826875 0.7017536859375 0.9280326593750001 0.6185423390625 0.8914043875000001 0.698171921875