0 0.352548678125 1 0.35116855468749997 0.56525230625 0.29633892500000003 0.44481652968749996 0.006160096875 0.529397475 0.0063270375 0.5437443296875 0.0919106421875 1 0.352548678125 1
0 0.4365914109375 1 0.43069942031249997 0.8419255281250001 0.35237137500000004 0.66987441875 0.35663762656250003 1 0.4365914109375 1
0 0.324304553125 0.495694640625 0.3455187609375 0.48602775156250005 0.23025018125000002 0.21525230781250002 0.23912389374999998 0.1397968625 0.002429471875 0.20878824375 0.006160096875 0.529397475 0.29633892500000003 0.44481652968749996 0.324304553125 0.495694640625
0 0.243530390625 0.06507864062499999 0.23457572343750002 0.041892751562500004 0.000936121875 0.080450184375 0.002426890625 0.20856644218749998 0.230189465625 0.1412713078125 0.243530390625 0.06507864062499999
0 0.23912389374999998 0.1397968625 0.23025018125000002 0.21525230781250002 0.3455187609375 0.48602775156250005 0.648147240625 0.405255525 0.6009885015624999 0.1047421921875 0.5607228531249999 0.037396192187499996 0.23912389374999998 0.1397968625
0 0.2479976046875 0.06434141875 0.230189465625 0.1412713078125 0.547321209375 0.039607859375 0.527308521875 0.006135790625 0.45625566875 0.005309015625 0.4534692296875 0.005768859375 0.2479976046875 0.06434141875
0 0.3332389796875 0.4942201953125 0.414932615625 0.6842136390625 0.6684217359375 0.6115508578125 0.635867459375 0.41344796875 0.3332389796875 0.4942201953125
0 0.414932615625 0.6842136390625 0.467538759375 0.8173481953125 0.69646831875 0.7610703015625 0.6695436 0.6175316359374999 0.414932615625 0.6842136390625
0 0.605455715625 0.1040049703125 0.6526144546875 0.404518303125 0.9775790046875 0.32005996406250004 0.919549815625 0.01069993125 0.670767903125 0.0078050906249999994 0.56519006875 0.03665896875 0.605455715625 0.1040049703125
0 1 0.439588771875 0.9787008687500001 0.3260407421875 0.6403346734375 0.4127107453125 0.67288895 0.6108136359375 1 0.5274149078125 1 0.439588771875
0 1 0.5336817109374999 0.6740108140625 0.6167944125 0.700935534375 0.7603330796875001 1 0.693095275 1 0.5336817109374999