0 0 0.441706621875 0.11297440624999999 0.43540354531250003 0.0846020453125 0.3132412859375 0.0625314625 0.31401200625 0 0.318627390625 0 0.441706621875
0 0 0.5526152875 0.137018678125 0.5486781875 0.1130138125 0.4365320125 0 0.44205065781249997 0 0.5526152875
0 0 0.6547437125 0.15468903750000002 0.652006815625 0.13304525312499998 0.5499467890624999 0 0.5537512203125 0 0.6547437125
0 0 0.743940253125 0.18207622343750002 0.745957365625 0.1627541109375 0.652855021875 0 0.65584450625 0 0.743940253125
0 0.377065996875 0.289470084375 0.0844444171875 0.3087274109375 0.114941415625 0.434205009375 0.3897416875 0.4223490859375 0.44359968125 0.4114295671875 0.4295480859375 0.29667612656250003 0.377065996875 0.289470084375
0 0.3877746765625 0.42354761874999997 0.1149808234375 0.435333478125 0.136979271875 0.5475497203125 0.40194449375 0.5416864640625 0.4532049671875 0.5139099875 0.441632671875 0.41262809999999994 0.3877746765625 0.42354761874999997
0 0.4019839015625 0.5428149328125 0.13300584531249998 0.5488183203125 0.15862305625 0.6496097468750001 0.40970099062500004 0.6487508234375 0.4626526234375 0.611876534375 0.45127736250000006 0.5162369890625 0.4019839015625 0.5428149328125
0 0.4117468140625 0.6498092265625 0.1647211203125 0.6516564875 0.18211563125000002 0.747085834375 0.433311784375 0.7496123156250001 0.47359440781249995 0.6951029281250001 0.4627314375 0.6141334703125 0.4117468140625 0.6498092265625
0 0.6035546375 0.274781859375 0.5074436734375001 0.2837873515625 0.5120542890625 0.41581814531249994 0.7647051640625 0.40247600468750006 0.7699690015625 0.265581009375 0.6716545843749999 0.269014225 0.6035546375 0.274781859375
0 0.5100872796875 0.4170166796875 0.5181984390625 0.5342372531249999 0.7570802453125001 0.52928485 0.7628169671875 0.40593147656250006 0.5100872796875 0.4170166796875
0 0.512218596875 0.53557591875 0.521981509375 0.6425702109375 0.7469760265625001 0.6426221421875 0.7511004015625 0.530623515625 0.512218596875 0.53557591875
0 0.515962259375 0.642780409375 0.5234429078125 0.7419454890625 0.7425758015625 0.7467214906249999 0.7450090171875 0.643820675 0.515962259375 0.642780409375
0 0.77980405 0.2595883390625 0.773942428125 0.264312409375 0.7686785890625 0.40120740625 0.7787894859375 0.4031140140625 0.9532689234375 0.3947613703125 0.9461001921875001 0.247002084375 0.8999920156250001 0.2497420609375 0.77980405 0.2595883390625
0 0.95330833125 0.3958898375 0.7707638203125 0.40339427656250004 0.761093078125 0.52914471875 0.957879540625 0.5267921624999999 0.95330833125 0.3958898375
0 0.757119653125 0.53041331875 0.750988859375 0.6424820109375 0.9513055874999999 0.644068353125 0.9589311859375 0.556907353125 0.957918946875 0.52792063125 0.757119653125 0.53041331875
0 0.7445428109375001 0.74552295625 0.9419738203125 0.7507309249999999 0.9512061984375 0.6452043671875 0.7470154328125 0.6437506109375 0.7445428109375001 0.74552295625