0 0.42126852968749995 0.1371764828125 0.46252144062499995 0.3075170984375 0.7494959453125001 0.224688153125 0.70848713125 0.0553554703125 0.42126852968749995 0.1371764828125
0 0.129628646875 0.205112965625 0.1859122328125 0.376313871875 0.46227734062500003 0.3065091640625 0.42080780312500005 0.130902353125 0.129628646875 0.205112965625
0 0.12041615624999999 0.390030478125 0.169999134375 0.5510502500000001 0.341878653125 0.5175795875 0.29631117812499996 0.3556536890625 0.12041615624999999 0.390030478125
0 0.298617984375 0.34769203593750003 0.340630675 0.5167981859374999 0.5105848671875 0.47100580000000003 0.4655330734375 0.306837503125 0.298617984375 0.34769203593750003
0 0.467296725 0.30537650781250003 0.509065315625 0.473474725 0.684798665625 0.4253152203125 0.6440339515625 0.25699046875 0.467296725 0.30537650781250003
0 0.6860466421875 0.4260966171875 0.8540205609375 0.3764990328125 0.8110039921875 0.2076194125 0.6460417078125 0.2565374046875 0.6860466421875 0.4260966171875
0 0.8765263484375 0.5393768890625 0.8401829125000001 0.384936665625 0.6775274296875 0.4258930078125 0.714630640625 0.579098765625 0.8765263484375 0.5393768890625
0 0.5140846953125 0.4723420671875 0.5551759421875 0.62889996875 0.714819790625 0.5886232234375 0.6777990078125 0.422642678125 0.5140846953125 0.4723420671875
0 0.3433707265625 0.5193689203125 0.387772653125 0.6677386359375 0.5529515640625 0.624086834375 0.5140846953125 0.4723420671875 0.3433707265625 0.5193689203125
0 0.1800104203125 0.5530432000000001 0.2284003765625 0.704765046875 0.38801675156250004 0.6687465640625 0.3438864046875 0.517126525 0.1800104203125 0.5530432000000001
0 0.23038065156249998 0.708570246875 0.2733454546875 0.8466341015625 0.42995019843750004 0.8112952124999999 0.3862531 0.670207559375 0.23038065156249998 0.708570246875
0 0.3895088296875 0.6705359 0.43168637656250003 0.814092478125 0.5961055109375 0.7716751453125 0.5519202078125 0.6285716296875 0.3895088296875 0.6705359
0 0.5528966093750001 0.632603359375 0.5948575328125 0.7708937437500001 0.75219458125 0.738578653125 0.7153079921875001 0.5906390859374999 0.5528966093750001 0.632603359375
0 0.7549621109375 0.736891128125 0.91061793125 0.693262246875 0.8795105031249999 0.542955559375 0.7173706984375 0.581669503125 0.7549621109375 0.736891128125
0 0.9408039125000001 0.8310206812500001 0.9115943312500001 0.697293978125 0.7549621109375 0.736891128125 0.7814041578124999 0.8723053546875 0.9408039125000001 0.8310206812500001
0 0.5933379828125 0.773362675 0.627539465625 0.9102149781250001 0.7836560125 0.8728602249999999 0.7527102546875 0.7363362578125 0.5933379828125 0.773362675
0 0.4334225546875 0.8168897484375 0.46594281718749997 0.942428265625 0.62677969375 0.9114494421874999 0.5933379828125 0.773362675 0.4334225546875 0.8168897484375
0 0.2693024703125 0.8517984875 0.3055941390625 0.975422946875 0.46719079375000006 0.9432096624999999 0.4334225546875 0.8168897484375 0.2693024703125 0.8517984875