0 0.8690391390625001 0.6098326953125001 0.8265609406250001 0.6210029484375 0.792081075 0.6233043984375 0.79517121875 0.639405615625 0.831656534375 0.85983914375 0.94370528125 0.8371398390625 0.9066019390625 0.6134860671875 0.8961242828125 0.5993275062500001 0.8690391390625001 0.6098326953125001
0 0.6843441125 0.6482526203125001 0.7233015421875 0.881567121875 0.831656534375 0.85983914375 0.79517121875 0.639405615625 0.7871584703125001 0.6279816328125001 0.6843441125 0.6482526203125001
0 0.6161754 0.8995891921875 0.7233015421875 0.881567121875 0.6843441125 0.6482526203125001 0.5747602703125 0.6736865046875 0.6161754 0.8995891921875
0 0.46517642812500004 0.6991203875 0.5078204078125 0.9213171703124999 0.611863615625 0.897340275 0.56860160625 0.6719232500000001 0.46517642812500004 0.6991203875
0 0.359904371875 0.7268031875000001 0.40315917343749996 0.9420738203125 0.5078204078125 0.9213171703124999 0.46517642812500004 0.6991203875 0.36359092187500003 0.71568546875 0.359904371875 0.7268031875000001
0 0.260187365625 0.7733217859375 0.30280972031250003 0.9650793875 0.4037772015625 0.9452940640625 0.357439465625 0.724068609375 0.2577080421875 0.7502944203124999 0.260187365625 0.7733217859375
0 0.238549153125 0.6504668812500001 0.25893689375 0.7465885140624999 0.357439465625 0.724068609375 0.3598971640625 0.7166567953125 0.3407454828125 0.62697565 0.238549153125 0.6504668812500001
0 0.4583997375 0.6941368906250001 0.43863002656249994 0.6012355015625 0.426930728125 0.6009292375 0.420750440625 0.5687268046875 0.391200390625 0.5764974140625 0.39306889218749996 0.6064509296875 0.3425923609375 0.6264899859375 0.3598971640625 0.7166567953125 0.4583997375 0.6941368906250001
0 0.46517642812500004 0.6991203875 0.5630609734375 0.6733802390625 0.5550265999999999 0.631517078125 0.55070760625 0.61912176875 0.5389578546875 0.5477907531249999 0.5327991890625 0.5460275015625 0.5340496640625 0.5727607734375 0.44047690624999997 0.6007498375 0.4583997375 0.6941368906250001 0.46517642812500004 0.6991203875
0 0.577145890625 0.5648107640625 0.563578090625 0.534550984375 0.541415553125 0.5403789421875 0.54821386875 0.5758016171875 0.56490785 0.6728945765625001 0.5747602703125 0.6736865046875 0.667104178125 0.6494033453125 0.6504101984374999 0.5523103859375 0.577145890625 0.5648107640625
0 0.682497234375 0.648738284375 0.7797709562499999 0.6299242859375 0.7606120671875 0.5300967453125 0.736581028125 0.5059711874999999 0.6799458328125 0.524246990625 0.6836540046875 0.54356845 0.6510282265625 0.5555306296875 0.667104178125 0.6494033453125 0.682497234375 0.648738284375
0 0.7791529265625 0.626704040625 0.7939279531250001 0.6228187359375 0.8265609406250001 0.6210029484375 0.8690391390625001 0.6098326953125001 0.8924305265625 0.6002988328125001 0.8843961531250001 0.55843566875 0.8720427875000001 0.5041771984375 0.8547956484375 0.4951815296875 0.8227951046875001 0.520510346875 0.79754963125 0.52038348125 0.750134409375 0.5159381828125 0.7606120671875 0.5300967453125 0.7791529265625 0.626704040625
0 0.22975980312500002 0.4126020125 0.2192965625 0.418736234375 0.21005496406250002 0.4110181578125 0.18359505625 0.434889984375 0.23116164218750002 0.652409534375 0.2865679875 0.6378396390625001 0.285949959375 0.63461939375 0.24146630937500002 0.42305466718750007 0.25376921874999997 0.406288390625 0.22975980312500002 0.4126020125
0 0.2673009796875 0.3858162046875 0.2556160984375 0.40580272656250005 0.24146630937500002 0.42305466718750007 0.2847211078125 0.6383253015625 0.3407454828125 0.62697565 0.39306889218749996 0.6064509296875 0.3905823625 0.5732771718749999 0.359680928125 0.4122650109375 0.34303019218749997 0.376050409375 0.328247959375 0.3697893203125 0.2673009796875 0.3858162046875
0 0.3855155984375 0.3750265484375 0.4225973203125 0.568241140625 0.42877760781249996 0.6004435734375 0.438011996875 0.598015259375 0.5340496640625 0.5727607734375 0.48955880625 0.35104965625 0.3855155984375 0.3750265484375
0 0.3391562390625 0.12336191562500001 0.277713765625 0.308657234375 0.32701190156250004 0.3633488359375 0.343648221875 0.37927065312499997 0.36398550625000003 0.4043675359375 0.37322710468750003 0.41208561250000003 0.3855155984375 0.3750265484375 0.39782571718750004 0.3684066640625 0.43470561874999997 0.2775222578125 0.42545681249999995 0.2596577875 0.43221188125000004 0.23420210625000001 0.3391562390625 0.12336191562500001
0 0.20123678125 0.1325677171875 0.12685174375 0.30096989375 0.21005496406250002 0.4110181578125 0.22421916875 0.41405900156250003 0.29368880937499997 0.2604804515625 0.20123678125 0.1325677171875
0 0.5160619609375 0.388056184375 0.5886001203125 0.22013967031249998 0.5035356078125 0.090284284375 0.42545681249999995 0.2596577875 0.5160619609375 0.388056184375
0 0.540042546875 0.3411569921875 0.577145890625 0.5648107640625 0.6510282265625 0.5555306296875 0.6830359765625 0.5403482046875 0.646550659375 0.319914678125 0.540042546875 0.3411569921875
0 0.7153590234375 0.1022375265625 0.6063499640625001 0.07001329687499999 0.5964975453125 0.069221371875 0.5886001203125 0.22013967031249998 0.5812342328125 0.252521503125 0.5954344765624999 0.3062943109375 0.5991282328125 0.3053229859375 0.7099841703124999 0.3370615515625 0.7153590234375 0.1022375265625
0 0.8004523703125 0.272678484375 0.767035575 0.037906995312500004 0.7060885921875 0.0539338796875 0.669783475 0.0871601703125 0.7147409953125 0.099017284375 0.7136418859375 0.2853582609375 0.7407342406249999 0.2849994640625 0.8004523703125 0.272678484375
0 0.7986054921875 0.2731641484375 0.7407342406249999 0.2849994640625 0.714259915625 0.2885785046875 0.7099841703124999 0.3370615515625 0.735352178125 0.5096770953124999 0.8227951046875001 0.520510346875 0.8584894046875 0.494210203125 0.8232329359375001 0.27007076875 0.7986054921875 0.2731641484375
0 0.27586688593750003 0.30914289687499996 0.257419728125 0.3444387078125 0.2377581359375 0.403733209375 0.2654541015625 0.38630186875 0.30546739375 0.3723970359375 0.29805105 0.3337541171875 0.27586688593750003 0.30914289687499996
0 0.839840425 0.24540701562499997 0.8718553828125 0.240370984375 0.84279361875 0.06872676875 0.8113966906250001 0.07698304218749999 0.839840425 0.24540701562499997
0 0.7992091046875001 0.25609160468750003 0.840458453125 0.248627259375 0.8120147187500001 0.08020328437499999 0.7744591265625 0.08669630625 0.7992091046875001 0.25609160468750003
0 0.8250798156249999 0.26958510625 0.8479685 0.41917328437499995 0.8959873328124999 0.40654604218749996 0.8724734109375 0.24359122812499998 0.839840425 0.24540701562499997 0.8010559828125 0.2556059421875 0.8059930046874999 0.2712214953125 0.8250798156249999 0.26958510625
0 0.9102019921875 0.48061163437500004 0.8959873328124999 0.40654604218749996 0.8596677984375001 0.41947954843749996 0.8720355796874999 0.4940308046875 0.9102019921875 0.48061163437500004
0 0.8837781250000001 0.5552154265625 0.8930485546875 0.6035190734375 0.9072199671875 0.6167063125000001 0.9134074609375 0.6590551359375 0.9392637562499999 0.652255853125 0.9225697734375 0.5551628921875 0.9120488703125 0.480125971875 0.8708067296875001 0.4977367109375 0.873889665625 0.5036915359374999 0.8837781250000001 0.5552154265625
0 0.64678966875 0 0.652507503125 0.0375789328125 0.66300678125 0.082176675 0.6691654453125 0.083939928125 0.691931596875 0.061039428124999996 0.7054705640625001 0.0507136359375 0.7380963453125 0.0387514546875 0.7349917859375 0.0023574546875000002 0.7346330859375 0 0.64678966875 0
0 0 0.351241196875 0.06530115 0.3340693203125 0.08499878125 0.3255067828125 0.036828582812499996 0.1250597765625 0.0140408078125 0.11752109687500001 0 0.12173114062499998 0 0.351241196875
0 0.1225543734375 0.3190137609375 0.1373294 0.3151284578125 0.1262337140625 0.29774965 0.16742540156250002 0.20911416093750002 0.1501205984375 0.1189473515625 0.0830005390625 0.112918196875 0.0485278828125 0.125366040625 0.08499878125 0.3255067828125 0.1225543734375 0.3190137609375
0 0.137947428125 0.3183487 0.1207074953125 0.319499425 0.11393801249999999 0.324662321875 0.157796425 0.5228604109375 0.19842774531250001 0.512175821875 0.18359505625 0.434889984375 0.20759005625000002 0.408283578125 0.160131590625 0.3429599203125 0.137947428125 0.3183487
0 0.0671480296875 0.33358365624999997 0.0086659546875 0.352345121875 0.054378453125000004 0.5602039421875 0.158414453125 0.5260806546875 0.112091134375 0.3251479828125 0.08499878125 0.3255067828125 0.0671480296875 0.33358365624999997
0 0.3927733703125 0.190448825 0.43467678593750003 0.2369366859375 0.45004821718750004 0.2058324453125 0.444485959375 0.17685025625 0.3927733703125 0.190448825
0 0.40581684375 0.34939146718749997 0.47476936406250003 0.33464217343749997 0.436552496875 0.27703659375 0.40581684375 0.34939146718749997
0 0.5166799890625 0.39127642812499996 0.4932597703125 0.360224721875 0.520445825 0.49176902968749997 0.525986459375 0.49031203906250004 0.5518427546875 0.48351275468750005 0.5283576640625001 0.3611435140625 0.5166799890625 0.39127642812499996
0 0.391200390625 0.5764974140625 0.4225973203125 0.568241140625 0.4127088609375 0.51671725 0.38131193125 0.5249735234374999 0.391200390625 0.5764974140625
0 0.6718033421875 0.330187934375 0.69345596875 0.4733356265625 0.7205555296874999 0.483123221875 0.6958199656249999 0.33402070781250004 0.6718033421875 0.330187934375
0 0.6897622125 0.474306953125 0.681131434375 0.459662725 0.67189704375 0.462091040625 0.6793278046875 0.5210267453124999 0.7347341484375 0.50645685 0.718090621875 0.48038864062500003 0.6897622125 0.474306953125
0 0.158558609375 0.7290085093750001 0.191191596875 0.7271927234375 0.245354678125 0.6960359484375 0.238549153125 0.6504668812500001 0.22869673437500002 0.649674953125 0.197809715625 0.5089555796874999 0.154109875 0.5339781296874999 0.123941796875 0.5385284984375 0.158558609375 0.7290085093750001
0 0.1930384765625 0.726707059375 0.2257795796875 0.877087165625 0.27749216875 0.863488596875 0.2608053953125 0.7765420296875 0.259554921875 0.74980875625 0.24597270624999998 0.6992561937499999 0.1930384765625 0.726707059375
0 0.158558609375 0.7290085093750001 0.1431799734375 0.7499663578125 0.13025182500000002 0.7533660015625 0.1580703234375 0.9084233375 0.18395545 0.9422096249999999 0.2350500109375 0.9253908125000001 0.22639760937500003 0.8803074078125 0.191809625 0.730412965625 0.158558609375 0.7290085093750001
0 0.0496072140625 0.777955421875 0.0452882203125 0.7655601125 0.0182030765625 0.7760653046875 0.0602074046875 0.9646026640625 0.09469447656249999 0.9724476078125001 0.1580703234375 0.9084233375 0.12840494687499998 0.7538516640624999 0.0496072140625 0.777955421875
0 0.0519135484375 0.5574693625 0.018058920312499997 0.573137446875 0.00205504375 0.580728659375 0.0496072140625 0.777955421875 0.12840494687499998 0.7538516640624999 0.1431799734375 0.7499663578125 0.158558609375 0.7290085093750001 0.11347855625 0.5446627203125 0.0519135484375 0.5574693625
0 0 0.573835809375 0.019905796875 0.572651784375 0.052531578125 0.5606896031249999 0.0086659546875 0.352345121875 0 0.354623959375 0 0.573835809375
0 0 0.731762209375 0.008350657812499999 0.7752733765625 0.0163561984375 0.7765509671874999 0.0452882203125 0.7655601125 0.0008261953125000001 0.584434565625 0.002665865625 0.5738025109375 0 0.5734384968749999 0 0.731762209375