0 0.6696597109375 0.368862271875 0.8831528796875 0.3431943875 0.8943606921875 0.0703364 0.6792058546875 0.0842833734375 0.6696597109375 0.368862271875
0 0.44173564687500005 0.40152970000000004 0.6768466515625 0.3637423890625 0.6777722671874999 0.085523365625 0.43798036875 0.1054291484375 0.44173564687500005 0.40152970000000004
0 0.20926373437499998 0.42387612499999994 0.444640834375 0.4012098671875 0.43499915624999996 0.10142868125 0.18792528749999998 0.12105396875 0.20926373437499998 0.42387612499999994
0 0.6785601234375 0.6265205218750001 0.874356078125 0.5876505812499999 0.8860960812500001 0.345034703125 0.6755080984374999 0.37038275781249996 0.6785601234375 0.6265205218750001
0 0.4637284015625 0.658828778125 0.6755789109375 0.6225200546874999 0.67977084375 0.36450263125000004 0.45043219843750004 0.3994901234375 0.4637284015625 0.658828778125
0 0.22435465312499997 0.7024962171875 0.4579750515625 0.6627086703125 0.44899861406249997 0.40073011718749996 0.20645358281249998 0.4295963359375 0.22435465312499997 0.7024962171875
0 0.6826085765625 0.8565765640624999 0.8696889750000001 0.8186661234375 0.8714318875 0.586890340625 0.6799556953125 0.6231203796875 0.6826085765625 0.8565765640624999
0 0.472438746875 0.9056862750000001 0.682589571875 0.855496490625 0.680012715625 0.62636060625 0.46231382343750005 0.6611488453125001 0.472438746875 0.9056862750000001
0 0.244799784375 0.9545548328125 0.4738913375 0.905526359375 0.46088023749999996 0.6623888375 0.227297853125 0.704336534375 0.244799784375 0.9545548328125
0 0.0804281828125 0.38070479218750003 0.1240820046875 0.380227596875 0.11988435 0.30710230781250003 0.0687204796875 0.29433810781249997 0.0804281828125 0.38070479218750003
0 0 0.3870253796875 0.025191631250000002 0.384621471875 0.08044718906250001 0.38178486875 0.0702110859375 0.2963383421875 0.013065778125 0.274493128125 0 0.275189825 0 0.3870253796875
0 0.0992468 0.4576312921875 0.13248537656249998 0.4442325328125 0.13275954843749999 0.3771079453125 0.0993309 0.3797059515625 0.0992468 0.4576312921875
0 0 0.4956116078125 0.037260465625 0.49150958749999996 0.0978132125 0.45887128125 0.0993499046875 0.3807860265625 0.029625440625 0.388462021875 0 0.390220021875 0 0.4956116078125
0 0.1052391640625 0.55003801875 0.136892103125 0.5292386484375 0.1383337640625 0.4457530171875 0.0963986328125 0.46119135 0.1052391640625 0.55003801875
0 0 0.5984952296875 0.0492342671875 0.5929973234375 0.0979762 0.5508376 0.09939885468750001 0.46627189375 0.041561225 0.48778961093750006 0 0.49163623906250004 0 0.5984952296875
0 0.106493615625 0.6213229890624999 0.145314484375 0.5943236609375 0.1412498828125 0.528758896875 0.099371771875 0.5474374578125001 0.106493615625 0.6213229890624999
0 0 0.6987069796875 0.052397475000000006 0.6900441875000001 0.105193078125 0.6301235078125 0.10080535937499999 0.5461974656249999 0.0434619078125 0.5957971421875 0 0.5999471671875 0 0.6987069796875
0 0.1091436375 0.6892078171875 0.1561668828125 0.63208695625 0.1467290640625 0.59200359375 0.09932568281250001 0.62752295 0.1091436375 0.6892078171875
0 0 0.7928343015625 0.0700105828125 0.7811715828125 0.104804865625 0.6907676421875 0.10806024843749999 0.6276435234375 0.0508688546875 0.6858838031250001 0 0.694041221875 0 0.7928343015625
0 0.120528228125 0.7572132218750001 0.16701927968750002 0.6698502515625 0.1560908546875 0.62776665625 0.10478585781250001 0.6896875671875 0.120528228125 0.7572132218750001
0 0 0.8740836312500001 0.0714741109375 0.8643373828125 0.1219998265625 0.7581333796874999 0.1091436375 0.6892078171875 0.0656908203125 0.7838114828125 0 0.792176671875 0 0.8740836312500001
0 0.1590340546875 0.629606971875 0.19085805312499998 0.6185282796875 0.17803702187499998 0.3861915125 0.1374214359375 0.39390939999999997 0.1590340546875 0.629606971875
0 0.19236766875 0.6216085890625 0.21417557031249998 0.6202899171875 0.20694775937499998 0.45767829375 0.1764433078125 0.46103654218749995 0.19236766875 0.6216085890625
0 0.8890283484375001 0.26354930468750004 0.9628894125 0.24613291093749998 0.9600994406250001 0.1669872984375 0.8833590984375 0.18950385625 0.8890283484375001 0.26354930468750004
0 0.8858789312500001 0.41539951718749996 0.9615088046875 0.41248423125 0.9615249531250001 0.24799295 0.8861231609375 0.2638691375 0.8858789312500001 0.41539951718749996
0 0.909196446875 0.4171611515625 0.8957078171875 0.560410103125 0.9583659093750001 0.572119984375 0.9645558171875 0.483600178125 0.9616228453125 0.41896468281250004 0.909196446875 0.4171611515625
0 0.8738999140624999 0.561728775 0.89280263125 0.5607299359375 0.9135162125 0.4145212515625 0.8829357328125 0.413559196875 0.8738999140624999 0.561728775
0 0.8749562234375 0.7044586328125 0.947106290625 0.7331400218749999 0.958533309375 0.56972604375 0.87384289375 0.5584885484375001 0.8749562234375 0.7044586328125