0 0.1931066796875 0.0850209296875 0.111946121875 0.08445470625 0.08216359375 0.2339383921875 0.2396906859375 0.25504388906250003 0.26821466875 0.10233609375 0.1931066796875 0.0850209296875
0 0.2701580734375 0.10270691093749999 0.24094923281249997 0.258268 0.3984763234375 0.279373496875 0.450041084375 0.3101002484375 0.47617695937500004 0.19274441874999998 0.43157197968750005 0.12455404218749999 0.2701580734375 0.10270691093749999
0 0.08090505 0.2307142796875 0.053697359374999996 0.225522840625 0.0173997515625 0.3767473671875 0.10873985156249999 0.39417577656249997 0.1386869828125 0.3879540453125 0.1664149296875 0.24703023750000003 0.08090505 0.2307142796875
0 0.39779146249999997 0.282226790625 0.168358334375 0.24740105625000003 0.13731726093750002 0.39366063125 0.369952340625 0.4320812921875 0.41407700312499995 0.43453268593749994 0.4209256078125 0.40599975625000007 0.43006895468749995 0.40177643906249993 0.4454694109375 0.31221190625 0.39779146249999997 0.282226790625
0 0.2111667046875 0.4077516859375 0.18081049062500001 0.5511579671875 0.3350244546875 0.5775992359375001 0.381314871875 0.562560053125 0.41407700312499995 0.43453268593749994 0.36800893437500004 0.43171047656250006 0.2111667046875 0.4077516859375
0 0.2111667046875 0.4077516859375 0.13468899375 0.39614310625 0.134115309375 0.3900657046875 0.11262666406249999 0.394917409375 0.048494253125 0.38268044375 0.020081446875 0.5264575421875 0.178867084375 0.55078715 0.2111667046875 0.4077516859375
0 0.3350244546875 0.5775992359375001 0.1062761890625 0.5399202046875 0.0753462890625 0.6772490875 0.2981531609375 0.7227463578125 0.353346765625 0.6706143671875 0.3806300125 0.56541334375 0.3350244546875 0.5775992359375001
0 0.0768271859375 0.662611803125 0.10433278125 0.5395493874999999 0.0193965859375 0.529310834375 0.00306130625 0.526193934375 0.0038520640624999996 0.66211348125 0.0565970859375 0.6706876203125 0.0768271859375 0.662611803125
0 0.2981531609375 0.7227463578125 0.15502595 0.6924525921875 0.1221526453125 0.8294106546875 0.272368621875 0.8640409828125 0.31830770468749997 0.8250630046874999 0.3425001734375 0.707336359375 0.350384975 0.6998889312500001 0.3558638578125 0.6770625875 0.2981531609375 0.7227463578125
0 0.15308254375000002 0.692081775 0.07728969531249999 0.6776199046875 0.078770590625 0.662982621875 0.0546536796875 0.670316803125 0.003875025 0.6660601828125 0.00466814375 0.802385753125 0.1221526453125 0.8294106546875 0.15308254375000002 0.692081775
0 0.048303203125 0.8153195999999999 0.029127107812500004 0.895211803125 0.26816609375 0.9408223203125001 0.299131609375 0.9049552078125 0.31830770468749997 0.8250630046874999 0.272368621875 0.8640409828125 0.048303203125 0.8153195999999999
0 0.0470446578125 0.8120954890625001 0.0046600921875 0.80100190625 0.0051816078125 0.8906428140625 0.029127107812500004 0.895211803125 0.0470446578125 0.8120954890625001
0 0.615826440625 0.085112 0.597539746875 0.0935586328125 0.5632432921875 0.08403063125 0.5131772375 0.08939748125 0.47871186093749996 0.249923521875 0.6563578765625 0.2718839 0.6974495078125 0.100686321875 0.615826440625 0.085112
0 0.800672396875 0.10247824218749998 0.6974495078125 0.100686321875 0.657616421875 0.27510801093750004 0.85149455 0.29718163125 0.8972690296874999 0.11494169843749999 0.800672396875 0.10247824218749998
0 1 0.12224685937499999 0.9874617578124999 0.1202153015625 0.8965841687499999 0.1177949921875 0.854122815625 0.29469915625 1 0.31352107500000004 1 0.12224685937499999
0 0.657616421875 0.27510801093750004 0.47676845312499994 0.2495527046875 0.4695685140625 0.2541468390625 0.43647285937499997 0.40896629375 0.6859137343749999 0.4535776046875 0.702257021875 0.44476015156250004 0.7386658046875 0.2846049296875 0.657616421875 0.27510801093750004
0 1 0.3187023 0.8534379546874999 0.2975524484375 0.756841321875 0.2850889921875 0.713806284375 0.4559157515625 1 0.504613646875 1 0.3187023
0 0.438416265625 0.4093371109375 0.422184153125 0.409223865625 0.38851481250000003 0.5579659171875 0.5458195546875 0.5969328078125 0.5634213875 0.5913394656250001 0.6023472609375 0.43763246406249995 0.438416265625 0.4093371109375
0 0.6004038546875 0.437261646875 0.5666233390625 0.59493439375 0.7518206296875001 0.63623943125 0.7922274 0.4678951484375 0.6004038546875 0.437261646875
0 0.753079175 0.63946354375 0.9582842156250001 0.6905541562499999 0.999487021875 0.51042588125 0.793485946875 0.47111925625 0.753079175 0.63946354375
0 0.7518206296875001 0.63623943125 0.659221984375 0.6155869140625 0.6169829828125 0.774629684375 0.69655146875 0.7987638859375 0.9002756109375 0.8644917812499999 0.9466237765625 0.688329253125 0.7518206296875001 0.63623943125
0 0.38257341875 0.5657841609375 0.3495889390625 0.7116729203125 0.5897752921875 0.76943824375 0.6082843359375001 0.7431302171875 0.63590110625 0.61113710625 0.38257341875 0.5657841609375
0 0.6997534203125 0.8023588140625 0.68753710625 0.8447873906250001 0.65751441875 0.961401584375 0.6591516453125 0.9619476390624999 0.8726744015625 0.9495113546875 0.8957039390625001 0.8666034390625 0.6997534203125 0.8023588140625
0 0.6150395750000001 0.7742588671874999 0.6231467265624999 0.7489500484375 0.6056560703125 0.7456126937499999 0.5897752921875 0.76943824375 0.5088370859375 0.7510106265625 0.47448288437499997 0.902605971875 0.6492047703125 0.9625269781249999 0.6511653734375 0.9624127859374999 0.68809298125 0.8001339109375 0.6150395750000001 0.7742588671874999
0 0.34375871875 0.71056046875 0.314087365625 0.8511134578125 0.47322433906250005 0.8993818609374999 0.5049502734375 0.7502689921875 0.34375871875 0.71056046875
0 0.470596071875 0.9018643375 0.319232725 0.855079203125 0.29731718906250004 0.9463845781250001 0.4444255484375 0.974454009375 0.551399175 0.9682235046875001 0.559196728125 0.93070591875 0.470596071875 0.9018643375