0 0.514672234375 0.169942325 0.5468225999999999 0.3204989828125 0.796635609375 0.258491265625 0.76417310625 0.1064728921875 0.514672234375 0.169942325
0 0.2625881046875 0.23093850312500003 0.29576103125 0.376659840625 0.53475658125 0.3217383265625 0.49868825625 0.1720820203125 0.2625881046875 0.23093850312500003
0 0.008943278124999999 0.2846261078125 0.0505764015625 0.43147016718750003 0.27750593281249997 0.37778799531249996 0.24629198749999998 0.23161648437500001 0.008943278124999999 0.2846261078125
0 0 0.49089736093749997 0.043600878125 0.62015346875 0.306728465625 0.56275326875 0.2694115828125 0.40725010156249997 0.2683353125 0.3829623078125 0.03584098125 0.4394567234375 0 0.46573576406250006 0 0.49089736093749997
0 0.29999113125 0.3772212015625 0.2808533234375 0.4030873296875 0.32694254218749996 0.5611749359375 0.576755553125 0.4991672171875 0.5492335734375 0.34141317031249996 0.537651978125 0.32567329375 0.29999113125 0.3772212015625
0 0.5531515328125 0.3405128171875 0.5894458515625 0.5008513046874999 0.86111978125 0.43535336406249997 0.8372036187499999 0.27523724843749997 0.79694775 0.25995297968750003 0.54909371875 0.321510521875 0.5531515328125 0.3405128171875
0 0.0478309765625 0.6207148296875 0.03488225 0.64669214375 0.08426515 0.8009559671875 0.35531480000000004 0.73253459375 0.3166632171875 0.580405034375 0.316211225 0.559040671875 0.0478309765625 0.6207148296875
0 0.08426515 0.8009559671875 0.077139653125 0.7964596359375 0.0734476890625 0.8080421703124999 0.1173519328125 0.9558977703125 0.38065180625 0.880056634375 0.3477910203125 0.7357970171875 0.08426515 0.8009559671875
0 0.37263348125 0.7270212921875 0.407453246875 0.8708307375000001 0.5798434796875 0.83121521875 0.54698269375 0.6869555984375 0.37263348125 0.7270212921875
0 0.32694254218749996 0.5611749359375 0.321915878125 0.5761310765625 0.3687155203125 0.7279216453124999 0.5407936125 0.6868444125 0.5044131515625 0.5357263921875 0.5029385953125 0.5191973484375 0.32694254218749996 0.5611749359375
0 0.5492538125 0.6879671375 0.7249377265625 0.6445278359375 0.6960810421875 0.49014739531249996 0.6890416890625 0.4764305953125 0.5933638109375 0.49995095312500004 0.576755553125 0.4991672171875 0.504897575 0.5187471734375 0.5492538125 0.6879671375
0 0.54698269375 0.6869555984375 0.5876793984375001 0.8294145140625 0.7581106515625 0.790249171875 0.729167825 0.6450891984375 0.54698269375 0.6869555984375
0 0.69100066875 0.47598042031250004 0.7279192671875 0.6392423375 0.7451518046875 0.6429495015625 0.918564596875 0.5984986625000001 0.8910426156250001 0.440744615625 0.8651238843750001 0.42523254374999997 0.8653498796875001 0.43591472500000006 0.69100066875 0.47598042031250004
0 0.748757625 0.640587434375 0.7330857843749999 0.6441888453125 0.766258709375 0.78991018125 0.9419426234375001 0.7464708796874999 0.915270915625 0.6023224453125 0.748757625 0.640587434375