0 0.409523809375 0.17102040624999998 0.1564625859375 0.1608163265625 0.1530612234375 0.2424489796875 0.2557823125 0.2503854859375 0.40544217656250003 0.2549206328125 0.409523809375 0.17102040624999998
0 0.2557823125 0.2503854859375 0.25034013593750004 0.407981859375 0.5380952375 0.40571428593750003 0.534693878125 0.2560544234375 0.2557823125 0.2503854859375
0 0.2557823125 0.252653059375 0.108163265625 0.244716553125 0.1027210875 0.3977777765625 0.2489795921875 0.40571428593750003 0.2557823125 0.252653059375
0 0.10340135937499999 0.40571428593750003 0.09931972812499999 0.5621768703125001 0.3857142859375 0.5621768703125001 0.3863945578125 0.41024943281250004 0.10340135937499999 0.40571428593750003
0 0.3863945578125 0.41024943281250004 0.3857142859375 0.56444444375 0.5360544218750001 0.5667120171875 0.5367346937499999 0.41365079375 0.3863945578125 0.41024943281250004
0 0.2537414953125 0.56444444375 0.2537414953125 0.723174603125 0.538775509375 0.7209070296875 0.538775509375 0.56897959375 0.2537414953125 0.56444444375
0 0.2537414953125 0.5667120171875 0.10136054375 0.5667120171875 0.1027210875 0.7220408171875 0.2523809515625 0.723174603125 0.2537414953125 0.5667120171875
0 0.3891156453125 0.723174603125 0.10340135937499999 0.7254421765625 0.1 0.8773696140625 0.38979591875 0.8785033999999999 0.3891156453125 0.723174603125
0 0.3891156453125 0.71863945625 0.391836734375 0.8762358265625 0.53537415 0.8796371859375001 0.537414965625 0.723174603125 0.3891156453125 0.71863945625
0 0.26 0.9966666671875 0.26054421875 0.8875736968749999 0.108163265625 0.8898412703125 0.1061224484375 0.9941496593749999 0.26 0.9966666671875
0 0.2619047625 0.8819047640625 0.2598639453125 0.9964172328125 0.5414965984375 0.9964172328125 0.537414965625 0.88303855 0.2619047625 0.8819047640625
0 0.76054421875 0.2934693859375 0.5795918359375001 0.279863946875 0.5605442187499999 0.30594104375 0.56326530625 0.3592290234375 0.73401360625 0.37736961406249997 0.76054421875 0.3762358265625 0.76054421875 0.2934693859375
0 0.731972790625 0.3762358265625 0.5367346937499999 0.36036281406250004 0.538775509375 0.47374149687499995 0.731972790625 0.4839455765625 0.731972790625 0.3762358265625
0 0.5598639453125 0.7152380968750001 0.562585034375 0.567845803125 0.6408163265625 0.56444444375 0.6401360546875 0.48054421718749996 0.5401360546875 0.47714285624999997 0.53945578125 0.7175056703125 0.5598639453125 0.7152380968750001
0 0.73129251875 0.3785034 0.7326530625000001 0.4839455765625 0.8367346937500001 0.482811790625 0.8326530625 0.37736961406249997 0.73129251875 0.3785034
0 0.6414965984375 0.48167800312500003 0.6428571421875 0.56444444375 0.834693878125 0.5757823140625 0.833333334375 0.487346940625 0.6414965984375 0.48167800312500003
0 0.6469387765625 0.56897959375 0.56462585 0.56897959375 0.561224490625 0.723174603125 0.8421768703125 0.7288435359375 0.8394557812500001 0.5780498859375001 0.6469387765625 0.56897959375
0 0.9748299312500001 0.56897959375 0.8414965984375 0.5757823140625 0.8435374140624999 0.7288435359375 0.9761904765624999 0.71977324375 0.9748299312500001 0.56897959375
0 0.7197278921875 0.7322448968749999 0.7210884359375 0.8864399093750001 0.9829931984375 0.8705668937500001 0.9823129265625001 0.7209070296875 0.7197278921875 0.7322448968749999
0 0.7204081640625 0.72770975 0.5680272093750001 0.7254421765625 0.5707483 0.8796371859375001 0.7176870734375 0.8841723359375001 0.7204081640625 0.72770975
0 0.8442176874999999 0.8853061234374999 0.5687074812499999 0.8819047640625 0.544897959375 0.8342857140625 0.544 0.9966666671875 0.844897959375 0.995283446875 0.8442176874999999 0.8853061234374999
0 0.8442176874999999 0.8853061234374999 0.844897959375 0.995283446875 0.9809523796875 0.9964172328125 0.9816326546875 0.873968253125 0.8442176874999999 0.8853061234374999