0 0.514470834375 0.356121078125 0.49949598125000005 0.5762078515625 0.71494043125 0.5817026328125 0.7384487265625 0.570093496875 0.75414206875 0.3994942375 0.7851492015625 0.3931685734375 0.792044709375 0.3383348859375 0.7417011890625 0.28176330625 0.51776935 0.2985555546875 0.514470834375 0.356121078125
0 0.8515295265624999 0.3943324390625 0.9947585515625 0.3980412640625 0.9979655921875 0.12242879843750001 0.8743302515625 0.136273925 0.8515295265624999 0.3943324390625
0 0.7546919328125 0.39918014999999996 0.7328645671875 0.6338230499999999 0.9748699109375 0.6775608625 0.9942221171875 0.4441422484375 0.9947645921875001 0.397522096875 0.7847634593749999 0.3912905109375 0.7546919328125 0.39918014999999996
0 0.7522947265625 0.6380484453124999 0.738134 0.8236193 0.7531076156250001 0.9222947640625 0.91257868125 0.93480261875 0.9246113046875 0.91688489375 0.9561633640625 0.9303871718750001 0.9748699109375 0.6775608625 0.7522947265625 0.6380484453124999
0 0.699164334375 0.8617832421875 0.73802891875 0.8249123656249999 0.7522947265625 0.6380484453124999 0.7313293625 0.63573849375 0.7386303515625 0.5685313453124999 0.7141080390625001 0.581697909375 0.5094120015625 0.57681400625 0.5061839640625 0.5825844874999999 0.48743854531249997 0.8302304921875001 0.699164334375 0.8617832421875
0 0.7375171843749999 0.8255508453125 0.699623528125 0.8617912921875 0.4869268125 0.830868971875 0.48201961718749997 0.8346676546875 0.47088103593749997 0.9717324906249999 0.5134863234375 0.972479503125 0.686533309375 0.96341049375 0.6926924578125 0.9018118812499999 0.7375171843749999 0.8255508453125
0 0.3015054421875 0.8094892296875 0.2936717828125 0.8210060406249999 0.28294220625 0.9685991656249999 0.47070718125 0.9718913046875001 0.48253135 0.834029171875 0.3015054421875 0.8094892296875
0 0.5060400109375001 0.57869724375 0.4980371984375 0.5753196625 0.3211419125 0.5735130093749999 0.3030406484375 0.8075737843749999 0.48258389218750003 0.8333826390624999 0.4860084203125 0.8308528687500001 0.5060400109375001 0.57869724375
0 0.31202421406249997 0.5668786124999999 0.3216536484375 0.5728745296875 0.4980371984375 0.5753196625 0.51656091875 0.31342579531250003 0.3263605 0.328219653125 0.31202421406249997 0.5668786124999999
0 0.423420296875 0.0618757 0.41906584062499996 0.0475553765625 0.401353715625 0.05048209218750001 0.32082110468749997 0.0795004015625 0.3003713265625 0.314167453125 0.3264655828125 0.3269265875 0.517479309375 0.313441896875 0.518687740625 0.2985716578125 0.58752816875 0.294599028125 0.5993087703125 0.16660979843749998 0.525727309375 0.081798178125 0.505853759375 0.049077054687499996 0.423420296875 0.0618757
0 0.1292922421875 0.965095859375 0.28215175000000003 0.9684234437500001 0.2935667015625 0.82229910625 0.29819966249999996 0.804899090625 0.2927166578125 0.79314879375 0.1414196953125 0.776252084375 0.1376273828125 0.7833075828125 0.1292922421875 0.965095859375
0 0.1590732953125 0.55901725 0.14923226875 0.7797933265625 0.2935825078125 0.7938114296875 0.3016630640625 0.8075496296875 0.3210368296875 0.5748060749999999 0.311617559375 0.566224028125 0.1590732953125 0.55901725
0 0.16500524218749998 0.401142615625 0.1595072890625 0.5480181515625 0.1687689375 0.5585397953125 0.312588490625 0.5655935984375 0.3263605 0.328219653125 0.316573446875 0.324163328125 0.17171461875 0.3468741640625 0.16500524218749998 0.401142615625
0 0.58803995 0.2928361015625 0.74194966875 0.28057443593750003 0.795628009375 0.3420068859375 0.8061318578125001 0.2127526953125 0.7920580609375001 0.181284625 0.596774490625 0.1967235359375 0.58803995 0.2928361015625
0 0.7888433203125 0 0.6110122140625001 0.027207284375 0.5964187390625 0.1954164109375 0.7936531453125 0.17871081718749998 0.8066987421875 0.2114617484375 0.808943096875 0.172474459375 0.8202640140625 0.044535484375 0.810073159375 0 0.7888433203125 0
0 0.8293277343750001 0 0.81594998125 0.17042234218750002 0.8703961609374999 0.1679672515625 0.8754153875 0.13600395781250002 0.9979834265624999 0.12089608593750001 0.9993901796875001 0 0.8293277343750001 0
0 0 0.8775650640625001 0.1307820875 0.9235658734375001 0.13669552499999998 0.783146146875 0.1402314890625 0.7760628859375001 0.1479653546875 0.7797711140625 0.1490535234375 0.7559726671875 0 0.719469728125 0 0.8775650640625001
0 0 0.7178469562500001 0.1503687578125 0.7554002890625 0.15814544218749998 0.5608283609375 0.10930309062500002 0.5581856796875 0.1203690359375 0.5417074328125 0.07958621875 0.5439695671875 0.0025799 0.5652460406250001 0 0.6095455125 0 0.7178469562500001
0 0.1642665796875 0 0.1764502625 0.038950034375 0.146317765625 0.08188869843749999 0.17398597031250002 0.0692741734375 0.1680010359375 0.200165634375 0.179535640625 0.20394050312499998 0.2790584453125 0.165791109375 0.31153816875 0.18243741875 0.3187271625 0.0783617859375 0.4008620234375 0.051220846875 0.40091427187499995 0.008945653125 0.3780616421875 0 0.28748857031249997 0 0.2877975875 0.0010079625 0.2313517953125 0.019072303125000002 0.2000124203125 0 0.1642665796875 0
0 0.168699509375 0.3424876 0.1743218546875 0.346158809375 0.321901325 0.3255242765625 0.3001599171875 0.3120434390625 0.31111586406249997 0.18243001406249998 0.279432428125 0.16639310624999998 0.178268728125 0.20391828906249998 0.168699509375 0.3424876
0 0.07857661406250001 0.3742519875 0.1556901796875 0.367267909375 0.1697122546875 0.35084149375 0.16866376249999998 0.337723471875 0.1773757984375 0.204498075 0.08674652968749999 0.2320855140625 0.07857661406250001 0.3742519875
0 0.058267115625 0.5304961328125 0.123965890625 0.5286708609375 0.1608639015625 0.5221725453125 0.1650378390625 0.4031580953125 0.1710758078125 0.3496745234375 0.15531619375 0.366665915625 0.078624934375 0.373657396875 0.0671492515625 0.38476951718749997 0.058267115625 0.5304961328125
0 0.0202012984375 0.18947625937499998 0.0796499703125 0.1806071390625 0.16570221406250002 0.20664921718749998 0.1764606453125 0.2029125171875 0.1676914609375 0.19932410312499999 0.172931475 0.09196013750000001 0.14511247656249998 0.0826403921875 0.09170262343749999 0.053735982812500006 0.03002899375 0.068542403125 0.0202012984375 0.18947625937499998
0 0.0105848140625 0.314329334375 0.0634213609375 0.3074050765625 0.0810895453125 0.308696190625 0.085948871875 0.23174683749999997 0.1656225796875 0.2076291515625 0.0796897890625 0.18011717031250002 0.021394390625000002 0.1898897109375 0.0105848140625 0.314329334375
0 0.0663772296875 0.3825287921875 0.0774541984375 0.374872353125 0.0798464703125 0.3111277265625 0.0624570046875 0.3064068359375 0.01014505 0.31322252968750003 0.00008880468749999999 0.4369688015625 0.0017835812499999999 0.4397855 0.061032973437500006 0.4354270109375 0.0663772296875 0.3825287921875
0 0.7960679125000001 0.3478438765625 0.8542637187500001 0.348019315625 0.87023758125 0.171146415625 0.8092621843750001 0.17317537968750002 0.7960679125000001 0.3478438765625
0 0.419703509375 0.051031534375 0.42381413125 0.06210966875 0.505087990625 0.0485777140625 0.525671815625 0.081392384375 0.5954769734375 0.159658715625 0.6040795218749999 0.0192706296875 0.419703509375 0.051031534375
0 0.41921238125000004 0 0.4149390140625 0.040930792187499995 0.4197151734375 0.048618871875000004 0.604161696875 0.0189006859375 0.6059562484375001 0 0.41921238125000004 0
0 0.7521495265625 0.922197784375 0.7381559531249999 0.8238572203125001 0.6937547671875001 0.901554890625 0.6893274890625001 0.9632640578125 0.9024909484375 0.952092634375 0.9116037625000001 0.9376369265625 0.7521495265625 0.922197784375
0 0 0.55576085 0.03630096875 0.5550485390625 0.0793395609375 0.5448191 0.1066029234375 0.5416357671875 0.10767116875 0.5309520921875001 0.0565977953125 0.531746459375 0.060949925 0.43634604374999997 0 0.4428332421875 0 0.55576085
0 0.035877421874999996 0 0.0309879796875 0.066587721875 0.092546646875 0.0524583671875 0.14594566874999998 0.0821221359375 0.17605495625 0.0389955046875 0.16409985 0 0.035877421874999996 0
0 0.8012723109375001 0.3928010125 0.8507804468750001 0.39298545625000003 0.8538314937499999 0.3554410765625 0.8022176156249999 0.35727050625 0.8012723109375001 0.3928010125
0 0.6183723453125001 0 0.6168776874999999 0.02110880625 0.7866670734375 0 0.6183723453125001 0