0 0.44052650312499997 0.2670906015625 0.8289856734375001 0.20244251875 0.815506090625 0.1476059875 0.8204152296875 0.057369021875 0.4424681890625 0.030940390625 0.41332931406249995 0.03612059375 0.44052650312499997 0.2670906015625
0 0.45036164218749997 0.2683134 0.4673923390625 0.48184193906250006 0.8017532875000001 0.42723976406249997 0.816570471875 0.21104701874999998 0.45036164218749997 0.2683134
0 0 0.3269956609375 0.00250348125 0.33309194531249997 0.4201835984375 0.2657502703125 0.4299718484375 0.2571163890625 0.40165030625 0.0391693640625 0 0.10966812031249999 0 0.3269956609375
0 0.0429048171875 0.32941061875 0.11008499062499999 0.5400027406250001 0.45951151875 0.4817537890625 0.42958369375 0.26458364687499997 0.0429048171875 0.32941061875
0 0.4174403265625 0.490662459375 0.44062160156249996 0.6611788625 0.7715558359375 0.61655348125 0.7965697265625 0.441966015625 0.78271550625 0.433067690625 0.4174403265625 0.490662459375
0 0.10704644999999999 0.5425122796874999 0.0957254 0.51392998125 0.061739259375 0.548046375 0.10854632500000001 0.7331343578125 0.43762994062500005 0.673545075 0.4066079734375 0.4935617328125 0.10704644999999999 0.5425122796874999
0 0.45866215312499997 0.659473009375 0.47991255468749994 0.8337830984375 0.778778 0.7810094796875 0.78375689375 0.6163720109375 0.45866215312499997 0.659473009375
0 0.105333765625 0.7346881296875 0.0989821328125 0.6998026046875 0.0682554328125 0.7422219109375 0.1046282171875 0.8891992999999999 0.44057199531249996 0.828891896875 0.4196128265625 0.6801792718749999 0.105333765625 0.7346881296875
0 0.8468001078125 0.41391917500000003 0.951597396875 0.400113565625 0.9095529796875 0.17935195312500002 0.8771027390624999 0.184037684375 0.8468001078125 0.41391917500000003
0 0.836413203125 0.41784195312500005 0.80774995625 0.4077605390625 0.78317911875 0.5979897546874999 0.798490303125 0.6109510375 0.9667116859375 0.5893837578125 0.97070713125 0.5270357109375 0.94702389375 0.4003989875 0.836413203125 0.41784195312500005
0 0.7834950453125 0.7775584921875 0.9565598171874999 0.747801478125 0.96663985 0.5905047406249999 0.7888154609375 0.613703746875 0.7834950453125 0.7775584921875