0 1 0.088455771875 0.8460000000000001 0.089955021875 0.828 0.3088455765625 1 0.298350825 1 0.088455771875
0 1 0.298350825 0.82 0.3088455765625 0.8099999999999999 0.49475262343750004 1 0.48275862031249994 1 0.298350825
0 1 0.48425787031249995 0.882 0.49325337343750003 0.868 0.6311844078125 0.8779999999999999 0.6341829078125001 1 0.62518740625 1 0.48425787031249995
0 1 0.6281859078124999 0.8779999999999999 0.635682159375 0.866 0.77211394375 1 0.7556221890625 1 0.6281859078124999
0 0.796 0.7841079453125 0.784 0.901049475 0.9480000000000001 0.87706146875 0.9720000000000001 0.761619190625 0.796 0.7841079453125
0 0.95 0.8785607203125 0.784 0.9025487249999999 0.774 0.99850075 0.8939999999999999 0.99850075 0.9339999999999999 0.988005996875 0.95 0.8785607203125
0 0.6599999999999999 0.5082458765625 0.658 0.6506746625 0.866 0.6326836578125 0.8779999999999999 0.49025487187500005 0.6599999999999999 0.5082458765625
0 0.5660000000000001 0.08545727187499999 0.564 0.3178410796875 0.8160000000000001 0.311844078125 0.842 0.09295352343749999 0.5660000000000001 0.08545727187499999
0 0.5660000000000001 0.3178410796875 0.564 0.512743628125 0.792 0.49475262343750004 0.82 0.313343328125 0.5660000000000001 0.3178410796875
0 0.44000000000000006 0.5187406296875 0.446 0.6686656671875 0.654 0.6491754125 0.6559999999999999 0.5082458765625 0.44000000000000006 0.5187406296875
0 0.67 0.6551724140624999 0.6599999999999999 0.6506746625 0.44800000000000006 0.6701649171875 0.45599999999999996 0.6896551718749999 0.45599999999999996 0.8185907046875001 0.658 0.7931034484375 0.67 0.6551724140624999
0 0.266 0.0809595203125 0.286 0.3208395796875 0.562 0.3178410796875 0.564 0.086956521875 0.266 0.0809595203125
0 0.29 0.32233883125 0.31 0.5217391296875 0.564 0.512743628125 0.562 0.3178410796875 0.29 0.32233883125
0 0.238 0.5292353828125 0.262 0.7031484265625 0.446 0.688155921875 0.438 0.5187406296875 0.238 0.5292353828125
0 0.272 0.7031484265625 0.27999999999999997 0.8575712140625 0.454 0.836581709375 0.45599999999999996 0.6896551718749999 0.272 0.7031484265625
0 0.576 0.8050974515625 0.45599999999999996 0.8200899546875 0.45599999999999996 0.836581709375 0.37 0.8485757125 0.38 0.9730134937500001 0.5860000000000001 0.9415292359375 0.58 0.8185907046875001 0.576 0.8050974515625
0 0.674 0.79910045 0.662 0.7931034484375 0.592 0.8035982015625001 0.5980000000000001 0.938530734375 0.78 0.9085457265624999 0.794 0.7841079453125 0.674 0.79910045
0 0.6719999999999999 0.6476761625 0.674 0.7976012 0.8640000000000001 0.7736131937499999 0.8779999999999999 0.6341829078125001 0.6719999999999999 0.6476761625
0 0.77 1 0.778 0.9115442281249999 0.588 0.9415292359375 0.584 1 0.77 1
0 0.572 1 0.5700000000000001 0.9475262375 0.374 0.9745127437500001 0.374 1 0.572 1
0 0.564 0 0.564 0.061469265625000005 0.674 0.061469265625000005 0.674 0 0.564 0
0 0.21200000000000002 0 0.21800000000000003 0.07196401875 0.242 0.07346326875 0.246 0.1034482765625 0.264 0.1034482765625 0.264 0.0794602703125 0.512 0.0839580203125 0.512 0 0.21200000000000002 0
0 0 0 0.002 0.07196401875 0.21600000000000003 0.07196401875 0.21000000000000002 0 0 0
0 0 0.32683658125 0.27599999999999997 0.3163418296875 0.24 0.07346326875 0 0.07496251875 0 0.32683658125
0 0 0.42428785625 0.024 0.5442278859375 0.308 0.5247376312500001 0.27799999999999997 0.3178410796875 0 0.32683658125 0 0.42428785625
0 0 0.8455772109374999 0.188 0.82458770625 0.20600000000000002 0.739130434375 0.176 0.5412293859374999 0 0.5487256375 0 0.8455772109374999
0 0.21000000000000002 1 0.21800000000000003 0.9865067468750001 0.19 0.82608695625 0 0.8485757125 0 1 0.21000000000000002 1
0 0.274 0.862068965625 0.21800000000000003 0.8710644671875001 0.22999999999999998 1 0.35 0.9730134937500001 0.32799999999999996 0.8560719640625001 0.274 0.862068965625