0 0.496 0.389855071875 0.516 0.5913043484375 0.99 0.5637681156250001 0.96 0.359420290625 0.496 0.389855071875
0 0.44000000000000006 0.3782608703125 0.004 0.439130434375 0.05 0.634782609375 0.506 0.5782608703125 0.44000000000000006 0.3782608703125
0 0.398 0.18405797031249999 0.046 0.214492753125 0.066 0.4318840578125 0.442 0.3811594203125 0.398 0.18405797031249999
0 0.952 0.16521739062500002 0.40199999999999997 0.1811594203125 0.44000000000000006 0.3840579703125 0.958 0.3565217390625 0.952 0.16521739062500002
0 0.11399999999999999 0.8188405796874999 0.542 0.7797101453125 0.5559999999999999 0.7057971015625 0.524 0.5913043484375 0.504 0.5782608703125 0.05 0.636231884375 0.11399999999999999 0.8188405796874999
0 0.5660000000000001 0.5913043484375 0.58 0.77536231875 0.9960000000000001 0.7507246375000001 0.99 0.5637681156250001 0.5660000000000001 0.5913043484375
0 0.8220000000000001 0.762318840625 0.58 0.7782608703125 0.5559999999999999 0.70289855 0.546 0.7797101453125 0.454 0.7855072468750001 0.45999999999999996 0.9652173906250001 0.836 0.9463768109374999 0.8220000000000001 0.762318840625
0 0.1 0.7797101453125 0.04 0.82608695625 0.086 1 0.44000000000000006 0.9797101453125 0.454 0.8710144921874999 0.44000000000000006 0.7927536234375 0.10600000000000001 0.8188405796874999 0.1 0.7797101453125
0 0.31 0.9971014500000001 0.8560000000000001 0.998550725 0.852 0.9420289859375 0.31 0.9971014500000001
0 1 0.7521739125 0.8220000000000001 0.7594202906249999 0.834 0.9492753625000001 1 0.9391304343750001 1 0.7521739125
0 0.41 0.001449275 0.426 0.18405797031249999 0.914 0.162318840625 0.9039999999999999 0 0.41 0.001449275
0 0 0.0043478265625 0.008 0.2173913046875 0.03 0.25072463749999996 0.046 0.210144928125 0.4 0.18260869531249999 0.43 0.185507246875 0.41200000000000003 0.00289855 0 0.0043478265625