0 0.8132707218749999 0.07218038125000001 0.5897816453125 0.08122420625 0.5928906125 0.277181271875 0.8077910562499999 0.2884386 0.8800633640625 0.28827183437500004 0.8851786687500001 0.1284420046875 0.8132707218749999 0.07218038125000001
0 0.7832649171875 0.0716068203125 0.8128211796875 0.0714555015625 0.8858222250000001 0.12769797968750002 0.9952362375 0.12981166875 0.9824413296875001 0.0171485765625 0.8054487140625 0.014059159375 0.7858154734375 0.015140137500000001 0.7832649171875 0.0716068203125
0 1 0.1707096859375 0.9952362375 0.12981166875 0.8858648125 0.12806361093750002 0.8797841703125 0.28900947499999996 1 0.296691428125 1 0.1707096859375
0 1 0.2982891140625 0.9535943874999999 0.29577693125 0.9379171968750001 0.5059853624999999 1 0.5172268953125 1 0.2982891140625
0 0.808604965625 0.2891570953125 0.5852815062500001 0.2776809265625 0.5876759359375 0.4549652984375 0.9248425953125 0.5065807484375 0.9322813468750001 0.50461856875 0.952094334375 0.295436828125 0.8794198062499999 0.2890158578125 0.808604965625 0.2891570953125
0 1 0.5174200296875 0.9369092718750001 0.50673576875 0.924927771875 0.507312009375 0.841776525 0.495578896875 0.8129489953125001 0.49571745 0.80694406875 0.669851553125 0.8126414343749999 0.6748810328125 1 0.7219149234375 1 0.5174200296875
0 0.5996763656249999 0.45768611718749996 0.595237721875 0.46032849843749996 0.5936809046875 0.61936324375 0.59837034375 0.6251431328125 0.7836246203125 0.6702600078125001 0.797021 0.6692926078125 0.8053824984375 0.665848759375 0.813124078125 0.4909514875 0.5996763656249999 0.45768611718749996
0 1 0.7226514515625 0.9519713515625 0.711276509375 0.93756706875 0.8822603375 1 0.9012593953125 1 0.7226514515625
0 0.8115909234375 0.675265809375 0.8012656328125001 0.6681191296875 0.782446346875 0.6695478921875 0.607048890625 0.6275557578125001 0.6120553953125001 0.7802471390625 0.9238110562499999 0.8770056328125 0.9358777343750001 0.8771606562500001 0.9489286546875 0.7102306734375 0.8115909234375 0.675265809375
0 1 0.9015718093749999 0.9385749921875 0.8815099312499999 0.9361569265625 0.8764230124999999 0.923489278125 0.8773776468750001 0.821405175 0.84729094375 0.814213553125 1 0.9829085109375001 1 1 0.99970063125 1 0.9015718093749999
0 0.61726063125 0.7841861109375 0.6200904031250001 0.9244588109375 0.8113448953125 0.9991470984375 0.8205060890625001 0.845841184375 0.61726063125 0.7841861109375
0 0.80669260625 1 0.6217182218749999 0.92589580625 0.620821865625 1 0.80669260625 1
0 0.6208003578125 1 0.62143903125 0.92663345 0.619640859375 0.9237339312499999 0.6182496328125 0.83656065 0.518309140625 0.806070025 0.47588175625 0.8493128625 0.4859704609375 0.97040683125 0.5626398874999999 1 0.6208003578125 1
0 0.43634561875 0.6697480375 0.44583808437499994 0.7857231765625 0.6174783109375 0.8362077843750001 0.616896265625 0.78419249375 0.613598040625 0.7809528734375 0.608515821875 0.6432842625 0.521602609375 0.6180611046875 0.43634561875 0.6697480375
0 0.45625427187499995 1 0.4862922390625 0.9700348171875 0.4764401375 0.8478375734375 0.506900215625 0.8146965249999999 0.31248945781250004 0.747391053125 0.21033438593749998 0.8107316453125 0.2249894984375 0.930280121875 0.37606567968750004 1 0.45625427187499995 1
0 0.31353996562500003 0.747006275 0.506900215625 0.8146965249999999 0.5176655828125 0.8068140515625 0.44465981250000003 0.7850110640625 0.43835200625 0.7089152000000001 0.3985414296875 0.6931255562499999 0.31353996562500003 0.747006275
0 0.5225679453125001 0.6169450640624999 0.6074653109375 0.6436690375 0.6081419890624999 0.6275366109375 0.59809115625 0.625880775 0.593037346875 0.62010726875 0.5940925796875 0.5288609937500001 0.5158721078124999 0.5155760078125 0.5225679453125001 0.6169450640624999
0 0.3961706703125 0.59754276875 0.5081589125 0.6248913593750001 0.5221609890625001 0.6165858171874999 0.5141780421875 0.5167048109375 0.38960733125 0.49104211875 0.3961706703125 0.59754276875
0 0.4185768484375 0.6990030265625 0.43830941875 0.7085495671875 0.435659475 0.670126434375 0.50743018125 0.6249041234375 0.41138415000000006 0.602771946875 0.4185768484375 0.6990030265625
0 0.5116321968750001 0.397676984375 0.4996932828125 0.39861885468749997 0.381439834375 0.38017304687500003 0.3914291640625 0.491010209375 0.584855653125 0.5279236546875 0.579139346875 0.4067531 0.5116321968750001 0.397676984375
0 0.5119965625 0.397670603125 0.5853761640624999 0.40701023437500006 0.5845717046875001 0.2809907515625 0.5032375578125 0.2754542140625 0.5119965625 0.397670603125
0 0.379703178125 0.38093621718750004 0.5015151140625 0.39858694375 0.5121053984375 0.3954704359375 0.50375335 0.27361329375 0.3717107625 0.2653011796875 0.379703178125 0.38093621718750004
0 0.373277065625 0.2630754859375 0.5781219453124999 0.2789054625 0.575164409375 0.13753586874999998 0.3625069484375 0.1361314265625 0.373277065625 0.2630754859375
0 0.589138096875 0.1383902421875 0.5890955 0.08160260312499999 0.78229958125 0.072722859375 0.7838422171875 0.017006584375 0.780672696875 0.013626692187500001 0.494057890625 0.0086238125 0.5009425078125 0.136637653125 0.589138096875 0.1383902421875
0 0.35745785625000004 0.011285415625 0.3634722828125 0.1350153875 0.49957021875 0.137394440625 0.493044734375 0.0092769046875 0.35745785625000004 0.011285415625
0 0.3357520484375 0.144660340625 0.362970690625 0.14638184999999998 0.3574436640625 0.029970878125 0.32848363593749996 0.035241024999999995 0.3357520484375 0.144660340625
0 0.22879394375 0.041383673437500004 0.23983851875 0.145607575 0.3354302703125 0.145032353125 0.3261460140625 0.037113854687499996 0.27651174375 0.0310220734375 0.22879394375 0.041383673437500004
0 0.1408065671875 0.047687725 0.1542975984375 0.14783863125000002 0.239407903125 0.1481797546875 0.22682068906250002 0.0432501203125 0.18635709375 0.0406614765625 0.1408065671875 0.047687725
0 0.034080359375 0.1470132984375 0.1531619109375 0.1474921453125 0.1389421484375 0.047354006250000004 0.0214221640625 0.050877950000000005 0.034080359375 0.1470132984375
0 0.019836934375 0.049806585937499995 0.004222621875000001 0.0517292484375 0.0117597953125 0.1440634421875 0.03131685 0.14522981875000002 0.019836934375 0.049806585937499995
0 0.28871094531249997 0.25173353125000003 0.37073123125 0.2568916765625 0.36286185312499997 0.148582015625 0.2775386078125 0.14641273906250002 0.28871094531249997 0.25173353125000003
0 0.160118009375 0.24482650156250002 0.28757525781250004 0.2513870484375 0.278352515625 0.1471312359375 0.1479093578125 0.14941603125 0.160118009375 0.24482650156250002
0 0.0810363109375 0.2366858734375 0.159455521875 0.24227346875000003 0.14673108125 0.1487039171875 0.0685437390625 0.148241534375 0.0810363109375 0.2366858734375
0 0.0677724171875 0.1478886671875 0.011972539062499999 0.14666965 0.0189649828125 0.232330628125 0.0781213796875 0.23673693125 0.0677724171875 0.1478886671875
0 0.3468013640625 0.3554997703125 0.3781321390625 0.36117939374999997 0.37130854062499996 0.2587134453125 0.33639561875 0.25676033125000003 0.3468013640625 0.3554997703125
0 0.25434694687500004 0.3453951140625 0.3442508 0.35554444375 0.335818309375 0.25493855781249997 0.24436708125 0.2503119828125 0.25434694687500004 0.3453951140625
0 0.1731878875 0.3350926125 0.2535756265625 0.34504224687499996 0.2441304828125 0.25141525625 0.16093191874999999 0.245544996875 0.1731878875 0.3350926125
0 0.0596901296875 0.3198608953125 0.170873925 0.3340340125 0.16052496249999998 0.2451857515625 0.045971962500000005 0.23656729375 0.0596901296875 0.3198608953125
0 0.0451580546875 0.2358487984375 0.019098875 0.23397087968750002 0.0257933578125 0.3159816796875 0.0589613984375 0.3198736609375 0.0451580546875 0.2358487984375
0 0.31051143125 0.44516494375000004 0.38699524687500003 0.45921310000000004 0.3808814546875 0.3816483328125 0.37841133125000004 0.36044175 0.30147324375 0.3518972 0.31051143125 0.44516494375000004
0 0.180238621875 0.42070125625 0.309460921875 0.44554972031249995 0.2998454234375 0.3504602046875 0.1715364109375 0.33658704687499996 0.180238621875 0.42070125625
0 0.1075688265625 0.40805179843749995 0.1788237453125 0.4210924140625 0.17136605625 0.3351245234375 0.095071521875 0.325835946875 0.1075688265625 0.40805179843749995
0 0.0392051765625 0.39789155468750004 0.1042469421875 0.4077436078125 0.095071521875 0.325835946875 0.027285182812499996 0.3174974734375 0.0392051765625 0.39789155468750004
0 0.363335103125 0.541329521875 0.39224307812500003 0.5481507125 0.3886845859375 0.4925237875 0.39016571093749997 0.48956683125 0.38731702343749996 0.4588410859375 0.355598221875 0.456099271875 0.363335103125 0.541329521875
0 0.27476568125 0.5238292859375 0.36329251406249996 0.5409638906249999 0.3553426921875 0.4539054875 0.2659357015625 0.43861818281250003 0.27476568125 0.5238292859375
0 0.1912784609375 0.5029426390625 0.2735448171875 0.5227515390625 0.266621846875 0.43823978593749996 0.1810525328125 0.4214197515625 0.1912784609375 0.5029426390625
0 0.08316575312499999 0.4806554390625 0.1907626703125 0.50478355625 0.1799594328125 0.4214388984375 0.070129 0.4032119328125 0.08316575312499999 0.4806554390625
0 0.08175087656249999 0.4810466 0.068822959375 0.401402925 0.03245725 0.3976177140625 0.0368491 0.45142010781249997 0.0387127703125 0.4674201546875 0.08175087656249999 0.4810466
0 0.2876131515625 0.56830220625 0.1377970640625 0.6236845703125 0.1489410109375 0.7381652765625 0.259140546875 0.7783683796875 0.39562649843750003 0.6931766125000001 0.38873665 0.5932764609375 0.2876131515625 0.56830220625
0 0.08276829062499999 0.7217382546875 0.098682121875 0.8207475921875 0.21740404687499998 0.8714263437499999 0.209520475 0.810013146875 0.2586910015625 0.7776435 0.08840887187499999 0.7168765578125 0.08276829062499999 0.7217382546875
0 0.33528376249999997 1 0.3462146671875 0.9867770546875001 0.222098228125 0.9273997515625 0.12348793124999999 1 0.33528376249999997 1
0 0.182339709375 0.9559407765625 0.2229783859375 0.9255524546875 0.217039678125 0.8714327265625 0.1486050484375 0.8418557609375 0.16441004374999998 0.943065265625 0.182339709375 0.9559407765625
0 0.0785486078125 0.8094201546875001 0.0890317234375 0.8994201546875 0.16331694531250002 0.9430844109375001 0.14751194843749998 0.8418749062499999 0.0785486078125 0.8094201546875001
0 0.0529232140625 0.5894201546875 0.0670674109375 0.7091900796874999 0.14857664375 0.7381716578125 0.1370683296875 0.623697334375 0.2859001546875 0.56613395 0.19009072656249998 0.5428985 0.0529232140625 0.5894201546875
0 0.0470992640625 0.5394201546875 0.0529232140625 0.5894201546875 0.1894164625 0.5421481140625 0.1145929734375 0.5218302718750001 0.0470992640625 0.5394201546875
0 0.2452313734375 0.5555100390625001 0.389248234375 0.5937136859375001 0.39613555312500004 0.5976949703125001 0.39260863437500004 0.5473617421875 0.2845723390625 0.5272795015625 0.2452313734375 0.5555100390625001
0 0.1920854859375 0.50282298125 0.1699930875 0.5011589843750001 0.11428906406249999 0.5217652890625 0.24272998750000002 0.55408888125 0.2833046171875 0.526422721875 0.1920854859375 0.50282298125
0 0.038945728125 0.4694201546875 0.0468663046875 0.5374201546874999 0.113322446875 0.5197686640625 0.1676333875 0.4996293703125 0.08129761875 0.48195358906249997 0.038945728125 0.4694201546875
0 0.5585522328125 1 0.48535750625 0.9716323265625 0.45871834375000003 1 0.5585522328125 1