0 0 0 0 0.342218053125 0.025666121874999996 0.36134509062500003 0.33130786562500003 0.32873369218750004 0.31481358125000003 0.30007478593750003 0.3219636515625 0.0256771359375 0.3122724421875 0 0 0
0 0.3112795078125 0 0.32192055625 0.03308454375 0.31481358125000003 0.30007478593750003 0.336863421875 0.32841011875000004 0.3534869953125 0.334846803125 0.62023985 0.3045004234375 0.63160953125 0.25940883124999997 0.6231224531249999 0 0.3112795078125 0
0 0.623094615625 0 0.6315664359375 0.2668162375 0.62023985 0.3045004234375 0.67579540625 0.3012646796875 0.6814371515625 0.28612629218749996 0.909258025 0.2654523390625 0.9371650875 0.241612246875 0.9292602593750001 0 0.623094615625 0
0 0.928360821875 0 0.93160953125 0.2419358203125 0.909258025 0.2654523390625 0.91459810625 0.30216580312499997 0.9979314390624999 0.2973121890625 0.99966115 0 0.928360821875 0
0 0.9293685890625 0.6271210046875 0.9960352562500001 0.6232381140625 0.99788834375 0.30471959531250004 0.9145550109375 0.309573209375 0.9293685890625 0.6271210046875
0 0.8792393046875 0.6522553953125 0.8681281937499999 0.65290254375 0.8664043921875001 0.949198840625 0.95529328125 0.944021653125 0.96252954375 0.6548091890625 0.8792393046875 0.6522553953125
0 0.6814371515625 0.28612629218749996 0.67579540625 0.3012646796875 0.6858722359375 0.478395309375 0.6903935109375 0.6558495140625 0.9293685890625 0.6271210046875 0.909258025 0.2654523390625 0.6814371515625 0.28612629218749996
0 0.6803166796875 0.478718884375 0.67579540625 0.3012646796875 0.3534439 0.342254209375 0.352538903125 0.497809765625 0.6803166796875 0.478718884375
0 0 0.5405575109375 0.3468540625 0.5203555625 0.3479745328125 0.3277629703125 0.0257092171875 0.353937684375 0 0.34168547656250003 0 0.5405575109375
0 0 0.73299163125 0.334665575 0.706187896875 0.34681096718750004 0.5277629703125 0 0.5406240765625 0 0.73299163125
0 0.6070170828125 0.668110534375 0.67368375 0.6642276421875 0.6747180312500001 0.48644986562500003 0.346983346875 0.49813334062500003 0.34681096718750004 0.5277629703125 0.3347086703125 0.6987804890625 0.6070170828125 0.668110534375
0 0 0.9182072781249999 0.3335451046875 0.8987804890625 0.3402211296875 0.705864321875 0 0.7403044953125 0 0.9182072781249999
0 0 0.99966115 0.327515503125 0.98058554375 0.327946453125 0.9065114703124999 0 0.9183260046875 0 0.99966115
0 0.6614521671875 0.8574673859375 0.3392730390625 0.8688272843749999 0.3335882 0.89137308125 0.327515503125 0.98058554375 0.6719599484375001 0.9605239390625 0.6725632781249999 0.8568202359375 0.6614521671875 0.8574673859375
0 0.3403073203125 0.69104950625 0.33922994375000004 0.8762346921875 0.6780757390625001 0.8639040687499999 0.67911001875 0.6861262921875 0.66812819375 0.6645512171875 0.3403073203125 0.69104950625
0 0.6791962093749999 0.6713114765625 0.677515503125 0.960200365625 0.7719599484375 0.954699603125 0.77368375 0.65840330625 0.6791962093749999 0.6713114765625
0 0.77368375 0.65840330625 0.7720030437500001 0.9472921953125001 0.8664474875 0.9417914328125001 0.8681712890625001 0.6454951375 0.77368375 0.65840330625