0 0.11996938906250001 0.25739106875 0.0336258953125 0.5895532734375 0.19143795156250001 0.578605378125 0.260506521875 0.24055294218749998 0.11996938906250001 0.25739106875
0 0.40300369375 0.2290594671875 0.260506521875 0.24055294218749998 0.19720974062500002 0.5773202828125 0.36113157500000004 0.570488828125 0.40300369375 0.2290594671875
0 0.5499885921875001 0.2217393171875 0.4020980609375 0.23017390624999998 0.3618479921875 0.57154638125 0.533636703125 0.5579429671875 0.5499885921875001 0.2217393171875
0 0.6974465249999999 0.2089891875 0.5525162765625 0.220567990625 0.5321092578125 0.5569138578125 0.7012756765625 0.5455677624999999 0.6974465249999999 0.2089891875
0 0.8466211187500001 0.19509617968749998 0.698352159375 0.20787475 0.707142071875 0.5431966703125 0.870725915625 0.5309636796875 0.8466211187500001 0.19509617968749998
0 0 0.9375720031249999 0.15859545 0.93704091875 0.199548209375 0.5783209484375 0.0424525703125 0.5903264 0 0.8607911859374999 0 0.9375720031249999
0 0.199548209375 0.5783209484375 0.1575006 0.9403273484374999 0.339886815625 0.9350137015625 0.365903121875 0.5714041671875 0.199548209375 0.5783209484375
0 0.365903121875 0.5714041671875 0.340130196875 0.941501234375 0.5189343171874999 0.930899821875 0.53688080625 0.557829196875 0.365903121875 0.5714041671875
0 0.53688080625 0.557829196875 0.51831250625 0.9287562734374999 0.69940093125 0.9104960015625 0.703141109375 0.5519984109375 0.53688080625 0.557829196875
0 0.703141109375 0.5519984109375 0.7010229828125001 0.9104391156249999 0.8697026390625 0.88611795625 0.874497225 0.534079453125 0.703141109375 0.5519984109375
0 0.068565959375 0 0.01883159375 0.007591339062499999 0.0133306375 0.052174057812499994 0.089825646875 0.20431431875 0.0107220703125 0.072836421875 0 0.198515646875 0 0.96836690625 0.5831254718750001 0.9555591859374999 0.8136232515625 0.9394412109375001 0.9302025031250001 0.9111281234374999 0.9763420734375 0.3814933125 0.995935303125 0.0076322296875 0.874736928125 0.215763709375 0.8691406296874999 0.19647176875 0.9697776906250001 0 0.068565959375 0