0 0.0335346734375 0 0.0198235859375 0.0907265109375 0.153730771875 0.09224159062500001 0.1503138546875 0 0.0335346734375 0
0 0.1511172046875 0 0.1592367515625 0.0847890765625 0.1721931484375 0.0666779328125 0.366629415625 0.0745595984375 0.3745136265625 0 0.1511172046875 0
0 0.3735175546875 0 0.3622690359375 0.07443163281250001 0.5773810562499999 0.080744621875 0.5859192921874999 0 0.3735175546875 0
0 0.60148120625 0 0.5841768359375 0.0744176921875 0.7322660546875001 0.0798514625 0.7605769390625 0 0.60148120625 0
0 0.760084971875 0 0.7362991203125 0.08214527968749999 0.7908954109375 0.078308896875 0.8100593265624999 0.10606451718750001 0.8748298328124999 0.10252672656249999 0.9198082515625 0 0.760084971875 0
0 0.9203110640625001 0 0.8804800140625 0.10378027187500001 0.987996653125 0.1063001828125 0.9966738609375 0 0.9203110640625001 0
0 0.0677980359375 0.3420726375 0.8182546875 0.3706229953125 0.8953304515625 0.1890589 0.7825019671875 0.07588711718749999 0.17381026718749998 0.0656376640625 0.0289438078125 0.145141278125 0.0677980359375 0.3420726375
0 0.0679616921875 0.340989709375 0.07946114062500001 0.4870827765625 0.7648394281249999 0.511547796875 0.8111315875 0.37911577812499997 0.0679616921875 0.340989709375
0 0.769527121875 0.5095099109375 0.9468873890625 0.519870815625 0.9628701390625001 0.41411268124999995 0.97691546875 0.2420503046875 0.8745574078124999 0.239572490625 0.769527121875 0.5095099109375
0 0.8874474421875 0.17359935625 0.8977463984374999 0.19239298437500002 0.8732676046875 0.23844691093749998 0.9457769265625 0.2416626015625 0.949521590625 0.2265443015625 0.9179700937499999 0.1744951171875 0.8874474421875 0.17359935625
0 0.9480681328125 0.226501646875 0.9503009609375 0.24070764375000003 0.9767493484375 0.2440853546875 0.9827445812500001 0.1706407140625 0.9204054968750001 0.1680402234375 0.9480681328125 0.226501646875
0 0 0.42589267187499996 0.0713481109375 0.42484416875 0.0378282234375 0.1443142859375 0.0493311609375 0.1261604890625 0.0191163640625 0.132887859375 0 0.2450547921875 0 0.42589267187499996
0 0 0.6905117093750001 0.048366192187500004 0.6928385859375 0 0.5182651546875 0 0.6905117093750001
0 0 0.51246980625 0.05418003125 0.69300920625 0.2586268578125 0.7022723875 0.26079681250000003 0.5043695265625 0.08124191875 0.48495958124999994 0.0726379140625 0.42596975 0 0.5030880984375 0 0.51246980625
0 0.5043233890625001 0.515867325 0.2620866171875 0.505495109375 0.2620247515625 0.69910891875 0.474884478125 0.701004896875 0.5043233890625001 0.515867325
0 0.7418919328125 0.51848844375 0.517077209375 0.5184170734375 0.47940851406249996 0.7000499390625 0.679985934375 0.7059363765625 0.7418919328125 0.51848844375
0 0.8823441296875 0.7096996171875001 0.9222147265625 0.639079653125 0.9455399312500001 0.523377265625 0.7514309781249999 0.5133297484375 0.683547484375 0.701689984375 0.8823441296875 0.7096996171875001
0 0.9161623078125001 0.7231792140625 0.9278671 0.6457283953124999 0.88541470625 0.708702003125 0.9161623078125001 0.7231792140625
0 0 0.8322490109375 0.079578903125 0.8340715453125 0.052726571874999996 0.6929665515625001 0 0.6899871015625 0 0.8322490109375
0 0.2562109125 0.698938296875 0.05289022812500001 0.691883628125 0.0757095 0.830694803125 0.254975996875 0.8326926328124999 0.2562109125 0.698938296875
0 0.4596952515625 0.7049100453125 0.2567018828125 0.6956895234375 0.26240695468749997 0.8318229859375 0.4413266796875 0.8457756468750001 0.4596952515625 0.7049100453125
0 0.62994910625 0.8534866921875001 0.678166240625 0.7276375359375 0.6775699875 0.702602290625 0.4689069828125 0.701917203125 0.44165399531249994 0.8436097953124999 0.62994910625 0.8534866921875001
0 0.67945604375 0.72876311875 0.6262433625 0.8490270234375 0.8133928718749999 0.8664843984375 0.8882827078125001 0.7283652796875 0.8865408531250001 0.7109105062500001 0.6774063296875 0.7036852140625001 0.67945604375 0.72876311875
0 0.8124109265625 0.872981946875 0.8897521359375 0.882865815625 0.9133382953125 0.7171355859374999 0.8859056781250001 0.7054532250000001 0.8894088546875001 0.730573784375 0.8124109265625 0.872981946875
0 0 0.9156445390625001 0.0942656828125 0.9204330953125 0.0747470109375 0.8274033718749999 0 0.8307413078125 0 0.9156445390625001
0 0.261608125 0.8274486296875001 0.077326615625 0.8296545312499999 0.0900689609375 0.9192222062500001 0.2669000578125 0.92767493125 0.261608125 0.8274486296875001
0 0.4474678359375 0.8437804171875 0.2633694390625 0.8351144156249999 0.264156796875 0.92650669375 0.4285419234375 0.94003280625 0.4474678359375 0.8437804171875
0 0.6322208578125 0.8481147203124999 0.4379482484375 0.8391501328125001 0.4288692390625 0.93786695625 0.591309940625 0.954599184375 0.6322208578125 0.8481147203124999
0 0.8135565296875 0.865401471875 0.6346368 0.85144880625 0.5918009125 0.9513504109375001 0.7463391406250001 0.9624120859374999 0.8135565296875 0.865401471875
0 0.891777321875 0.8845350875 0.8098313218750001 0.8707307875 0.76349225625 0.9455118312499999 0.8815356265625001 0.9523045531250001 0.891777321875 0.8845350875