0 0.8148671171874999 0.5249391828125 0.8218339796875 0.3550975640625 0.7715036 0.25070431718749997 0.5903983390625 0.26918531093750003 0.5959744125 0.5469926578125001 0.8148671171874999 0.5249391828125
0 0.7705831703125 0.2499759015625 0.8557663140624999 0.24405822656249998 0.8121851437500001 0.1601505015625 0.6114594046875 0.1822338 0.5816459484375 0.26783828593750003 0.7705831703125 0.2499759015625
0 0.8630172406250001 0.23704340156249998 0.9861815078125 0.23009772968750003 0.9798547031249999 0.14697806875 0.8208084124999999 0.1598012078125 0.8630172406250001 0.23704340156249998
0 1 0.4073507078125 0.9872310578124999 0.232522459375 0.86222593125 0.2380113078125 0.8549104484375001 0.24417797187499998 0.79302949375 0.24940699843749997 0.7850352171874999 0.26938371562499996 0.8226252921875 0.3541296578125 0.8167245812499999 0.5152501875 0.8278343015624999 0.524839321875 1 0.51387623125 1 0.4073507078125
0 0.152753115625 0.4401371046875 0.5022380875 0.4178134328125 0.541836878125 0.34712653437499996 0.518446146875 0.14210141406250001 0.355911809375 0.154555375 0.1976383875 0.222987878125 0.13406229375 0.217310575 0.10941910937499999 0.23447349375 0.152753115625 0.4401371046875
0 0.49076499374999993 0.6080009484375 0.5261342296875 0.504475303125 0.5238137843749999 0.383078653125 0.5021735296875 0.416965275 0.4867678515625 0.41912069062499996 0.24589733906250003 0.4365343640625 0.2694503921875 0.620964153125 0.49076499374999993 0.6080009484375
0 0.24865862968750002 0.438719603125 0.1771048609375 0.44187319374999995 0.15123504999999998 0.442921075 0.0030443000000000002 0.45744845312500004 0.0154086875 0.6198880124999999 0.2104118921875 0.6180807625 0.26011881406250004 0.566552240625 0.24865862968750002 0.438719603125
0 0.1495181609375 0.44050839062499997 0.10947103124999999 0.23405563125 0.1295930296875 0.2163468015625 0.036482428125 0.2059698078125 0.001259546875 0.2164978078125 0.0026296656250000003 0.45200108281249995 0.002700846875 0.45293624218749995 0.1495181609375 0.44050839062499997
0 0.21356025 0.7822547015625 0.519252903125 0.78107705 0.5538285609375 0.7331621484374999 0.5370058140625 0.50230368125 0.5273654156250001 0.503652475 0.49264751718750005 0.608776246875 0.2680927421875 0.62236869375 0.26150492187499996 0.56535871875 0.2108385 0.6184957437499999 0.1929289671875 0.6195160484375 0.18521920625 0.626536434375 0.21356025 0.7822547015625
0 0.027429615624999997 0.7778153640625 0.195538840625 0.7818052296875 0.210440540625 0.770807759375 0.1839598171875 0.6296834921875 0.189794878125 0.6177263953125001 0.0154086875 0.6198880124999999 0.027429615624999997 0.7778153640625
0 0.2682205984375 0.9194363437499999 0.3155291859375 0.8615701171874999 0.30424103593749996 0.7821936390625 0.247378353125 0.7834649046875 0.21372806249999998 0.7844593609375 0.21214742968750003 0.77353980625 0.1955947796875 0.78254011875 0.059007031249999994 0.780111484375 0.08743277968749999 0.9172500515625 0.2682205984375 0.9194363437499999
0 0.520058403125 0.9295071234375 0.5623997578125 0.8753067203124999 0.552401359375 0.7341045453125 0.5180494515625 0.7849589984375 0.30520635625 0.7850294375 0.32786736250000004 0.9252026921875001 0.520058403125 0.9295071234375
0 0.5923134390625 0.5495263859375 0.599751503125 0.6866304984375 0.6100631484375 0.6941003546875 0.904884784375 0.678103975 0.9132162484374999 0.5217111203125 0.5923134390625 0.5495263859375
0 0.607894375 0.6951465046874999 0.6167037046875 0.8305733296875 0.7985974859375 0.8177506109375001 0.8020448218749999 0.68580794375 0.607894375 0.6951465046874999
0 1 0.6916403234375 0.9288243578125 0.6873807078125 0.9129301703125 0.6754929125 0.8063823625 0.6837156484375 0.8000806218750001 0.8175431046874999 0.8095947609374999 0.824381828125 1 0.8246944359375 1 0.6916403234375
0 0.8089091328125001 0.825220471875 0.7978559171875 0.8178543640625 0.6169833921875 0.8342477734375 0.6237933625000001 0.9335613531250001 0.68377239375 0.9368005546875 0.9068808531249999 0.905585328125 0.9087124984375 0.8268539171875 0.8089091328125001 0.825220471875
0 1 0.5149350187499999 0.9314818890625001 0.5187910359375 0.9153508078125 0.674561746875 0.9292514046875 0.6861622421875 1 0.690897471875 1 0.5149350187499999
0 0.5705840249999999 0.93371848125 0.5661633171875 0.87564053125 0.5180907015625 0.9281625312499999 0.3272548375 0.9264817750000001 0.31511835781249997 0.8610981359375 0.2680784 0.9186357828125 0.22850159531249997 0.9203029015625 0.239512890625 0.9836584500000001 0.45811645468749995 0.9683721984375 0.5517286109375 0.9552748718749999 0.5705840249999999 0.93371848125
0 0.0858577140625 0.9189747593750001 0.076078021875 0.8674517296875001 0.047047075 0.9050542953124999 0.037389815625 0.908669453125 0.044137646875 0.9973204171875001 0.238067365625 0.9837595296874999 0.2260712453125 0.9225779781250001 0.0858577140625 0.9189747593750001
0 1 0.8242556999999999 0.9171819609374999 0.8262913796875001 0.9114340859375 0.9049482828125001 1 0.8925569781249999 1 0.8242556999999999
0 0.198832178125 0.22267657187499998 0.40857924062500006 0.1307642 0.4077298 0.10250234375 0.024439690625 0.1548386359375 0.0341222234375 0.205085225 0.198832178125 0.22267657187499998