0 0.4391385125 0.8777804203124999 0.45356892968749996 0.9294715859375 0.4549344984375 0.9798226015625 0.490200221875 0.9779744046875001 0.4584714734375 0.86642395625 0.4391385125 0.8777804203124999
0 0.29906213125000003 0.7726379734375 0.3215763015625 0.8568527125 0.3493200171875 0.8538671093750001 0.357730775 0.8622379671875 0.3648517859375 0.83995139375 0.37221348125 0.8313673578125 0.3896026859375 0.8376588953124999 0.40480745 0.847895896875 0.4287499765625 0.8423510421874999 0.43833013750000005 0.8745280640624999 0.4561666890625 0.8635181515625 0.408265875 0.7026330468750001 0.29906213125000003 0.7726379734375
0 0.2381409921875 0.5975704000000001 0.296069315625 0.7733310796875 0.408265875 0.7026330468750001 0.3587483109375 0.5352432265625 0.2381409921875 0.5975704000000001
0 0.178355234375 0.40160247031249996 0.2388290265625 0.593971490625 0.3594363453125 0.531644315625 0.3081816859375 0.35089851250000004 0.178355234375 0.40160247031249996
0 0.1100383734375 0.1904124140625 0.17605045 0.39869666718749996 0.307373309375 0.3476461546875 0.21318843437499999 0.032380659374999995 0.0733344734375 0.0682090421875 0.10991803124999999 0.18356114375000002 0.1100383734375 0.1904124140625
0 0.35300717187499997 0 0.2146848421875 0.032034104687499995 0.251388740625 0.154237475 0.25518993437500004 0.156796725 0.408511565625 0.117849359375 0.3792200328125 0 0.35300717187499997 0
0 0.25518993437500004 0.156796725 0.3057565578125 0.341141440625 0.3104864703125 0.3538043140625 0.45009974374999995 0.3042733953125 0.45228418281250005 0.3003279296875 0.40782353125000004 0.12144827031250001 0.25518993437500004 0.156796725
0 0.312791253125 0.3567101203125 0.361741128125 0.5345501203125 0.496744834375 0.479207590625 0.453900934375 0.3068326453125 0.312791253125 0.3567101203125
0 0.361741128125 0.5345501203125 0.410570659375 0.7055388515625001 0.5355468578125 0.6353207484375 0.4952484265625 0.47955414375 0.361741128125 0.5345501203125
0 0.4143718515625 0.7080981015625001 0.457663096875 0.8631716 0.5757249453125 0.784236084375 0.5385396734375 0.634627640625 0.4143718515625 0.7080981015625001
0 0.5779093859375 0.7802906203125 0.457663096875 0.8631716 0.49021782968750005 0.9779734812499999 0.52643328125 0.976075509375 0.6095563734375 0.913983828125 0.5779093859375 0.7802906203125
0 0.38080257500000003 0 0.4083912203125 0.11099809062499999 0.540075109375 0.0805013828125 0.521151303125 0 0.38080257500000003 0
0 0.4106960046875 0.11390389375000001 0.409319940625 0.12110171562500001 0.452972215625 0.29672901875 0.575436971875 0.254609096875 0.5378906703124999 0.08444684687500001 0.4106960046875 0.11390389375000001
0 0.453780590625 0.299981375 0.4958161171875 0.4691039640625 0.611366521875 0.41826662812500004 0.5747489406249999 0.25820800625 0.453780590625 0.299981375
0 0.4966244921875 0.47235632031249997 0.5338097640624999 0.6219647640625 0.6470553875 0.5682216265625 0.6121748984375001 0.4215189875 0.4966244921875 0.47235632031249997
0 0.53761095625 0.624524015625 0.5747962281250001 0.7741324578125 0.6803191234375 0.70841955 0.6478637625 0.5714739828125001 0.53761095625 0.624524015625
0 0.5822782656250001 0.772399690625 0.615421659375 0.9057463484375001 0.715646959375 0.837820740625 0.6848083484374999 0.7073798890624999 0.5822782656250001 0.772399690625
0 0.7415149734375001 0.94189618125 0.716455334375 0.8410731 0.615421659375 0.9057463484375001 0.6307807953125 0.9675411374999999 0.7415149734375001 0.94189618125
0 0.5226997203125 0 0.5399547671875 0.073650115625 0.6558662015625 0.0433665859375 0.646987321875 0 0.5226997203125 0
0 0.5393870781250001 0.08410029531249999 0.5753166265625 0.247757828125 0.6217052703125 0.2370146703125 0.586584096875 0.0766094953125 0.62375360625 0.05424311875 0.540763140625 0.0769024734375 0.5393870781250001 0.08410029531249999
0 0.5776214109375 0.25066363125 0.5762453468750001 0.2578614546875 0.611246178125 0.4114153625 0.634380328125 0.40261814687499997 0.6000675296875 0.24546532812500002 0.5776214109375 0.25066363125
0 0.6596673921875 0.0459258359375 0.6260583890625 0.057148924999999996 0.587392471875 0.0798618515625 0.62805193125 0.2561822609375 0.7677332578125 0.29606438281249997 0.8291722968749999 0.2440004359375 0.7948254703125001 0.042141096875 0.6596673921875 0.0459258359375
0 0.6265555234375 0.25652881562499996 0.6210172390625 0.24061357968750002 0.6000675296875 0.24546532812500002 0.6374934875 0.408776309375 0.7120209015625 0.4603078734375 0.7426370921875 0.4497778921875 0.7088919812500001 0.28217489375000004 0.6265555234375 0.25652881562499996
0 0.742877778125 0.46348042968750003 0.741949059375 0.453376803125 0.71133286875 0.46390678437500005 0.6336922953124999 0.406217059375 0.6292030734375 0.4072567203125 0.6633955281249999 0.55755826875 0.7360995328125 0.6335891015625 0.771084603125 0.6151681921875001 0.742877778125 0.46348042968750003
0 0.7681075500000001 0.7878361171875 0.8009081796874999 0.773360671875 0.7689001625 0.6191136562499999 0.7369079078125 0.636841459375 0.6642039046875 0.5608106265624999 0.6951628578125 0.698102746875 0.7681075500000001 0.7878361171875
0 0.6922903859375 0.705647121875 0.72890796875 0.8657057437500001 0.7834143953125 0.9321926828124999 0.8298030375 0.9214495234375001 0.800220146875 0.7769595828125 0.766611140625 0.788182671875 0.6944748281249999 0.7017016593750001 0.6922903859375 0.705647121875
0 0.8314770812500001 0.246906240625 0.7700380421874999 0.2989701859375 0.7103883890625 0.281828340625 0.7458705937500001 0.46278732343750006 0.885826634375 0.5610785 0.9846758671875 0.50035071875 0.9470955390625001 0.2854819484375 0.8314770812500001 0.246906240625
0 1 0.6431677140625001 0.9780022031250001 0.50533584375 0.8851386015625 0.5646774109375 0.7451825624999999 0.4663862328125 0.7759348562499999 0.6346823374999999 0.9163722671875 0.7603785890625 0.9239746500000001 0.765497090625 1 0.7080196203125 1 0.6431677140625001
0 1 0.7117922765625 0.9232866187500001 0.7690960015625 0.7729420390625 0.6353754453125 0.8064464656249999 0.78927590625 0.9091126515625 0.9030821906250001 0.952508478125 0.8930321390625 0.9498426656250001 0.8695725296875001 0.9431349750000001 0.829851134375 0.937476346875 0.8070846296875 1 0.74950945 1 0.7117922765625
0 0.7963218796875 0.0417945421875 0.8282435781249999 0.2338968109375 0.93177043125 0.268393678125 0.9921944343750001 0.24408135937500003 0.9347997734375 0.013163979687499999 0.8407327406249999 0.003992865625 0.7683374749999999 0.0310776109375 0.7707626015625 0.0408346828125 0.7963218796875 0.0417945421875
0 1 0.275485690625 0.993811184375 0.2505860734375 0.9378764046875 0.2738587328125 0.9462871640625 0.28222959062499997 0.9813220218750001 0.48049002031250004 1 0.46984442031249996 1 0.275485690625
0 0.61186115625 0.9168896328124999 0.529072884375 0.9759371734375 0.6136711484374999 0.9715035671875001 0.6277879796875 0.9682342453125001 0.61186115625 0.9168896328124999
0 0.6633955281249999 0.55755826875 0.6298911046875 0.40365780781250005 0.610558146875 0.41501427187499995 0.6477434171875001 0.564622715625 0.6633955281249999 0.55755826875
0 0.6818155328125 0.708072996875 0.6892975703124999 0.7063402296875 0.6928580765625 0.69519694375 0.662707496875 0.5611571796875 0.64855179375 0.5678750734375 0.6818155328125 0.708072996875
0 0.9016390921875 0.900742496875 0.805299315625 0.793815596875 0.8308032203125 0.9171473953125 0.9016390921875 0.900742496875