0 0.20513960781249999 0.045736149999999996 0.0074117953124999995 0.0978125875 0.01888835 0.2492673375 0.2508905921875 0.1743741640625 0.20513960781249999 0.045736149999999996
0 0.37879413125 0 0.203214821875 0.0462430890625 0.2508905921875 0.1743741640625 0.532774459375 0.089098853125 0.5052876375 0 0.37879413125 0
0 0.5109528328125 0 0.518284728125 0.0322262875 0.6285497515625 0 0.5109528328125 0
0 0.6568175859375 0 0.5255513140625 0.035829615625 0.6079374671875 0.3258509140625 0.8847930921874999 0.24465849374999998 0.8241289390625001 0 0.6568175859375 0
0 0.5323419031250001 0.094729940625 0.39717432812500003 0.13584677812499998 0.2507715921875 0.18819841406249999 0.345571575 0.46391590000000005 0.6190101859375 0.378106271875 0.5323419031250001 0.094729940625
0 0.3328441890625 0.47002654843749997 0.34215456093749996 0.4592986921875 0.24350500625 0.184595084375 0.019693771875 0.259896403125 0.0338415484375 0.4466029515625 0.0740577515625 0.549218590625 0.3328441890625 0.47002654843749997
0 0.433537528125 0.7303989703125 0.4367599859375 0.71299876875 0.34824247656249996 0.46597103593750006 0.10249698437500002 0.5472455859375 0.0758635375 0.5625358984375 0.176243321875 0.8147151578124999 0.433537528125 0.7303989703125
0 0.4427289015625 0.733495359375 0.1769894375 0.81727723125 0.169095734375 0.7972875796875 0.150788546875 0.8269364546875 0.221662575 0.9932051984375001 0.5357797734374999 0.9785749546875 0.44626491718750005 0.724288321875 0.4427289015625 0.733495359375
0 0.7592589171874999 0.6390951406250001 0.45309894687499996 0.7335227390625 0.536137525 0.9785582921874999 0.615603415625 0.974857109375 0.8417640703125 0.915292190625 0.7592589171874999 0.6390951406250001
0 1 0.5694339937499999 0.7688828484375 0.63656044375 0.835481596875 0.8866024390625 1 0.8432725078125 1 0.5694339937499999
0 1 0.284444178125 0.973571246875 0.193690790625 0.9023541640625 0.2124475453125 0.9151571109375001 0.24217855156249998 0.88553920625 0.24722056874999998 0.6394801578125 0.320301959375 0.6274988859375 0.32897468281250003 0.6227841984375 0.3412507359375 0.7093334812500001 0.6384513140625 0.71660006875 0.6420546453125 1 0.5674143671875 1 0.284444178125
0 0.44241534375 0.7253022 0.7093334812500001 0.6384513140625 0.626276771875 0.3817096015625 0.346750246875 0.4608468859375 0.44241534375 0.7253022