0 0.179328953125 0.039883128125 0.0039442265625 0.0450827234375 0.0267281328125 0.30550395468749997 0.223831328125 0.3034245265625 0.179328953125 0.039883128125
0 0.3854143015625 0.5720887390625 0.40675927187500005 0.5737057703125 0.36631828125 0.30121495781249996 0.026811168749999996 0.306453053125 0.044068346875 0.5037035109375 0.058011884375 0.5824770984375001 0.3854143015625 0.5720887390625
0 0.36513237656249997 0.29888527656249997 0.40732934218750005 0.572499815625 0.7740430953125 0.5613177703125001 0.73360120625 0.3073738921875 0.36513237656249997 0.29888527656249997
0 0.17978911250000001 0.035607990625 0.22414760937499997 0.30493695 0.491970528125 0.301516178125 0.44320597968750003 0.0305054171875 0.17978911250000001 0.035607990625
0 0.44747104843749996 0.050513290625 0.49206554375 0.302787196875 0.7431155046875 0.3056816640625 0.70137485625 0.039165809375 0.44747104843749996 0.050513290625
0 1 0.301817425 0.9561579468750001 0.0501101140625 0.8814484640625 0.04619475625 0.703516009375 0.0503271578125 0.7427907499999999 0.30594545 1 0.30293984531249996 1 0.301817425
0 1 0.3059466203125 0.73468358125 0.3073356296875 0.7737189734375 0.5594569078125 1 0.5458844390625 1 0.3059466203125
0 0.0582115546875 0.586273815625 0.1033857390625 0.8400849687499999 0.3161068046875 0.839637678125 0.276786440625 0.577079009375 0.0582115546875 0.586273815625
0 0.277492109375 0.5755862015625001 0.31587048125 0.8382808828125 0.581862534375 0.826105834375 0.5402733484375 0.5707000843750001 0.277492109375 0.5755862015625001
0 0.8118952796875 0.557639240625 0.775492359375 0.56079845625 0.5410740140625 0.5713131406249999 0.5831570203124999 0.827510359375 0.8591338328125 0.8117921718750001 0.8118952796875 0.557639240625
0 1 0.548446865625 0.811589221875 0.557650059375 0.8588548953125 0.81390151875 1 0.8120162109375 1 0.548446865625
0 0.4874950328125 1 0.4876383609375 0.9994389640625 0.46726985 0.865382540625 0.42862822187500005 0.8356628125000001 0.1036120859375 0.8416890953125 0.12940354999999998 1 0.4874950328125 1
0 0.5190680390625 1 0.5629033046874999 0.993330503125 0.5371588296875001 0.8290001171875 0.4273290171875 0.8336580890624999 0.46819374687500004 0.8653498796875001 0.488947928125 1 0.5190680390625 1
0 0.9267796234375 1 0.896065465625 0.8134862578125001 0.538082728125 0.82896745625 0.5633015296874999 1 0.9267796234375 1
0 1 1 1 0.813216509375 0.8962287906249999 0.815891025 0.9267642484374999 1 1 1