0 0.25042276406249997 0.0010840109375 0.06912195156249999 0 0.0341626015625 0.058536585937499996 0.0959512203125 0.42059620468750003 0.2813170734375 0.39566395781249997 0.25042276406249997 0.0010840109375
0 0.410585365625 0.0010840109375 0.2544878046875 0.0010840109375 0.2902601625 0.4 0.45855284531249996 0.39783197812500004 0.4764390234375 0.091056909375 0.410585365625 0.0010840109375
0 0.472373984375 0.3902439015625 0.6170894296875 0.3794037953125 0.656113821875 0.080216803125 0.5447317078125 0.002168021875 0.410585365625 0.0010840109375 0.4748130078125 0.0921409234375 0.46343089375 0.381571815625 0.472373984375 0.3902439015625
0 0.6276585359375 0.39457994687500003 0.7593658546875 0.3848238484375 0.8219674796875 0.09430894375 0.70082926875 0.0195121953125 0.5715609765624999 0.0162601625 0.6569268296875 0.0845528453125 0.6203414640625 0.385907859375 0.6276585359375 0.39457994687500003
0 0.8886341453125001 0.37615176250000004 0.9707479687499999 0.104065040625 0.8008292687499999 0.0227642265625 0.69839024375 0.0162601625 0.8252195125 0.091056909375 0.7626178859375 0.38373983749999996 0.8886341453125001 0.37615176250000004
0 0.27725203125000003 0.4 0.09676422812499999 0.4249322484375 0.0886341453125 0.40325203125 0.0853821140625 0.4281842828125 0.1325365859375 0.676422765625 0.2959512203125 0.6460704609375 0.27725203125000003 0.4
0 0.2853821140625 0.39566395781249997 0.2959512203125 0.64498645 0.44717073125000006 0.630894309375 0.44717073125000006 0.402168021875 0.2853821140625 0.39566395781249997
0 0.4520487796875 0.39674796875 0.4487967484375 0.6319783203125 0.58213008125 0.6146341468750001 0.6057073187500001 0.38699186874999997 0.4520487796875 0.39674796875
0 0.631723578125 0.39566395781249997 0.6081463421875 0.38373983749999996 0.5829430906249999 0.6200542 0.7081463421875 0.60704606875 0.756113821875 0.389159890625 0.631723578125 0.39566395781249997
0 0.8853821140625 0.3794037953125 0.761804878125 0.3880758796875 0.707333334375 0.6102981046875 0.8227804875 0.594037940625 0.8853821140625 0.3794037953125
0 0.161804878125 0.676422765625 0.1788780484375 0.874796746875 0.317902440625 0.8411924109375001 0.316276421875 0.6460704609375 0.161804878125 0.676422765625
0 0.316276421875 0.6460704609375 0.3203414640625 0.837940378125 0.45042276406250004 0.8065040640625 0.45855284531249996 0.634146340625 0.316276421875 0.6460704609375
0 0.45855284531249996 0.634146340625 0.44798374062499996 0.8119241203125 0.57074796875 0.7934959359375 0.591886178125 0.6211382109375 0.45855284531249996 0.634146340625
0 0.591886178125 0.6200542 0.56830894375 0.794579946875 0.6788780484375 0.772899728125 0.7081463421875 0.60921409375 0.591886178125 0.6200542
0 0.8398536578125 0.5994579953125 0.8309105703125 0.577777778125 0.8244065046875001 0.5994579953125 0.713024390625 0.6102981046875 0.6813170734375 0.7696476953125 0.6935121953125 0.7804878046875 0.7894471546874999 0.7555555546875 0.8398536578125 0.5994579953125
0 0.174 0.8737127359375 0.1902601625 0.9951219515625 0.32603252031249996 0.9962059625 0.317902440625 0.8466124671875 0.174 0.8737127359375
0 0.317902440625 0.8401084000000001 0.32999999999999996 0.9973333328124999 0.44391870000000005 0.9647696484375 0.4463577234375 0.8065040640625 0.317902440625 0.8401084000000001
0 0.4463577234375 0.8065040640625 0.44391870000000005 0.9636856375 0.556113821875 0.9355013546875 0.567495934375 0.797831978125 0.4463577234375 0.8065040640625
0 0.56830894375 0.792411925 0.5553008140625 0.9333333328125001 0.6496097562500001 0.9192411921874999 0.675626015625 0.778319784375 0.56830894375 0.792411925
0 0.7894471546874999 0.7609756109375 0.67969105625 0.778319784375 0.6577398375 0.8932249328124999 0.661804878125 0.91056910625 0.7593658546875 0.8780487812500001 0.7894471546874999 0.7609756109375
0 0.161804878125 0.676422765625 0.13416260156249998 0.676422765625 0.12034146406249999 0.6265582671875001 0.12034146406249999 0.7111111125 0.14717073125 0.874796746875 0.175626015625 0.8574525734374999 0.161804878125 0.676422765625
0 0.998 0.128 0.9707479687499999 0.10948509531249999 0.9325365859374999 0.21680216875 0.998 0.25866666718750003 0.998 0.128
0 0.9065203265624999 0.0498644984375 0.9260325203124999 0.0010840109375 0.73578861875 0.005420053125 0.7406666656249999 0.0205962046875 0.8016422765625 0.0238482375 0.834975609375 0.0357723578125 0.9065203265624999 0.0498644984375
0 0.04960975625 0.1756097578125 0.002455284375 0.194037940625 0.0138373984375 0.2970189703125 0.08456910625 0.3512195125 0.04960975625 0.1756097578125
0 0.08456910625 0.3523035234375 0.041479673437499996 0.31436314374999996 0.03334959375 0.367479675 0.0382276421875 0.4303523046875 0.091886178125 0.41084010937500004 0.08456910625 0.3523035234375
0 0.882943090625 0.6991869921875 0.9569268296875 0.7013550140625 0.998 0.5413333328125 0.931723578125 0.552845528125 0.8577398374999999 0.5593495953125001 0.8382276421875 0.6482384828125001 0.882943090625 0.6991869921875
0 0.01952845625 0 0.0154634140625 0.0628726296875 0.03578861875 0.0563685625 0.0715609765625 0.0010840109375 0.01952845625 0