0 0.30549348125 0 0.307763353125 0.15279155625000002 0.680622809375 0.1484352484375 0.6999783359375 0 0.30549348125 0
0 0 0.3467300453125 0.2623333625 0.33946980937500004 0.26589143593750003 0.1532807671875 0.0031685234375 0.1518467265625 0 0.1794307265625 0 0.3467300453125
0 0.2678853375 0.153257471875 0.26647849687499997 0.337920190625 0.634300246875 0.32461560624999997 0.655174096875 0.1442290140625 0.2678853375 0.153257471875
0 0.6339855812499999 0.3276216609375 0.975661796875 0.30147677968750003 0.986718553125 0.14335778906250002 0.65685333125 0.147211771875 0.6339855812499999 0.3276216609375
0 0 0.526370534375 0.0860925828125 0.5201704421875 0.07301869062500001 0.35969593906249997 0.076113921875 0.3491514515625 0 0.3524206328125 0 0.526370534375
0 0.3224742109375 0.5069003515625 0.3201564859375 0.3387942328125 0.0977321640625 0.351901253125 0.087605328125 0.353520759375 0.1017291234375 0.52299013125 0.3224742109375 0.5069003515625
0 0.339623496875 0.34307035625000004 0.33858275 0.50521095625 0.5355583609375001 0.48789769843749997 0.5497697484375 0.333109165625 0.339623496875 0.34307035625000004
0 0.5618904875 0.3314663625 0.537394928125 0.48937743125 0.7299107390625 0.4766198453125 0.75975866875 0.32465099999999997 0.5618904875 0.3314663625
0 0.7740306390625 0.32148187500000003 0.746019278125 0.4749304515625 0.93071681875 0.46076302187499996 0.96208665 0.3132799640625 0.7740306390625 0.32148187500000003
0 0 0.6841362046875 0.24891779687499999 0.657878675 0.2522156828125 0.5122247843750001 0 0.5321932171875 0 0.6841362046875
0 0.2601912859375 0.5121316 0.25951663125 0.6517500875 0.579064190625 0.6239976203125 0.6055022234375 0.48557932031249995 0.2601912859375 0.5121316
0 0 0.829363925 0.0644381734375 0.8221624859375 0.0586591265625 0.687122971875 0.0655848265625 0.67803491875 0 0.6853163953125 0 0.829363925
0 0.9274642546875 0.4728105375 0.924735115625 0.460832909375 0.6074961234375 0.4855560234375 0.5907129296875 0.6268639015625 0.9021275531249999 0.6007076484375 0.9274642546875 0.4728105375
0 0.0715665296875 0.6779650312500001 0.06632006406249999 0.6900358421874999 0.07792347968749999 0.8265084968749999 0.281824790625 0.8001071874999999 0.282184778125 0.6634947578125 0.2834434421875 0.6514705390625 0.259673965625 0.650247059375 0.2467665640625 0.659404996875 0.0715665296875 0.6779650312500001
0 0.2836613578125 0.8015869203125 0.4857261015625 0.773705875 0.497105496875 0.6459718375 0.490545890625 0.632537771875 0.293412946875 0.651354059375 0.29063238125 0.658892490625 0.2836613578125 0.8015869203125
0 0.4857261015625 0.773705875 0.6665931734375 0.7580820109374999 0.6861055046875 0.6287517609375 0.678916565625 0.62132980625 0.4986788265625 0.6309415625 0.5052384328125 0.644375625 0.4857261015625 0.773705875
0 0.6768773421875001 0.7549594765625 0.8560651781249999 0.7363528515625 0.8749481781249999 0.6130347109375001 0.8680739046875001 0.602606703125 0.6852129328125 0.6182538625 0.692401871875 0.62567581875 0.6768773421875001 0.7549594765625
0 0 0.960822953125 0.211520940625 0.939037996875 0.21398073593750003 0.8204153046875 0.2192272015625 0.8083444921874999 0 0.8337383484374999 0 0.960822953125
0 0.2214904453125 0.9389215156249999 0.5481210359375 0.900577971875 0.5568772 0.7788793375 0.5556699640625 0.771387496875 0.237329640625 0.806631803125 0.2244222375 0.8157897437500001 0.2214904453125 0.9389215156249999
0 0.5502722703125 0.89905165 0.8363955125 0.8671861296875001 0.8611028828125 0.7453011296875001 0.8580590796875001 0.7363295562500001 0.5639602328125 0.7682882578125 0.5694699359375 0.7727274546875 0.5502722703125 0.89905165
0 0 0.9812443999999999 0.0758328296875 0.9796542296874999 0.0745196890625 0.9541493546875 0 0.96274721875 0 0.9812443999999999
0 0.275380246875 0.9758216265625 0.277949 0.9322571249999999 0.0903135625 0.955466015625 0.0794000609375 0.9646006578125 0.085645003125 0.9810407781249999 0.275380246875 0.9758216265625
0 0.28560993749999997 0.9351699984374999 0.28519241875 0.977208175 0.43000258281250003 0.9767154140625 0.46669477343750004 0.9750064484375001 0.47523927656250003 0.9119378109375 0.28560993749999997 0.9351699984374999
0 0.48337221250000006 0.9103416015624999 0.4766518125 0.974542690625 0.64875665625 0.9665267796875 0.6570503453125001 0.8872957796875 0.48337221250000006 0.9103416015624999
0 0.669328415625 0.8841499515625 0.66076396875 0.9659675296874999 0.823129875 0.9584052156249999 0.8363955125 0.8671861296875001 0.669328415625 0.8841499515625
0 0.945194496875 0.37952965 0.9246322625 0.49986503125 0.9609944765625 0.49493662499999996 0.9644263046875 0.4621517921875 0.9701693859375 0.3800219046875 0.96712740625 0.379273396875 0.945194496875 0.37952965
0 0.9373945406249999 0.7203907468749999 0.9608371437500001 0.49643965156250003 0.9158699953125 0.507473353125 0.8956738515625 0.6052866171875 0.87526895 0.72411896875 0.9373945406249999 0.7203907468749999
0 0.937237209375 0.7218937734375 0.859947075 0.7182932265625 0.8422713109375 0.8491032078125 0.925122575 0.8376268874999999 0.937237209375 0.7218937734375
0 0.925122575 0.8376268874999999 0.8421139765625 0.8506062359375001 0.8254336375 0.9528819921875 0.914109271875 0.9428388125 0.925122575 0.8376268874999999
0 0.947031065625 0.38100938281249996 0.9703982453125001 0.3767490703125 0.975789128125 0.299655846875 0.9590428453125 0.3043083890625 0.947031065625 0.38100938281249996