0 0.6573343921875 0.198184309375 0.6319643640625 0.20689078125 0.6376239234375001 0.344982375 0.6443588890624999 0.35556270156249997 0.9249888609375001 0.36782980625 0.9523639796875001 0.33064135 0.954809415625 0.1941443453125 0.6573343921875 0.198184309375
0 0.122809415625 0.1844631484375 0.0731244015625 0.18838585000000002 0.1187788703125 0.35544814375 0.41425389375000005 0.3513849078125 0.42520394218749996 0.336509525 0.419219215625 0.250923940625 0.40480941562500006 0.187744515625 0.122809415625 0.1844631484375
0 1 0.332695925 0.9544689749999999 0.3321661234375 0.9249888609375001 0.36782980625 0.8709888609374999 0.36720145937500004 0.864333434375 0.500648915625 0.8955933765624999 0.519016015625 1 0.520230896875 1 0.332695925
0 0.652753415625 0.504188078125 0.6659083625 0.520844228125 0.8599083625 0.523101621875 0.8709888609374999 0.36720145937500004 0.6523588890625 0.355655790625 0.652753415625 0.504188078125
0 1 0.521370325 0.8935933765625 0.5189927437499999 0.864333434375 0.500648915625 0.8599083625 0.523101621875 0.8534680187499999 0.631046825 0.8705179703124999 0.646248015625 1 0.6488834015625 1 0.521370325
0 0.8599083625 0.523101621875 0.6659083625 0.520844228125 0.660538334375 0.52978341875 0.6585179703125 0.6437811734375 0.850412975 0.6445137937500001 0.8555730140625 0.6325715984375 0.8599083625 0.523101621875
0 1 0.6499017125 0.8925179703125 0.646504009375 0.8622029843749999 0.641650425 0.8437626406250001 0.7494559953125 0.8606026015625 0.7616541828125001 1 0.7657628140625 1 0.6499017125
0 0.8639929937499999 0.63867069375 0.8575730140625 0.6325948703125001 0.8505179703125 0.6460152953125 0.676622965625 0.6454921234375 0.6694476546875 0.7429268171875 0.676707596875 0.76101465 0.8446026015625 0.76146800625 0.8458676359374999 0.7509807687500001 0.8639929937499999 0.63867069375
0 1 0.873148475 0.8624772421875001 0.8741969812500001 0.8552122093750001 0.8846144015625 0.8470919406249999 0.9685355812499999 0.849091940625 0.968558853125 1 0.9732897218750001 1 0.873148475
0 1 0.7669600125 0.8606026015625 0.7616541828125001 0.848077625 0.7540070437499999 0.8411123046875 0.8544447390625001 0.8623722468749999 0.8726954796875 1 0.872972440625 1 0.7669600125
0 0.6766026015625 0.7595131484375 0.6696576453125 0.7459298203125 0.6740572625000001 0.8660033968749999 0.6908972234374999 0.8782015843750001 0.8408972234375 0.8799469921874999 0.8467075968750001 0.7629927796875 0.6766026015625 0.7595131484375
0 0.691931903125 0.97873236875 0.84214189375 0.9834807796874999 0.8480368984375 0.9820490953125001 0.8551072140624999 0.8831129000000001 0.8392172999999999 0.8559229687500001 0.8408972234375 0.8799469921874999 0.69100221875 0.8797030859375001 0.6805822375 0.8735807187500001 0.68477695625 0.9621460359375 0.691931903125 0.97873236875
0 0.5217219125 0.9737512374999999 0.5283518843749999 0.9828300625 0.68214189375 0.9816190125 0.6761622578125001 0.8675281703125 0.512267253125 0.867121359375 0.5217219125 0.9737512374999999
0 0.6661622578124999 0.867411809375 0.6563926109375 0.7562774265625001 0.651342659375 0.7412158671875 0.652707596875 0.7607353859375 0.4926026015625 0.7573721156250001 0.504267253125 0.8670282703125001 0.512267253125 0.867121359375 0.6661622578124999 0.867411809375
0 0.650707596875 0.7607121125 0.64799299375 0.63615730625 0.47799299375000004 0.6341791765625 0.4755730140625 0.6281498984375 0.4725179703125 0.6416168671875 0.484287615625 0.7527745234375 0.49249760625 0.7558706140625 0.650707596875 0.7607121125
0 0.47799299375000004 0.6341791765625 0.6540979890624999 0.6377286234375 0.6488584109375 0.5056430359374999 0.46285841093749996 0.5034787296875 0.4755730140625 0.6281498984375 0.47799299375000004 0.6341791765625
0 0.47285841093750003 0.503595090625 0.64696340625 0.5071212640625 0.652753415625 0.504188078125 0.6525688796875 0.35865879375 0.64225389375 0.354037928125 0.626678965625 0.33135250156249996 0.4587839609375 0.3308991453125 0.45719885156249995 0.3653871359375 0.47285841093750003 0.503595090625
0 0.45496340625 0.5048871421875 0.4720184484375 0.491583078125 0.45730384687500003 0.3668886375 0.45888895625000004 0.3324006453125 0.45225898593749997 0.32332182187499997 0.428153990625 0.3215410546875 0.4253089375 0.3380110265625 0.41425389375000005 0.3513849078125 0.2407788703125 0.3568677421875 0.27085841093749996 0.5012446078125 0.45496340625 0.5048871421875
0 0.288412975 0.6379743312499999 0.458412975 0.6399524609375 0.46546801875000005 0.6265320359375 0.45696340625 0.5049104140625 0.3288584109375 0.5019194984375 0.2710684015625 0.5042476109375 0.26327839218750004 0.507157525 0.288412975 0.6379743312499999
0 0.2785179703125 0.639359471875 0.30070759687500004 0.7566394937500001 0.46660260156250005 0.7570695781250001 0.472287615625 0.752634890625 0.458412975 0.6399524609375 0.2785179703125 0.639359471875
0 0.49574227656250003 0.8594276734375 0.4843926109375 0.754276025 0.4741826203125 0.7511566609375 0.4686026015625 0.75709285 0.316707596875 0.7568256718749999 0.3340572625 0.8620471375 0.49574227656250003 0.8594276734375
0 0.50530193125 0.9675590546875 0.5044772421875 0.8700312734375 0.49574227656250003 0.8594276734375 0.3360572625 0.862070409375 0.353091940625 0.9627873703125 0.50530193125 0.9675590546875
0 0.1684772421875 0.866121559375 0.18498694531249998 0.9593310125000001 0.24130193125 0.9644871359374999 0.34288195 0.95966800625 0.3341622578125 0.8635486390624999 0.1684772421875 0.866121559375
0 0.15311230468749998 0.846439134375 0.1401622578125 0.8612912453125 0.062267253125 0.861885134375 0.0698269078125 0.9699932421874999 0.171511921875 0.966675615625 0.18498694531249998 0.9593310125000001 0.15311230468749998 0.846439134375
0 0.30049760625 0.753636490625 0.297762640625 0.743102709375 0.2888125921875 0.7580013640625001 0.1310225828125 0.7591658703124999 0.156267253125 0.8629789234375 0.3340572625 0.8620471375 0.3146026015625 0.755300896875 0.30049760625 0.753636490625
0 0.278412975 0.6378579703125 0.2738879984375 0.6303039203125 0.1000979890625 0.63128225 0.095678009375 0.6252297 0.08630797968750001 0.6341223484375 0.117127578125 0.7605044671875001 0.286707596875 0.7564765890625 0.2978676359375 0.7446042109375 0.278412975 0.6378579703125
0 0.11470759687500001 0.7544751890625 0.052917587499999995 0.7567567562499999 0.062267253125 0.861885134375 0.140267253125 0.8627927468750001 0.1532173 0.8479406359375 0.131127578125 0.760667371875 0.1172325734375 0.76200596875 0.11470759687500001 0.7544751890625
0 0.0463079796875 0.6336569062499999 0.0550225828125 0.7582815296875001 0.11470759687500001 0.7544751890625 0.0843079796875 0.6340990765625001 0.0463079796875 0.6336569062499999
0 0.100202984375 0.6327837515625 0.2738879984375 0.6303039203125 0.27451797031249997 0.6393129281250001 0.2885179703125 0.6394758328125 0.2588584109375 0.501104975 0.05696340625 0.50025599375 0.095678009375 0.6252297 0.100202984375 0.6327837515625
0 0.095783003125 0.6267312015625001 0.05696340625 0.50025599375 0.03496340625 0.5 0.046202984375 0.6321554046875 0.084412975 0.6356005765625 0.095783003125 0.6267312015625001
0 0.2568584109375 0.5010817015625 0.262753415625 0.49965001718749996 0.2325688796875 0.35377165 0.118883865625 0.3569496453125 0.1085739703125 0.3238235234375 0.0267788703125 0.3543776265625 0.0325586984375 0.40845495156249995 0.05696340625 0.50025599375 0.2568584109375 0.5010817015625
0 0.030558698437499997 0.4084316796875 0.028673874999999998 0.352899396875 0.1027839609375 0.3267567109375 0.1018390046875 0.313243196875 0.0934190234375 0.3071441015625 0.0214190234375 0.30630630625 0.024673875 0.35285285312500003 0.03496340625 0.5 0.056858410937500006 0.4987544921875 0.030558698437499997 0.4084316796875