0 0.73010485625 0.2861030625 0.44450882968750005 0.26333816250000003 0.3686258265625 0.3088679640625 0.3658664453125 0.450631209375 0.44312913906249995 0.44028352656249997 0.7218267109375 0.44338783125000003 0.73010485625 0.2861030625
0 0.3658664453125 0.45890935468749994 0.3672461375 0.3109375 0.06647351093750001 0.2861030625 0.05543598281249999 0.316111340625 0.0526766 0.43717922187499997 0.06923289218749999 0.4475269046875 0.3658664453125 0.45890935468749994
0 0.3672461375 0.459944121875 0.06923289218749999 0.448561671875 0.06509381875 0.6058464406249999 0.0830298015625 0.61205505 0.3617273734375 0.59963783125 0.3672461375 0.459944121875
0 0.11890176718750001 0.642063328125 0.12442052968749999 0.7403663078125 0.11062362031249999 0.7424358437499999 0.11062362031249999 0.7620964406249999 0.12993929375 0.7838265734375 0.12993929375 0.80348716875 0.4044977921875 0.772444121875 0.40035871875 0.6130898171875 0.3617273734375 0.59963783125 0.0830298015625 0.6130898171875 0.0913079484375 0.6275765734375 0.11890176718750001 0.642063328125
0 0.0982064015625 0.9152421359374999 0.10372516406250001 0.9856063734375 0.40863686406250005 0.9338679640625 0.4058774828125 0.7734788906250001 0.12993929375 0.8065914734374999 0.1340783671875 0.9090335265625 0.0982064015625 0.9152421359374999
0 0.12993929375 0.785896109375 0.1092439296875 0.7548530625 0.0016280359375 0.7652007453125 0.00024834375 0.9266245859375 0.1313189859375 0.905929221875 0.12993929375 0.785896109375
0 0.0982064015625 0.9090335265625 0.00024834375 0.9235202812500001 0 0.9984375 0.1 0.9984375 0.0982064015625 0.9090335265625
0 0.1216611484375 0.6430980953125001 0.0857891828125 0.6255070359375 0.0030077265624999998 0.6317156453125 0 0.753125 0.1258002203125 0.7414010765625 0.1216611484375 0.6430980953125001
0 0.0581953640625 0.44235306249999995 0.0043874171875 0.44338783125000003 0 0.5953125 0.0637141265625 0.5913596859375 0.0581953640625 0.44235306249999995
0 0.7314845484375 0.45166597656249996 0.4486479015625 0.4413182953125 0.3672461375 0.449596440625 0.3631070640625 0.5975682953125 0.44726821250000004 0.62240273125 0.7245860937499999 0.6058464406249999 0.7314845484375 0.45166597656249996
0 0.727345475 0.7662355125 0.7287251640625 0.6089507453125 0.45002759374999995 0.6213679640625001 0.3975993375 0.6099855125 0.40173841093749996 0.7734788906250001 0.44726821250000004 0.8014176328125 0.727345475 0.7662355125
0 0.7411423828125 0.9235202812500001 0.7328642375000001 0.76727028125 0.4638245046875 0.8014176328125 0.40035871875 0.7714093546874999 0.40863686406250005 0.9328331953125 0.4610651203125 0.9825020703125 0.7411423828125 0.9235202812500001
0 0.9979166671874999 0.4296875 0.9979166671874999 0.2640625 0.9977649 0.244712334375 0.8860099328125 0.238503725 0.7342439296875 0.2829987578125 0.7245860937499999 0.44442259999999995 0.8956677703124999 0.43200538125000004 0.9979166671874999 0.4296875
0 0.9979166671874999 0.6203125 0.9979166671874999 0.4328125 0.8915286984374999 0.43717922187499997 0.7328642375000001 0.4475269046875 0.7259657828125 0.6017073671875 0.8942880796875 0.628611340625 0.9979166671874999 0.6203125
0 0.9979166671874999 0.809375 0.9979166671874999 0.6203125 0.8984271515625 0.628611340625 0.727345475 0.6048116718750001 0.727345475 0.7579573671875 0.9163631359375 0.8241825328125 0.9979166671874999 0.809375
0 0.9979166671874999 0.809375 0.9136037515625001 0.8262520703125 0.7411423828125 0.763131209375 0.7411423828125 0.9266245859375 0.8833333328125 0.9984375 0.9979166671874999 0.9984375 0.9979166671874999 0.809375
0 0.2830849890625 0.11950538125000001 0.28032560625 0.065697434375 0.0375 0.0367239234375 0.019564017187499998 0.0625931296875 0.0237030890625 0.101914321875 0.0416390734375 0.0957057125 0.2830849890625 0.11950538125000001
0 0.2982615890625 0.1764176328125 0.2886037515625 0.12157491718749999 0.0443984546875 0.0967404796875 0.019564017187499998 0.1070881625 0.026462473437500002 0.159861340625 0.0443984546875 0.15365273125 0.2982615890625 0.1764176328125
0 0.3010209703125 0.17848716874999998 0.0471578375 0.15572226875 0.0237030890625 0.16606995 0.0306015453125 0.22505173906249998 0.0526766 0.2136692875 0.30378035468750003 0.227121275 0.3010209703125 0.17848716874999998
0 0.30516004375 0.23126034843749999 0.056815673437500006 0.21263452031250002 0.031981235937500005 0.22608650625 0.03474061875 0.2788596859375 0.06233443749999999 0.2747206125 0.3065397359375 0.281963990625 0.30516004375 0.23126034843749999
0 0.5838576171875001 0.1070881625 0.5866169984375 0.060523592187499996 0.35896799218750003 0.014993790625 0.2955022078125 0.064662665625 0.3010209703125 0.11226200312500001 0.35896799218750003 0.0739755796875 0.5838576171875001 0.1070881625
0 0.59489514375 0.1101924671875 0.3644867546875 0.0739755796875 0.29964128125 0.11226200312500001 0.30516004375 0.172278559375 0.37000551875 0.13709644062499998 0.5962748359375001 0.16400041406250002 0.59489514375 0.1101924671875
0 0.5935154515625001 0.16503518281250001 0.37000551875 0.13709644062499998 0.3079194265625 0.1743480953125 0.30929911718750003 0.23332988437500002 0.3686258265625 0.20228683749999998 0.59489514375 0.221947434375 0.5935154515625001 0.16503518281250001
0 0.5990342171874999 0.2747206125 0.5990342171874999 0.22505173906249998 0.37000551875 0.20435637343750002 0.3079194265625 0.2364341890625 0.3120584984375 0.2892073671875 0.3713852109375 0.256094784375 0.5990342171874999 0.2747206125
0 0.8942880796875 0.07707988437499999 0.9979166671874999 0.0875 0.9979166671874999 0.034375 0.8970474609375 0.017063328125 0.8418598234375001 0.039828228125 0.84461920625 0.082253725 0.8487582796875 0.089497103125 0.8942880796875 0.07707988437499999
0 0.9977649 0.0905318703125 0.8915286984374999 0.076045115625 0.8487582796875 0.08742756562500001 0.8515176609375 0.14330505 0.8956677703124999 0.136061671875 0.9979166671874999 0.14375 0.9977649 0.0905318703125
0 0.9979166671874999 0.203125 0.9977649 0.147444121875 0.8887693171875 0.136061671875 0.8528973499999999 0.14227028125000002 0.8542770421875 0.18986961875 0.8694536421875 0.196078228125 0.89014900625 0.1940086921875 0.9979166671874999 0.203125
0 0.9025662249999999 0.23953849374999997 0.9979166671874999 0.246875 0.9979166671874999 0.2046875 0.8998068437500001 0.197112996875 0.8625551874999999 0.20539114218750001 0.86531456875 0.2426427984375 0.8860099328125 0.238503725 0.9025662249999999 0.23953849374999997
0 0.7687362015625 0.06983650625 0.7687362015625 0.00981995 0.6845750546875 0.0005070359375 0.5907560703125 0.053280215625 0.5907560703125 0.10087955312500001 0.6956125828124999 0.05534975156250001 0.7687362015625 0.06983650625
0 0.6942328921875001 0.11847061249999999 0.7714955859375 0.1298530625 0.7714955859375 0.070871275 0.6928532 0.0563845203125 0.5907560703125 0.099844784375 0.60041390625 0.1091576984375 0.5990342171874999 0.1629656453125 0.6942328921875001 0.11847061249999999
0 0.59489514375 0.219877896875 0.6983719640625 0.1805567046875 0.7756346578125 0.1888348515625 0.772875275 0.13399213593749998 0.6969922734375 0.11950538125000001 0.5962748359375001 0.16606995 0.59489514375 0.219877896875
0 0.5990342171874999 0.27058153906250004 0.70527041875 0.238503725 0.7797737312499999 0.2488514078125 0.7797737312499999 0.18986961875 0.6983719640625 0.1826262421875 0.60041390625 0.221947434375 0.5990342171874999 0.27058153906250004
0 0.78529249375 0.2654076984375 0.78529249375 0.2488514078125 0.7011313453125 0.23953849374999997 0.6017935984375 0.2716163078125 0.7025110375 0.28403352656249997 0.73010485625 0.2861030625 0.78529249375 0.2654076984375
0 0.8432395140625 0.028445778124999998 0.7742549671875001 0.0118894875 0.7742549671875001 0.0677669703125 0.84461920625 0.0781146515625 0.8432395140625 0.028445778124999998
0 0.7770143484375 0.070871275 0.7742549671875001 0.1277835265625 0.8542770421875 0.14020074531249999 0.8528973499999999 0.0801841890625 0.7770143484375 0.070871275
0 0.772875275 0.1277835265625 0.7756346578125 0.18366100937500002 0.8556567328125 0.1940086921875 0.8528973499999999 0.13709644062499998 0.772875275 0.1277835265625
0 0.85979580625 0.197112996875 0.7825331125 0.1888348515625 0.78529249375 0.244712334375 0.8432395140625 0.2488514078125 0.85979580625 0.2478166390625 0.85979580625 0.197112996875