0 0.9395783953124999 1 0.9563694593750001 0.927277475 0.9421114703125 0.9040564734375 0.8057717703125 0.8654222984375 0.7619643593750001 0.85484103125 0.7368647453125 0.8445318359374999 0.74324764375 0.8653653562500001 0.70745836875 1 0.9395783953124999 1
0 0.7074416125 1 0.7412788734375 0.864768484375 0.7309584296875 0.8427412249999999 0.696014953125 0.829447678125 0.6197272609375 0.8036198515624999 0.5399875296875 0.7848447984375 0.5024381453125 0.9462465734375 0.5097920515625 0.9835731187500001 0.5728149390625 1 0.7074416125 1
0 0.524237353125 0.7800698359375 0.353934103125 0.733838746875 0.3219393265625 0.7268387015625 0.3209504796875 0.7319384640625 0.29275053125 0.8988744703125 0.393643415625 0.9375613734374999 0.472879803125 0.9696827000000001 0.4920998609375 0.9458121015625001 0.524237353125 0.7800698359375
0 0.27701819375 0.8725067187500001 0.3017661015625 0.712623484375 0.277160909375 0.6997644078125 0.2614018109375 0.7057858390625 0.2057906890625 0.68082695625 0.1290174953125 0.6467526171875 0.10586881249999999 0.6586330796875 0.0781632875 0.8230192046875 0.24499665781250002 0.8978958562500001 0.27701819375 0.8725067187500001
0 0.2614018109375 0.7057858390625 0.293414428125 0.6911930953125001 0.32308872499999997 0.5274038390625 0.176923003125 0.4641925234375 0.13556986875000002 0.46245464218750004 0.1068754984375 0.631940528125 0.2614018109375 0.7057858390625
0 0.08163316875 0.79437364375 0.108349846875 0.6350872796875 0.035706923437499996 0.613064209375 0.046269175 0.7944110609374999 0.067348421875 0.8035418249999999 0.08163316875 0.79437364375
0 0.1335921765625 0.47265416406250005 0.13556986875000002 0.46245464218750004 0.1685534921875 0.46435492343749996 0.1616672484375 0.4568676796875 0.0573223234375 0.4252335515625 0.044026423437500004 0.429301971875 0.028276246875 0.42452700937500004 0.025545990624999997 0.43860772031249995 0.035648006249999996 0.6120526374999999 0.1068754984375 0.631940528125 0.1335921765625 0.47265416406250005
0 0.4943986609375 0.546942378125 0.43533549687499995 0.5290362671875 0.3866016953125 0.522361021875 0.372820290625 0.5181829296875 0.35311473125 0.5338070140625 0.321957165625 0.7052459125 0.326865715625 0.72293268125 0.5232574265625 0.774373203125 0.5563926828125 0.5927347828125 0.5554216765625 0.57624175625 0.5578937921875 0.5634923484375001 0.5273822828125 0.5488426609375 0.4943986609375 0.546942378125
0 0.21384417031249997 0.46728654843750006 0.176923003125 0.4641925234375 0.325057496875 0.528000709375 0.29538320156250003 0.6917899671875001 0.3106478734375 0.688318415625 0.3190173875 0.688156015625 0.3511459578125 0.5332101437500001 0.37085151875 0.517586059375 0.31868351562499997 0.49637079687499996 0.27487610625 0.4857895296875 0.2512508421875 0.47862708437499996 0.21384417031249997 0.46728654843750006
0 0.77147435 0.666040165625 0.7395063328125 0.6266509375 0.7158810671875 0.6194884921875 0.68586398125 0.6022889234375 0.6656818375 0.5988701 0.5953004640625 0.5748328875000001 0.5711807734375001 0.5702203234375001 0.5647621953125 0.59257238125 0.530161509375 0.760267659375 0.5449139203125 0.780938778125 0.621696034375 0.804216721875 0.696014953125 0.829447678125 0.732432778125 0.8458879765624999 0.740820128125 0.8241327890625 0.77147435 0.666040165625
0 0.7395063328125 0.6266509375 0.77147435 0.666040165625 0.740820128125 0.8241327890625 0.7624587828125 0.8522911515624999 0.9485122109375 0.9032972046875001 0.981638546875 0.7324551765625 0.9216132968749999 0.6872596453125001 0.7680490703125 0.64070375625 0.7395063328125 0.6266509375
0 0.9589445781249999 1 0.9760750203124999 0.9116533890625 0.9598393406250001 0.8986319140625 0.953915184375 0.9184340890625 0.9558750375 0.9298273546875 0.9403731499999999 1 0.9589445781249999 1
0 1 0.7117106718749999 0.9585255437500001 0.7011500625 0.9585166234375 0.7119464578125 0.9836073203125 0.7330520468749999 0.9485122109375 0.9032972046875001 0.9578705671875 0.89803504375 0.9741062484375 0.91105651875 1 0.784467375 1 0.7117106718749999
0 1 0.6084326124999999 0.99158944375 0.60588279375 0.97477014375 0.70337514375 1 0.71102405 1 0.6084326124999999
0 0.946307684375 0.5921547765625 0.9280140359375 0.6865003734374999 0.9742757203125001 0.705925025 0.9896206718749999 0.6052859234375 0.946307684375 0.5921547765625
0 0.906932240625 0.58021736875 0.8886385921875 0.6745629656250001 0.9285084593749999 0.6839504921875 0.946307684375 0.5921547765625 0.906932240625 0.58021736875
0 0.8650936031249999 0.570232971875 0.8453256046875 0.66143181875 0.8886385921875 0.6745629656250001 0.906932240625 0.58021736875 0.8650936031249999 0.570232971875
0 0.8034869671875 0.651447421875 0.8453256046875 0.66143181875 0.8650936031249999 0.570232971875 0.8217806171875001 0.5571018249999999 0.8034869671875 0.651447421875
0 0.7824051734374999 0.5451644156250001 0.762637175 0.6363632625 0.8034869671875 0.651447421875 0.8217806171875001 0.5571018249999999 0.7824051734374999 0.5451644156250001
0 0.7385977625 0.53458315 0.7198186125 0.6206822328125 0.7631315984375 0.63381338125 0.7824051734374999 0.5451644156250001 0.7385977625 0.53458315
0 0.701685515625 0.52069273125 0.6814320140625 0.6036450656250001 0.7198186125 0.6206822328125 0.7390921859375 0.53203326875 0.701685515625 0.52069273125
0 0.6578781046875 0.5101114640625 0.640582221875 0.5885609046875 0.6838952093749999 0.6016920531250001 0.701685515625 0.52069273125 0.6578781046875 0.5101114640625
0 0.624903403125 0.4974147859375 0.6051443234375 0.5778172390625 0.6425509953125 0.589157775 0.6583725296875 0.507561584375 0.624903403125 0.4974147859375
0 0.5830647640625 0.487430390625 0.567737653125 0.5664767 0.6051443234375 0.5778172390625 0.624903403125 0.4974147859375 0.5830647640625 0.487430390625
0 0.5352662921875 0.5404337484374999 0.543689321875 0.4754929828125 0.49447001718749994 0.4605712234375 0.47914290781249996 0.539617534375 0.5214759671875 0.54705205 0.5352662921875 0.5404337484374999
0 0.45903211875 0.4498275578125 0.4437050078125 0.5288738687500001 0.47914290781249996 0.539617534375 0.49447001718749994 0.4605712234375 0.45903211875 0.4498275578125
0 0.419656675 0.43789015 0.40383514218750005 0.5194863421875 0.4437050078125 0.5288738687500001 0.45903211875 0.4498275578125 0.419656675 0.43789015
0 0.3797868109375 0.428502621875 0.36839724375 0.5087426749999999 0.40284629531249994 0.524586103125 0.419656675 0.43789015 0.3797868109375 0.428502621875
0 0.33295934374999997 0.49799900781249995 0.3664284703125 0.5081458046875 0.3797868109375 0.428502621875 0.3468121078125 0.41580594531250004 0.33295934374999997 0.49799900781249995
0 0.293583903125 0.48606160000000004 0.332464921875 0.500548890625 0.3468121078125 0.41580594531250004 0.30497346875 0.40582154687500005 0.293583903125 0.48606160000000004
0 0.2675667984375 0.3944810109375 0.2556828078125 0.4772709453125 0.2930894796875 0.4886114828125 0.30497346875 0.40582154687500005 0.2675667984375 0.3944810109375
0 0.2296657046875 0.3856903546875 0.217781715625 0.4684802890625 0.2571571578125 0.4804176953125 0.2675667984375 0.3944810109375 0.2296657046875 0.3856903546875
0 0.19865977343750002 0.3735905484375 0.1862813609375 0.4589303625 0.2158129421875 0.46788341874999995 0.2296657046875 0.3856903546875 0.19865977343750002 0.3735905484375
0 0.165190646875 0.363443753125 0.15478100625 0.4493804359375 0.1843125890625 0.4583334921875 0.19865977343750002 0.3735905484375 0.165190646875 0.363443753125
0 0.12081745625 0.441783521875 0.152812234375 0.448783565625 0.165190646875 0.363443753125 0.1317215203125 0.3532969546875 0.12081745625 0.441783521875
0 0.080947590625 0.43239599531249995 0.12032303281250001 0.444333403125 0.13369029375000002 0.353893825 0.096283621875 0.3425532890625 0.080947590625 0.43239599531249995
0 0.07413270625 0.338537596875 0.0573223234375 0.4252335515625 0.080947590625 0.43239599531249995 0.0938204265625 0.34450630000000004 0.07413270625 0.338537596875
0 0.0465698953125 0.3301814109375 0.028276246875 0.42452700937500004 0.0459951953125 0.4298988421875 0.057816748437499996 0.42268366874999996 0.0721639328125 0.337940725 0.0465698953125 0.3301814109375
0 1 0.3519540234375 0.9991841812500001 0.3517066921875 0.960151528125 0.520758109375 1 0.532838925 1 0.3519540234375
0 1 0.35207801562499996 0.9509448031250001 0.34248156406249997 0.9183128890625 0.5107737109375 0.9621202984374999 0.521354978125 1 0.35729703125 1 0.35207801562499996
0 0.9430607953125 0.3508904765625 0.8913782953125 0.337921728125 0.859249725 0.49286759843750005 0.9178184671875 0.5133235921875 0.9509448031250001 0.34248156406249997 0.9430607953125 0.3508904765625
0 0.8894095249999999 0.3373248578125 0.85840359375 0.32522505156250003 0.827254946875 0.48586755625 0.8607240734375001 0.4960143515625 0.8894095249999999 0.3373248578125
0 0.85840359375 0.32522505156250003 0.8249344671875001 0.3150782546875 0.7903427 0.4719771375 0.827254946875 0.48586755625 0.85840359375 0.32522505156250003
0 0.7470297125 0.45884598906249996 0.7903427 0.4719771375 0.8249344671875001 0.3150782546875 0.7786638609375001 0.3064499984375 0.7470297125 0.45884598906249996
0 0.703716725 0.4457148390625 0.7470297125 0.45884598906249996 0.7786638609375001 0.3064499984375 0.737319646875 0.2939157203125 0.703716725 0.4457148390625
0 0.6663100546875 0.43437430312499997 0.703716725 0.4457148390625 0.737319646875 0.2939157203125 0.69597543125 0.2813814421875 0.6663100546875 0.43437430312499997
0 0.62152271875 0.41809640468750003 0.666804478125 0.43182442343750005 0.69597543125 0.2813814421875 0.6521680203125 0.2708001765625 0.62152271875 0.41809640468750003
0 0.6177100484375 0.2657531421875 0.5978974515625 0.410933959375 0.62152271875 0.41809640468750003 0.6521680203125 0.2708001765625 0.6177100484375 0.2657531421875
0 0.5763747546875 0.24242246875 0.549172571875 0.3934623203125 0.5865792421875 0.40480285625 0.6182133921874999 0.252406865625 0.5763747546875 0.24242246875
0 0.5305985718749999 0.23124433125000002 0.507333934375 0.3834779234375 0.549172571875 0.3934623203125 0.57440598125 0.2418255984375 0.5305985718749999 0.23124433125000002
0 0.46795849062499995 0.371540515625 0.507333934375 0.3834779234375 0.5305985718749999 0.23124433125000002 0.49171755156249997 0.21675704375 0.46795849062499995 0.371540515625
0 0.42661427500000004 0.3590062375 0.46795849062499995 0.371540515625 0.49171755156249997 0.21675704375 0.451847684375 0.207369515625 0.42661427500000004 0.3590062375
0 0.3867444109375 0.3496187109375 0.42661427500000004 0.3590062375 0.451847684375 0.207369515625 0.41000904687500006 0.19738511875 0.3867444109375 0.3496187109375
0 0.340968228125 0.3384405734375 0.3847756375 0.3490218390625 0.41247224375 0.195432109375 0.3662016359375 0.186803853125 0.340968228125 0.3384405734375
0 0.365716134375 0.1785573390625 0.3253518453125 0.17171969375 0.293717696875 0.324115684375 0.33899945625 0.337843703125 0.36669606093749996 0.184253971875 0.365716134375 0.1785573390625
0 0.26122849531250003 0.3196655203125 0.2912545015625 0.3260686953125 0.3253518453125 0.17171969375 0.2894195234375 0.1635259078125 0.26122849531250003 0.3196655203125
0 0.23169691406249998 0.31071246406249997 0.259259725 0.31906865 0.2894195234375 0.1635259078125 0.25791916875 0.1539759828125 0.23169691406249998 0.31071246406249997
0 0.25791916875 0.1539759828125 0.27223959531249997 0.101622221875 0.261415809375 0.0929412375 0.234347421875 0.08203517187500001 0.200196559375 0.3011625390625 0.23169691406249998 0.31071246406249997 0.25791916875 0.1539759828125
0 0.1608211171875 0.28922513125 0.200196559375 0.3011625390625 0.23237865000000002 0.08143830156250001 0.18562254218750002 0.06456353125 0.1608211171875 0.28922513125
0 0.1224256 0.28298435624999996 0.1588523453125 0.2886282609375 0.1841481921875 0.0614167796875 0.154616609375 0.0524637234375 0.1224256 0.28298435624999996
0 0.129022571875 0.044704409375 0.11228354843749999 0.045029209375000004 0.08649327968750001 0.2747905703125 0.120456828125 0.2823874859375 0.154616609375 0.0524637234375 0.129022571875 0.044704409375
0 0.056458354687500004 0.2791837921875 0.07417730312500001 0.284555625 0.0835624203125 0.2469042796875 0.063874696875 0.2409355765625 0.056458354687500004 0.2791837921875
0 0.063874696875 0.2409355765625 0.08159364687500001 0.246307409375 0.0934508796875 0.1959066578125 0.07523750625 0.1930847078125 0.063874696875 0.2409355765625
0 0.073268734375 0.1924878375 0.0934508796875 0.1959066578125 0.1103147765625 0.0444323390625 0.10391403749999999 0.0451916078125 0.073268734375 0.1924878375
0 0.545702690625 0.42210788125 0.5619472921875001 0.4243329625 0.5649138296875 0.409033678125 0.5427629125 0.40501798281249995 0.507325015625 0.3942743171875 0.5043584765625 0.409573603125 0.545702690625 0.42210788125
0 0.467949571875 0.38233690781249996 0.46695180625 0.398233065625 0.5043584765625 0.409573603125 0.507325015625 0.3942743171875 0.467949571875 0.38233690781249996
0 0.43201725 0.374143125 0.42954513437499997 0.386892528125 0.46695180625 0.398233065625 0.46991834375 0.382933778125 0.43201725 0.374143125
0 0.42954513437499997 0.386892528125 0.43201725 0.374143125 0.390673034375 0.36160884531250004 0.3882009203125 0.3743582515625 0.42954513437499997 0.386892528125
0 0.3882009203125 0.3743582515625 0.390673034375 0.36160884531250004 0.35474071406249996 0.3534150609375 0.35226859843749997 0.366164465625 0.3882009203125 0.3743582515625
0 0.352763021875 0.363614584375 0.352771940625 0.35281819062499997 0.314870846875 0.3440275328125 0.313387578125 0.3516771765625 0.352763021875 0.363614584375
0 0.313387578125 0.3516771765625 0.314870846875 0.3440275328125 0.2809072984375 0.33643061875 0.27745525625 0.3434833921875 0.313387578125 0.3516771765625
0 0.27745525625 0.3434833921875 0.2809072984375 0.33643061875 0.2395630828125 0.323896340625 0.2380798140625 0.3315459828125 0.27745525625 0.3434833921875
0 0.6387472453124999 0.4260181171875 0.62152271875 0.41809640468750003 0.59740303125 0.413483840625 0.5929532234375 0.43643276875000003 0.6347918609375001 0.4464171671875 0.6387472453124999 0.4260181171875
0 0.6387472453124999 0.4260181171875 0.6347918609375001 0.4464171671875 0.668755409375 0.4540140828125 0.668278828125 0.4349711734375 0.6387472453124999 0.4260181171875