0 1 0 0.9220893828125 0 0.9034106140624999 0.23251648125000002 0.9397228656250001 0.2467407734375 1 0.2460393859375 1 0
0 1 0.24888470312500002 0.9492994187500001 0.2522627375 0.8971092640625 0.23596983906250002 0.897992390625 0.2573664640625 0.9139227265625 0.263941171875 0.8993590296875 0.483813040625 0.927467728125 0.50151283125 1 0.48274314531250007 1 0.24888470312500002
0 1 0.48309896406249997 0.926252028125 0.5060336921874999 0.8942733796875 0.48274554218750004 0.8927119953125 0.5120573609375 0.87571015 0.5223953078125 0.867400234375 0.6802270609375001 0.9096812609375 0.7169154859375 1 0.6793567375 1 0.48309896406249997
0 1 0.685234675 0.9141721640625 0.72136994375 0.8674133421875 0.6813535875000001 0.8638400203125001 0.75575598125 0.8525316734375 0.7649009999999999 0.848835509375 0.8832453015624999 0.897548965625 0.927745628125 0.9937878906250001 0.8601517281250001 1 0.8025361125 1 0.685234675
0 0.6561099234375 0 0.6516989515625 0.2365720875 0.7585893140625 0.2668753203125 0.89801860625 0.25961951875 0.9203587671875001 0 0.6561099234375 0
0 0.7618251921875 0.2724710609375 0.6549741546875001 0.2455474109375 0.6489548265625 0.49123347500000003 0.7435177640624999 0.5521004796875 0.8934640375 0.522188721875 0.9114126734375001 0.2662237390625 0.8986919984374999 0.2629917171875 0.7618251921875 0.2724710609375
0 0.74857719375 0.5509149296875 0.6463792296875 0.4878834078125 0.6305930859375 0.49370049062500004 0.6241936156250001 0.7067172859374999 0.716783940625 0.81605444375 0.8651081546875 0.7557412234374999 0.87708315 0.5313927625 0.74857719375 0.5509149296875
0 0.71681015625 0.8183074984375001 0.622912371875 0.7056055156250001 0.6141271859375 0.7135944953125 0.60816515625 0.9097060156250001 0.6647758078125 0.9789013875 0.734977759375 0.97946096875 0.8417628890625 0.9763538390625 0.8506687968750001 0.7683027109375 0.71681015625 0.8183074984375001
0 0.56818931875 0 0.5639223703125 0.2139332046875 0.6402070875 0.2299457328125 0.6484499640625 0.22984981875 0.654236490625 0 0.56818931875 0
0 0.5613598843750001 0.2117096609375 0.542998146875 0.21417667968749998 0.5390431859375 0.4192782765625 0.6222060171875 0.4814046125 0.650026334375 0.47432082031249995 0.6536929125000001 0.2444356390625 0.6459005875 0.228752803125 0.5613598843750001 0.2117096609375
0 0.624049425 0.694325496875 0.6280699249999999 0.494856528125 0.6495364593749999 0.4867199875 0.649418484375 0.4765812515625 0.62155884375 0.4802854640625 0.554404996875 0.4314929921875 0.5534368578125 0.6207863328125 0.624049425 0.694325496875
0 0.5477040328125 0.618599684375 0.5368200203125 0.6097128953125 0.5329976390625 0.6627112859375 0.5723180609375 0.7174610234375 0.5726098140625 0.8515324312500001 0.6067921562499999 0.900708559375 0.6115647 0.711370953125 0.6215262625 0.6954815328125 0.5521293984375 0.617421509375 0.5477040328125 0.618599684375
0 0.49651924999999997 0 0.47584579375 0.0020157328124999997 0.47677985781250004 0.1912869390625 0.5449003484375 0.2141545453125 0.558189546875 0.21174655156250002 0.5631047875 0.1981692109375 0.567538546875 0 0.49651924999999997 0
0 0.5389514265625001 0.4113925890625 0.5423640796875 0.2141840578125 0.4844279921875 0.1945779828125 0.485917471875 0.37708264687500004 0.5389514265625001 0.4113925890625
0 0.4840793171875 0.5461058875 0.55091369375 0.621942371875 0.553084428125 0.42700164375 0.48340742187499997 0.3793652125 0.4840793171875 0.5461058875
0 0.3125185625 0.026449798437499998 0.2943534484375 0.0458147125 0.3071643859375 0.2203008890625 0.3218528015625 0.2291434046875 0.4600532859375 0.2252819390625 0.45712526249999996 0.028147185937500003 0.3125185625 0.026449798437499998
0 0.3530138625 0.23666756718749998 0.36083091093749997 0.41797192812499995 0.468491290625 0.40545239375 0.4645048671875 0.22635681875000002 0.3530138625 0.23666756718749998
0 0.3210026390625 0.42857548124999995 0.298849603125 0.43221329375 0.3047168828125 0.55495303125 0.3305645875 0.5963393906250001 0.3342116921875 0.582776803125 0.4530886625 0.5532265703125 0.45143701406250003 0.41128423593749996 0.3210026390625 0.42857548124999995
0 0.21864400156250002 0.24273781875 0.2278340515625 0.43303963437500004 0.23426648125 0.44085154062500004 0.36019684375 0.41797930625 0.3510723375 0.2333101203125 0.21864400156250002 0.24273781875
0 0.1235402515625 0.026395401562499997 0.12063208125 0.048962821875 0.129258471875 0.190824 0.1444974375 0.24698062968749998 0.3002814015625 0.2282677328125 0.2915156890625 0.0199341171875 0.1235402515625 0.026395401562499997
0 0.0709718328125 0.2500895328125 0.088019746875 0.46170681562500004 0.22537643125 0.4398283046875 0.21547366562499998 0.2427747078125 0.0709718328125 0.2500895328125
0 0.1342935625 0.4600416921875 0.14839885 0.6367661671875 0.302057771875 0.59892445625 0.2969605078125 0.4333619546875 0.1342935625 0.4600416921875
0 0.0106991078125 0.014413615625 0.013453953125000001 0.25116442031249997 0.11337570156250001 0.24283604374999998 0.1062762375 0.0142028171875 0.0106991078125 0.014413615625
0 0.063389240625 0.25243112343749996 0.013531554687499999 0.2578334578125 0.01597599375 0.4679081140625 0.0854310453125 0.45723022343749997 0.07105048281250001 0.256848690625 0.063389240625 0.25243112343749996
0 0.11816510625000001 0.5999375609375 0.1026164078125 0.4626636484375 0.01601479375 0.47124263125 0.0175495453125 0.6031387359375 0.01933264375 0.66441985 0.1167741296875 0.6438942296875 0.11816510625000001 0.5999375609375
0 0.3329566671875 0.5839180859375 0.33263233125 0.665042746875 0.3384438046875 0.673988559375 0.3681269984375 0.66350305 0.502051178125 0.6191309015625001 0.4575533515625 0.5554279765625 0.3329566671875 0.5839180859375
0 0.39026692500000004 0.6587387140625001 0.3879666046875 0.679045703125 0.432158075 0.7709191671875 0.43956389375000005 0.9713818546875 0.448571921875 0.9825438265625 0.5740697078125 0.9224962203124999 0.572978346875 0.7197066999999999 0.5020773953125001 0.6213839531249999 0.39026692500000004 0.6587387140625001
0 0.24240636875 0.704399709375 0.27444082187499996 0.8414817937500001 0.28117811875 0.984491628125 0.4371062734375 0.9781705265625 0.430903046875 0.77206045 0.376977728125 0.66114670625 0.24240636875 0.704399709375
0 0.15036659375 0.642376665625 0.1516954015625 0.7020751890625 0.15572264687499998 0.7211818703125 0.1645995921875 0.721078578125 0.3320638046875 0.670682759375 0.304594040625 0.5988949421875 0.15036659375 0.642376665625
0 0.087492425 0.7433827 0.0881774296875 0.9112499015625 0.091471959375 0.9872849359375 0.27540224062499996 0.9851447125 0.2699368109375 0.83590080625 0.238641290625 0.7078235562499999 0.087492425 0.7433827
0 0.11245362968749999 0.6540846109375 0.021344546875000002 0.6720449484375 0.0211283046875 0.7261327171875 0.0219082921875 0.7529391796875 0.11648911718749999 0.7283984671875 0.11245362968749999 0.6540846109375
0 0.0830786734375 0.9090558765625 0.0856164375 0.745657890625 0.022160795312500002 0.761617153125 0.028661134375 0.985019315625 0.08771828125 0.9873286140624999 0.0830786734375 0.9090558765625