0 0.129615384375 0.1665657171875 0.11615384531249999 0.087609240625 0.09115384531250001 0.0767932859375 0.004615384375 0.0865276453125 0.0007692296875 0.1589945484375 0.095 0.1589945484375 0.129615384375 0.1665657171875
0 0.41038461562500006 0.08220126250000001 0.385384615625 0.0659773296875 0.11807692343750001 0.0886908375 0.129615384375 0.1665657171875 0.3988461546875 0.14277061562499999 0.41038461562500006 0.08220126250000001
0 0.7219230765625 0.080038071875 0.710384615625 0.05840616093749999 0.4161538453125 0.05840616093749999 0.3988461546875 0.14277061562499999 0.6892307703125 0.14168901875 0.7219230765625 0.080038071875
0 0.998 0.026996625000000003 0.7142307703124999 0.0519165875 0.7334615375 0.13411785 0.998 0.1079865015625 0.998 0.026996625000000003
0 0.0892307703125 0.1622393359375 0.004615384375 0.1622393359375 0 0.3307086609375 0.10269230781250001 0.33096824375 0.0892307703125 0.1622393359375
0 0.1911538453125 0.165484121875 0.08153846249999999 0.1719736953125 0.10076922968749999 0.33096824375 0.2238461546875 0.3244786703125 0.1911538453125 0.165484121875
0 0.32192307656249997 0.1644025265625 0.2565384625 0.15574976093749998 0.1892307703125 0.1665657171875 0.21807692343750001 0.328805053125 0.33923077031250004 0.32339707500000003 0.32192307656249997 0.1644025265625
0 0.47192307656250004 0.14493380625000002 0.32769230781249997 0.152504975 0.3469230765625 0.32556026718750003 0.4776923078125 0.32231547968749996 0.47192307656250004 0.14493380625000002
0 0.6007692296875 0.14277061562499999 0.4776923078125 0.14277061562499999 0.479615384375 0.313662715625 0.6065384625 0.31582590625 0.6007692296875 0.14277061562499999
0 0.7469230765625 0.14168901875 0.6084615375 0.1481785921875 0.6026923078124999 0.32015228906250004 0.7334615375 0.32015228906250004 0.7469230765625 0.14168901875
0 0.8911538453125001 0.1254650859375 0.7469230765625 0.13411785 0.7430769234375 0.30500995 0.8873076921875 0.3017651640625 0.8911538453125001 0.1254650859375
0 0.998 0.1169853765625 0.8949999999999999 0.1178939171875 0.8892307703125001 0.30068356875 0.998 0.3082114734375 0.998 0.1169853765625
0 0.0873076921875 0.3277234578125 0.0123076921875 0.328805053125 0 0.4668166484375 0.104615384375 0.4672492859375 0.0873076921875 0.3277234578125
0 0.2123076921875 0.32231547968749996 0.0892307703125 0.33096824375 0.10269230781250001 0.4672492859375 0.2219230765625 0.4618413078125 0.2123076921875 0.32231547968749996
0 0.3507692296875 0.321233884375 0.21615384531249998 0.3331314359375 0.2238461546875 0.45967811718749996 0.3565384625 0.458596521875 0.3507692296875 0.321233884375
0 0.4738461546875 0.3179890984375 0.3411538453125 0.321233884375 0.3430769234375 0.458596521875 0.4738461546875 0.4607597125 0.4738461546875 0.3179890984375
0 0.5930769234375 0.321233884375 0.4776923078125 0.32339707500000003 0.4911538453125 0.45967811718749996 0.5930769234375 0.46508609375 0.5930769234375 0.321233884375
0 0.729615384375 0.4607597125 0.7373076921874999 0.321233884375 0.604615384375 0.321233884375 0.5969230765625 0.47157566875 0.6738461546875001 0.458596521875 0.729615384375 0.4607597125
0 0.8834615375 0.45967811718749996 0.8911538453125001 0.30500995 0.7411538453125 0.3071731421875 0.729615384375 0.4694124765625 0.8219230765625 0.45318854374999995 0.8834615375 0.45967811718749996
0 0.998 0.4555680546875 0.998 0.3014623171875 0.8911538453125001 0.3082547375 0.8969230765624999 0.46508609375 0.960384615625 0.4466989703125 0.998 0.4555680546875
0 0.129615384375 0.47698364687500006 0.145 0.4640045 0.008461537500000001 0.466167690625 0.0007692296875 0.6435493640625001 0.13538461562499998 0.6500389375 0.129615384375 0.47698364687500006
0 0.285384615625 0.6489573421875 0.26615384531249997 0.47590205 0.3661538453125 0.458596521875 0.1488461546875 0.4607597125 0.12769230781250002 0.47482045624999997 0.1430769234375 0.6446309593749999 0.285384615625 0.6489573421875
0 0.4373076921875 0.653283725 0.435384615625 0.47806524218749996 0.5123076921874999 0.458596521875 0.3661538453125 0.4542701390625 0.26615384531249997 0.47806524218749996 0.2911538453125 0.6489573421875 0.4373076921875 0.653283725
0 0.5930769234375 0.65436531875 0.5776923078125 0.4856364109375 0.6026923078124999 0.466167690625 0.5084615375 0.457514925 0.435384615625 0.4791468375 0.43923077031249996 0.65436531875 0.5930769234375 0.65436531875
0 0.7392307703125 0.46833088125 0.6661538453125 0.457514925 0.5892307703124999 0.47590205 0.5815384625 0.655446915625 0.7430769234375 0.6586917015625 0.7392307703125 0.46833088125
0 0.9161538453125001 0.46508609375 0.8219230765625 0.45318854374999995 0.7430769234375 0.46833088125 0.7469230765625 0.652202128125 0.9199999999999999 0.6586917015625 0.9161538453125001 0.46508609375
0 0.998 0.4544431953125 0.960384615625 0.4445357796875 0.9199999999999999 0.4640045 0.9142307703125001 0.6619364875 0.998 0.6625421828125 0.998 0.4544431953125
0 0.129615384375 0.652202128125 0.0065384625 0.6478757453124999 0.010384615625 0.8111966765625 0.1392307703125 0.8133598687499999 0.129615384375 0.652202128125
0 0.2757692296875 0.653283725 0.1334615375 0.6467941500000001 0.1315384625 0.8144414640625 0.2757692296875 0.824175825 0.2757692296875 0.653283725
0 0.4161538453125 0.652202128125 0.28153846250000003 0.6478757453124999 0.2738461546875 0.824175825 0.4276923078125 0.8295838015625 0.4161538453125 0.652202128125
0 0.5661538453125 0.655446915625 0.4142307703125 0.652202128125 0.42192307656250005 0.823094228125 0.5719230765625001 0.8295838015625 0.5661538453125 0.655446915625
0 0.735384615625 0.6586917015625 0.5680769234375 0.6565285109375 0.5700000000000001 0.8328285890625 0.7334615375 0.8458077359375 0.735384615625 0.6586917015625
0 0.9026923078125 0.6586917015625 0.729615384375 0.655446915625 0.7315384625 0.8414813531249999 0.9007692296875 0.85013411875 0.9026923078125 0.6586917015625
0 0.9911538453125001 0.6673444671875 0.9065384625 0.6597732984375 0.8988461546875 0.8414813531249999 0.9873076921875 0.85013411875 0.9911538453125001 0.6673444671875