0 0.353174603125 0.8133333328125 0.3611111109375 0.9633333328125 0.4424603171875 0.9666666671874999 0.434523809375 0.8266666671875 0.353174603125 0.8133333328125
0 0.5238095234375 0.8333333328125001 0.434523809375 0.8266666671875 0.4424603171875 0.97 0.527777778125 0.9866666671875001 0.5297619046875 0.9766666671875001 0.5238095234375 0.8333333328125001
0 0.61904761875 1 0.615079365625 0.8433333328125 0.5257936515625 0.8333333328125001 0.53174603125 0.9866666671875001 0.6051587296875 1 0.61904761875 1
0 0.7103174609375 1 0.7103174609375 0.8633333328124999 0.6170634921875 0.8466666671875 0.61904761875 1 0.7103174609375 1
0 0.8134920640625 1 0.8134920640625 0.8699999999999999 0.7123015875 0.8633333328124999 0.7103174609375 1 0.8134920640625 1
0 0.8948412703124999 1 0.9007936515624999 0.8666666671875 0.815476190625 0.8733333328124999 0.815476190625 1 0.8948412703124999 1
0 0.825396825 0.6833333328125 0.8194444437499999 0.8699999999999999 0.90674603125 0.86 0.91865079375 0.6866666671874999 0.825396825 0.6833333328125
0 0.7142857140625 0.6833333328125 0.7123015875 0.8633333328124999 0.8174603171875001 0.8666666671875 0.8174603171875001 0.6933333328125 0.7142857140625 0.6833333328125
0 0.6111111109375 0.6766666671875 0.615079365625 0.8433333328125 0.7083333328125 0.86 0.7103174609375 0.6833333328125 0.6111111109375 0.6766666671875
0 0.5178571421875 0.6666666671875 0.521825396875 0.8300000000000001 0.6130952375 0.8433333328125 0.6071428578125 0.6766666671875 0.5178571421875 0.6666666671875
0 0.424603175 0.6666666671875 0.4325396828125 0.8233333328124999 0.5198412703125 0.8300000000000001 0.5138888890625 0.67 0.424603175 0.6666666671875
0 0.341269840625 0.6599999999999999 0.3511904765625 0.8066666671875 0.4325396828125 0.8266666671875 0.42261904687499996 0.6666666671875 0.341269840625 0.6599999999999999
0 0.83134920625 0.4966666671875 0.825396825 0.6799999999999999 0.9206349203125 0.6833333328125 0.9285714281249999 0.4966666671875 0.83134920625 0.4966666671875
0 0.716269840625 0.5 0.7142857140625 0.6799999999999999 0.8174603171875001 0.6900000000000001 0.8234126984374999 0.5033333328125 0.716269840625 0.5
0 0.6130952375 0.5 0.615079365625 0.6733333328125 0.7123015875 0.6799999999999999 0.7123015875 0.5 0.6130952375 0.5
0 0.515873015625 0.5033333328125 0.5198412703125 0.6633333328125001 0.6111111109375 0.6733333328125 0.609126984375 0.5033333328125 0.515873015625 0.5033333328125
0 0.509920634375 0.5033333328125 0.4166666671875 0.5 0.424603175 0.6633333328125001 0.5138888890625 0.67 0.515873015625 0.6566666671875 0.509920634375 0.5033333328125
0 0.33134920625 0.5133333328125 0.341269840625 0.6566666671875 0.42261904687499996 0.6633333328125001 0.41468253906249997 0.5033333328125 0.33134920625 0.5133333328125
0 0.8373015875 0.29333333281249996 0.83134920625 0.49000000000000005 0.922619046875 0.4933333328125 0.9365079359375 0.29 0.8373015875 0.29333333281249996
0 0.71825396875 0.3 0.7142857140625 0.4933333328125 0.825396825 0.5033333328125 0.83134920625 0.2966666671875 0.71825396875 0.3
0 0.609126984375 0.3066666671875 0.609126984375 0.5 0.7123015875 0.4966666671875 0.716269840625 0.2966666671875 0.609126984375 0.3066666671875
0 0.5079365078125 0.31 0.5119047625 0.4966666671875 0.6071428578125 0.5 0.6051587296875 0.3066666671875 0.5079365078125 0.31
0 0.40674603125 0.3166666671875 0.4166666671875 0.4966666671875 0.509920634375 0.5 0.5019841265625 0.3133333328125 0.40674603125 0.3166666671875
0 0.315476190625 0.3266666671875 0.327380953125 0.5066666671875 0.4166666671875 0.5033333328125 0.4047619046875 0.3166666671875 0.315476190625 0.3266666671875
0 0.9444444437499999 0.06 0.8988095234375001 0.0433333328125 0.827380953125 0.0566666671875 0.847222221875 0.0733333328125 0.8373015875 0.29 0.9384920640625 0.2866666671875 0.9444444437499999 0.06
0 0.8452380953124999 0.0733333328125 0.8234126984374999 0.0566666671875 0.7142857140625 0.0733333328125 0.7142857140625 0.29 0.7202380953125 0.29333333281249996 0.8333333328125001 0.2966666671875 0.8452380953124999 0.0733333328125
0 0.702380953125 0.06999999999999999 0.5992063484375 0.08333333281250001 0.6051587296875 0.30333333281249997 0.7142857140625 0.2966666671875 0.7142857140625 0.08333333281250001 0.702380953125 0.06999999999999999
0 0.49603174531249994 0.11333333281249999 0.5039682546875001 0.31 0.603174603125 0.30333333281249997 0.597222221875 0.0966666671875 0.49603174531249994 0.11333333281249999
0 0.396825396875 0.12 0.40674603125 0.31 0.5 0.31 0.49603174531249994 0.1166666671875 0.396825396875 0.12
0 0.30357142812500004 0.13333333281249998 0.315476190625 0.32 0.40674603125 0.3133333328125 0.3948412703125 0.12 0.30357142812500004 0.13333333281249998
0 0.49007936562500004 0 0.49404761875 0.11000000000000001 0.5992063484375 0.0933333328125 0.5952380953125 0 0.49007936562500004 0
0 0.3888888890625 0 0.396825396875 0.1166666671875 0.49404761875 0.11333333281249999 0.48809523749999995 0 0.3888888890625 0
0 0.29365079375 0 0.30357142812500004 0.13 0.396825396875 0.1166666671875 0.3869047625 0 0.29365079375 0
0 0.06944444375 0.2266666671875 0.0515873015625 0.2266666671875 0.013888889062500001 0.2533333328125 0.0297619046875 0.3866666671875 0.0615079359375 0.3866666671875 0.0456349203125 0.25 0.06944444375 0.2266666671875
0 0.1111111109375 0.2166666671875 0.0952380953125 0.2166666671875 0.0456349203125 0.25 0.0615079359375 0.3866666671875 0.09920634843750001 0.3866666671875 0.08333333281250001 0.2533333328125 0.1111111109375 0.2166666671875
0 0.1507936515625 0.2133333328125 0.1170634921875 0.2166666671875 0.0873015875 0.2533333328125 0.10119047656249999 0.3866666671875 0.134920634375 0.3866666671875 0.12103174531250001 0.24333333281249997 0.1507936515625 0.2133333328125
0 0.1924603171875 0.2166666671875 0.15674603125 0.2166666671875 0.1230158734375 0.25 0.1369047625 0.3866666671875 0.174603175 0.3866666671875 0.1626984125 0.24666666718750002 0.1924603171875 0.2166666671875
0 0.2380952375 0.2066666671875 0.20039682499999997 0.2133333328125 0.16468253906250002 0.25 0.1765873015625 0.3866666671875 0.2123015875 0.3866666671875 0.1984126984375 0.24333333281249997 0.2380952375 0.2066666671875
0 0.20039682499999997 0.24333333281249997 0.2142857140625 0.38333333281250004 0.24801587343749998 0.3866666671875 0.23611111093749998 0.24 0.2638888890625 0.2066666671875 0.24007936562499999 0.2066666671875 0.20039682499999997 0.24333333281249997
0 0.2380952375 0.24 0.25 0.3866666671875 0.2896825390625 0.38333333281250004 0.27777777812500004 0.24 0.2956349203125 0.21000000000000002 0.2678571421875 0.2066666671875 0.2380952375 0.24
0 0.299603175 0.21000000000000002 0.2797619046875 0.24333333281249997 0.2916666671875 0.38333333281250004 0.31944444375000003 0.38333333281250004 0.309523809375 0.23333333281250002 0.30555555624999997 0.21000000000000002 0.299603175 0.21000000000000002
0 0.0257936515625 0.3933333328125 0.04365079375 0.5266666671875 0.0734126984375 0.5266666671875 0.059523809375 0.39 0.0257936515625 0.3933333328125
0 0.0615079359375 0.39 0.075396825 0.5266666671875 0.11309523749999999 0.5266666671875 0.09920634843750001 0.39 0.0615079359375 0.39
0 0.10119047656249999 0.3933333328125 0.11507936562500001 0.53 0.1488095234375 0.53 0.134920634375 0.39 0.10119047656249999 0.3933333328125
0 0.1369047625 0.39 0.1507936515625 0.53 0.184523809375 0.53 0.17261904687500002 0.39 0.1369047625 0.39
0 0.20833333281250002 0.3866666671875 0.174603175 0.39 0.18650793593749998 0.5266666671875 0.2202380953125 0.53 0.20833333281250002 0.3866666671875
0 0.24404761874999997 0.39 0.21031746093749998 0.3866666671875 0.222222221875 0.53 0.2579365078125 0.53 0.24404761874999997 0.39
0 0.28571428593750003 0.3866666671875 0.24801587343749998 0.39 0.2579365078125 0.5266666671875 0.2956349203125 0.5266666671875 0.28571428593750003 0.3866666671875
0 0.31944444375000003 0.3866666671875 0.2876984125 0.3866666671875 0.297619046875 0.5266666671875 0.327380953125 0.5266666671875 0.31944444375000003 0.3866666671875
0 0.04365079375 0.53 0.06349206406249999 0.6566666671875 0.0952380953125 0.6599999999999999 0.077380953125 0.53 0.04365079375 0.53
0 0.0952380953125 0.6599999999999999 0.1289682546875 0.6599999999999999 0.11507936562500001 0.53 0.077380953125 0.53 0.0952380953125 0.6599999999999999
0 0.1289682546875 0.6599999999999999 0.16468253906250002 0.6599999999999999 0.1488095234375 0.5333333328125 0.11507936562500001 0.53 0.1289682546875 0.6599999999999999
0 0.16468253906250002 0.6599999999999999 0.20039682499999997 0.6599999999999999 0.184523809375 0.5333333328125 0.1507936515625 0.53 0.16468253906250002 0.6599999999999999
0 0.20238095312499998 0.6633333328125001 0.23611111093749998 0.6599999999999999 0.222222221875 0.5333333328125 0.18650793593749998 0.53 0.20238095312499998 0.6633333328125001
0 0.2380952375 0.6633333328125001 0.2698412703125 0.6633333328125001 0.2579365078125 0.5333333328125 0.2242063484375 0.5333333328125 0.2380952375 0.6633333328125001
0 0.271825396875 0.6633333328125001 0.3075396828125 0.6633333328125001 0.2956349203125 0.53 0.2579365078125 0.53 0.271825396875 0.6633333328125001
0 0.3293650796875 0.53 0.297619046875 0.53 0.309523809375 0.6633333328125001 0.33928571406249997 0.6633333328125001 0.3293650796875 0.53
0 0.3075396828125 0.67 0.315476190625 0.7933333328125001 0.34722222187499996 0.7933333328125001 0.33928571406249997 0.6666666671875 0.3075396828125 0.67
0 0.2698412703125 0.67 0.27777777812500004 0.7866666671875 0.31349206406249996 0.79 0.30555555624999997 0.6666666671875 0.2698412703125 0.67
0 0.23611111093749998 0.6666666671875 0.2420634921875 0.7833333328125 0.2757936515625 0.7866666671875 0.2678571421875 0.6666666671875 0.23611111093749998 0.6666666671875
0 0.20039682499999997 0.6633333328125001 0.20833333281250002 0.7833333328125 0.24007936562499999 0.7833333328125 0.234126984375 0.6633333328125001 0.20039682499999997 0.6633333328125001
0 0.16468253906250002 0.6633333328125001 0.17261904687500002 0.78 0.20634920625 0.7833333328125 0.1984126984375 0.6633333328125001 0.16468253906250002 0.6633333328125001
0 0.1289682546875 0.6633333328125001 0.1369047625 0.7766666671875 0.1706349203125 0.7766666671875 0.1626984125 0.6633333328125001 0.1289682546875 0.6633333328125001
0 0.0952380953125 0.6633333328125001 0.1051587296875 0.7766666671875 0.134920634375 0.7766666671875 0.1269841265625 0.6633333328125001 0.0952380953125 0.6633333328125001
0 0.06349206406249999 0.6633333328125001 0.075396825 0.7766666671875 0.103174603125 0.7766666671875 0.0952380953125 0.6633333328125001 0.06349206406249999 0.6633333328125001
0 0.33928571406249997 1 0.353174603125 0.9666666671874999 0.3492063484375 0.8233333328124999 0.3373015875 0.7966666671875 0.31944444375000003 0.8 0.27777777812500004 0.9066666671875 0.283730159375 1 0.33928571406249997 1
0 0.28174603125000003 1 0.27777777812500004 0.9066666671875 0.3174603171875 0.8 0.28571428593750003 0.7966666671875 0.24007936562499999 0.9066666671875 0.24404761874999997 1 0.28174603125000003 1
0 0.2420634921875 1 0.23611111093749998 0.9066666671875 0.28571428593750003 0.7966666671875 0.24801587343749998 0.79 0.20039682499999997 0.9 0.20833333281250002 1 0.2420634921875 1
0 0.20833333281250002 1 0.20039682499999997 0.8966666671875 0.2460317453125 0.7933333328125001 0.2123015875 0.79 0.1666666671875 0.89 0.17261904687500002 1 0.20833333281250002 1
0 0.1706349203125 1 0.1666666671875 0.89 0.21031746093749998 0.79 0.1825396828125 0.7866666671875 0.1289682546875 0.89 0.1369047625 1 0.1706349203125 1
0 0.134920634375 1 0.1289682546875 0.8866666671875001 0.1825396828125 0.7866666671875 0.1448412703125 0.7833333328125 0.097222221875 0.8866666671875001 0.103174603125 1 0.134920634375 1
0 0.103174603125 1 0.097222221875 0.8866666671875001 0.1428571421875 0.7833333328125 0.1111111109375 0.7833333328125 0.057539682812500006 0.8800000000000001 0.065476190625 1 0.103174603125 1
0 0.0615079359375 1 0.057539682812500006 0.8766666671875001 0.10912698437499999 0.7833333328125 0.075396825 0.7866666671875 0.0178571421875 0.8766666671875001 0.0297619046875 1 0.0615079359375 1
0 1 0.27 0.940476190625 0.2733333328125 0.9265873015625001 0.4766666671875 0.9444444437499999 0.5133333328125 1 0.52 1 0.27
0 1 0.52 0.9583333328125001 0.5166666671875 0.9444444437499999 0.7333333328125 0.972222221875 0.7933333328125001 1 0.7933333328125001 1 0.52
0 1 0.7933333328125001 0.9702380953124999 0.7966666671875 0.9365079359375 0.7266666671875 0.9305555562500001 0.9533333328125 0.9444444437499999 1 1 1 1 0.7933333328125001