0 0 0.29139116875000004 0.0801474328125 0.28935066875 0.07453164375 0.12947892656249999 0 0.131662384375 0 0.29139116875000004
0 0.247287153125 0.136195640625 0.0726007125 0.137078715625 0.0757434765625 0.29050830781250003 0.244164478125 0.297300575 0.247287153125 0.136195640625
0 0.41454108281249996 0.1386847453125 0.2442585953125 0.1384101828125 0.24313629374999998 0.2908332390625 0.40763943124999996 0.291208540625 0.41454108281249996 0.1386847453125
0 0.587643803125 0.13999103125 0.41866726875 0.1418554546875 0.40612515 0.2923158125 0.5735874046875 0.2915586578125 0.587643803125 0.13999103125
0 0.7579957328125 0.139183509375 0.587643803125 0.13999103125 0.5677386140625 0.2927414796875 0.7410496609375 0.290801503125 0.7579957328125 0.139183509375
0 0.7410496609375 0.290801503125 0.7616245953125 0.2850384984375 0.9709640625 0.2830109765625 0.9815511953125 0.1180361078125 0.7851833218750001 0.1203347328125 0.758065175 0.1381014234375 0.7410496609375 0.290801503125
0 0 0.42801889375 0.08722150625 0.4264986015625 0.08021687499999999 0.288268584375 0 0.2896667828125 0 0.42801889375
0 0.2460954078125 0.2897007859375 0.0728538046875 0.290558675 0.0871520640625 0.42758068906249996 0.24718180625000002 0.43019571250000005 0.2460954078125 0.2897007859375
0 0.4063334765625 0.289069553125 0.2474013625 0.2918397765625 0.2486266421875 0.430170528125 0.3985425234375 0.43296183906249996 0.4063334765625 0.289069553125
0 0.5748933593750001 0.29369764531250003 0.3989009640625 0.29244173125 0.4014321984375 0.43291147187499995 0.5571968703125 0.4345199609375 0.5748933593750001 0.29369764531250003
0 0.7380211 0.29301604375 0.5737262875 0.2893944859375 0.551625846875 0.4313744375 0.7133087515625001 0.43071801875000004 0.7380211 0.29301604375
0 0.7117250312500001 0.432907375 0.7356622890625 0.44221802656250003 0.9610185734375 0.4379873703125 0.9709640625 0.2830109765625 0.7587349203125 0.285088865625 0.733825475 0.290927421875 0.7117250312500001 0.432907375
0 0 0.46204423749999995 0.0957516453125 0.42851167031250004 0 0.42605249843750004 0 0.46204423749999995
0 0 0.6270433015625 0.1725542296875 0.62605414375 0.178219371875 0.47030927499999997 0.251585759375 0.4290380734375 0.0930702953125 0.42531577968749995 0 0.458829515625 0 0.6270433015625
0 0.175260253125 0.471441728125 0.17110939218750001 0.6260793265625 0.3598969984375 0.6303548453125 0.3933074796875 0.5595155625 0.40411354531250004 0.43610736250000004 0.248418315625 0.4334167875 0.175260253125 0.471441728125
0 0.561670265625 0.43228023593750003 0.40425243125000004 0.433943190625 0.3960582703125 0.5616293671875 0.5475578734375001 0.5622313234375 0.561670265625 0.43228023593750003
0 0.70739051875 0.43298292656250004 0.5543766359375 0.43348824218750004 0.5418479625 0.5612499734374999 0.6950701718750001 0.557498396875 0.70739051875 0.43298292656250004
0 0.6948618453125001 0.56074465625 0.7181741234375 0.5797940828125 0.9477643875 0.5779540234375 0.9608046921875 0.4413201953125 0.7425392640624999 0.4475025375 0.706292890625 0.42759767968749995 0.6948618453125001 0.56074465625
0 0 0.781181053125 0.08763135625 0.7799378640625 0.0844885890625 0.6265082718749999 0 0.628667584375 0 0.781181053125
0 0.27334563749999996 0.6297017046875 0.0844885890625 0.6265082718749999 0.091896428125 0.7809443984375 0.2712645890625 0.77457534375 0.27334563749999996 0.6297017046875
0 0.361133509375 0.6335759203125 0.274721034375 0.6307586078125 0.27112570625 0.776739515625 0.44718754531249993 0.77691334375 0.4623124625 0.5637171703125 0.39496064375 0.5562441203125 0.361133509375 0.6335759203125
0 0.6232493828125001 0.7770871734375 0.6441133156250001 0.6318861453125 0.614159275 0.5589086921875001 0.46259023125 0.559388825 0.4444367515625 0.774799540625 0.6232493828125001 0.7770871734375
0 0.690735659375 0.5575739484375 0.61395095 0.5621549531250001 0.6408764296875 0.6373469453125 0.6260696140625 0.7781188921875 0.807910803125 0.7781919859374999 0.831942175 0.6286122453125 0.7844977609375 0.5807997984375 0.71810468125 0.5808761687499999 0.690735659375 0.5575739484375
0 0.79186083125 0.5785097078125 0.8304278984375 0.629719515625 0.80942508125 0.777084715625 0.9367655984375001 0.774653375 0.9491476531249999 0.6229669578125 0.9520355515625001 0.5779660468750001 0.79186083125 0.5785097078125
0 0.1801009484375 0.778326096875 0.00678990625 0.7802660734375 0.0138079796875 0.8957974640625 0.1774778125 0.9091577984375 0.1801009484375 0.778326096875
0 0.35644055625000004 0.7741715828125 0.17872555625 0.7772691953125 0.1774083703125 0.9102398859375 0.3448011828125 0.910564815625 0.35644055625000004 0.7741715828125
0 0.5354615109374999 0.7732129578125 0.35664888281249996 0.7709253234375 0.347690859375 0.9105144484375 0.5178344625 0.9129531875 0.5354615109374999 0.7732129578125
0 0.7067027390625 0.7810369406250001 0.5338083484375 0.7764844 0.5240304640625 0.9063599343750001 0.6927292296875 0.9088238562500001 0.7067027390625 0.7810369406250001
0 0.6969248593749999 0.9109124765625 0.711818990625 0.971181915625 0.9209343359375 0.9685943453125001 0.936628209375 0.7763364609375001 0.7051884625 0.7821442109375 0.6969248593749999 0.9109124765625