0 0.728 1 0.736 0.8613333328125 0.554 0.8106666671875 0.548 0.8213333328125 0.54 0.9466666671875 0.696 1 0.728 1
0 0.97 1 0.976 0.9333333328125001 0.966 0.9173333328125001 0.9019999999999999 0.9013333328125 0.8300000000000001 0.8826666671875 0.75 0.8640000000000001 0.738 0.8960000000000001 0.738 0.9306666671875 0.742 1 0.97 1
0 0.738 0.6693333328125 0.734 0.6906666671874999 0.564 0.6559999999999999 0.5559999999999999 0.6559999999999999 0.5519999999999999 0.8106666671875 0.736 0.8586666671875 0.75 0.7093333328125 0.75 0.6906666671874999 0.746 0.6719999999999999 0.738 0.6693333328125
0 0.828 0.8826666671875 0.9 0.8986666671875 0.966 0.9173333328125001 0.986 0.7546666671875 0.976 0.7386666671875 0.76 0.6986666671874999 0.746 0.8213333328125 0.742 0.8613333328125 0.762 0.8640000000000001 0.828 0.8826666671875
0 0.976 0.7386666671875 0.9960000000000001 0.5626666671875 0.9800000000000001 0.5573333328125 0.8119999999999999 0.5386666671875 0.768 0.5333333328125 0.754 0.6266666671875 0.754 0.6933333328125 0.76 0.6986666671874999 0.976 0.7386666671875
0 1 0.37066666718749997 0.852 0.36 0.776 0.3573333328125 0.76 0.5306666671875 0.766 0.536 0.992 0.5599999999999999 1 0.504 1 0.37066666718749997
0 0.6639999999999999 0.3493333328125 0.774 0.3573333328125 0.8779999999999999 0.3573333328125 0.884 0.3066666671875 0.892 0.1786666671875 0.794 0.1813333328125 0.67 0.1866666671875 0.6639999999999999 0.3493333328125
0 0.54 0.504 0.5780000000000001 0.512 0.76 0.5306666671875 0.776 0.3573333328125 0.662 0.3493333328125 0.548 0.344 0.542 0.41333333281250006 0.54 0.504
0 0.546 0.6533333328125 0.562 0.6559999999999999 0.734 0.6906666671874999 0.738 0.6666666671875 0.748 0.5306666671875 0.558 0.5066666671875 0.548 0.584 0.546 0.6533333328125
0 0.508 0.9359999999999999 0.512 0.9279999999999999 0.518 0.7493333328125 0.32599999999999996 0.7333333328125 0.32599999999999996 0.9199999999999999 0.508 0.9359999999999999
0 0.53 0.6826666671875 0.534 0.6106666671875 0.538 0.5599999999999999 0.528 0.5413333328125 0.33399999999999996 0.5333333328125 0.32999999999999996 0.608 0.32999999999999996 0.6799999999999999 0.33199999999999996 0.728 0.52 0.7493333328125 0.524 0.7466666671875 0.53 0.6826666671875
0 0.414 0.37333333281250003 0.36 0.37066666718749997 0.32999999999999996 0.37066666718749997 0.32999999999999996 0.5306666671875 0.538 0.5386666671875 0.542 0.38133333281250004 0.414 0.37333333281250003
0 0.322 0.9039999999999999 0.32 0.7866666671875 0.172 0.776 0.16799999999999998 0.8373333328125 0.16999999999999998 0.8960000000000001 0.312 0.9146666671875 0.322 0.9039999999999999
0 0.16799999999999998 0.7306666671875 0.16799999999999998 0.776 0.322 0.7866666671875 0.322 0.7333333328125 0.322 0.6586666671875 0.16799999999999998 0.6453333328124999 0.16599999999999998 0.6853333328125 0.16799999999999998 0.7306666671875
0 0.32799999999999996 0.6106666671875 0.32999999999999996 0.5573333328125 0.32799999999999996 0.528 0.32599999999999996 0.5173333328124999 0.302 0.5146666671875 0.262 0.5173333328124999 0.21800000000000003 0.512 0.16799999999999998 0.512 0.16799999999999998 0.648 0.324 0.6586666671875 0.32799999999999996 0.648 0.32799999999999996 0.6106666671875
0 0.26 0.5173333328124999 0.302 0.5146666671875 0.32799999999999996 0.5173333328124999 0.32999999999999996 0.368 0.266 0.36266666718749996 0.162 0.36266666718749996 0.162 0.46399999999999997 0.162 0.5066666671875 0.21800000000000003 0.512 0.26 0.5173333328124999
0 0.358 0.368 0.362 0.20800000000000002 0.244 0.1973333328125 0.142 0.1893333328125 0.144 0.3573333328125 0.162 0.36 0.266 0.36266666718749996 0.32999999999999996 0.368 0.358 0.368
0 0.548 0.3413333328125 0.5519999999999999 0.3413333328125 0.55 0.2213333328125 0.43600000000000005 0.21600000000000003 0.376 0.21600000000000003 0.362 0.2106666671875 0.358 0.37066666718749997 0.544 0.38133333281250004 0.548 0.3413333328125
0 0.43600000000000005 0.21600000000000003 0.44400000000000006 0.21600000000000003 0.45 0.064 0.438 0.0426666671875 0.244 0.0346666671875 0.244 0.1973333328125 0.362 0.20800000000000002 0.376 0.21600000000000003 0.43600000000000005 0.21600000000000003
0 0 0.3466666671875 0.03 0.3466666671875 0.028000000000000004 0.2693333328125 0.018 0.264 0 0.264 0 0.3466666671875
0 0.06999999999999999 0.3493333328125 0.064 0.2666666671875 0.044 0.264 0.028000000000000004 0.2693333328125 0.03 0.3493333328125 0.048 0.3493333328125 0.06999999999999999 0.3493333328125
0 0.08199999999999999 0.4266666671875 0.092 0.42133333281249996 0.08399999999999999 0.3493333328125 0.052000000000000005 0.3493333328125 0.05600000000000001 0.42933333281249997 0.066 0.43200000000000005 0.08199999999999999 0.4266666671875
0 0.022 0.4373333328125 0.04 0.4346666671875 0.05600000000000001 0.43200000000000005 0.052000000000000005 0.3493333328125 0 0.3493333328125 0.002 0.4373333328125 0.022 0.4373333328125
0 0 0.512 0.02 0.52 0.046 0.5146666671875 0.078 0.504 0.078 0.496 0.076 0.43200000000000005 0.054000000000000006 0.43200000000000005 0.04 0.4346666671875 0.022 0.44000000000000006 0 0.4373333328125 0 0.512
0 0.078 0.47466666718750006 0.09 0.47466666718750006 0.1 0.4693333328125 0.122 0.46399999999999997 0.118 0.38133333281250004 0.088 0.38133333281250004 0.092 0.4186666671875 0.08199999999999999 0.4266666671875 0.076 0.43200000000000005 0.078 0.47466666718750006
0 0.11000000000000001 0.5626666671875 0.10600000000000001 0.496 0.08 0.49066666718749996 0.078 0.504 0.052000000000000005 0.5146666671875 0.054000000000000006 0.5893333328125 0.11000000000000001 0.5626666671875
0 0.10600000000000001 0.496 0.11000000000000001 0.5626666671875 0.126 0.5493333328125 0.122 0.46399999999999997 0.1 0.472 0.09 0.47466666718750006 0.092 0.4933333328125 0.10600000000000001 0.496
0 0 0.6026666671875 0.028000000000000004 0.608 0.054000000000000006 0.5893333328125 0.052000000000000005 0.5146666671875 0.03 0.52 0 0.5146666671875 0 0.6026666671875