0 1 0.0184261 0.9238389171874999 0.011327721875 0.8840163625 0.38652845625 1 0.397338384375 1 0.0184261
0 0.483951275 0 0.487723078125 0.3678538953125 0.8779965421875 0.40422823125 0.9238389171874999 0.011327721875 0.8022996750000001 0 0.483951275 0
0 0.096571925 0 0.129216059375 0.3344402625 0.48355545468749994 0.3629002546875 0.48363984687499995 0 0.096571925 0
0 1 0.5222430265625 0.9682032796875 0.7550263140625 1 0.76157646875 1 0.5222430265625
0 1 0.3984691890625 0.8836459234375 0.3910591390625 0.8734584796875 0.40380527343750006 0.6144184187499999 0.3842273859375 0.6077512671874999 0.6894749453125 0.6149752015625001 0.7129742718750001 0.9685737187499999 0.75049563125 1 0.521688975 1 0.3984691890625
0 0.487723078125 0.3678538953125 0.479017390625 0.3624772984375 0.129216059375 0.3344402625 0.1622801640625 0.6570864875 0.6058990734374999 0.7121283578125001 0.61478885625 0.379696703125 0.487723078125 0.3678538953125
0 1 0.76157646875 0.9682032796875 0.7550263140625 0.8551221296874999 0.739921696875 0.8398413375 0.8708885328125 0.8353604718750001 0.9638051890625 0.9928867359375 0.9564682859375001 1 0.8694689406249999 1 0.76157646875
0 0.8505840656249999 0.7394987375000001 0.6149752015625001 0.7129742718750001 0.6073808296875 0.694005628125 0.6013610093749999 0.7117054 0.48790942031249995 0.701131465625 0.489114284375 0.966025840625 0.54123153125 0.9775044640624999 0.8190681390625001 0.9645640171875 0.833080640625 0.8976496718750001 0.8505840656249999 0.7394987375000001
0 0.18163728125 0.923672690625 0.484946659375 0.9610722 0.483371359375 0.7007085078124999 0.1577421 0.6566635296875 0.18163728125 0.923672690625
0 0.0692027125 0.39732501249999996 0.0559589625 0.3915254578125 0.030305132812500003 0.42565613124999996 0.027085296874999998 0.46503659218750004 0.0378536109375 0.64992139375 0.0929123015625 0.554751878125 0.0692027125 0.39732501249999996
0 0.0619787796875 0.37382568437499997 0.056329401562500006 0.386994775 0.0692027125 0.39732501249999996 0.0929123015625 0.554751878125 0.13847778125000001 0.4448684734375 0.122362565625 0.30641025312500003 0.0805014734375 0.37098683125 0.0619787796875 0.37382568437499997
0 0.1227330046875 0.3018795703125 0.1145826015625 0.1778593125 0.0451226875 0.2444288296875 0.030305132812500003 0.42565613124999996 0.0559589625 0.3915254578125 0.0619787796875 0.37382568437499997 0.075963409375 0.370563875 0.1227330046875 0.3018795703125
0 0.06510774375 0 0.0454931265625 0.23989814687500002 0.1145826015625 0.1778593125 0.0967099796875 0 0.06510774375 0