0 0 0.5020690984375 0.0339244375 0.49596651718749996 0 0.3674286453125 0 0.5020690984375
0 0 0.374604309375 0.031044303125 0.4954608859375 0.541081275 0.45255791875 0.6200537953125 0.33050599375 0.6202195046875 0.1251727265625 0.5340671796875001 0.091198346875 0 0.173522878125 0 0.374604309375
0 0.6775057062500001 0.32918309687499997 0.5861826265625 0.44311425312499997 0.5727977171874999 0.7165650859375 0.9467908515625 0.7254701609375 0.9653655078125001 0.4803426078125 0.9427335328125 0.3140627453125 0.6775057062500001 0.32918309687499997
0 0.040917271875 0.49570602812500003 0.10151108281250001 0.71369026875 0.517534259375 0.713311740625 0.5773017171875 0.5844159125 0.5850884 0.4454023734375 0.6265680734375 0.388694725 0.62279559375 0.32999524999999996 0.5480741109375 0.4522974296875 0.040917271875 0.49570602812500003
0 0 0.7377881281249999 0.0683577484375 0.7386247 0.10041685625 0.715978390625 0.040778934375 0.494689653125 0 0.5020455 0 0.7377881281249999
0 0 0.860175328125 0.0033731484375 0.8849582593750001 0.1357312671875 0.892817359375 0.10425288125000001 0.7131795234375 0.068081075 0.7365919484375001 0 0.7373886640625 0 0.860175328125
0 0.1376555109375 0.8966274875 0.50692976875 0.9039152484375 0.53873713125 0.90007443125 0.5611388374999999 0.7135261921875 0.5801818546875 0.5849215421875 0.5202760578125 0.712800996875 0.10480622656250001 0.7172450218749999 0.1376555109375 0.8966274875
0 0.5409255843749999 0.8954981859375 0.931868409375 0.9223998874999999 0.9467581859375 0.7259012593749999 0.565804884375 0.716825575 0.5409255843749999 0.8954981859375
0 0.570933353125 0.9920384390624999 0.886612521875 0.935005065625 0.9317271281249999 0.9242643578124999 0.93192755625 0.92161933125 0.5927680265624999 0.904599521875 0.570933353125 0.9920384390624999
0 0.5435153578125 0.9971458890625 0.5533010765624999 0.9244571921875 0.5376429046875 0.9023625515625 0.5129667125 0.9069592562500001 0.20786053125 0.8960553593749999 0.2091928125 0.9781365687499999 0.5435153578125 0.9971458890625
0 0.087029996875 1 0.1007409421875 0.9868755015625 0.195081271875 0.9880602875 0.1789333015625 0.90040180625 0.0035737359375 0.8864320031249999 0.0188184125 0.9984364953125 0.0231852265625 1 0.087029996875 1