0 1 0.2787524359375 0.8480000000000001 0.26900584843750003 0.828 0.3177387921875 0.82 0.4834308 0.8539999999999999 0.48148148125 1 0.48148148125 1 0.2787524359375
0 1 0.4834308 0.8320000000000001 0.4834308 0.818 0.6296296296875 0.8480000000000001 0.6588693953125 1 0.66276803125 1 0.4834308
0 1 0.6666666671875 0.8460000000000001 0.6608187140624999 0.8160000000000001 0.631578946875 0.792 0.6296296296875 0.778 0.7953216375000001 0.8119999999999999 0.8538011703124999 1 0.8596491234375 1 0.6666666671875
0 0.316 0.0077972703125 0.31 0.23001949375000003 0.666 0.2573099421875 0.678 0.03508771875 0.316 0.0077972703125
0 0.316 0.2319688109375 0.318 0.440545809375 0.6679999999999999 0.45808966875 0.6759999999999999 0.2573099421875 0.316 0.2319688109375
0 0.32599999999999996 0.440545809375 0.32999999999999996 0.6354775828125 0.658 0.6471734890625 0.67 0.46198830468749996 0.32599999999999996 0.440545809375
0 0.32999999999999996 0.8421052625 0.32799999999999996 0.9922027296874999 0.706 0.9941520468749999 0.712 0.847953215625 0.32999999999999996 0.8421052625
0 0.71 0.6491228062500001 0.7 0.6335282656250001 0.662 0.6296296296875 0.6599999999999999 0.6471734890625 0.316 0.6354775828125 0.32 0.8401559453124999 0.704 0.847953215625 0.71 0.6491228062500001
0 0 0.440545809375 0.27999999999999997 0.46198830468749996 0.308 0.4658869390625 0.302 0.2865497078125 0.282 0.2631578953125 0 0.25341130624999997 0 0.440545809375
0 0 0.62573099375 0.274 0.6413255359375001 0.296 0.631578946875 0.298 0.46783625781250004 0 0.44444444375 0 0.62573099375
0 0 0.83040935625 0.302 0.8460038984375 0.318 0.8284600390625 0.314 0.6354775828125 0.318 0.6296296296875 0.304 0.6296296296875 0.27799999999999997 0.643274853125 0 0.6276803125 0 0.83040935625
0 0 0.9922027296874999 0.324 0.9922027296874999 0.32599999999999996 0.8518518515625001 0.32 0.8421052625 0.316 0.8343079921875001 0.306 0.847953215625 0 0.8343079921875001 0 0.9922027296874999
0 0.86 0.08576998125 0.678 0.0818713453125 0.67 0.21637426875000002 0.858 0.2202729046875 0.86 0.08576998125
0 1 0.224171540625 0.774 0.2202729046875 0.77 0.348927875 0.8220000000000001 0.35087719375000004 0.826 0.3157894734375 0.8480000000000001 0.26900584843750003 1 0.27680311875 1 0.224171540625
0 0.8220000000000001 0.3528265109375 0.674 0.348927875 0.67 0.46978557500000007 0.818 0.47758284531250006 0.8220000000000001 0.3528265109375
0 0.712 0.651072125 0.71 0.7446393765625 0.78 0.7485380109374999 0.792 0.6276803125 0.82 0.6276803125 0.8220000000000001 0.57699805 0.6639999999999999 0.5672514625 0.662 0.6276803125 0.7 0.6335282656250001 0.712 0.651072125
0 0.82 0.4834308 0.818 0.47563352812500004 0.67 0.46978557500000007 0.6599999999999999 0.5692007796875 0.8240000000000001 0.5808966859375 0.834 0.4834308 0.82 0.4834308
0 0.766 0.3528265109375 0.774 0.21637426875000002 0.6679999999999999 0.21637426875000002 0.662 0.2573099421875 0.6799999999999999 0.2553606234375 0.67 0.35087719375000004 0.766 0.3528265109375
0 0.306 0.306042884375 0.316 0.30799220312500003 0.322 0.22612085781250002 0.314 0.22612085781250002 0.316 0.05458089687499999 0.156 0.046783625 0.158 0.2573099421875 0.282 0.2631578953125 0.306 0.2865497078125 0.306 0.306042884375