0 0.798718415625 0.066488171875 0.794344390625 0.129339571875 0.9184543093749999 0.11366786250000001 0.9214358421875 0.0907833203125 0.798718415625 0.066488171875
0 0.7061766015625001 0.0448135375 0.699402596875 0.14072524687500002 0.7924850343750001 0.12897146406249999 0.7968590625 0.0661200625 0.7061766015625001 0.0448135375
0 0.6336617578125 0.0304573140625 0.6201875109375 0.148517346875 0.6979691765625 0.13708791874999998 0.7061766015625001 0.0448135375 0.6336617578125 0.0304573140625
0 0.5358531203125 0.03456833125 0.518815784375 0.1653371375 0.57529268125 0.15639695781250001 0.6180578437500001 0.1648634484375 0.6332358250000001 0.033726534375 0.58159981875 0.02015028125 0.5358531203125 0.03456833125
0 0.46935037812499997 0.1790189703125 0.5183898515625 0.1686063578125 0.5354271875000001 0.0378375515625 0.4796874703125 0.0703984890625 0.46935037812499997 0.1790189703125
0 0.4258889671875 0.190535909375 0.467491021875 0.1786508625 0.47782811562500005 0.0700303796875 0.43409639375 0.098261528125 0.4258889671875 0.190535909375
0 0.47825404843749997 0.0667611625 0.4821192296875 0.01122145 0.4423920375 0.0102967890625 0.4345223265625 0.0949923078125 0.47825404843749997 0.0667611625
0 0.533993765625 0.034200221875 0.5350432796875 0.0124532703125 0.48209732499999997 0.011220939062500001 0.47782811562500005 0.0700303796875 0.533993765625 0.034200221875
0 0.41089133593750005 0.05677848125 0.4170241734375 0.0097063453125 0.34286380156249996 0.007980243750000001 0.339228359375 0.0358838171875 0.41089133593750005 0.05677848125
0 0.3417319390625 0.007953898437499999 0.2550997390625 0.0059375125 0.338220871875 0.02897726875 0.3417319390625 0.007953898437499999
0 0.3177679671875 0.024928078125 0.3028602984375 0.13935078437499998 0.397843021875 0.171569296875 0.41232475625 0.060415809375 0.3177679671875 0.024928078125
0 0.3024343640625 0.142620003125 0.3181939015625 0.021658857812499998 0.2513620109375 0.005850515625 0.23060312343749997 0.005367346875 0.21403719375 0.11841236562499999 0.3024343640625 0.142620003125
0 0.118202603125 0.0927322921875 0.21403719375 0.11841236562499999 0.23060312343749997 0.005367346875 0.115623365625 0.0026911640625 0.1089058265625 0.0908917515625 0.118202603125 0.0927322921875
0 0.52024920625 0.16897446562500001 0.503637803125 0.2964740515625 0.5639890296875001 0.30171507656249996 0.6016020625 0.305808021875 0.6176319109375 0.16813266875 0.5790113890625 0.1571331734375 0.52024920625 0.16897446562500001
0 0.45816141874999994 0.29417789375000003 0.5017784484375001 0.29610594375 0.5183898515625 0.1686063578125 0.46935037812499997 0.1790189703125 0.45816141874999994 0.29417789375000003
0 0.420122453125 0.2933541671875 0.45587612968749996 0.2970790046875 0.46892444375000003 0.18228819062499999 0.42732238906250003 0.1941732359375 0.420122453125 0.2933541671875
0 0.6016020625 0.305808021875 0.704718453125 0.3195155390625 0.7221407906249999 0.141873325 0.619761578125 0.1517865671875 0.6016020625 0.305808021875
0 0.726285434375 0.1393403234375 0.704718453125 0.3195155390625 0.8425810296874999 0.33004134375 0.8518778062499999 0.3318818859375 0.87185574375 0.13462435156250002 0.8615514828125 0.1258772625 0.726285434375 0.1393403234375
0 1 0.10896195156249999 0.9898060421875 0.10767254687500001 0.877704121875 0.1190144671875 0.851451871875 0.33515110625 1 0.35217298124999996 1 0.10896195156249999
0 1 0.3553652234375 0.8904983265625 0.34288138125 0.8609533 0.5550125828125 1 0.603341159375 1 0.3553652234375
0 0.768362453125 0.3287620015625 0.74408425 0.51510755 0.859519878125 0.551375253125 0.888638971875 0.342513271875 0.768362453125 0.3287620015625
0 0.67411690625 0.320164246875 0.6551055234375001 0.48072414218750004 0.74408425 0.51510755 0.768362453125 0.3287620015625 0.67411690625 0.320164246875
0 0.5978833531250001 0.30507180625 0.580149771875 0.45582404218750006 0.6532461703125 0.480356034375 0.67411690625 0.320164246875 0.5978833531250001 0.30507180625
0 0.5129345796875 0.29831459374999997 0.49488975625 0.42217685156250007 0.5475332484375001 0.44265965312500005 0.578560728125 0.438741725 0.5955980656250001 0.3079729171875 0.5639890296875001 0.30171507656249996 0.5129345796875 0.29831459374999997
0 0.4622732328125 0.4090124609375 0.4953156890625 0.4189076296875 0.511075225 0.29794648437500004 0.47861432343750004 0.298227084375 0.4622732328125 0.4090124609375
0 0.43852755156249995 0.40095783437500004 0.4622732328125 0.4090124609375 0.47675496875 0.29785897656250004 0.45401677500000004 0.29671089687499996 0.43852755156249995 0.40095783437500004
0 0.4096297390625 0.3885296609375 0.43852755156249995 0.40095783437500004 0.45401677500000004 0.29671089687499996 0.41969651875 0.2966233875 0.4096297390625 0.3885296609375
0 1 0.6092406390625 0.8134619375 0.5389033265625 0.786628134375 0.7448641968749999 0.973923290625 0.8590757390625001 1 0.6161814671875 1 0.6092406390625
0 0.6502727359375 0.6642123343749999 0.7740385828125 0.7390182171874999 0.798587096875 0.535958459375 0.671413784375 0.4873063390625 0.6502727359375 0.6642123343749999
0 0.5572640578125 0.6022027328124999 0.64512060625 0.6598387890625 0.66355043125 0.489103125 0.5731382843749999 0.45108238749999996 0.5572640578125 0.6022027328124999
0 0.48986041562500005 0.548615865625 0.5482375953124999 0.5836479812500001 0.5679861546875 0.4467088453125 0.5056199515625 0.4276547203125 0.48986041562500005 0.548615865625
0 0.44221343125 0.5190616203125 0.48800106093749995 0.5482477578125 0.5037605968750001 0.4272866125 0.45440987968749996 0.4108092484375 0.44221343125 0.5190616203125
0 0.403437290625 0.49461713906250004 0.44078001093749997 0.51542429375 0.45440987968749996 0.4108092484375 0.4143559359375 0.396172425 0.403437290625 0.49461713906250004
0 0.9661981984375 1 0.9827941328125 0.8641855015625 0.8361344734375 0.77478655 0.8086934734375 1 0.9661981984375 1
0 0.7011059078125 0.8889029718750001 0.810734090625 0.9843847468750001 0.8338491843750001 0.7776876609375 0.7245322453124999 0.7090958640625 0.7011059078125 0.8889029718750001
0 0.617664315625 0.8120197031249999 0.701531840625 0.885633753125 0.7245322453124999 0.7090958640625 0.6362497625 0.6547290265625 0.617664315625 0.8120197031249999
0 0.55483125 0.7526306140625 0.617664315625 0.8120197031249999 0.6358238296875001 0.657998246875 0.567568321875 0.6109498234374999 0.55483125 0.7526306140625
0 0.504309321875 0.5548299546875 0.488123853125 0.6790603187500001 0.5392192328125 0.7260649890625 0.5568052953125 0.722839525 0.56900174375 0.61458715 0.555404703125 0.6018346234374999 0.5575343687500001 0.5854885234375 0.504309321875 0.5548299546875
0 0.46840002187499996 0.537660128125 0.451477378125 0.638269734375 0.488123853125 0.6790603187500001 0.502024034375 0.557731065625 0.46840002187499996 0.537660128125
0 0.42800200781250003 0.6135008984375 0.449618021875 0.6379016265625 0.46840002187499996 0.537660128125 0.4444987203125 0.516160509375 0.42800200781250003 0.6135008984375
0 0.3970892203125 0.587259628125 0.42614265468749996 0.6131327890625 0.44035407656250003 0.5186935125 0.40673006718750004 0.498622575 0.3970892203125 0.587259628125
0 0.7409241265625 1 0.750341934375 0.9355395359375 0.634980065625 0.825508446875 0.6132574625 0.992238675 0.619384553125 1 0.7409241265625 1
0 0.55483125 0.7526306140625 0.5542496953125 0.7424548453125001 0.546386340625 0.7442516328125001 0.5313639828125 0.8888335359375 0.6081053296875 0.9878651296875001 0.629402 0.824404121875 0.55483125 0.7526306140625
0 0.488123853125 0.6790603187500001 0.47650896249999997 0.7974884609374999 0.5297749390625001 0.8717512187500001 0.5472382078125 0.7377131921875 0.488123853125 0.6790603187500001
0 0.428550734375 0.7410442390624999 0.4750755390625 0.7938511328125 0.4876979203125 0.682329540625 0.44260653593750005 0.6331599734375 0.428550734375 0.7410442390624999
0 0.3871780625 0.6926108906249999 0.42196518125000004 0.733033365625 0.43745440625 0.628786428125 0.3985226421875 0.5908969546875 0.3871780625 0.6926108906249999
0 0.34986816875 0.5544361624999999 0.3339530125 0.6619523203125001 0.3442572765625 0.6706994078124999 0.38644088593750003 0.6689901296875 0.39635204375 0.5636388703125 0.35687965625 0.559177815625 0.34986816875 0.5544361624999999
0 0.3601724328125 0.5631832515624999 0.3944926890625 0.5632707609375001 0.405681646875 0.4481118390625 0.3717873265625 0.44475510937499996 0.3601724328125 0.5631832515624999
0 0.3684945484375 0.4407496734375 0.40754100156249995 0.44847994687500004 0.411292540625 0.33184859218749996 0.37968350625 0.32559075000000004 0.3684945484375 0.4407496734375
0 0.3815428625 0.325958859375 0.410866609375 0.3351178140625 0.4239149234375 0.22032699843749998 0.3918799546875 0.217338378125 0.3815428625 0.325958859375
0 0.3224613375 0.14993841562500002 0.30755366875 0.2643611203125 0.38750593125 0.280189778125 0.397843021875 0.171569296875 0.3224613375 0.14993841562500002
0 0.2136112609375 0.1216815859375 0.2001370140625 0.23974161875000002 0.309413021875 0.2647292296875 0.32060198125 0.14957030625 0.2136112609375 0.1216815859375
0 0.0949237859375 0.12501263125 0.08772385 0.2241935609375 0.1007393328125 0.22677031875 0.198277659375 0.2393735109375 0.21031848281249999 0.1176761484375 0.1126245390625 0.0916279671875 0.0949237859375 0.12501263125
0 0.2810967640625 0.26247682499999997 0.2689003171875 0.37072919843749996 0.36558677500000003 0.38987082968750003 0.37820915624999996 0.27834923749999996 0.2810967640625 0.26247682499999997
0 0.189988371875 0.2444395171875 0.1857290375 0.27713171875 0.1787994125 0.359598440625 0.26289631875 0.3728940921875 0.2755187 0.2613725 0.189988371875 0.2444395171875
0 0.085012628125 0.2303638953125 0.077812690625 0.32954482343749997 0.082694509375 0.35063257812500004 0.1787994125 0.359598440625 0.189988371875 0.2444395171875 0.085012628125 0.2303638953125
0 0.2843567109375 0.3838498328125 0.2738639984375 0.4790253265625 0.347230709375 0.48684310937499997 0.3572974875 0.3949368375 0.2843567109375 0.3838498328125
0 0.20397851562499997 0.3712903953125 0.19135613437500001 0.482811990625 0.27444555312499996 0.4892010953125 0.28249735625 0.383481725 0.20397851562499997 0.3712903953125
0 0.080409221875 0.3535336890625 0.065657175 0.48140138437499996 0.187211490625 0.48534499374999995 0.1988263828125 0.3669168515625 0.080409221875 0.3535336890625
0 0.2752974203125 0.48266265468749997 0.27444555312499996 0.4892010953125 0.24756271718749998 0.49058601875 0.23579220156249997 0.595569171875 0.33317490625 0.594727375 0.34494541875 0.48974422031250003 0.2752974203125 0.48266265468749997
0 0.164047365625 0.4874661359375 0.1495656296875 0.59861961875 0.23579220156249997 0.595569171875 0.24756271718749998 0.49058601875 0.164047365625 0.4874661359375
0 0.0615125296875 0.4839343859375 0.0480382828125 0.6019944203125001 0.1402688546875 0.596779078125 0.1524653015625 0.4885267046875 0.0615125296875 0.4839343859375
0 0.2413702671875 0.596673496875 0.23002568750000002 0.6983874296875 0.3083889078125 0.6971337703125 0.3193075546875 0.5986890578125 0.2413702671875 0.596673496875
0 0.1518180890625 0.7130860796875 0.229173821875 0.704925871875 0.23951091249999998 0.5963053875 0.1625811140625 0.601196378125 0.1518180890625 0.7130860796875
0 0.1607217578125 0.6008282687500001 0.046178928125000004 0.6016263109375 0.04958639375 0.5754725515625 0.0390118203125 0.5834396703125 0.030810540625 0.66151466875 0.03415036875 0.7332221062500001 0.1491068671875 0.7192564109374999 0.1607217578125 0.6008282687500001