0 0.01 0.0048309171875000004 0.01 0.057971014062500006 0.13 0.053140096875 0.13 0.0048309171875000004 0.01 0.0048309171875000004
0 0.1366666671875 0.0048309171875000004 0.13333333281249998 0.053140096875 0.27 0.03864734375 0.27 0 0.1366666671875 0.0048309171875000004
0 0.27999999999999997 0.0048309171875000004 0.2833333328125 0.03864734375 0.4533333328125 0.0434782609375 0.46333333281250005 0.0048309171875000004 0.27999999999999997 0.0048309171875000004
0 0.48 0 0.4766666671875 0.0434782609375 0.7566666671875 0.048309178125000005 0.7566666671875 0.0048309171875000004 0.48 0
0 0.7633333328125 0.033816425 0.7433333328125 0.32367149687499996 0.9966666671875 0.3333333328125 0.9966666671875 0.024154589062500002 0.7633333328125 0.033816425
0 0.9966666671875 0.33816425156249996 0.8466666671875 0.32367149687499996 0.8266666671875 0.603864734375 0.9966666671875 0.6231884062499999 0.9966666671875 0.33816425156249996
0 0.63 0.32367149687499996 0.62 0.5797101453125 0.8133333328125 0.5990338171875 0.8366666671875 0.3333333328125 0.63 0.32367149687499996
0 0.4766666671875 0.048309178125000005 0.45999999999999996 0.3140096625 0.73 0.32367149687499996 0.7533333328125 0.053140096875 0.4766666671875 0.048309178125000005
0 0.4533333328125 0.294685990625 0.47000000000000003 0.0434782609375 0.22000000000000003 0.053140096875 0.2133333328125 0.27536231875 0.4533333328125 0.294685990625
0 0.45 0.30917874375 0.44333333281250004 0.5458937203125 0.61 0.570048309375 0.6266666671875 0.328502415625 0.45 0.30917874375
0 0.7066666671874999 0.8502415453125 0.72 0.5990338171875 0.44333333281250004 0.5507246375 0.43 0.7874396140625 0.7066666671874999 0.8502415453125
0 0.9966666671875 0.9082125609375 0.8133333328125 0.8695652171875 0.8033333328125 0.9951690828125 0.9966666671875 0.9951690828125 0.9966666671875 0.9082125609375
0 0.9966666671875 0.6231884062499999 0.73 0.5990338171875 0.7166666671875 0.845410628125 0.9933333328125 0.898550725 0.9966666671875 0.6231884062499999
0 0.6066666671875 0.82608695625 0.5933333328125 0.9951690828125 0.7866666671875 0.9951690828125 0.8 0.8695652171875 0.6066666671875 0.82608695625
0 0.5866666671874999 1 0.6 0.8212560390625001 0.43333333281249997 0.7874396140625 0.4166666671875 0.9951690828125 0.5866666671874999 1
0 0.41 0.9806763281249999 0.4166666671875 0.777777778125 0.2133333328125 0.7294685984375 0.2066666671875 0.9323671499999999 0.41 0.9806763281249999
0 0.41 1 0.41333333281250006 0.9758454109375 0.25666666718750003 0.9420289859375 0.2533333328125 0.9951690828125 0.41 1
0 0.24666666718750002 0.9951690828125 0.2533333328125 0.9468599031249999 0.1233333328125 0.9130434781250001 0.1166666671875 0.9951690828125 0.24666666718750002 0.9951690828125
0 0.11000000000000001 1 0.11333333281249999 0.9130434781250001 0.0066666671875 0.879227053125 0.0033333328125 0.9951690828125 0.11000000000000001 1
0 0.2033333328125 0.9323671499999999 0.2066666671875 0.739130434375 0.1766666671875 0.7294685984375 0.0066666671875 0.69082125625 0.0033333328125 0.8695652171875 0.2033333328125 0.9323671499999999
0 0.27999999999999997 0.5169082125 0.27 0.739130434375 0.42000000000000004 0.777777778125 0.43 0.5410628015625 0.27999999999999997 0.5169082125
0 0.2866666671875 0.2850241546875 0.2766666671875 0.5169082125 0.43666666718749997 0.5410628015625 0.44333333281250004 0.294685990625 0.2866666671875 0.2850241546875
0 0.1366666671875 0.2850241546875 0.13 0.4927536234375 0.27 0.5120772953125 0.2833333328125 0.2850241546875 0.1366666671875 0.2850241546875
0 0.013333332812500001 0.0628019328125 0.013333332812500001 0.27536231875 0.21000000000000002 0.2801932359375 0.21000000000000002 0.057971014062500006 0.013333332812500001 0.0628019328125
0 0.013333332812500001 0.2801932359375 0.0033333328125 0.4782608703125 0.13333333281249998 0.497584540625 0.13999999999999999 0.2850241546875 0.013333332812500001 0.2801932359375
0 0.13333333281249998 0.502415459375 0.12 0.710144928125 0.26 0.739130434375 0.27 0.5169082125 0.13333333281249998 0.502415459375
0 0.1266666671875 0.5072463765624999 0.0066666671875 0.4830917875 0.0066666671875 0.6859903375 0.11333333281249999 0.705314009375 0.1266666671875 0.5072463765624999
0 1 0.0048309171875000004 0.7666666671875 0 0.7666666671875 0.024154589062500002 1 0.014492753124999999 1 0.0048309171875000004