0 1 0.08264846718749999 0.9990653546875 0.0777597859375 0.90932578125 0.06993215781249999 0.907411178125 0.0800627796875 1 0.08768883125 1 0.08264846718749999
0 1 0.092165921875 0.9036952578124999 0.08491905625 0.927225696875 0.13808059374999998 1 0.1470180515625 1 0.092165921875
0 1 0.14717937187500002 0.921877259375 0.1397304546875 0.95131806875 0.214918828125 1 0.21757088281249998 1 0.14717937187500002
0 1 0.2149884234375 0.9361456562500001 0.21376913125 0.99784141875 0.3818278140625 1 0.381811478125 1 0.2149884234375
0 0.6785811078124999 0.1819212140625 0.650903784375 0.3298491984375 0.996040096875 0.3765534703125 0.9402835859374999 0.21408268437500003 0.6785811078124999 0.1819212140625
0 1 0.43104889531249996 0.9810364874999999 0.3774717046875 0.6387431968749999 0.3320104359375 0.5775892203125 0.6407853703125 1 0.7050444687499999 1 0.43104889531249996
0 0.7039751046875 0.10677769374999999 0.6895311890625 0.1817233921875 0.9425357953125 0.20808792656250003 0.911715675 0.132795034375 0.7039751046875 0.10677769374999999
0 0.918696628125 0.1343515890625 0.899388521875 0.08253756875 0.713632515625 0.057158549999999995 0.7038063 0.1047097625 0.918696628125 0.1343515890625
0 0.5271724140625 0.0399467375 0.4950240265625 0.08272376718749999 0.7024269890625 0.10460524375 0.71078949375 0.055915546875 0.5271724140625 0.0399467375
0 0.43706187500000004 0.14512371875000002 0.6798760171875 0.1809917671875 0.6983734625 0.10532565625000001 0.49364471718749997 0.0826192484375 0.43706187500000004 0.14512371875000002
0 0.43154463437499996 0.1447056484375 0.3850678515625 0.1966726375 0.6111059453125 0.21174563906250002 0.635478165625 0.3255976046875 0.6422903140625 0.3250862296875 0.677201796875 0.181816696875 0.43154463437499996 0.1447056484375
0 0.099674865625 0.545999684375 0.5696798453125 0.6278551921875 0.6397848984375 0.327979090625 0.3211086875 0.286362559375 0.099674865625 0.545999684375
0 0.506976953125 1 0.5729448781250001 0.634268021875 0.10966764531249999 0.5508671734374999 0.0538902796875 0.6358337109375001 0.0835069015625 0.9986523015625 0.10129232031249999 1 0.506976953125 1
0 0.05352313125 0.6313359593750001 0.1009697734375 0.5450702374999999 0.0453234890625 0.530886184375 0.05352313125 0.6313359593750001
0 1 1 1 0.711514553125 0.5775048171875 0.6397514046875 0.5130170015625 1 1 1
0 0.0450787234375 0.5278876828125 0.10209587656250001 0.5420728578125 0.3168019546875 0.2839810734375 0.02109170625 0.234034609375 0.0450787234375 0.5278876828125
0 0.3369607921875 0.195082440625 0.37842450625 0.19925194531249998 0.4207633546875 0.1469714015625 0.192868421875 0.10915115156249999 0.02109170625 0.234034609375 0.3137057265625 0.2796361734375 0.35049845468749996 0.2433764921875 0.3369607921875 0.195082440625
0 0.0090981984375 0.0871080734375 0.02289780625 0.22677296249999998 0.182424753125 0.11555276875 0.0090981984375 0.0871080734375
0 0.008975815625 0.08560882343750001 0.18476136406250002 0.1105919765625 0.2777970875 0.05804273125 0.09057736875 0.0315252265625 0.00762960625 0.06911706875 0.008975815625 0.08560882343750001
0 0.2011442828125 0.109778259375 0.42611179374999997 0.14532154218749999 0.4853688546875 0.08199214218749999 0.277628284375 0.055974800000000005 0.2011442828125 0.109778259375
0 0.335532678125 0.026452715625 0.28038690625 0.056183834375 0.4813153265625 0.082712553125 0.516306734375 0.041178525 0.335532678125 0.026452715625
0 0.14259803437500002 0.0138881453125 0.0921254828125 0.033697674999999996 0.276333375 0.056904246874999995 0.32587750625 0.025721090624999998 0.14259803437500002 0.0138881453125