0 0.3809872015625 0.20731261406249998 0.265813528125 0.2032906765625 0.185374771875 0.2095063984375 0.12321755000000001 0.2204753203125 0.11809872031249999 0.2263254125 0.14113345625 0.43363802656250006 0.24789762343750002 0.4354661796875 0.38756855625000003 0.42778793437499996 0.3809872015625 0.20731261406249998
0 0.5063985375 0.43729433125000006 0.41389396874999995 0.43802559375000005 0.39488117031250003 0.4288848265625 0.24826325468750002 0.43765996406249996 0.2672760515625 0.6314442421875001 0.39085923125 0.6376599640625 0.51407678125 0.6361974406249999 0.5063985375 0.43729433125000006
0 0.40402193750000004 0.8138939687500001 0.40182815468750005 0.6383912234375 0.39085923125 0.6391224859375 0.265813528125 0.632541134375 0.2647166359375 0.6065813515625 0.1967093234375 0.6073126140625 0.16672760625 0.6292504578125 0.1824497265625 0.797806215625 0.19122486249999998 0.8051188296875 0.40402193750000004 0.8138939687500001
0 0.51882998125 0.9978062156249999 0.5221206578124999 0.840219378125 0.41133455156250004 0.832541134375 0.40840950625000005 0.8266910421875 0.40694698437500004 0.814990859375 0.2855575859375 0.810968921875 0.27531992656250004 0.8274223046875001 0.28848263125 0.9857404015625001 0.42400000000000004 0.998 0.51882998125 0.9978062156249999
0 0.2862888484375 0.810237659375 0.1926873859375 0.8076782437500001 0.1762340046875 0.7934186484375 0.1703839125 0.8007312625 0.002193784375 0.793784278125 0.0007312625 0.933820840625 0.2819012796875 0.9462522859375 0.28519195625 0.9422303484375 0.27531992656250004 0.8266910421875 0.2862888484375 0.810237659375
0 0.1784277875 0.7941499078125 0.1656307125 0.6266910421875 0.1886654484375 0.6054844593750001 0.001462521875 0.6032906765625 0.0007312625 0.7934186484375 0.1711151734375 0.8003656296875 0.1784277875 0.7941499078125
0 0 0.43769434843750005 0.0002446046875 0.43741007187500003 0.126 0.43856115156250003 0.1397385734375 0.4338809 0.11592260624999999 0.22684436406250003 0 0.223372028125 0 0.43769434843750005
0 0.24898511562499998 0.4465493921875 0.13450609062500002 0.44546684843750006 0.001623815625 0.44411366875 0.000541271875 0.601623815625 0.2635994578125 0.605142084375 0.24898511562499998 0.4465493921875
0 0.560078278125 0.4375733859375 0.6461839546875 0.43522504843750004 0.662622309375 0.43170254375 0.6708414874999999 0.20313111562500002 0.6544031312499999 0.19608610625 0.5463796484375 0.19099804375 0.42152641874999996 0.19608610625 0.3819960859375 0.20469667343750003 0.3898238734375 0.427397259375 0.4172211359375 0.43639921875 0.560078278125 0.4375733859375
0 0.5816046953125 0.1921722125 0.58082191875 0.1162426625 0.5647749515625 0.082974559375 0.5193737765625001 0.07984344374999999 0.451272015625 0.082974559375 0.407045009375 0.09236790624999999 0.41369862968750004 0.19726027343750002 0.4219178078125 0.1964774953125 0.5467710375 0.1898238734375 0.5816046953125 0.1921722125
0 0.3823874765625 0.204305284375 0.41369862968750004 0.196868884375 0.40743640000000003 0.104109590625 0.199217221875 0.11545988125 0.20743640000000002 0.2062622296875 0.2661448140625 0.2035225046875 0.3812133078125 0.2078277875 0.3823874765625 0.204305284375
0 0.99781021875 0.21021897812499998 0.68467153125 0.20255474375000002 0.673722628125 0.2094890515625 0.671167884375 0.42043795624999997 0.99781021875 0.4324817515625 0.99781021875 0.21021897812499998
0 0.7937956203125001 0.4419708015625 0.7854014593749999 0.4255474453125 0.671167884375 0.4208029203125 0.662773721875 0.43211678750000004 0.6470802921875001 0.4350364953125 0.5598540140625 0.437226278125 0.5138686140625001 0.43759124062500004 0.5215328453125 0.637591240625 0.767153284375 0.6547445265625 0.7861313859375 0.6474452562499999 0.7937956203125001 0.4419708015625
0 0.99744525625 0.6729927 0.99781021875 0.4335766421875 0.8412408765625001 0.42846715468749996 0.79744525625 0.433211678125 0.7959854015625 0.6313868625 0.7996350359375 0.6580291984375 0.99744525625 0.6729927
0 0.4142335765625 0.8335766421875 0.6485401453125 0.8485401453125 0.657664234375 0.8357664234375 0.66350365 0.64817518125 0.5226277374999999 0.637591240625 0.5131386859375 0.63649635 0.4094890515625 0.63868613125 0.40109489062500003 0.6445255484375 0.4062043796875 0.8116788312500001 0.40912408750000007 0.8259124078125 0.4142335765625 0.8335766421875
0 0.7708029203125 0.8215328453125 0.676277371875 0.81350365 0.649270071875 0.84781021875 0.5273722625 0.8423357656249999 0.528 0.998 0.772 0.998 0.7770073 0.8430656937500001 0.7708029203125 0.8215328453125
0 0.998 0.8380000000000001 0.7854014593749999 0.8226277375000001 0.7791970796875 0.99781021875 0.998 0.998 0.998 0.8380000000000001
0 0.6773722625 0.64817518125 0.6733576640625001 0.8109489062499999 0.998 0.8380000000000001 0.998 0.6719999999999999 0.6773722625 0.64817518125