0 0 0.4017880359375 0.21123913593750002 0.41339893749999995 0.2365960625 0.26821992968749997 0.22885811718750002 0.2217997671875 0.037100159375000004 0.2116519640625 0 0.32150424375000003 0 0.4017880359375
0 0.3624588390625 0.39912691875 0.3683547734375 0.36987985156250003 0.419995653125 0.3707886234375 0.416794075 0.2307514328125 0.23912112031250002 0.23439803124999997 0.2296850109375 0.3945326234375 0.3624588390625 0.39912691875
0 0 0.6907074468750001 0.2717517984375 0.705714309375 0.2995584265625 0.7062036468749999 0.310473165625 0.59463681875 0.3251283546875 0.5892503312499999 0.35951396875 0.451003475 0.3643259640625 0.414964065625 0.3243014609375 0.4165174734375 0.22300588906250002 0.41473488437499995 0 0.400441871875 0 0.6907074468750001
0 0.7219966578125 0.1367811078125 0.7306055375 0.1617679171875 0.7528420984374999 0.129421778125 0.7259879578125 0.0025148859375 0.366970421875 0.0074857125 0.35707699375 0.0964929546875 0.354526815625 0.1901449375 0.36921331875 0.1994344109375 0.4350582625 0.1983353859375 0.44008326249999996 0.190521671875 0.47399882812499994 0.1899896359375 0.4845876984375 0.1405053546875 0.7219966578125 0.1367811078125
0 0.888441734375 0.09794170937499999 0.7472720328125 0.0965862984375 0.7526917234375 0.130548009375 0.732591725 0.1618028703125 0.879419240625 0.165515603125 0.8913050531250001 0.15104935625 0.888441734375 0.09794170937499999
0 0.8788115453125 0.0955144828125 0.8655661640625001 0.0456107703125 0.7379990265624999 0.0467524890625 0.7474224078125 0.0954600671875 0.8788115453125 0.0955144828125
0 0.6232636546875 0.1903586265625 0.63518078125 0.19056834375 0.7312696640625 0.1866149171875 0.7324413515625 0.1629291 0.7219966578125 0.1367811078125 0.4845876984375 0.1405053546875 0.47399882812499994 0.1899896359375 0.6232636546875 0.1903586265625
0 0.62296290625 0.19261109062499998 0.44008326249999996 0.190521671875 0.43307207343750004 0.198300434375 0.4239869515625 0.23652240156249998 0.419995653125 0.3707886234375 0.622104359375 0.36305653125 0.625143171875 0.3552078625 0.62296290625 0.19261109062499998
0 0.625594296875 0.35182916875000003 0.620118171875 0.363021578125 0.8187056296874999 0.3518408875 0.8234298796875 0.3462796359375 0.8125529859375 0.189174209375 0.6272360296875 0.19042853125 0.625594296875 0.35182916875000003
0 0.7306055375 0.1617679171875 0.7311192906249999 0.18774114687500001 0.8127033609375 0.1880479765625 0.8113813015625 0.2128600234375 0.8948011859375 0.21432803749999998 0.8855281796875 0.164494228125 0.7306055375 0.1617679171875
0 0.894951559375 0.21320180625 0.8133674890625 0.212894975 0.8243008140624999 0.3248462828125 0.8234298796875 0.3462796359375 0.9152456375 0.344508765625 0.9335411375 0.32676868125 0.9226078125000001 0.21481737500000003 0.894951559375 0.21320180625
0 0.8697202296875 0.05923040625 0.8788115453125 0.0955144828125 0.888592109375 0.09681547812499999 0.8912737390625001 0.13637339375 0.9278647375 0.10089322812499998 0.990105834375 0.10198853906250001 0.9964166656250001 0.00350938125 0.9125392265625001 0.006926671875 0.8697202296875 0.05923040625
0 0.8911233640624999 0.137499625 0.8916058031249999 0.14879689375 0.8855281796875 0.164494228125 0.8948011859375 0.21432803749999998 0.9828679125 0.2149347578125 0.990105834375 0.10198853906250001 0.9278647375 0.10089322812499998 0.8911233640624999 0.137499625
0 0.9336915140625001 0.3256424515625 0.917231825 0.34454371875 0.9485597046875001 0.34848165625 0.9679140234375 0.397363996875 0.971202996875 0.3969632234375 0.98287980625 0.21474915781249998 0.9227581875 0.21369114374999998 0.9336915140625001 0.3256424515625
0 0.586008190625 0.5588460546875 0.5933201265625 0.5488148296875 0.5620676046875 0.3653866453125 0.41800946562499997 0.37075366875000004 0.3665189609375 0.36871866875000003 0.3635114625 0.39124329687500004 0.3755349203125 0.5844929921875 0.497594621875 0.57986771875 0.50213718125 0.5607567343750001 0.586008190625 0.5588460546875
0 0.727447328125 0.543273040625 0.7991004609375 0.54340510625 0.8021079578125001 0.520880475 0.7545461234374999 0.3552273265625 0.5620676046875 0.3653866453125 0.5933201265625 0.5488148296875 0.5858578140625 0.5599722875 0.7056305765625 0.557564521875 0.727447328125 0.543273040625
0 0.9173822015624999 0.3434174875 0.8214436921875 0.3462446828125 0.8167194421874999 0.3518059359375 0.7585184984375 0.35529723281250003 0.8040941453125001 0.520915428125 0.807345959375 0.541292453125 0.9581145375 0.530399128125 0.96683963125 0.46505260625 0.9707291609375 0.4043573375 0.9484093281250001 0.3496078875 0.9173822015624999 0.3434174875
0 0.75455198125 0.7875876328125 0.9227451234374999 0.7803875765625 0.954774975 0.5405002609375 0.7272969515625001 0.5443992718749999 0.720135390625 0.553304265625 0.742753915625 0.771575721875 0.7283994781249999 0.7747097468749999 0.7288819156249999 0.786007015625 0.75455198125 0.7875876328125
0 0.7426035421875 0.7727019546875 0.719533890625 0.557809190625 0.5001509937499999 0.5607217828125 0.49928005937500003 0.582155134375 0.50275726875 0.7797699437500001 0.7283994781249999 0.7747097468749999 0.7426035421875 0.7727019546875
0 0.49822743437500006 0.5900387546875 0.3251283546875 0.5892503312499999 0.3103227921875 0.5957630515625 0.294539621875 0.7885234078125001 0.3003478109375 0.789754496875 0.49758189374999995 0.7887098906250001 0.49822743437500006 0.5900387546875
0 0.603300965625 0.7871836890624999 0.2653796203125 0.798170153125 0.22568717968750002 0.8121470609375001 0.2075231328125 0.963097040625 0.6358755484375 0.945799828125 0.6279184078125 0.7966479265624999 0.603300965625 0.7871836890624999
0 0.9244305609374999 0.7826749921875 0.6502175968749999 0.7936537109375 0.62806878125 0.7955216953125 0.634309171875 0.9277102171875 0.6578739875 0.945058075 0.9027452625000001 0.9301763703124999 0.9244305609374999 0.7826749921875