0 0.4566382078125 0 0.4528401890625 0.031878742187499996 1 0.087221240625 1 0.041580034375000005 0.5218304703125 0 0.4566382078125 0
0 1 0.0871776453125 0.42506765468749996 0.028419978125000002 0.415311075 0.2958168953125 1 0.34844878125 1 0.0871776453125
0 1 0.351619321875 0.4064502296875 0.296090140625 0.4096186859375 0.547910875 1 0.6069152359375 1 0.351619321875
0 1 0.6085889140625 0.5661115390625 0.569869025 0.5582404578125 0.8019421875000001 1 0.8511832109374999 1 0.6085889140625
0 1 0.8472592796875 0.5632933390625 0.8023815703125001 0.56296899375 0.999508453125 0.5686217734375 1 1 1 1 0.8472592796875
0 0.06974146718749999 0.9546463265625 0.5305674046875 0.99669091875 0.55432856875 0.9987571109375001 0.5493064078125001 0.8063840921875001 0.057785739062499994 0.77094938125 0.06974146718749999 0.9546463265625
0 0.058297128125 0.52571116875 0.0654382671875 0.7674397953125001 0.546962990625 0.7957427578125 0.5459915328125 0.5629006734375 0.058297128125 0.52571116875
0 0.40247754999999996 0.30618225 0.3899551625 0.298830809375 0.0394685171875 0.2579056546875 0.035166009375 0.50289735625 0.0366093578125 0.5235382046875 0.38819885625 0.542917009375 0.40247754999999996 0.30618225
0 0.043997817187499996 0 0.0394685171875 0.2579056546875 0.3939644515625 0.28665436875 0.38345460625 0.020626421875000002 0.1504550453125 0 0.043997817187499996 0
0 0.057015606249999996 0.5266434859375 0.036620721875 0.52370071875 0.053581078125 0.76624510625 0.0704911453125 0.7678791765625 0.057015606249999996 0.5266434859375
0 0.39394614843750003 0.287696534375 0.41913733750000004 0.2940621 0.42067401562500006 0.062481875 0.3903567375 0.059845584375000004 0.39394614843750003 0.287696534375