0 1 0.28452855 0.9876656671875 0.292302834375 0.9965428015625 0.472844134375 1 0.47283177500000007 1 0.28452855
0 0.7957058046875 0.455380521875 0.8105628390625 0.4360877375 0.9870635171875 0.45610645625 0.9835700046875001 0.28078239531250004 0.8146137375 0.26633229531249997 0.7957058046875 0.455380521875
0 0.625986728125 0.40824315625 0.798129165625 0.43623667343749994 0.8041303390625 0.25268765625 0.6358943312500001 0.23835468437500001 0.625986728125 0.40824315625
0 0.44814014531249996 0.3869201265625 0.4472885953125 0.39655061406250003 0.61040943125 0.427418815625 0.6237313265625 0.4089618265625 0.631914559375 0.242049265625 0.46706934999999994 0.2141569703125 0.44814014531249996 0.3869201265625
0 0.279380415625 0.1554138484375 0.2505201140625 0.333074671875 0.4348703203125 0.37173691875000003 0.44391319375 0.38514730468749997 0.46430419531249995 0.2289034734375 0.4499877125 0.18424316406250002 0.279380415625 0.1554138484375
0 0.7947016921875 0.45847355937499995 0.7931167015625 0.6416552859375 0.9877185265625 0.663532146875 0.9932121671875 0.6427166984375 0.9924471390624999 0.46132369375 0.8146005562499999 0.44000066406249994 0.7947016921875 0.45847355937499995
0 0.598398990625 0.6045634140625 0.784226390625 0.63478235625 0.7964627375 0.446820090625 0.6172123046875 0.416585240625 0.598398990625 0.6045634140625
0 0.4201159953125 0.5799130906250001 0.5962382046875 0.6042120296875 0.612475596875 0.4288402546875 0.4404277796875 0.3997766828125 0.4201159953125 0.5799130906250001
0 0.24631443593750002 0.3475869203125 0.22634444843749998 0.532120675 0.406278471875 0.5711502109375 0.42064702499999995 0.5821703281249999 0.436353390625 0.40454131562500006 0.426379746875 0.3768688421875 0.24631443593750002 0.3475869203125
0 1 0.6609052984375 0.9849320984375 0.66199358125 0.9682714734375001 0.6603697000000001 0.968868540625 0.8601878828125 1 0.8553454421875 1 0.6609052984375
0 0.776522115625 0.8375923500000001 0.96818495 0.8513931906250001 0.9688971171875 0.6615568828125 0.787259996875 0.6417883203125 0.776522115625 0.8375923500000001
0 0.5866203265625 0.8121380390624999 0.7750236484374999 0.8297505859375001 0.7853830625 0.6382267765625 0.602683884375 0.6139437421875 0.5866203265625 0.8121380390624999
0 0.4048673140625 0.7771544640625 0.5913570328125 0.7998830265625 0.5971689734375001 0.6184741203125 0.42117805312499995 0.584427565625 0.4048673140625 0.7771544640625
0 0.2246200765625 0.53509658125 0.1990985046875 0.732838275 0.3909351734375 0.7694616390625 0.40791632031249997 0.759197796875 0.4216144625 0.5877548546875 0.4088756671875 0.5748288859375 0.2246200765625 0.53509658125
0 1 0.8557514609375 0.9701198281250001 0.86256224375 0.9600361734374999 0.8609224578125 0.957254371875 1 0.986991465625 1 1 0.8628809015625001 1 0.8557514609375
0 0.9567310546875 1 0.95859565 0.8606882 0.7705707921875 0.8387954375 0.7640884421874999 0.8377412890624999 0.7594870953124999 1 0.9567310546875 1
0 0.7543855953125 1 0.760865603125 0.83287543125 0.5766312859375 0.809428196875 0.5631770328125 1 0.7543855953125 1
0 0.565284128125 1 0.57418665 0.8122869796875 0.3915241453125 0.7793263828125 0.3713282515625 0.9746778062500001 0.5169972171875 1 0.565284128125 1
0 0.17060127187500002 0.9311815125 0.35914175625 0.9802941437499999 0.39055670625 0.7737418546875 0.19953491406249999 0.7361655640625 0.17060127187500002 0.9311815125
0 0.1930525640625 0.735111415625 0.0368611234375 0.7033521234375 0.047694523437500004 0.9100657328124999 0.1679674046875 0.9361803999999999 0.1930525640625 0.735111415625
0 0.173863646875 0.4150422640625 0.23974921562499998 0.430098228125 0.25392631250000003 0.29455271562499996 0.18925536406250001 0.290548678125 0.173863646875 0.4150422640625
0 0.139009478125 0.561336034375 0.218238215625 0.5742200796875 0.2351437984375 0.43260562656249996 0.1631176734375 0.42089285781249997 0.139009478125 0.561336034375
0 0.10963354843749999 0.7117769890625001 0.198036446875 0.728323803125 0.21814360000000002 0.575290134375 0.1389148625 0.5624060875 0.10963354843749999 0.7117769890625001
0 0.056806314062499995 0.121107884375 0.041605199999999995 0.2930228078125 0.08072769375 0.303292428125 0.1620922890625 0.40770082343749997 0.18976511875 0.2765208453125 0.118725484375 0.1379719375 0.056806314062499995 0.121107884375
0 0.12799505312499998 0.5454341546875 0.1574868703125 0.41020821874999996 0.0785669109375 0.3029410453125 0.041605199999999995 0.2930228078125 0.025124665624999997 0.47940718593750004 0.025466710937499998 0.48593379687500005 0.039397045312500004 0.48977975156250003 0.12799505312499998 0.5454341546875
0 0.1305343046875 0.5415053234375 0.0437186140625 0.4904825171875 0.0259013171875 0.485414215625 0.0255881609375 0.4882512109375 0.0364274703125 0.6950775546875 0.1051227484375 0.7132143328125 0.1305343046875 0.5415053234375