0 0.08679529531249999 0.21529674999999998 0.07204603281250001 0.277899246875 0.149828821875 0.2826384328125 0.254531109375 0.28470582968749997 0.2647504984375 0.22057851875 0.08679529531249999 0.21529674999999998
0 0.3017600546875 0.15494966875 0.288175865625 0.2211811 0.3708765234375 0.22393435312499999 0.3833010765625 0.2248798625 0.487874034375 0.2281175109375 0.48852069374999996 0.222266265625 0.49563502968749995 0.1720637515625 0.48618619531249996 0.1583636921875 0.3017600546875 0.15494966875
0 0.5005518125 0.1559166453125 0.4899444296875 0.22355470312499998 0.5030178171874999 0.24697131875 0.521654646875 0.2483895828125 0.52242955 0.227206915625 0.6034478078125 0.2310122296875 0.602412065625 0.22621304375 0.6112077140625 0.1607972953125 0.5005518125 0.1559166453125
0 0.602412065625 0.22621304375 0.6050008765625 0.2311304171875 0.723422125 0.2366020109375 0.72665215625 0.1648622625 0.612760784375 0.160915484375 0.602412065625 0.22621304375
0 0.2678566359375 0.22081489687500003 0.2575079171875 0.28611245625000004 0.271874621875 0.2978265828125 0.2921938515625 0.2981927875 0.293099175 0.29000104375 0.3588454046875 0.290283975 0.3682931515625 0.2898228578125 0.3761834765625 0.23259885156250001 0.37074719218749996 0.2251046015625 0.2678566359375 0.22081489687500003
0 0.3833010765625 0.2248798625 0.37450542656249997 0.2902956125 0.49603281250000003 0.296003584375 0.499782346875 0.247905190625 0.489297771875 0.229405946875 0.3833010765625 0.2248798625
0 0.7328720453125 0.2644632453125 0.7320927921875 0.2290012140625 0.7257511828125 0.22969870781249999 0.72497519375 0.23672019843749997 0.5239826187500001 0.227325103125 0.5195853375 0.2671135671875 0.5147989749999999 0.2962516 0.5441779546875 0.2996674328125 0.633349553125 0.3005529453125 0.7222624875 0.30377895312500003 0.7283465203125 0.31958313125000004 0.7328720453125 0.2644632453125
0 0.7458171890624999 0.3032112859375 0.7438815625 0.377409721875 0.9736053703125 0.3819107203125 0.9725641906250001 0.306305659375 0.7458171890624999 0.3032112859375
0 0.605264978125 0.299595796875 0.5989288078125 0.37109916875 0.71760871875 0.37423026406250004 0.723686225 0.305067390625 0.605264978125 0.299595796875
0 0.5440486234375 0.3008376828125 0.5146696421875 0.29742185 0.48969120468750005 0.2967010796875 0.4803782265625 0.3667978234375 0.49021505625 0.3769871359375 0.5074281484375 0.37711696093749997 0.5098865406249999 0.369043409375 0.5941402671875 0.37191485156250004 0.6020295078125 0.3005296703125 0.5440486234375 0.3008376828125
0 0.3682931515625 0.2898228578125 0.29465224375 0.290119234375 0.2811973875 0.35518041718750004 0.4790838234375 0.3643391375 0.4865850671875 0.29646470156250004 0.3682931515625 0.2898228578125
0 0.1512525578125 0.2839268703125 0.14077450625000001 0.35039468125 0.2625605578125 0.3537621515625 0.270321553125 0.29770839375 0.2559548484375 0.2859942671875 0.1512525578125 0.2839268703125
0 0.051597471875 0.2787032921875 0.0365895453125 0.3436462859375 0.039695684375 0.3438826640625 0.057427190625 0.3534926703125 0.07451094999999999 0.3547927453125 0.073863203125 0.3464828140625 0.1392214375 0.350276490625 0.1481464203125 0.2836904921875 0.051597471875 0.2787032921875
0 0.511439609375 0.369161596875 0.5036797015625 0.43937653125000004 0.711013884375 0.4480741328125 0.7173500546875 0.3765707609375 0.511439609375 0.369161596875
0 0.7203268609375 0.3779773875 0.7150264328125 0.45427994531250004 0.8428954265625 0.4592904203125 0.8466427859375001 0.38286967656250004 0.7203268609375 0.3779773875
0 0.8483251875000001 0.38181761718749996 0.8443191640625001 0.460578859375 0.9768473656250001 0.465943903125 0.9774940234375 0.46009265781249997 0.9781352468750001 0.3834355359375 0.8483251875000001 0.38181761718749996
0 0.3698516578125 0.3607469234375 0.3589856109375 0.43072548125 0.48206606562500004 0.436551640625 0.48853265625000003 0.3780391953125 0.47740142187499995 0.365391196875 0.3698516578125 0.3607469234375
0 0.26087815625 0.3548142125 0.2501414421875 0.4236225203125 0.25428332187499997 0.42865808124999993 0.35587947343750004 0.43048910312500005 0.36816925624999997 0.361798984375 0.26087815625 0.3548142125
0 0.13909210624999999 0.35144674062500003 0.07684001093750001 0.347889440625 0.060149684375 0.4138844953125 0.24690597187500002 0.4245563921875 0.2593250875 0.3546960234375 0.13909210624999999 0.35144674062500003
0 0.038277384375 0.41340010312500003 0.0227521296875 0.48302409375 0.1269370921875 0.4897724859375 0.142591678125 0.41897824687499996 0.038277384375 0.41340010312500003
0 0.248329709375 0.42584482812499996 0.14427407812499998 0.41792618593749997 0.12849016093750001 0.48989067343750003 0.23267512343750002 0.49663906874999997 0.24522900781249998 0.496414328125 0.260107603125 0.4326415828125 0.248329709375 0.42584482812499996
0 0.358856278125 0.4318957296875 0.2808148296875 0.429497040625 0.2671013078125 0.49689872187499995 0.462917346875 0.5106202484375 0.4726183203125 0.43701275781250004 0.358856278125 0.4318957296875
0 0.47404205624999995 0.4383011953125 0.464341084375 0.5119086859374999 0.473142171875 0.5172988140625 0.5040742234375 0.5208328375 0.5049795453125 0.51264109375 0.5823743375 0.5208910265625 0.589227834375 0.4447066609375 0.47404205624999995 0.4383011953125
0 0.5923339734375 0.4449430375 0.5839274062500001 0.521009215625 0.70998466875 0.528242003125 0.715414428125 0.45076919843749996 0.5923339734375 0.4449430375
0 0.7445347453125 0.4565255296875 0.7393636484375 0.5316578359374999 0.9728413421875001 0.54470514375 0.9750356328124999 0.4681662109375 0.7445347453125 0.4565255296875
0 0.0490249734375 0.4862035515625 0.033499720312499995 0.555827540625 0.224785884375 0.56802425 0.23875806875 0.498282071875 0.0490249734375 0.4862035515625
0 0.24044046875 0.49723001250000004 0.2262096203125 0.569312690625 0.33958366562500003 0.5779404640625 0.35083770937500003 0.5044511609375 0.24044046875 0.49723001250000004
0 0.473142171875 0.5172988140625 0.462788015625 0.511790496875 0.35083770937500003 0.5044511609375 0.3411367359375 0.578058653125 0.4653822640625 0.5875137484375 0.473142171875 0.5172988140625
0 0.5837980734375 0.5221794640625 0.5048502140625 0.51381134375 0.496443646875 0.5898775234375 0.7120615890625 0.6086462484374999 0.71762068125 0.53000319375 0.5837980734375 0.5221794640625
0 0.71749135 0.5311734421875001 0.713614659375 0.6087644375 0.8440724625 0.6186922859374999 0.8466547484375001 0.5386426078125 0.71749135 0.5311734421875001
0 0.8482078171874999 0.5387607953125 0.84562553125 0.6188104765625 0.982683609375 0.6257003328125 0.9852658953125 0.5456506546875 0.8482078171874999 0.5387607953125
0 0.5879453921875 0.598020903125 0.5805745671875 0.6788862640625 0.704690765625 0.689511609375 0.7150383953125 0.6100528734374999 0.5879453921875 0.598020903125
0 0.4636998640625 0.588565809375 0.4520578265625 0.66556585625 0.5790214984375 0.6787680765624999 0.5863923234375 0.597902715625 0.4636998640625 0.588565809375
0 0.2650363484375 0.57226740625 0.2593446625 0.6095971828125 0.253652975 0.6469269578125 0.4505047578125 0.6654476687499999 0.4621467953125 0.58844761875 0.2650363484375 0.57226740625
0 0.11581238281249999 0.562091540625 0.101452203125 0.6353444671874999 0.2068022390625 0.6457217953125001 0.2256977328125 0.6447995625 0.2369517734375 0.571310259375 0.11581238281249999 0.562091540625
0 0.11581238281249999 0.562091540625 0.00644368125 0.5537685734375 0.0073095390625 0.6281802015625 0.0998991328125 0.635226278125 0.11581238281249999 0.562091540625
0 0.740152690625 0.6945704484374999 0.746235634375 0.696213453125 0.9806197390625 0.71523019375 0.9851463515625 0.67427148125 0.984107346875 0.626988771875 0.8454962015625 0.6199807234375 0.744546709375 0.612298459375 0.740152690625 0.6945704484374999
0 0.746235634375 0.696213453125 0.73691721875 0.6955043203125 0.7120681140625 0.6936133 0.703661546875 0.769679478125 0.8427911078125 0.78616770625 0.850291265625 0.7041320953125 0.746235634375 0.696213453125
0 0.5805745671875 0.6788862640625 0.4798837390625 0.668863503125 0.47444854062499997 0.67553043125 0.46862969843749996 0.7423528046875 0.6927900640625 0.7688521578125 0.70145529375 0.6904454828125 0.5805745671875 0.6788862640625
0 0.34191925156249997 0.6560042125 0.330794540625 0.728323265625 0.44999286875 0.740934540625 0.459823171875 0.6661568 0.34191925156249997 0.6560042125
0 0.22712146875 0.646088 0.2148316859375 0.71477811875 0.32781773593749997 0.7269166390625 0.3388131125 0.655767834375 0.22712146875 0.646088
0 0.20667290781249997 0.64689204375 0.0314347609375 0.6311962249999999 0.01966230625 0.6952053484375 0.21172554843750002 0.714541740625 0.22401533125 0.645851621875 0.20667290781249997 0.64689204375
0 0.9804904062500001 0.7164004421875 0.8517150015625001 0.7054205312499999 0.8442148453125 0.78745614375 0.9697547796875 0.7993699265624999 0.9804904062500001 0.7164004421875
0 0.011616546875 0.4137313921875 0.0492781984375 0.4130571734375 0.056003453125000005 0.35220423125 0.019117790625 0.34585695625 0.011616546875 0.4137313921875
0 0.0306468078125 0.48244478749999997 0.0055915671875 0.48053808125 0.00644368125 0.5537685734375 0.019522096875 0.5547638421875 0.0306468078125 0.48244478749999997
0 0.038406715625 0.41222985312500005 0.0117458765625 0.4125611453125 0.00546218125 0.469418684375 0.0056053109375 0.48171921875 0.0227521296875 0.48302409375 0.038406715625 0.41222985312500005