0 0.998 0.0533333328125 0.9699844953125 0.04754521875 0.7599069765625 0.049612403124999996 0.8095193796875 0.066149871875 0.7947906984374999 0.2170542640625 0.998 0.2186666671875 0.998 0.0533333328125
0 0.8102945734375 0.0671834609375 0.7599069765625 0.04754521875 0.5195969 0.0454780375 0.5459534875000001 0.0609819125 0.5397519375 0.222222221875 0.7893643421875 0.21808785625 0.8102945734375 0.0671834609375
0 0.5413023265625 0.0671834609375 0.52037209375 0.046511626562500005 0.277736434375 0.043410853124999996 0.2637829453125 0.0651162796875 0.2761860453125 0.22635658906249997 0.53587596875 0.222222221875 0.5413023265625 0.0671834609375
0 0 0.2293333328125 0.2699844953125 0.225322996875 0.2560310078125 0.066149871875 0.2754108515625 0.040310076562500005 0 0.0453333328125 0 0.2293333328125
0 0.0025426359375 0.2304909578125 0.0009922484375 0.382428940625 0.266108528125 0.373126615625 0.2537054265625 0.22739018125000002 0.0025426359375 0.2304909578125
0 0.258356590625 0.22739018125000002 0.27231007812499997 0.3762273890625 0.52037209375 0.3689922484375 0.52657364375 0.220155040625 0.258356590625 0.22739018125000002
0 0.53432558125 0.2211886296875 0.5242480625 0.3689922484375 0.7684341078125 0.3607235140625 0.785488371875 0.21808785625 0.53432558125 0.2211886296875
0 0.786263565625 0.21808785625 0.7676589140625001 0.3607235140625 0.998 0.352 0.998 0.2186666671875 0.786263565625 0.21808785625
0 0.7684341078125 0.3607235140625 0.7544806203125 0.48888888750000004 0.9746356578125001 0.47751937812499995 0.998 0.3573333328125 0.7684341078125 0.3607235140625
0 0.7544806203125 0.4 0.7529302312499999 0.363824290625 0.51727131875 0.375193796875 0.5149457359375 0.504392765625 0.74362790625 0.490956071875 0.7544806203125 0.4
0 0.5157209296875 0.370025840625 0.26145736406250003 0.379328165625 0.2699844953125 0.5095607234374999 0.5133953484375 0.504392765625 0.5157209296875 0.370025840625
0 0 0.44266666718750003 0.01262015625 0.52093023125 0.26688372031249996 0.5095607234374999 0.2575813953125 0.373126615625 0 0.38133333281250004 0 0.44266666718750003
0 0.04362790625 0.5188630484375001 0.06068217031249999 0.6439276484375 0.30641860468750004 0.6304909578125 0.3009922484375 0.5085271312499999 0.04362790625 0.5188630484375001
0 0.3033178296875 0.5085271312499999 0.3102945734375 0.6315245468749999 0.5397519375 0.616020671875 0.5420775203125 0.50232558125 0.3033178296875 0.5085271312499999
0 0.54362790625 0.5012919890624999 0.5413023265625 0.6191214484375 0.7637829453125 0.6067183468749999 0.773860465625 0.48785529531250005 0.54362790625 0.5012919890624999
0 0.998 0.47466666718750006 0.983162790625 0.4578811359375 0.9769612406249999 0.4806201546875 0.7761860453125 0.490956071875 0.766108528125 0.6077519390624999 0.9777364343749999 0.5953488375 0.998 0.49866666718749997 0.998 0.47466666718750006
0 0 0.6506666671875 0.059906976562500006 0.644961240625 0.0444031 0.52093023125 0 0.52 0 0.6506666671875
0 0 0.776 0.07075969062500001 0.763824290625 0.078511628125 0.7576227390625 0.0614573640625 0.644961240625 0 0.6533333328125 0 0.776
0 0.0622325578125 0.6418604640625001 0.077736434375 0.763824290625 0.3102945734375 0.7410852718750001 0.30486821875 0.629457365625 0.0622325578125 0.6418604640625001
0 0.3095193796875 0.6315245468749999 0.3133953484375 0.7379844953125 0.5382015499999999 0.7235142109375 0.5389767437499999 0.6170542640625001 0.3095193796875 0.6315245468749999
0 0.5389767437499999 0.6170542640625001 0.5389767437499999 0.7255813953125 0.7490542640625 0.7142118859375 0.7614573640625 0.60878553125 0.5389767437499999 0.6170542640625001
0 0.7614573640625 0.60878553125 0.7506046515625 0.7152454765625 0.9529302312500001 0.70387596875 0.9792868218749999 0.5943152453125 0.7614573640625 0.60878553125
0 0.74672868125 0.71627906875 0.74052713125 0.8134366937499999 0.9304496125 0.80413436875 0.9529302312500001 0.704909559375 0.74672868125 0.71627906875
0 0.5304496125 0.7255813953125 0.52967441875 0.8320413437499999 0.732 0.8175710593750001 0.74052713125 0.7173126609375 0.5304496125 0.7255813953125
0 0.5288992234375 0.7255813953125 0.3095193796875 0.7441860453125 0.3157209296875 0.8485788109374999 0.52812403125 0.829974159375 0.5288992234375 0.7255813953125
0 0.30641860468750004 0.7410852718750001 0.0630077515625 0.7689922484375 0.085488371875 0.8785529703125 0.31494573593749997 0.85684754375 0.30641860468750004 0.7410852718750001
0 0 0.8853333328125 0.07386046562500001 0.875452196875 0.0622325578125 0.7669250640625 0 0.776 0 0.8853333328125
0 0 0.976 0.079286821875 0.9736434109375001 0.06998449531249999 0.8775193781249999 0 0.8853333328125 0 0.976
0 0.072310078125 0.8785529703125 0.078511628125 0.9746770031249999 0.3002170546875 0.9560723515625 0.292465115625 0.8599483203125 0.072310078125 0.8785529703125
0 0.3157209296875 0.8465116265624999 0.31417054218749996 0.8558139546874999 0.2955658921875 0.8630490953125 0.30176744218749996 0.9498708 0.5102945734375 0.9364341093749999 0.5118449625 0.8351421203125 0.3157209296875 0.8465116265624999
0 0.5157209296875 0.8330749359375 0.5180465125 0.9250646 0.7226976734375 0.9147286828125001 0.7273488375 0.8227390187499999 0.5157209296875 0.8330749359375
0 0.73122480625 0.8196382421875 0.72657364375 0.90645995 0.9164961234375 0.8992248046875 0.9327751937500001 0.8062015499999999 0.73122480625 0.8196382421875