0 0.058874459375 0.26731601875 0.0469696953125 0.0151515140625 0.00151515 0.0064935046875 0.0025974046875 0.2705627734375 0.040476190625000005 0.28030303125 0.058874459375 0.26731601875
0 0.3142857140625 0.3127705640625 0.3142857140625 0.03354978125 0.29155844062499997 0.03138528125 0.292640690625 0.01839826875 0.045887445312500004 0.010822509375 0.06536796406249999 0.2748917734375 0.2655844140625 0.33008658125 0.3142857140625 0.3127705640625
0 0.65194805 0.0021645 0.2958874453125 0.009740259375000001 0.29805195 0.0238095234375 0.6064935046875 0.05194805 0.6508657999999999 0.03354978125 0.65194805 0.0021645
0 0.6432900453125 0.4036796546875 0.657359309375 0.0367965359375 0.6032467546875 0.0508658 0.3132034640625 0.0248917734375 0.31753246874999996 0.34199134062500003 0.609740259375 0.4036796546875 0.6432900453125 0.4036796546875
0 0.6530303046875 0 0.6541125546875 0.041125540625 0.9954545453125 0.0863636359375 0.9954545453125 0 0.6530303046875 0
0 0.9954545453125 0.49090909062500004 0.9954545453125 0.0863636359375 0.6790043265625 0.0551948046875 0.658441559375 0.06601731875 0.642207790625 0.411255409375 0.9954545453125 0.49090909062500004
0 0.0870129859375 0.5259740265625 0.0740259734375 0.26948051875 0.051298699999999996 0.28138528125 0.00151515 0.27164502343749997 0 0.5 0.06536796406249999 0.5367965359375 0.0870129859375 0.5259740265625
0 0.2872294359375 0.0216450234375 0.28290043125 0 0.0437229453125 0.009740259375000001 0.2872294359375 0.0216450234375
0 0.31861471875 0.308441559375 0.2709956734375 0.33008658125 0.0729437234375 0.2748917734375 0.0859307359375 0.5270562765625 0.3229437234375 0.62012986875 0.31861471875 0.308441559375
0 0.6411255406249999 0.4047619046875 0.31969696875000003 0.3463203453125 0.3229437234375 0.61904761875 0.61731601875 0.7207792234375 0.6411255406249999 0.4047619046875
0 0.657359309375 0.4145021640625 0.6216450234375 0.7251082265625 0.9954545453125 0.859090909375 0.9954545453125 0.4954545453125 0.657359309375 0.4145021640625
0 0.0967532453125 0.6655844140625 0.090259740625 0.5216450234375001 0.06536796406249999 0.5367965359375 0.00151515 0.4967532453125 0 0.71818181875 0.0783549765625 0.7532467546875 0.0967532453125 0.6655844140625
0 0.3370129859375 0.6720779234375 0.3348484859375 0.6504329 0.3348484859375 0.6244588734375001 0.0859307359375 0.5259740265625 0.09891775 0.6720779234375 0.1238095234375 0.58225108125 0.3370129859375 0.6720779234375
0 0.559090909375 0.9954545453125 0.6227272734375 0.9935064953125 0.6530303046875 0.7316017312499999 0.34134199062500004 0.6212121234375 0.33376623125 0.66991341875 0.43766233593750004 0.7034632046875 0.3878787859375 0.8982684000000001 0.559090909375 0.9954545453125
0 0.9954545453125 0.8545454546875 0.6530303046875 0.7316017312499999 0.6238095234375 0.9945887453125 0.9954545453125 0.9954545453125 0.9954545453125 0.8545454546875