0 0.022443525 0.129873409375 0.1575872984375 0.1605208125 0.1693939625 0.156034815625 0.15215586406249998 0.0053134 0.0186814765625 0.000652371875 0.0193948984375 0.055343224999999996 0.022443525 0.129873409375
0 0.32246549375 0.185276809375 0.4238020640625 0.17110196718749998 0.4134137765625 0.014436726562499998 0.150313278125 0.0052490546875 0.1693939625 0.156034815625 0.32246549375 0.185276809375
0 0.581797009375 0.17414483125 0.6655324625000001 0.169360778125 0.6617659203125 0.028425384375 0.57759495 0.02256226875 0.5087275390625 0.017765157812499998 0.449474359375 0.015695990625 0.45943981718750004 0.1629675609375 0.581797009375 0.17414483125
0 0.022443525 0.129873409375 0.0302828484375 0.3215224546875 0.1254540875 0.35203969062499996 0.1371518734375 0.3448919015625 0.1092718421875 0.151846878125 0.022443525 0.129873409375
0 0.1092718421875 0.151846878125 0.137260753125 0.3475536921875 0.2769570640625 0.391789253125 0.3848944828125 0.34356950625 0.372240621875 0.18078138125 0.32246549375 0.185276809375 0.1693939625 0.156034815625 0.157696178125 0.1631826046875 0.1092718421875 0.151846878125
0 0.41789873125000004 0.1733449671875 0.372240621875 0.18078138125 0.3844589671875 0.3329223359375 0.4308792296875 0.3441184671875 0.41789873125000004 0.1733449671875
0 0.569595628125 0.3643978984375 0.575172321875 0.354169521875 0.56576444375 0.173028046875 0.4595486984375 0.16562935625 0.41589466093749994 0.17320536875 0.4308792296875 0.3441184671875 0.569595628125 0.3643978984375
0 0.5752812015625001 0.356831315625 0.5835152421875 0.362713290625 0.7338205453125 0.3731831390625 0.75634508125 0.3375932234375 0.74970343125 0.17522389375 0.6655324625000001 0.169360778125 0.56576444375 0.173028046875 0.5752812015625001 0.356831315625
0 0.036924496875000004 0.4838917828125 0.1567978625 0.5320549484375 0.1314662984375 0.352458484375 0.0302828484375 0.3215224546875 0.036924496875000004 0.4838917828125
0 0.1567978625 0.5320549484375 0.2927037921875 0.5813348984375 0.294490103125 0.5761509125 0.2769570640625 0.391789253125 0.1371518734375 0.3448919015625 0.1314662984375 0.352458484375 0.1567978625 0.5320549484375
0 0.3848944828125 0.34356950625 0.2769570640625 0.391789253125 0.29470786250000003 0.5814744968750001 0.44843266875000004 0.62668724375 0.45590455468749996 0.6139366749999999 0.45947717812500005 0.6035687015625 0.5262443875 0.52593906875 0.513917165625 0.37113632343749997 0.3848944828125 0.34356950625
0 0.49734020156250003 0.3567105765625 0.4308792296875 0.3441184671875 0.38435008593750003 0.3302605453125 0.3848944828125 0.34356950625 0.4978846 0.37001953906249996 0.49734020156250003 0.3567105765625
0 0.513917165625 0.37113632343749997 0.52591775 0.5179536921875 0.6484927015624999 0.5344545468749999 0.639738103125 0.3692838265625 0.4972313234375 0.3540487859375 0.4977757203125 0.367357746875 0.513917165625 0.37113632343749997
0 0.7338205453125 0.3731831390625 0.641742171875 0.369423425 0.6506056515624999 0.5372559359375 0.8095805140625 0.5642549328124999 0.813370896875 0.55921054375 0.8128503390624999 0.3999218 0.8193423093750001 0.3632151 0.7925272328124999 0.34276778124999996 0.7583491515625 0.33773282187500003 0.7338205453125 0.3731831390625
0 0.036924496875000004 0.4838917828125 0.0673972375 0.64261270625 0.1810406296875 0.6850334921875 0.1567978625 0.5320549484375 0.036924496875000004 0.4838917828125
0 0.3031358234375 0.738659840625 0.3186239921875 0.7264676624999999 0.304945975 0.587496071875 0.2927037921875 0.5813348984375 0.1567978625 0.5320549484375 0.1810406296875 0.6850334921875 0.3031358234375 0.738659840625
0 0.4613042890625 0.794798953125 0.47245767812499995 0.7743422015625 0.4598038171875 0.611554078125 0.44843266875000004 0.62668724375 0.302833025 0.5846946828124999 0.3194950265625 0.7477620015625 0.4613042890625 0.794798953125
0 0.47267543593749994 0.7796657859375 0.63842466875 0.825716121875 0.6752839374999999 0.70088165 0.6707552375 0.541313709375 0.5278129421875 0.5154314984374999 0.45947717812500005 0.6035687015625 0.47267543593749994 0.7796657859375
0 0.6707552375 0.541313709375 0.6753928171875 0.7035434406250001 0.8043066187499999 0.728448465625 0.8095805140625 0.5642549328124999 0.6707552375 0.541313709375
0 1 0.12982810625000002 0.8235716484375001 0.12463097812499999 0.8173382374999999 0.3630755 1 0.3825716640625 1 0.12982810625000002
0 0.8294715421875001 0.3665748828125 0.83977429375 0.4230309109375 0.8337824828124999 0.5208192375 0.8331496046875 0.6030556015624999 0.849029053125 0.6492832578125001 0.9597973390625001 0.6702701078125 0.9776196546874999 0.4220160046875 0.9357961687499999 0.37663536875000003 0.8294715421875001 0.3665748828125
0 1 0.3825490296875 0.9618490875000001 0.3784501421875 0.9776196546874999 0.4220160046875 0.9597973390625001 0.6702701078125 0.9620191671875 0.6757332890625001 1 0.6844729593750001 1 0.3825490296875
0 0.8492025703125 0.7023795046875 0.84138020625 0.853124478125 0.8408562093749999 0.9380226374999999 0.9583988640625 0.9780608281250001 0.9786607703125 0.740593490625 0.9597973390625001 0.6702701078125 0.8470249796875 0.649143659375 0.8492025703125 0.7023795046875
0 0.0653931671875 0.6424731078125 0.088873778125 0.7768191046874999 0.194718646875 0.824005084375 0.1810406296875 0.6850334921875 0.0653931671875 0.6424731078125
0 0.17903655937500002 0.68489389375 0.194718646875 0.824005084375 0.318926790625 0.8804328234375 0.3228260515625 0.878050225 0.30969243281250003 0.7523875953125 0.3193861484375 0.745100209375 0.3186239921875 0.7264676624999999 0.3031358234375 0.738659840625 0.17903655937500002 0.68489389375
0 0.3098013140625 0.7550493890625 0.329927059375 0.9050869421875 0.46962337187500003 0.9493225031250001 0.4863534546875 0.9186373781249999 0.47267543593749994 0.7796657859375 0.46319948125000004 0.7922767578125 0.3193861484375 0.745100209375 0.3098013140625 0.7550493890625
0 0.6535471187499999 1 0.6464409515625 0.8262745140625001 0.63842466875 0.825716121875 0.48080059999999997 0.7828859718750001 0.477119096875 0.7905921515625 0.491885909375 0.9561816656250001 0.6307802296875 1 0.6535471187499999 1
0 0.8396641109375 1 0.8423601234375001 0.8770806109375 0.830577296875 0.735586825 0.8043066187499999 0.728448465625 0.6753928171875 0.7035434406250001 0.6483361421875 0.8237523187500001 0.65351811875 0.9992910125 0.655692559375 1 0.8396641109375 1
0 0.21922341250000002 0.934534546875 0.2089649 0.830305853125 0.082861565625 0.776400309375 0.101898515625 0.899819940625 0.2137555984375 0.947424715625 0.21922341250000002 0.934534546875
0 0.33969658125 1 0.3248301234375 0.8781898234375 0.2089649 0.830305853125 0.22209851875000003 0.955968484375 0.31581008593750004 0.9996550843750001 0.3207617015625 1 0.33969658125 1
0 0.475340559375 1 0.4716274421875 0.9494621015625 0.329927059375 0.9050869421875 0.3416809796875 1 0.475340559375 1
0 0.628377090625 1 0.491885909375 0.9561816656250001 0.4863534546875 0.9186373781249999 0.4739581515625 0.9575870765625 0.47728096249999996 1 0.628377090625 1
0 1 1 1 0.9893201953125 0.988677684375 0.9854783828125001 0.983407228125 0.905485015625 0.9672657828125001 0.9017064390625 0.95639479375 0.977921228125 0.84074733125 0.9353608437500001 0.8395442546874999 1 1 1
0 0.036924496875000004 0.4838917828125 0.0372264 0.49127244687499994 0.0484827609375 0.639821334375 0.062844696875 0.629024546875 0.036924496875000004 0.4838917828125
0 0.062844696875 0.629024546875 0.0484827609375 0.639821334375 0.056666946875 0.7478270625000001 0.0788976640625 0.72834845 0.062844696875 0.629024546875