0 0.6801731734375001 0.11838431406250001 0.40064322656250007 0.14300723906249999 0.40708152656249996 0.2855572046875 0.710800534375 0.2890912953125 0.7279293953125 0.281031184375 0.722461228125 0.17669234218750002 0.6801731734375001 0.11838431406250001
0 0.1008354953125 0.1550050796875 0.10439557656250001 0.282035134375 0.35020920312500003 0.28386300468750003 0.4048529875 0.282433990625 0.3993892140625 0.158479065625 0.3401844671875 0.1319794609375 0.1008354953125 0.1550050796875
0 0.09716417187500001 0.2819509890625 0.041758025 0.288533275 0.0566232078125 0.434278575 0.3522943140625 0.44184873125 0.346076971875 0.283814921875 0.09716417187500001 0.2819509890625
0 0.40398235312499997 0.2855211421875 0.34411913437499997 0.28585699999999997 0.3561558453125 0.436731528125 0.6528058703124999 0.443280646875 0.640660878125 0.29034 0.40398235312499997 0.2855211421875
0 0.710854675 0.2901243546875 0.642726996875 0.2903640421875 0.6535140875 0.43709432187499997 0.94782729375 0.43845410781250005 0.94111829375 0.2907388546875 0.72705875625 0.2841183359375 0.710854675 0.2901243546875
0 0.6723798296875 0.44247598125 0.681154946875 0.5902152734375 0.9641586562500001 0.5924758921875 0.9616901703125 0.44687484062499994 0.9498392718750001 0.4374450890625 0.6723798296875 0.44247598125
0 0.363712090625 0.44301401875 0.37542396093749997 0.5876902015625001 0.6709867859374999 0.593194240625 0.6650942859375 0.44135877656250005 0.363712090625 0.44301401875
0 0.08168729999999999 0.43973236250000003 0.0934533109375 0.5854416046875001 0.37341198750000004 0.58869921875 0.36365795 0.44198095937500004 0.08168729999999999 0.43973236250000003
0 0.08622190625000001 0.585357459375 0.0980961953125 0.733132815625 0.309002415625 0.7386842140625001 0.2990859625 0.5888667828124999 0.08622190625000001 0.585357459375
0 0.295932646875 0.587797665625 0.313134646875 0.7387322968750001 0.5226829734375 0.7380733312500001 0.519181421875 0.5924602546875 0.295932646875 0.587797665625
0 0.5214641015625 0.5966165265625001 0.531980490625 0.7381815171875 0.748435378125 0.73140834375 0.7422136421875 0.5929906140625001 0.5214641015625 0.5966165265625001
0 0.7560457640625 0.73872389375 0.9633114109375001 0.7339086531250001 0.9652458562499999 0.5935209703125001 0.74634586875 0.593038696875 0.7560457640625 0.73872389375
0 0.7528924531250001 0.7376547718750001 0.742237028125 0.7313362203125 0.6734011375 0.7377622359375 0.6886496953125001 0.8711228656250001 0.9633348015625 0.8722542625 0.96347383125 0.7370078265625 0.7528924531250001 0.7376547718750001
0 0.37919620625 0.7384685640625 0.398685278125 0.8739433906249999 0.682722046875 0.8762160328125 0.671389159375 0.7387712546875 0.37919620625 0.7384685640625
0 0.095051159375 0.7341298093749999 0.10807118281250001 0.8643672234374999 0.38449317031249997 0.878940390625 0.399176934375 0.8636248328124999 0.37821729375 0.7394896015625 0.095051159375 0.7341298093749999