0 0 0 0 0.385307346875 0.40599999999999997 0.3718140921875 0.48600000000000004 0.3793103453125 0.592 0.362818590625 0.622 0 0 0
0 0.592 0.364317840625 0.484 0.3793103453125 0.40599999999999997 0.3718140921875 0.006 0.3943028484375 0.002 0.48425787031249995 0.06999999999999999 0.7706146921875 0.572 0.685157421875 0.592 0.364317840625
0 1 0 0.622 0.0014992500000000001 0.592 0.364317840625 0.998 0.34482758593749996 0.998 0.0179910046875 1 0
0 0.592 0.364317840625 0.5740000000000001 0.6686656671875 0.916 0.6071964015625 0.966 0.34482758593749996 0.592 0.364317840625
0 1 0.3463268359375 0.9640000000000001 0.34482758593749996 0.9179999999999999 0.5952023984375 0.9339999999999999 0.60269865 1 0.5907046484375 1 0.3463268359375
0 0.322 1 0.544 0.9295352328125001 0.558 0.688155921875 0.06999999999999999 0.7706146921875 0.044 0.661169415625 0.036 0.6686656671875 0.064 0.8710644671875001 0.1 1 0.322 1
0 0.564 0.92653673125 0.874 0.8320839578125 0.9179999999999999 0.6071964015625 0.572 0.6686656671875 0.5740000000000001 0.6836581703125 0.5559999999999999 0.6896551718749999 0.546 0.9205397296875001 0.564 0.92653673125
0 1 0.589205396875 0.916 0.6086956515625 0.8779999999999999 0.815592203125 0.9 0.8335832078125 1 0.8020989500000001 1 0.589205396875
0 0.5519999999999999 1 0.5519999999999999 0.9415292359375 0.544 0.9280359812500001 0.322 1 0.5519999999999999 1
0 0.5519999999999999 0.9295352328125001 0.5559999999999999 0.99850075 0.85 0.99850075 0.876 0.8320839578125 0.5519999999999999 0.9295352328125001
0 0.9960000000000001 0.9520239875 1 0.79910045 0.9 0.8350824593749999 0.8779999999999999 0.8140929531250001 0.876 0.8305847078124999 0.85 0.99850075 0.8699999999999999 1 0.9960000000000001 0.9520239875