0 0.30561738125 0.0203011546875 0.004367498437500001 0.057637368749999994 0.0128460015625 0.1695271796875 0.329672909375 0.12115472499999999 0.30561738125 0.0203011546875
0 0.4756051265625 0 0.307584003125 0.020057415624999998 0.3299688234375 0.122645034375 0.4341998375 0.109726884375 0.6530868109375 0.08565250937499999 0.6442562078125 0 0.4756051265625 0
0 0.649355809375 0 0.662919925 0.08443381562499999 0.9526053203125 0.0515848484375 0.9423626328125 0 0.649355809375 0
0 0.43026659218749996 0.11021436250000001 0.012796467187499999 0.16887349062499998 0.0270491703125 0.35696473281249996 0.47148524218750004 0.2975058859375 0.43026659218749996 0.11021436250000001
0 0.92340189375 0.05673123906250001 0.4322332140625 0.1099706234375 0.4728600328125 0.294281528125 0.9330497890625 0.23724667500000002 0.92340189375 0.05673123906250001
0 0.36893084374999996 0.48123852500000003 0.320055278125 0.316273765625 0.027151765625 0.358318671875 0.0316983921875 0.4183199828125 0.0719707875 0.518043065625 0.36893084374999996 0.48123852500000003
0 0.320055278125 0.316273765625 0.37060155156249996 0.47950447656249995 0.6512367921875 0.44166922499999994 0.6242899953125 0.27551365 0.320055278125 0.316273765625
0 0.6341231109375001 0.27429495625 0.660478075 0.4374699125 0.6689363968750001 0.43947557656249997 0.9512423468750001 0.3999062765625 0.939541490625 0.239496078125 0.6341231109375001 0.27429495625
0 0.072266703125 0.519533375 0.062433589062499996 0.52075206875 0.11759127656249999 0.6666144203125 0.3675435125 0.6264740109375 0.5301813796875 0.6032630796875 0.5328261734375 0.5861384593750001 0.50206936875 0.461683675 0.072266703125 0.519533375
0 0.5220315125 0.460736596875 0.5410749203125 0.5667923125 0.5534849390625001 0.59884790625 0.9622465828125 0.54665995 0.9453424781249999 0.40063749218750005 0.5220315125 0.460736596875
0 0.1215245234375 0.6661269421875 0.1498955515625 0.7481218453125 0.1717564296875 0.7973299375 0.43124586249999997 0.754480525 0.4009761 0.622330453125 0.1215245234375 0.6661269421875
0 0.4052052625 0.623333284375 0.43714573124999995 0.7537493093750001 0.560451140625 0.7354131515625 0.7000813671875 0.7181077046875 0.6793488046875 0.5832486296875 0.4052052625 0.623333284375
0 0.6799406359375 0.5862292499999999 0.7040146125 0.717620228125 0.9681339109374999 0.6879398625 0.9569385468749999 0.550371784375 0.6799406359375 0.5862292499999999
0 0.43350840156250003 0.7557270953125 0.1661524765625 0.7995514625 0.1594696484375 0.8064876546875 0.2061505640625 0.9198069343749999 0.4131330109375 0.8865190875 0.5915038625 0.861358246875 0.5624177640625 0.7351694140625 0.43350840156250003 0.7557270953125
0 0.57028425625 0.734194459375 0.5951411921875 0.8593804609375001 0.974107578125 0.8093582749999999 0.9642006656250001 0.688427340625 0.57028425625 0.734194459375
0 0.4709791140625 1 0.471909578125 0.9998662421875 0.49068806093750006 0.992957928125 0.45866125156250004 0.8824034046874999 0.41116638749999995 0.8867628249999999 0.20054661093749998 0.922028459375 0.22875961562499997 1 0.4709791140625 1
0 0.45866125156250004 0.8824034046874999 0.49265468281249997 0.9927141890625 0.7336615515625 0.958263403125 0.7125467328124999 0.8417755203124999 0.45866125156250004 0.8824034046874999
0 0.7131385640625 0.8447561390624999 0.7356281734375 0.9580196640624999 0.835925940625 0.945588990625 0.9788975796875 0.9248154468750001 0.9746994093750001 0.81233889375 0.7131385640625 0.8447561390624999
0 0.22568767968749998 1 0.196021534375 0.91953531875 0.11961915625 0.9305314359375 0.1334128359375 1 0.22568767968749998 1
0 0.119323240625 0.9290411265625 0.2081171875 0.9195631953125 0.157207109375 0.8052410828125 0.0962418 0.8127969828125 0.119323240625 0.9290411265625
0 0.11818310937500001 0.6695950390625 0.0687216203125 0.674198196875 0.095945884375 0.8113066734375 0.1608444390625 0.8032632968750001 0.1658565609375 0.798061153125 0.1459623046875 0.748609321875 0.11818310937500001 0.6695950390625
0 1 0.8073842859375 0.9763701171875001 0.8106048453125 0.9780098328125 0.92034451875 1 0.917852521875 1 0.8073842859375
0 1 0.6814314671874999 0.9852416843749999 0.6827655953125 0.9705875781250001 0.6800008375 0.97863265625 0.8118514156250001 1 0.8086654031249999 1 0.6814314671874999
0 1 0.547912271875 0.9788673140625 0.54918096875 0.960279959375 0.5469036890625001 0.9686209546875 0.6802445765625 0.9838668953124999 0.685989953125 1 0.6839904531250001 1 0.547912271875
0 1 0.40273917656249997 0.9661923703124999 0.40416134374999996 0.9473091015625 0.4003937546875 0.962838415625 0.54964056875 0.9833923921875 0.5516741109375001 1 0.549615803125 1 0.40273917656249997
0 1 0.2902767859375 0.989002978125 0.234892921875 0.9434747359375001 0.2390086015625 0.9378707828125 0.2412301265625 0.9518341781249999 0.40288689531250005 0.966784203125 0.4071419640625 1 0.40302527499999996 1 0.2902767859375