0 0.16309686875 0.166056384375 0.09246784218750001 0.1709748515625 0.0876291390625 0.18273588125 0.101137278125 0.305456515625 0.1820889 0.32522497499999997 0.28040341406249997 0.3264350734375 0.27909686875 0.172812615625 0.25878235625 0.1761455 0.22509686874999998 0.1696674734375 0.16309686875 0.166056384375
0 0 0.49667445312499997 0.2515083640625 0.5099109765625001 0.2757099578125 0.4797080734375 0.2784034140625 0.3263185875 0.1821937375 0.32372572499999996 0.0281937375 0.314756246875 0 0.31979278125 0 0.49667445312499997
0 0 0.649547846875 0.0007100703125 0.6503553578125 0.094814909375 0.6543309828125 0.2514439359375 0.654421446875 0.2678632859375 0.6493563390625 0.2656132015625 0.509227134375 0 0.4965905828125 0 0.649547846875
0 0 0.68159566875 0.0087423984375 0.7652302796875 0.2512665875 0.7718289234375 0.250935909375 0.7191221859375 0.264718153125 0.69433385 0.2614439359375 0.6550038796875 0.249339096875 0.6558042093750001 0.0947100703125 0.655830234375 0 0.6503140015625 0 0.68159566875
0 0.20606841406249998 1 0.23383926718749998 0.934897753125 0.2345569671875 0.8671985125000001 0.2466537234375 0.8377959390624999 0.24042788437499998 0.7832404921875 0 0.7736453015625 0 0.994027475 0.14511425625000002 1 0.20606841406249998 1
0 0.66498395 0.1681915625 0.6839999999999999 0.0398384640625 0.27999999999999997 0.0163081421875 0.2816129765625 0.13683060625000001 0.66498395 0.1681915625
0 0.9901452468749999 0.199172903125 1 0.05824336718749999 0.686 0.03995495 0.66298395 0.16807507500000002 0.9901452468749999 0.199172903125
0 0.38115344218749997 0.378969146875 0.5351534421874999 0.387938625 0.6252582796875 0.391681278125 0.65898395 0.16784210156249998 0.28340329999999997 0.1399455953125 0.2811534421875 0.373144809375 0.38115344218749997 0.378969146875
0 0.62767763125 0.3858007625 0.9315727921875 0.40500599687500005 0.9875243015624999 0.2366541625 0.9900404093749999 0.20067215312500003 0.6628791109375001 0.169574325 0.62767763125 0.3858007625
0 0.280943765625 0.376143309375 0.281629365625 0.567363515625 0.5983632296875 0.5752736656249999 0.6272582796874999 0.3917977640625 0.280943765625 0.376143309375
0 0.9354679546875 0.40673822031249995 0.62967763125 0.38591725 0.5986777437499999 0.5707759140625 0.8832019328125 0.5798207796875 0.9354679546875 0.40673822031249995
0 0.285524528125 0.5690957390625 0.2839923703125 0.7345957125 0.5773552609375 0.732112521875 0.5943632296875 0.5750406921875 0.285524528125 0.5690957390625
0 0.8850970953124999 0.581436515625 0.59857290625 0.572275165625 0.5796697749999999 0.7277312578124999 0.8425084765624999 0.7309970171875 0.8850970953124999 0.581436515625
0 0.25072623437499997 0.7221206875 0.25297631875 0.8622498921874999 0.52708115625 0.876709325 0.544516559375 0.7422427375 0.5431455859375001 0.7331307484375 0.2838875328125 0.7360949640625 0.279968125 0.648556009375 0.25072623437499997 0.7221206875
0 0.550024696875 0.864497425 0.8028634 0.86718075 0.8424036390625 0.7324962671875 0.5773552609375 0.732112521875 0.5530407484375 0.7352124328125 0.5395972640625 0.8413097484375 0.550024696875 0.864497425
0 0.2384844578125 0.9833397109375 0.4989038078125 0.9924859859374999 0.51308115625 0.8758939171875 0.25297631875 0.8622498921874999 0.2487585625 0.836413175 0.2385569671875 0.8674314859375001 0.2384844578125 0.9833397109375
0 0.87274595 1 0.8766860515625 0.9888982343749999 0.7927585625 0.8680975671875 0.540024696875 0.8639149921874999 0.5139521859375 0.9783088890625 0.5201262703125 1 0.87274595 1