0 0.0942317015625 0 0.0880756875 0.038915228125 0.40101679843750004 0.091533690625 0.41388418125 0 0.0942317015625 0
0 0.414741440625 0 0.40365258437499996 0.090879525 0.8137877265625001 0.16086648125 0.8461881578125 0.0147430640625 0.747986228125 0 0.414741440625 0
0 1 0.0369214328125 0.8461881578125 0.0147430640625 0.8174192140625 0.16458995625 1 0.20035775625 1 0.0369214328125
0 1 0.200070075 0.8167581890625 0.16343265468749998 0.7579782015625 0.406946584375 1 0.44647939687499993 1 0.200070075
0 0.3964062546875 0.093999321875 0.368791134375 0.34860794375 0.7576435265625 0.4037262453125 0.8167581890625 0.16343265468749998 0.3964062546875 0.093999321875
0 0.048521778125 0.288955140625 0.362841890625 0.338192225 0.3950842015625 0.0916847171875 0.0872924421875 0.043866512499999996 0.048521778125 0.288955140625
0 0.3705943953125 0.3425446203125 0.047346909375 0.29638206718750004 0.02344975 0.44744788125 0.027569565624999997 0.5260586546875 0.340783084375 0.563012615625 0.3705943953125 0.3425446203125
0 0.37027636406250003 0.3498910296875 0.340783084375 0.563012615625 0.7124987078125 0.6197413046875 0.757815025 0.4079781015625 0.37027636406250003 0.3498910296875
0 1 0.45132081562500004 0.7624338921875 0.4107958421875 0.7118376828125 0.618584003125 0.9983833093750001 0.67478039375 1 0.6645604890625 1 0.45132081562500004
0 0.9674451015625 0.8703561671875001 0.9983833093750001 0.67478039375 0.7209122406249999 0.625251003125 0.6760355171875 0.8022194140625001 0.6841476640625 0.8256422671875001 0.9674451015625 0.8703561671875001
0 0.342766165625 0.566484521875 0.326761521875 0.7637055 0.6740774015625 0.8145976265625 0.7184313062500001 0.6195902765625 0.342766165625 0.566484521875
0 0.34094626093749997 0.5619810968750001 0.027440285937499996 0.52359184375 0.0382037171875 0.7289703609375 0.3244520890625 0.762296628125 0.34094626093749997 0.5619810968750001
0 0.327757221875 0.768083140625 0.0383622984375 0.7319962578125 0.047050960937500004 0.8977858046874999 0.31482795937499997 0.929855159375 0.327757221875 0.768083140625
0 0.3320414125 0.7676805421874999 0.31565216406249996 0.9299809453125001 0.6156556125 0.96719455 0.649880721875 0.9652011640625 0.684302515625 0.819327375 0.3320414125 0.7676805421874999
0 0.687118121875 0.8282084375000001 0.6545594453125 0.964928659375 0.9552551140625001 0.94741513125 0.967053478125 0.8728318093749999 0.687118121875 0.8282084375000001