0 0.1969161203125 0.3713606640625 0.18058525 0.4814154390625 0.34299876406249996 0.5133293390625 0.358741290625 0.4085462125 0.1969161203125 0.3713606640625
0 0.2166343015625 0.2672273453125 0.198903946875 0.37168556875 0.317291084375 0.399087371875 0.3330336109375 0.29430424374999997 0.2166343015625 0.2672273453125
0 0.17999690625 0.4866870859375 0.1654310671875 0.5809269203125 0.2801367203125 0.6050430890625 0.293597246875 0.5025708796874999 0.17999690625 0.4866870859375
0 0.1691125484375 0.5842125546875 0.155063678125 0.6919564109375 0.32174701875 0.7218842999999999 0.33719537499999996 0.6197369953125 0.1691125484375 0.5842125546875
0 0.1564631625 0.697552965625 0.145284634375 0.79771425625 0.264848459375 0.8145727656249999 0.2780148140625 0.714736378125 0.1564631625 0.697552965625
0 0.1413089796875 0.797064446875 0.1322610296875 0.859999303125 0.1558207875 0.8665339937500001 0.1623012390625 0.8810127328125 0.1819567171875 0.8681219421874999 0.21317361406250002 0.8785920765625 0.22392389218750003 0.8910848046875 0.23562806093750002 0.876894390625 0.26375181875 0.8788072453125 0.283781515625 0.9169718171874999 0.293720653125 0.91859634375 0.306298665625 0.8240316046875 0.1413089796875 0.797064446875
0 0.35384643125 0.7244469640625 0.33742684375 0.7083436984375 0.325499878125 0.7063942640625 0.323440675 0.7248450296875 0.2780148140625 0.714736378125 0.2665421140625 0.8175334953125001 0.38441228125000004 0.8314312749999999 0.397872809375 0.7289590640625 0.35384643125 0.7244469640625
0 0.3511101671875 0.622011334375 0.3394146703125 0.708668603125 0.354140603125 0.7218111421875 0.5032276687499999 0.7461790578125 0.5160998515624999 0.6489784937499999 0.3511101671875 0.622011334375
0 0.3975786390625 0.7315948875 0.38441228125000004 0.8314312749999999 0.4952136546875 0.836121959375 0.5052154953125 0.7465039625000001 0.3975786390625 0.7315948875
0 0.3861059375 0.8343920015625 0.3284589390625 0.8249697421875 0.321987159375 0.882957859375 0.334065546875 0.919822809375 0.344664403125 0.8974000203125 0.3608611953125 0.897363440625 0.3946542625 0.9028868343750001 0.40511036875000006 0.9180153843750001 0.420496021875 0.9071106062500001 0.45679388593750003 0.9264629281250001 0.4849176421875 0.9283757843749999 0.49720148281250004 0.8364468671875 0.3861059375 0.8343920015625
0 0.30523004062500003 0.507156134375 0.2900758578125 0.6066676171875 0.41074499375 0.6317585 0.421923521875 0.531597209375 0.30523004062500003 0.507156134375
0 0.2303890015625 0.1621193140625 0.21692847343750002 0.264591525 0.37617747343749997 0.30672381249999997 0.39361365625 0.2049014140625 0.2303890015625 0.1621193140625
0 0.245026215625 0.049103809375 0.22869534531250002 0.159158584375 0.3467883109375 0.18919620937499998 0.36194249375 0.089684728125 0.245026215625 0.049103809375
0 0.361648321875 0.09232055156249999 0.3467883109375 0.18919620937499998 0.46171675937499995 0.2294522234375 0.47716511562499997 0.12730492031250001 0.361648321875 0.09232055156249999
0 0.245026215625 0.049103809375 0.25695318125 0.0510532421875 0.40847366718749994 0.10802575625 0.4195915796875 0.0244384265625 0.24486658437500003 0.0142618546875 0.23840301406250003 0.0721764078125 0.245026215625 0.049103809375
0 0.3937737484375 0.31228378437500004 0.559280403125 0.3527549671875 0.568471103125 0.25226876875 0.4245363796875 0.2180073734375 0.4039983875 0.23880563437500002 0.3937737484375 0.31228378437500004
0 0.33502143906250004 0.2946291484375 0.3192789109375 0.399412278125 0.43567822031250003 0.42648917343750004 0.44884457656250004 0.3266527875 0.33502143906250004 0.2946291484375
0 0.40019149687500005 0.4180050515625 0.376854534375 0.4276102078125 0.3651590375 0.5142674781250001 0.3824611421875 0.5224632734375 0.535229690625 0.550116825 0.548396046875 0.4502804359375 0.40019149687500005 0.4180050515625
0 0.44855040468749996 0.3292886109375 0.43567822031250003 0.42648917343750004 0.548396046875 0.4502804359375 0.559574575 0.3501191453125 0.44855040468749996 0.3292886109375
0 0.421923521875 0.531597209375 0.41074499375 0.6317585 0.5240511625 0.650278115625 0.53493551875 0.5527526468749999 0.421923521875 0.531597209375
0 0.5742031171875001 0.1646367828125 0.5664832750000001 0.25194386406249997 0.5851848656249999 0.26573621406250003 0.65813746875 0.210562509375 0.6587971875 0.18651519218749998 0.6625413734375 0.09855830156249999 0.65061440625 0.0966088671875 0.5742031171875001 0.1646367828125
0 0.47716511562499997 0.12730492031250001 0.46201093281250005 0.2268164 0.5664832750000001 0.25194386406249997 0.5742031171875001 0.1646367828125 0.5833311140624999 0.1553931125 0.47716511562499997 0.12730492031250001
0 0.422388459375 0.1103000953125 0.581637459375 0.1524323828125 0.589882940625 0.15109618125 0.5981911249999999 0.058517454687500005 0.48781593437500004 0.028412042187499997 0.4468631296875 0.026026814062499997 0.4276835515625 0.062855271875 0.422388459375 0.1103000953125
0 0.6951557515625 0.7131355078125 0.5949532343749999 0.6860220328125 0.5806101921875 0.7964017140624999 0.671319165625 0.8541703546875 0.8003051578125 0.8591493671875 0.8161190609375 0.7355905703125 0.6951557515625 0.7131355078125
0 0.7143569656250001 0.5954981687500001 0.6453713453125001 0.578854828125 0.6301457874999999 0.697141978125 0.7048007171874999 0.7173958578125 0.870378746875 0.7390913718750001 0.8813344781250001 0.6227902328125 0.7143569656250001 0.5954981687500001
0 0.5499556234375 0.5632593609375001 0.53789458125 0.6713281265625 0.62845213125 0.69418125 0.6433835171875 0.578529921875 0.6254930703125 0.5756057718750001 0.5499556234375 0.5632593609375001
0 0.5523350125 0.7595733421875 0.5800932234375 0.782897690625 0.5929654078125 0.6856971265625 0.5614543390625 0.6778628125 0.5523350125 0.7595733421875
0 0.649835953125 0.9741186109375001 0.660434809375 0.951695821875 0.6882643953125 0.9562445 0.7049781546875 0.9697119437499999 0.708882434375 0.989137425 0.7191157453125 0.9881261296874999 0.721174946875 0.9696753640625 0.742746878125 0.9758851484375001 0.742675503125 0.9946608203125 0.8302112890625001 0.9901809937499999 0.8443315359374999 0.863661465625 0.8019988140625 0.8621100953124999 0.671319165625 0.8541703546875 0.6052752625 0.8111687796875 0.5906380484375 0.9241842828125 0.649835953125 0.9741186109375001
0 0.81641323125 0.7329547468750001 0.7983173296875 0.8588244625 0.803986640625 0.8624350015625 0.9184694984374999 0.8704113234375 0.933989228125 0.74948835 0.81641323125 0.7329547468750001
0 0.5999561578125 0.0427025140625 0.5901771124999999 0.1484603578125 0.6466387515625 0.09595905625 0.6993475328125001 0.058947790624999996 0.5999561578125 0.0427025140625
0 0.64431139375 0.3344462140625 0.673834634375 0.34195561875 0.7554783140625 0.31772540625 0.8471411765625 0.34881090625 0.8621439390625 0.2143839109375 0.7352885234375 0.1721784625 0.591736690625 0.261439284375 0.582545990625 0.36192548125 0.64431139375 0.3344462140625
0 0.6446055640624999 0.33181038906250004 0.5782761625 0.3639114953125 0.568791290625 0.467033515625 0.5778479125 0.47656551406250003 0.6253329765625 0.4682234 0.6284974921875001 0.45800501093749996 0.6432947984374999 0.45237187968750003 0.6611852484375 0.4552960296875 0.673834634375 0.34195561875 0.6446055640624999 0.33181038906250004
0 0.8621439390625 0.2143839109375 0.86155559375 0.21965555625 0.8887968359375 0.2294758828125 0.8953486625 0.22517895000000002 0.90748108125 0.0983345171875 0.890178978125 0.09013872187500001 0.69735970625 0.058622884374999996 0.664306403125 0.082743359375 0.6595369515625 0.2161590625 0.7352885234375 0.1721784625 0.8621439390625 0.2143839109375
0 0.7554783140625 0.31772540625 0.673834634375 0.34195561875 0.66147941875 0.4526602046875 0.7305364140624999 0.45052787812500006 0.7404755515625 0.4521524046875 0.9031118625 0.50020615 0.9175262796875 0.3710508015625 0.7554783140625 0.31772540625
0 0.73451206875 0.4511776875 0.6594915921875 0.4523353 0.6432947984374999 0.45237187968750003 0.6284974921875001 0.45800501093749996 0.6135661046875 0.5736563390625 0.7140627937499999 0.598133990625 0.8373081015625001 0.618278134375 0.8540045171875 0.486811865625 0.73451206875 0.4511776875
0 0.5718217265625001 0.5668333234375 0.6135661046875 0.5736563390625 0.6253329765625 0.4682234 0.5778479125 0.47656551406250003 0.5718217265625001 0.5668333234375
0 0.5499556234375 0.5632593609375001 0.5701280703125 0.56387259375 0.5778479125 0.47656551406250003 0.5710732890625 0.464722596875 0.547219359375 0.46082373125 0.53493551875 0.5527526468749999 0.5499556234375 0.5632593609375001
0 0.5782761625 0.3639114953125 0.558692059375 0.358026615625 0.5449373609375 0.4631346484375 0.5670976343749999 0.46407278593749995 0.5782761625 0.3639114953125
0 0.5911483468750001 0.2667109296875 0.57922138125 0.2647614984375 0.56817693125 0.25490459374999996 0.558692059375 0.358026615625 0.5745946796875 0.36062585937499997 0.5828401609375 0.35928965625 0.5911483468750001 0.2667109296875
0 0.5634421671875 0.6781877203125 0.53789458125 0.6713281265625 0.5499556234375 0.5632593609375001 0.535229690625 0.550116825 0.5240511625 0.650278115625 0.5160998515624999 0.6489784937499999 0.5069805281249999 0.7306890218750001 0.52310594375 0.7494281125 0.553217528125 0.751665871875 0.5634421671875 0.6781877203125
0 0.578622365625 0.7960768078125 0.5800932234375 0.782897690625 0.55402866875 0.762534071875 0.5512297015625001 0.7513409671875 0.5287752546875 0.7530386515624999 0.51163324375 0.8522252296874999 0.586956565625 0.9208986484375 0.6055694359375 0.8085329546875 0.578622365625 0.7960768078125
0 0.5069805281249999 0.7306890218750001 0.494919484375 0.838757784375 0.50397610625 0.8482897828124999 0.511927415625 0.8495894046875 0.5287752546875 0.7530386515624999 0.522811771875 0.7520639359375 0.5069805281249999 0.7306890218750001
0 0.4955078265625 0.8334861390625001 0.48462347031249997 0.9310116046875001 0.4925747796875 0.9323112281249999 0.5104652296875 0.935235378125 0.5187020390625 0.8614323203125 0.4955078265625 0.8334861390625001
0 0.5189962109375 0.8587964984375 0.5081832296875 0.9375462953125 0.5140753375 0.9572966828125 0.5204043671874999 0.9368599046874999 0.5283556765624999 0.938159528125 0.5377064703125 0.945055703125 0.5338822375000001 0.9793214078125001 0.54375 0.9997216046874999 0.545292234375 0.9677668171875 0.5453636078125 0.9489911484375 0.557067778125 0.934800734375 0.5651618375 0.8985490171875 0.5189962109375 0.8587964984375
0 0.6412502984375 1 0.64725978125 0.9790653546874999 0.6050698109375 0.9399626453125001 0.6014178453125 1 0.6412502984375 1
0 0.8930106296875 0.9897097703125001 0.9515401453125 0.9912245609375001 0.9638953593749999 0.8805199734375 0.8463193625000001 0.8639863703125 0.8319763203124999 0.9743660515625001 0.8523715640624999 0.9911191296874999 0.8930106296875 0.9897097703125001
0 0.9777214328125 0.7566362703125 0.9359770562499999 0.7498132546875 0.9184694984374999 0.8704113234375 0.9641895312500001 0.8778841500000001 0.9777214328125 0.7566362703125
0 0.9903708203124999 0.6432958609375 0.8827339625 0.6283867843750001 0.870378746875 0.7390913718750001 0.97801560625 0.7540004453125 0.9903708203124999 0.6432958609375
0 0.853710346875 0.48944769062500004 0.8373081015625001 0.618278134375 0.946050271875 0.6414195874999999 0.9664281718750001 0.513238953125 0.853710346875 0.48944769062500004
0 0.9480381 0.6417444921875 0.9903708203124999 0.6432958609375 0.9969386359374999 0.584447259375 0.9972792484375 0.5259009671875 0.9658398281249999 0.5185105984375 0.9480381 0.6417444921875
0 0.916643765625 0.37895827187500003 0.902817690625 0.502841975 0.9972942890625 0.5233154734375 0.9980449953124999 0.394280128125 0.93850986875 0.3825322328125 0.916643765625 0.37895827187500003
0 0.863543421875 0.2199804625 0.8468470046875 0.35144673125 0.9640574546874999 0.3893918265625 0.978471871875 0.260236478125 0.863543421875 0.2199804625
0 0.9637632828125 0.39202765156249997 0.9980354265625 0.39592486875 0.998683215625 0.2845793296875 0.9764126687499999 0.2786872421875 0.9637632828125 0.39202765156249997
0 0.9073383312500001 0.135885859375 0.896748146875 0.230775503125 0.9764840453125 0.25991157187499997 0.9741306703125 0.280998159375 0.9866459796875 0.27767594687499997 0.9987031859375 0.2811467828125 0.9995546734375 0.13478852187499998 0.9665275640625 0.1133533328125 0.9073383312500001 0.135885859375