0 0.23464632343749997 0 0.000988153125 0.03396061875 0.013523103125 0.46475888593750003 0.45588615312499997 0.35391949375 0.39640744375 0 0.23464632343749997 0
0 0.3965468328125 0 0.45787007968750004 0.3450533671875 0.7586367968750001 0.27047107812500004 0.735262034375 0 0.3965468328125 0
0 0.7409572515625 0 0.755754196875 0.25592038125 0.9536006406249999 0.21302715781249998 0.9563793625000001 0 0.7409572515625 0
0 0.96782673125 0.211937315625 0.760830796875 0.26371425937500004 0.7769948296875 0.5267694484375001 0.9711650359374999 0.4469633578125 0.96782673125 0.211937315625
0 0.75058430625 0.2759763890625 0.46033253749999997 0.355385453125 0.515055309375 0.645773659375 0.7785703609375 0.5425892515624999 0.75058430625 0.2759763890625
0 0.1332036 0.8129652734375 0.5017745359375 0.65635538125 0.4577183984375 0.35792365937500004 0.013808048437500001 0.4745518578125 0.013911529687499999 0.4781082828125 0.0225801796875 0.5514079109375001 0.1332036 0.8129652734375
0 0.52562865 0.66558003125 0.49895032656250005 0.6567842796875001 0.13807012968750002 0.8186498453125 0.2000179546875 0.9860478468749999 0.4513966640625 0.9655279828125 0.566206875 0.9003036484375 0.52562865 0.66558003125
0 0.5716452249999999 0.8973365453125 0.80324193125 0.76152825625 0.7800875015625001 0.5434294546875 0.51950169375 0.64723961875 0.5408467031249999 0.660057125 0.5716452249999999 0.8973365453125
0 0.8027167546875 0.7562549890625 0.9759037046874999 0.65287040625 0.9732073546875 0.45307682812500005 0.7802391828124999 0.5305591625 0.7894004203125 0.5505799812500001 0.8027167546875 0.7562549890625
0 0.8365143249999999 0.9085011953125001 0.972624784375 0.8214532828125 0.9719824953125 0.656677715625 0.81150449375 0.758132253125 0.81815695625 0.9112890390624999 0.8365143249999999 0.9085011953125001
0 0.80324193125 0.76152825625 0.582731996875 0.8935116421875 0.5936577562500001 0.9490976281249999 0.8155428140625001 0.9138272453124999 0.80324193125 0.76152825625
0 1 0.6400243484375 0.9744916 0.65308485625 0.9792067796874999 0.8011828234375 1 0.7855849578125 1 0.6400243484375
0 1 0.4397820140625 0.9798477421875 0.44778596562499995 0.9743865656249999 0.6520302015625 1 0.638720478125 1 0.4397820140625
0 1 0.280225465625 0.99233048125 0.20321632812499998 0.9715378687499999 0.2060207 0.97310231875 0.452022175 1 0.43633313281249997 1 0.280225465625