0 0.822237675 0.042468440625 0.8149899749999999 0.054477703125 0.8176944171875 0.23982463593749997 0.7457150890625 0.30570724375 0.851406146875 0.3044774171875 0.981121665625 0.24009115468750003 0.982438115625 0.047108846875 0.822237675 0.042468440625
0 0.638762715625 0.09013490468749999 0.6397276234375 0.2559885625 0.6091486453125 0.3105485921875 0.7473474125 0.306772334375 0.82095275625 0.24087080625 0.8141328203124999 0.0468990859375 0.655596234375 0.048743825000000005 0.638762715625 0.09013490468749999
0 0.469783696875 0.253629703125 0.48798520625 0.30762211875 0.6107683546875 0.3094456609375 0.6429607359375 0.2526986890625 0.637754203125 0.056540028124999996 0.47596558437500003 0.058422609375000004 0.469783696875 0.253629703125
0 0.302794853125 0.060437632812499996 0.3030918046875 0.251233 0.34321930625 0.3006339484375 0.484733175 0.307659959375 0.46570604375 0.25150897968749997 0.4736905328125 0.08663527343750001 0.4629700671875 0.0607419921875 0.302794853125 0.060437632812499996
0 0.14370437187500001 0.2465831359375 0.23589592656249997 0.300798684375 0.3415806765625 0.298484846875 0.3022472640625 0.24582240625 0.30037474999999997 0.0637180453125 0.1409683953125 0.05581614687499999 0.14370437187500001 0.2465831359375
0 0.0035979640625000003 0.2746433953125 0.1181043453125 0.3184305765625 0.23836648437500002 0.306190359375 0.1412527328125 0.2444434953125 0.132964446875 0.0775909671875 0.0024809406249999997 0.0826433953125 0.0035979640625000003 0.2746433953125
0 0.8054746109375 0.3754773546875 0.8017254421875 0.56957205625 0.9700433515625001 0.5719498359374999 0.9729542875 0.37352855156250003 0.8144113953125001 0.37428928125 0.8054746109375 0.3754773546875
0 0.6293109593749999 0.561821521875 0.8008745953125 0.56307745 0.7997646359374999 0.3722915421875 0.629820709375 0.36993268281249997 0.6293109593749999 0.561821521875
0 0.4632423359375 0.38704817812500003 0.46836057656249996 0.568030684375 0.628510565625 0.563999003125 0.6265434515625 0.3656344796875 0.4639670515625 0.371862565625 0.4632423359375 0.38704817812500003
0 0.3124017609375 0.5936952843750001 0.47000551249999994 0.5712638 0.465681359375 0.387019796875 0.30151047656249996 0.3986868546875 0.3124017609375 0.5936952843750001
0 0.13009819843749998 0.42344718593749997 0.1450292984375 0.614072271875 0.30832410625 0.5915745640625001 0.299140825 0.4106393546875 0.2876956453125 0.39993168749999997 0.13009819843749998 0.42344718593749997
0 0.005738925000000001 0.6426433953124999 0.147480934375 0.6162119109375 0.1301297328125 0.4288672421875 0.0045908734375 0.44531006093750003 0.005738925000000001 0.6426433953124999
0 0.8090299015625 0.56731889375 0.801266146875 0.7701329828125 0.9712542171875 0.7800799171875 0.9807196703125 0.5902550375 0.9610687312499999 0.5666338453125 0.8090299015625 0.56731889375
0 0.6382792765625 0.5660535015625 0.6320973890625 0.7612605953125 0.7996527437500001 0.7723199234375 0.8090299015625 0.56731889375 0.6382792765625 0.5660535015625
0 0.4724697625 0.5755714609375 0.467100884375 0.77076909375 0.6265072375 0.778670990625 0.631895034375 0.5867253906250001 0.6260778484375 0.5651113953125 0.4724697625 0.5755714609375
0 0.306710703125 0.59376150625 0.30456232499999997 0.7835012421875 0.4655631609375 0.785964165625 0.467616940625 0.5799642640625 0.306710703125 0.59376150625
0 0.137145715625 0.796290153125 0.29333156875 0.809649946875 0.3053753328125 0.78349178125 0.3035532703125 0.610059509375 0.13854415312499999 0.617399984375 0.137145715625 0.796290153125
0 0.006824920312500001 0.8293100609374999 0.1275094453125 0.8169998828124999 0.1395910484375 0.797345784375 0.1353110390625 0.6206898578125 0.0057544390625 0.6453100609375 0.006824920312500001 0.8293100609374999
0 0.6292179890625 0.965101934375 0.641394190625 0.9617079984375 0.8008131562499999 0.97177791875 0.8005035906250001 0.7788145265625 0.6394207703125 0.7622594640625 0.6292179890625 0.965101934375
0 0.4711974578125 0.776141846875 0.46915629062499997 0.9843097671875001 0.62445345625 0.9846708921875 0.6388347984375 0.801293315625 0.6240871328125001 0.781951403125 0.4711974578125 0.776141846875
0 0.305394253125 0.7867438140624999 0.30325217968749996 0.9775675640625 0.466698346875 0.9810861171875 0.4728108609375 0.77395490625 0.305394253125 0.7867438140624999
0 0.2957642859375 0.8085375562499999 0.16810939687499998 0.8078547859375 0.1446772125 0.83306138125 0.1472366046875 0.9934760656250001 0.3147162796875 0.9915272625 0.324384084375 0.9762375890625 0.30649790625 0.9764457125 0.305394253125 0.7867438140624999 0.2957642859375 0.8085375562499999
0 0.1335262734375 0.313914790625 0.1333565390625 0.42449335625 0.4616163203125 0.3870670984375 0.46152172187499996 0.3708069359375 0.8493833593750001 0.3760505140625 0.850612059375 0.3077389109375 0.1335262734375 0.313914790625
0 0.8013418250000001 0.7831411125 0.79961544375 0.9056627171875 0.8427237968749999 0.9084133578125 0.8435867140625 0.7772291250000001 0.8013418250000001 0.7831411125
0 0.14097795468750002 0.8959813109375 0.143416978125 0.8959529312500001 0.14547760625 0.8308838984375001 0.1672900828125 0.8067802359374999 0.14119814375 0.7940748328125 0.14097795468750002 0.8959813109375