0 0.6717187328125 0.2090259078125 0.6809752421875 0.2135310125 0.790953625 0.2124033796875 0.79244543125 0.04527828125 0.6588374484374999 0.0465763140625 0.6717187328125 0.2090259078125
0 0.54556005625 0.224766353125 0.673408025 0.2099429671875 0.6619391828125 0.0441007578125 0.5370340046875001 0.0412845484375 0.54556005625 0.224766353125
0 0.376610140625 0.1200514828125 0.38434148281249997 0.22771311249999998 0.39280846875000003 0.24530759687499998 0.4329439125 0.2229022703125 0.5425762296875 0.21638755 0.5368674 0.06407069062500001 0.5247167921875 0.0652734015625 0.4136515171875 0.06217154375 0.376610140625 0.1200514828125
0 0.24411475 0.227497759375 0.36982996875 0.23023378437500003 0.36819952031250003 0.052575046874999996 0.24375831718750002 0.044291565625 0.24411475 0.227497759375
0 0.1331879015625 0.2265507359375 0.24580404374999998 0.2284148171875 0.24051815625 0.0446122890625 0.1291760296875 0.0372007578125 0.1331879015625 0.2265507359375
0 0.6870019578125001 0.39617593906250004 0.8101486265625001 0.396997671875 0.798984815625 0.21052415624999998 0.67787350625 0.2160065734375 0.6870019578125001 0.39617593906250004
0 0.5504202984375001 0.22428526875000002 0.557977365625 0.39268321875 0.6892936515625 0.39378056093749997 0.6743564937500001 0.21201762031250002 0.5650010265625001 0.222842015625 0.5504202984375001 0.22428526875000002
0 0.3838980234375 0.24618958281249997 0.3897657953125 0.4136704765625 0.4371429046875 0.40247530468750004 0.5565854406249999 0.40908503281249997 0.5479901765624999 0.224525809375 0.43516639375 0.219429478125 0.3838980234375 0.24618958281249997
0 0.2658295984375 0.4259381234375 0.3905066203125 0.4125128796875 0.38394671874999997 0.2342578015625 0.2652450125 0.22649048125000001 0.2658295984375 0.4259381234375
0 0.1399554421875 0.4080380625 0.264652978125 0.40762201718749996 0.2662626953125 0.2296425546875 0.131913884375 0.23209818593749998 0.1399554421875 0.4080380625
0 0.6849179000000001 0.4018035734375 0.6986989546875 0.578259603125 0.815967703125 0.5764103453125 0.8128556015624999 0.40106680156249996 0.6849179000000001 0.4018035734375
0 0.557977365625 0.39268321875 0.5582747312499999 0.4100020890625 0.545175659375 0.4091301453125 0.5483569734375 0.585551103125 0.5734682296875 0.5830655015625 0.6953203671875 0.5764254875 0.68633034375 0.3984109578125 0.557977365625 0.39268321875
0 0.38747410000000004 0.4160658546875 0.40287523593749996 0.5923615234375 0.5053556171875 0.5887232640625 0.5391209781249999 0.594055203125 0.543832428125 0.413600178125 0.43390274375000004 0.40279602812500004 0.38747410000000004 0.4160658546875
0 0.274445378125 0.6235065453125 0.404633740625 0.5943559984375 0.38328547031250004 0.414311921875 0.26495034687499996 0.42494088750000003 0.274445378125 0.6235065453125
0 0.14667428437500002 0.601457171875 0.26704477187500003 0.5971323578125001 0.2645837640625 0.4065445953125 0.1406962703125 0.406880465625 0.14667428437500002 0.601457171875
0 0.6970405421875 0.768170846875 0.824632175 0.762046984375 0.81677774375 0.5763301640625 0.690460125 0.576906571875 0.6970405421875 0.768170846875
0 0.5350015609375001 0.593378684375 0.5442684390625 0.7757028906250001 0.6993322375 0.7657754671875 0.68965008125 0.576986753125 0.574880671875 0.5796728890625 0.5350015609375001 0.593378684375
0 0.3989634578125 0.5949172640625 0.3744469375 0.6320406046875 0.38311907968750003 0.7797270703125 0.398648275 0.7803584703124999 0.521379665625 0.7747156953125 0.5175754359375 0.5885979703124999 0.3989634578125 0.5949172640625
0 0.278347003125 0.7857607062499999 0.3823782515625 0.78088466875 0.370742803125 0.6378286015625 0.27243053437500003 0.6302115953125 0.278347003125 0.7857607062499999
0 0.15142698593749998 0.7896495531250001 0.2765884984375 0.7837662328125 0.269474890625 0.596891815625 0.14579503124999998 0.600459934375 0.15142698593749998 0.7896495531250001