0 0.4748450703125 0.07021601718750001 0.2283661984375 0.0795093140625 0.22273239375 0.256081946875 0.47977464843749995 0.262277478125 0.4748450703125 0.07021601718750001
0 0.49738028125 0.2168435828125 0.7332957734375001 0.23646276562500002 0.7199154921875001 0.0681508421875 0.47766197187500004 0.0671182515625 0.47907042187500004 0.2602122984375 0.48892957812500004 0.2612448890625 0.49738028125 0.2168435828125
0 0.7516056343749999 0.44607822812500003 0.7523098593750001 0.43368716718749994 0.7558309859375 0.23646276562500002 0.49738028125 0.21581099374999999 0.48540845 0.41097022031249997 0.4875211265625 0.46053446875 0.5009014078125 0.44091528750000003 0.7516056343749999 0.44607822812500003
0 0.47132394375000003 0.46053446875 0.47695774531249996 0.5255875421875 0.484 0.5214571875 0.48118309843749996 0.26434265468749996 0.22695774531250001 0.2591797125 0.22061971875 0.43885010781249995 0.229070421875 0.46053446875 0.47132394375000003 0.46053446875
0 0.46921126874999997 0.46259964531250003 0.2065352125 0.46156705625 0.2058309859375 0.653628515625 0.4748450703125 0.6598240468750001 0.46921126874999997 0.46259964531250003
0 0.5600563375000001 0.6443352203125 0.5586478875 0.5916732046875001 0.5614647875000001 0.567923671875 0.5959718296875 0.54107636875 0.7565352125 0.5369460171875 0.7600563375 0.625748628125 0.766394365625 0.625748628125 0.7614647875 0.4450456390625 0.5023098593750001 0.44401305312500006 0.4875211265625 0.46156705625 0.4868169015625 0.6629218125 0.505126759375 0.64227004375 0.5600563375000001 0.6443352203125
0 0.78 0.9970674484375 0.7579436625 0.5369460171875 0.59526760625 0.54107636875 0.5614647875000001 0.5699888468750001 0.579070421875 0.9768287156250001 0.5994929578125 0.9964478937499999 0.708 0.9970674484375 0.78 0.9970674484375
0 0.57273239375 0.8529180937499999 0.564281690625 0.668084753125 0.5579436624999999 0.6494981609375 0.5065352125 0.64330263125 0.4959718296875 0.6618892234375 0.505126759375 0.859113625 0.57273239375 0.8529180937499999
0 0.5959718296875 0.9954153078125 0.5783661984374999 0.98199165625 0.5699154921875 0.8549832734375 0.49315492968749997 0.8622113921875 0.4980845078125 0.9964478937499999 0.516 0.9970674484375 0.5959718296875 0.9954153078125
0 0.48540845 0.8694395109374999 0.21146478750000003 0.8601462140624999 0.21000000000000002 0.9970674484375 0.488 0.9970674484375 0.48540845 0.8694395109374999
0 0.4875211265625 0.6639544015625 0.22132394375 0.6546611062500001 0.21287324062500002 0.8611788031250001 0.4882253515625 0.8684069234375 0.4875211265625 0.6639544015625