0 0.93544889375 0.8402373421875 0.9484440171875 0.6687422296875 0.9182213546875 0.8308787578124999 0.93544889375 0.8402373421875
0 0.871992903125 0.8694786359375 0.8627204374999999 0.9256332546875001 0.9257231359375 0.968587034375 0.935381540625 0.8411261968750001 0.9182213546875 0.8308787578124999 0.871992903125 0.8694786359375
0 0.8445630046874999 0.8942263609375001 0.83577615625 0.9077876484375 0.8451658671875 0.9181596578125 0.8659667578124999 0.9042493296874999 0.871992903125 0.8694786359375 0.9182213546875 0.8308787578124999 0.8664906265625 0.792463653125 0.8445630046874999 0.8942263609375001
0 0.605602646875 0.7414967203125 0.5839477671875 0.9071203375 0.6345900125 0.9641954734375 0.6846676484375 0.928144965625 0.7681822031250001 0.8671722140625 0.83577615625 0.9077876484375 0.8445630046874999 0.8942263609375001 0.8754520984375 0.741640471875 0.860055365625 0.7314429828125 0.8683757203125 0.7258788515625 0.8688422140625001 0.71788169375 0.7832271984375 0.6777898171875 0.605602646875 0.7414967203125
0 0.5072177203125 0.9545899765625 0.5087535671875 0.962528959375 0.500588709375 0.9654273703125 0.4990337359375 0.9920845609375 0.5951460703125 0.9892922390625 0.6345900125 0.9641954734375 0.58964379375 0.9122772546875 0.511377896875 0.951807909375 0.5072177203125 0.9545899765625
0 0.8047864499999999 0.68514706875 0.8688422140625001 0.71788169375 0.8683757203125 0.7258788515625 0.860055365625 0.7314429828125 0.8754520984375 0.741640471875 0.8664906265625 0.792463653125 0.93274248125 0.7532820375 0.948435034375 0.6688607578125 0.951543996875 0.627832146875 0.83975921875 0.6681638078125001 0.8047864499999999 0.68514706875
0 0.8131068046875001 0.6795829375 0.83975921875 0.6681638078125001 0.9516921999999999 0.6258763328125 0.9612533125 0.4996994453125 0.8256638421875 0.532852046875 0.8131068046875001 0.6795829375
0 0.8810475125 0.3715709203125 0.8641748 0.5237495953125 0.9612532437500001 0.4997003578125 0.9624429062500001 0.48400052968749996 0.9694614828124999 0.363679853125 0.8810475125 0.3715709203125
0 0.9694614828124999 0.363679853125 0.9792578171875 0.19573955781250002 0.8791408015625001 0.1986482265625 0.8550170890625 0.3723271734375 0.8810475125 0.3715709203125 0.9694614828124999 0.363679853125
0 0.9892096499999999 0.025133543749999997 0.9420864671875 0.010535389062500001 0.9071735656250001 0.1978338 0.9792578171875 0.19573955781250002 0.9892096499999999 0.025133543749999997
0 0.7021278828125 0 0.704740953125 0.00146370625 0.6760862000000001 0.0129410109375 0.653964828125 0.18656178437499998 0.7436036484375 0.19194113906250002 0.9071735656250001 0.1978338 0.9397731328125 0.0159250015625 0.82714604375 0 0.7021278828125 0
0 0.7641342875 0.388273571875 0.8550170890625 0.3723271734375 0.8791408015625001 0.1986482265625 0.787344140625 0.1959927640625 0.7641342875 0.388273571875
0 0.67183039375 0.18870394375 0.669050565625 0.2020907109375 0.6847582921875001 0.2069567640625 0.6595461 0.39929574375 0.7641342875 0.388273571875 0.7893464812500001 0.19593459062500002 0.7436036484375 0.19194113906250002 0.67183039375 0.18870394375
0 0.592203271875 0.183033721875 0.554003309375 0.186804734375 0.539094684375 0.40811758437499995 0.6595461 0.39929574375 0.6847582921875001 0.2069567640625 0.669050565625 0.2020907109375 0.67183039375 0.18870394375 0.653964828125 0.18656178437499998 0.592203271875 0.183033721875
0 0.61544794375 0 0.6043129421875 0.0097038140625 0.588198590625 0.18315006875 0.653964828125 0.18656178437499998 0.6760862000000001 0.0129410109375 0.6223779078125 0 0.61544794375 0
0 0.48087744531250004 0 0.469924140625 0.15465184375000002 0.5178248109375 0.1559214015625 0.5302862187499999 0.1821713765625 0.554003309375 0.186804734375 0.588198590625 0.18315006875 0.6043129421875 0.0097038140625 0.5838846109375 0 0.48087744531250004 0
0 0.33099861875 0 0.3244135390625 0.0790432765625 0.33996576875 0.0865750484375 0.3615250203125 0.093932296875 0.3667545546875 0.107086371875 0.36070928125 0.1764532390625 0.40153357500000003 0.1619611765625 0.469924140625 0.15465184375000002 0.48087744531250004 0 0.33099861875 0
0 0.29712644374999997 0 0.15687719375 0.00407461875 0.154934721875 0.174447940625 0.24272670000000002 0.1772197484375 0.24908296874999997 0.10252144375000001 0.23753541718750001 0.0948733265625 0.24262857968749998 0.0760969484375 0.2583363078125 0.0809629984375 0.2612716328125 0.0649105109375 0.26928099375 0.0646778171875 0.2706613453125 0.0752825203125 0.2740440359375 0.0858290484375 0.27789321875 0.088378421875 0.286369071875 0.08014857187499999 0.2926870875 0.0746426140625 0.29731375937500004 0.063863390625 0.3071699625 0.06623824218749999 0.3130214859375 0.068729440625 0.3244135390625 0.0790432765625 0.33099861875 0 0.29712644374999997 0
0 0 0.1762880078125 0.006917035937500001 0.17608705 0.1469253609375 0.1746806328125 0.1428608109375 0.0044818328125 0 0.0086323234375 0 0.1762880078125
0 0.4041387796875 0.1858362984375 0.4109041609375 0.20692935937499998 0.39199085624999996 0.428358553125 0.539094684375 0.40811758437499995 0.554003309375 0.186804734375 0.43248253906249995 0.179690434375 0.4041387796875 0.1858362984375
0 0.24272670000000002 0.1772197484375 0.22023446562500001 0.18585681406250001 0.21316057968750002 0.44419886093749994 0.22039245312500003 0.4572947625 0.3913688671875 0.43902143125000004 0.39199085624999996 0.428358553125 0.4109041609375 0.20692935937499998 0.4041387796875 0.1858362984375 0.358395946875 0.18184285 0.24272670000000002 0.1772197484375
0 0 0.503393278125 0.2102252546875 0.4602513484375 0.21316057968750002 0.44419886093749994 0.22023446562500001 0.18585681406250001 0.24272670000000002 0.1772197484375 0.006917035937500001 0.17608705 0 0.18109862968749998 0 0.503393278125
0 0 0.7742856953125 0.1549397046875 0.7226552749999999 0.1536549828125 0.5390697062500001 0.1470642234375 0.4807147546875 0 0.508394078125 0 0.7742856953125
0 0.3913688671875 0.43902143125000004 0.22039245312500003 0.4572947625 0.21316057968750002 0.44419886093749994 0.2102252546875 0.4602513484375 0.1757189765625 0.469237453125 0.17389375 0.7061374015624999 0.47274720312499996 0.6202800640625 0.4805603234375 0.41780176874999997 0.39199085624999996 0.428358553125 0.3913688671875 0.43902143125000004
0 0 0.9991182734375 0.0536185546875 0.9984943640624999 0.14942079218749998 0.954340134375 0.19471625937499998 0.9317345671874999 0.1962304890625 0.70016605625 0.17389375 0.7061374015624999 0.1562028078125 0.66673335 0.1549397046875 0.7226552749999999 0 0.774026928125 0 0.9991182734375
0 0.0538669859375 0.9984914734375 0.1603561828125 0.9972523593749999 0.15758565156249998 0.9514417203125 0.0538669859375 0.9984914734375
0 0.1962304890625 0.70016605625 0.195512871875 0.8838097984375001 0.22891154062500002 0.9280799015625 0.37912531562499996 0.85452455 0.3883187875 0.6626509578124999 0.37507989375 0.6497295765625 0.1962304890625 0.70016605625
0 0.469405253125 0.8146448562499999 0.22891154062500002 0.9280799015625 0.195512871875 0.8838097984375001 0.19471625937499998 0.9317345671874999 0.17407086562500002 0.9429791765625 0.1876244078125 0.996935065625 0.42858793124999994 0.9941312 0.45898692968750004 0.9932480281249999 0.469405253125 0.8146448562499999
0 0.460852896875 0.9612594015625 0.4760941328125 0.9741226078125 0.500588709375 0.9654273703125 0.5087535671875 0.962528959375 0.511377896875 0.951807909375 0.58964379375 0.9122772546875 0.5839477671875 0.9071203375 0.6026673234375 0.75754920625 0.469405253125 0.8146448562499999 0.460852896875 0.9612594015625
0 0.7260731859375 0.69807870625 0.7832271984375 0.6777898171875 0.8047864499999999 0.68514706875 0.8131068046875001 0.6795829375 0.8276661828125 0.5327938718749999 0.7363168890625 0.556737428125 0.7260731859375 0.69807870625
0 0.6280948828125 0.7328596562499999 0.7260731859375 0.69807870625 0.7363168890625 0.556737428125 0.638960575 0.5808555015625 0.6280948828125 0.7328596562499999
0 0.5229612078125 0.6161600109375 0.514545221875 0.7947050109375 0.6026673234375 0.75754920625 0.605602646875 0.7414967203125 0.6280948828125 0.7328596562499999 0.638960575 0.5808555015625 0.521736353125 0.602889590625 0.5229612078125 0.6161600109375
0 0.47430217499999994 0.593622875 0.47274720312499996 0.6202800640625 0.37507989375 0.6497295765625 0.3883187875 0.6626509578124999 0.37912531562499996 0.85452455 0.514545221875 0.7947050109375 0.5229612078125 0.6161600109375 0.521736353125 0.602889590625 0.5052511390625 0.6113521343749999 0.47430217499999994 0.593622875
0 0.47430217499999994 0.593622875 0.5032487984375 0.6114103078124999 0.5197340140625 0.6029477625 0.638960575 0.5808555015625 0.7038129515625 0.5656653578124999 0.7239319828124999 0.39210275625 0.49272986249999995 0.414787009375 0.47430217499999994 0.593622875
0 0.7038129515625 0.5656653578124999 0.8641748 0.5237495953125 0.8810475125 0.3715709203125 0.7239319828124999 0.39210275625 0.7038129515625 0.5656653578124999