0 1 0.766 0.71 0.782 0.718 0.944 1 0.9279999999999999 1 0.766
0 0.41 0.8160000000000001 0.42400000000000004 0.9720000000000001 0.702 0.958 0.6980000000000001 0.8039999999999999 0.6940000000000001 0.774 0.426 0.794 0.414 0.796 0.41 0.8160000000000001
0 0.132 0.984 0.40800000000000003 0.962 0.386 0.8039999999999999 0.386 0.78 0.13 0.808 0.10800000000000001 0.8119999999999999 0.098 0.826 0.132 0.984
0 1 0.572 0.706 0.58 0.714 0.784 1 0.764 1 0.572
0 0.708 0.5940000000000001 0.404 0.614 0.42400000000000004 0.792 0.712 0.772 0.708 0.5940000000000001
0 0.40800000000000003 0.778 0.40199999999999997 0.624 0.394 0.5900000000000001 0.098 0.608 0.096 0.616 0.118 0.794 0.40800000000000003 0.778
0 0.998 0.366 0.826 0.38 0.766 0.40199999999999997 0.754 0.38 0.704 0.382 0.706 0.5820000000000001 1 0.5700000000000001 0.998 0.366
0 0.40199999999999997 0.618 0.702 0.5940000000000001 0.6980000000000001 0.442 0.6900000000000001 0.394 0.382 0.414 0.382 0.42400000000000004 0.394 0.5900000000000001 0.40199999999999997 0.618
0 0.048 0.41600000000000004 0.086 0.608 0.096 0.608 0.392 0.5900000000000001 0.374 0.392 0.074 0.41200000000000003 0.057999999999999996 0.41200000000000003 0.048 0.41600000000000004
0 1 0.146 0.71 0.178 0.718 0.382 0.754 0.382 0.766 0.40199999999999997 0.826 0.38 1 0.364 1 0.146
0 0.376 0.188 0.396 0.398 0.716 0.38 0.708 0.162 0.376 0.188
0 0.39 0.39 0.37 0.178 0.03 0.196 0.06999999999999999 0.41200000000000003 0.39 0.39