0 0.7703326781250001 0 0.7689707640625 0.0105150109375 0.76457665 0.0212411734375 0.7768772421875 0.0190702421875 0.794742734375 0.012600275 0.7981854796875 0 0.7703326781250001 0
0 0.734581321875 0 0.69429035 0.007110959375000001 0.7039542265625001 0.013697584374999999 0.727967575 0.029360756249999998 0.76281925 0.0232097796875 0.767214584375 0.000874315625 0.76601628125 0 0.734581321875 0
0 0.7984578671875 0 0.7973782265625 0.0154520203125 0.8155364171875 0.0105888375 0.8004587296875 0 0.7984578671875 0
0 0.8639504953125 0 0.7367533625 0.0311270328125 0.7900522624999999 0.0565475578125 0.7941512390625001 0.0674332140625 0.921551265625 0.0349977234375 0.916868115625 0.0092892015625 0.8938940750000001 0 0.8639504953125 0
0 0.8764417718749999 0.11261361562500001 0.8881557499999999 0.11883841875000001 0.8940133484375 0.11614616874999999 0.9320871281249999 0.10445120000000001 0.9200865593750001 0.0385731109375 0.7962013375 0.0670713921875 0.8764417718749999 0.11261361562500001
0 0.9440901421874999 0.1471106859375 0.9338445312499999 0.1024825953125 0.8902058484375001 0.118476596875 0.9440901421874999 0.1471106859375
0 0.7780443671875 0.06032527343750001 0.5683477046875 0.1056268671875 0.562193746875 0.1415402359375 0.5665866421875 0.142423375 0.600852921875 0.133058834375 0.6318934359374999 0.1640661875 0.6397999109375 0.172621415625 0.8773198624999999 0.1174339625 0.7780443671875 0.06032527343750001
0 0.9443828390625001 0.14871746875 0.887863053125 0.1172316359375 0.8325103921875 0.12700083281250002 0.64419280625 0.173504553125 0.6444855031250001 0.1751113359375 0.7335080640625 0.2572477375 0.7253040078125 0.29352292812499997 0.7279395 0.2963746734375 0.9584310671875 0.2374523375 0.9443828390625001 0.14871746875
0 0.6784761734375 0.0016098015625 0.566013453125 0.0231168015625 0.651523653125 0.0859718109375 0.7839019656249999 0.0576330234375 0.6784761734375 0.0016098015625
0 0.5633779609375 0.020265059374999998 0.44037205156250003 0.0419743875 0.4345144515625 0.0446666375 0.493080675 0.1106185515625 0.4968869515625 0.119897425 0.5012774046875 0.14399916562499998 0.5607302625 0.1335063234375 0.5680550078125 0.10402008437500002 0.6494735546875 0.0863336328125 0.5633779609375 0.020265059374999998
0 0.491030575 0.1109803734375 0.43012155781250005 0.0437834984375 0.298915253125 0.06694011562499999 0.3056472796875 0.1038961171875 0.3270202515625 0.163144746875 0.3363902140625 0.179733890625 0.49541980781249995 0.14669141562500002 0.491030575 0.1109803734375
0 0.2927637359375 0.079634884375 0.2901294640625 0.0651738390625 0.07516181718750001 0.1047719453125 0.056119434375 0.162861284375 0.2666941875 0.1223800375 0.30769615781250004 0.1151435953125 0.2927637359375 0.079634884375
0 0.3129647015625 0.14406568125000002 0.30359596093749996 0.1158672390625 0.0564121328125 0.1644680671875 0.0335610265625 0.23649713125 0.0367819125 0.242562440625 0.2186552875 0.207146703125 0.23680981406249998 0.23711142500000001 0.24706030937499998 0.2353023140625 0.24530656718750002 0.20244301718750002 0.3305326140625 0.1824261390625 0.3129647015625 0.14406568125000002
0 0.50887165625 0.33669642187500004 0.5147280359375 0.345613475 0.7235466078125 0.29549153281249996 0.731457965625 0.2576095609375 0.60114561875 0.13466561562499998 0.43362293437500005 0.167548596875 0.501553015625 0.308136159375 0.50887165625 0.33669642187500004
0 0.5076996484375 0.34187859375 0.4971601203125 0.30725301875 0.43069474531249996 0.1630900703125 0.3372683046875 0.1845542390625 0.24764936406250002 0.2036879765625 0.257590071875 0.36280229375 0.266372196875 0.3993964734375 0.2772080828125 0.40080092812499996 0.2877512703125 0.4005985984375 0.39699310625 0.37302629062500003 0.502134746875 0.3461776265625 0.5076996484375 0.34187859375
0 0.14658595000000002 0.4387804109375 0.2616853859375 0.40851585312500005 0.2643220984375 0.39975829531249996 0.2520251703125 0.36710132500000003 0.2347597171875 0.237473246875 0.21894798437500002 0.20875348749999997 0.0145235265625 0.248149265625 0.0156943140625 0.2545763984375 0.0151076984375 0.2629721328125 0.006910390625 0.29689855 0.009883334375 0.424628365625 0.019478621874999998 0.47282268437499997 0.14658595000000002 0.4387804109375
0 0.030046221875 0.24043434062500002 0.0487959109375 0.180738221875 0.00418723125 0.179900503125 0.005789674999999999 0.248748028125 0.016280928125 0.24618066249999998 0.030046221875 0.24043434062500002
0 0.8266369265625 0.280613990625 0.8157985984374999 0.3024281375 0.8146265906249999 0.3076103078125 0.9672131921875 0.27404651874999997 0.9607738609375 0.23869729843749998 0.8313237390625 0.2714946125 0.8266369265625 0.280613990625
0 0.6230893390625 0.33643942031249996 0.6181086109375 0.35556131875 0.62718709375 0.358934378125 0.8090616890625 0.31190934062500003 0.8248795234375 0.28258259531249996 0.8213659421875 0.274910503125 0.6348057546875 0.3194456203125 0.6230893390625 0.33643942031249996
0 0.400506690625 0.38069838125 0.39874684843749997 0.4058855890625 0.4069460203125 0.4160476 0.615471896875 0.36431887500000004 0.616647565625 0.324308803125 0.40753629687500004 0.3728239625 0.400506690625 0.38069838125
0 0.3914282046875 0.377325321875 0.3811777140625 0.37913443281250003 0.0180139171875 0.476398071875 0.021820196875 0.48567694687499996 0.0461250203125 0.5145561984375 0.1026496875 0.49960482968750003 0.1140721875 0.49261355 0.12432268124999998 0.49080443906250004 0.29799688281250003 0.44522669062500003 0.33577796718749997 0.431924940625 0.3679941484375 0.42292222031250004 0.39464543124999996 0.41821853124999997 0.39874684843749997 0.4058855890625 0.3914282046875 0.377325321875
0 0.0490519890625 0.530624025 0.285106015625 0.49062126250000004 0.3006287125 0.48290633749999995 0.2763238890625 0.45402708281250004 0.0382173234375 0.51761026875 0.0490519890625 0.530624025
0 0.5176489 0.41972780624999995 0.510330259375 0.39116754062500003 0.40518861875 0.4180162046875 0.39991763593749996 0.41231271718749996 0.392888028125 0.4201871375 0.368286846875 0.42452900312499997 0.3337278703125 0.4322867625 0.2985822765625 0.44844025781249996 0.30297150781250004 0.484151296875 0.5176489 0.41972780624999995
0 0.5267310453125 0.3882729640625 0.520873446875 0.39096521093750003 0.5185282109375 0.412938853125 0.5196989984375 0.4193659828125 0.5281920890625 0.4195254765625 0.7074311921875001 0.369648696875 0.7124131421875 0.33891749843749996 0.5267310453125 0.3882729640625
0 0.9654557921875 0.276015121875 0.82311968125 0.3077698015625 0.81550468125 0.31243065468750003 0.7185634359375 0.3378320328125 0.7106532984375 0.3641047046875 0.7097739875 0.37089365937499996 0.9513953562499999 0.303373259375 0.968382759375 0.292082946875 0.9654557921875 0.276015121875
0 0.7985148375 0.3469395703125 0.785920328125 0.35911302031250003 0.78533249375 0.3791180578125 0.9449487031249999 0.3376798453125 0.9540308484375 0.306225003125 0.7985148375 0.3469395703125
0 0.784749540625 0.352685890625 0.6309909328125001 0.39143185156250004 0.611075340625 0.3982636390625 0.60433843125 0.40774484062500005 0.6017004984375001 0.4281116984375 0.6104862843750001 0.42987797656250004 0.783282396875 0.37947987968749997 0.784749540625 0.352685890625
0 0.60082485 0.40007275 0.4195356484375 0.4503113515625 0.41016324531250004 0.4569408109375 0.410454721875 0.47015689531250004 0.5598192156249999 0.4421370953125 0.60023579375 0.4316870875 0.60082485 0.40007275
0 0.300921409375 0.4845131203125 0.2874488109375 0.49186622343749997 0.39991153281249997 0.470359221875 0.39727726093750004 0.455898178125 0.300921409375 0.4845131203125
0 0.699225915625 0.41753318906250003 0.6995198328125001 0.4075306703125 0.6186866796875 0.4284306875 0.699225915625 0.41753318906250003
0 0.8222318281250001 0.3958238609375 0.8720208046875 0.37874439375 0.9244452765625001 0.36451666875 0.93323350625 0.34306434375 0.7835750921875 0.3810866625 0.7030346375 0.40359346093750004 0.7033261109375 0.4168095453125 0.8222318281250001 0.3958238609375
0 0.9203438593750001 0.3768496140625 0.9244452765625001 0.36451666875 0.8720208046875 0.37874439375 0.8222318281250001 0.3958238609375 0.9203438593750001 0.3768496140625
0 0.18053756406250002 0.6367765000000001 0.2171466421875 0.6286569171874999 0.28304248906249996 0.6186853921875 0.3460101515625 0.604255340625 0.3583107421875 0.6020844078125 0.401948203125 0.5976997078124999 0.40546300625000004 0.5937624984375 0.3972650546875 0.5719911843750001 0.1427601421875 0.6152503484375 0.1369025421875 0.6179425968750001 0.1418783890625 0.645257903125 0.18053756406250002 0.6367765000000001
0 0.3041276484375 0.6298900374999999 0.303836171875 0.6166739546875 0.21919673906249998 0.6282950953124999 0.1825876625 0.636414678125 0.162672071875 0.6432464640625 0.174970221875 0.6642941312499999 0.20162150156249997 0.6595904453125 0.206015615625 0.6488642812500001 0.3041276484375 0.6298900374999999
0 0.41249017343750005 0.6091066796875 0.4110266875 0.6010727671875 0.401948203125 0.5976997078124999 0.35069574062500003 0.6067452609374999 0.3140866640625 0.6148648421875 0.318185640625 0.6257504968750001 0.41249017343750005 0.6091066796875
0 0.49771866249999996 0.5658712015625 0.552778625 0.5544952203125 0.5516078375 0.5480680890625 0.45730330625000004 0.5647119093749999 0.4063435390625 0.57536424375 0.417176984375 0.5999873 0.5009383281249999 0.583545809375 0.49771866249999996 0.5658712015625
0 0.201914196875 0.661197228125 0.1796558125 0.666784053125 0.18990386406249998 0.6881935453125 0.2022044546875 0.6860226109374999 0.201914196875 0.661197228125
0 0.12399336718750001 0.8374766796875001 0.0824072234375 0.82989025625 0.0999678125 0.937906515625 0.1354036625 0.9465784046874999 0.12399336718750001 0.8374766796875001
0 0.061334271875 0.702592603125 0.0824072234375 0.82989025625 0.12370066875 0.8358698953125 0.109070709375 0.7090935609375 0.061334271875 0.702592603125
0 0.7920547578125 0.5089484640624999 0.50006145625 0.5671161609375 0.519673365625 0.6631612984374999 0.8301175531249999 0.601737203125 0.7920547578125 0.5089484640624999
0 0.8315822578125 0.5981618140625 0.8523710578125 0.6425875796875 0.886630015625 0.7028788406250001 0.887800803125 0.7093059734375 0.8930717874999999 0.7150094578124999 0.903322278125 0.713200346875 0.81811698125 0.5358591125000001 0.8058163921875 0.5380300453125 0.8315822578125 0.5981618140625
0 0.8848726140625001 0.704847446875 0.8321676515625 0.60137538125 0.5182086609375001 0.6667366859375 0.542504940625 0.77688104375 0.5480686218749999 0.7841913140625 0.8842859984375 0.71324318125 0.8848726140625001 0.704847446875
0 0.5120559234375001 0.6910407546874999 0.5012273609375 0.6199804953125 0.488636515625 0.59732604375 0.3041276484375 0.6298900374999999 0.206015615625 0.6488642812500001 0.1998641 0.6615590499999999 0.20191175781249998 0.684415828125 0.198683546875 0.748006325 0.5032701375 0.689274478125 0.5120559234375001 0.6910407546874999
0 0.5179123015625 0.69995780625 0.507955728125 0.691764396875 0.20102634375 0.749251284375 0.192521046875 0.8651847984375 0.20072144062500002 0.863737509375 0.5240516125 0.8033560453125 0.530201909375 0.8022705796875 0.5179123015625 0.69995780625
0 0.931135803125 0.7961888953125 0.8845786953125 0.7148499640625 0.5466039171875 0.7877666999999999 0.56592435 0.8705957546875001 0.931135803125 0.7961888953125
0 0.93084310625 0.7945821140625 0.9408009015625 0.79116621875 0.9062504703125001 0.7176588734375 0.893949878125 0.7198298046875 0.93084310625 0.7945821140625
0 1 0.888095865625 0.953979584375 0.793815634375 0.5603594484375 0.8748947875 0.5849484234375 0.986645928125 1 0.913393425 1 0.888095865625
0 0.4057166453125 0.9668669031249999 0.5480515328125 0.9467215234375 0.5462965718749999 0.9254715265625 0.56328275625 0.925790515625 0.5366449015625 0.8027918953125001 0.20716443281250002 0.8642588265625 0.2080425234375 0.8690791734375001 0.1933628765625 0.9970311093750001 0.3684213703125 0.9939754515624999 0.4030787125 0.9872337625000001 0.4057166453125 0.9668669031249999
0 0.5559543484375 0.9901046546875 0.5828983265625001 0.9870077515625001 0.5676756484375 0.926673653125 0.54658926875 0.9270783093749999 0.5559543484375 0.9901046546875
0 0.54629413125 0.9486901296875001 0.40600934375 0.9684736875000001 0.40427124374999995 0.9933496906249999 0.552307909375 0.9907657000000001 0.55390425 0.990466478125 0.54629413125 0.9486901296875001