0 0.8962281937500001 0.404965984375 0.9418056937499999 0.397779728125 0.9603771171875 0.298632528125 0.9541305078125 0.21602055468749998 0.9222530687500001 0.19223386874999998 0.47362090312499994 0.22596289062500002 0.47247973437499996 0.39650864375 0.8962281937500001 0.404965984375
0 0.8233285921875 0.5812087859374999 0.9192892828125 0.5243131562500001 0.9378128046875001 0.3980127828125 0.8962281937500001 0.404965984375 0.639093234375 0.3988530890625 0.631622009375 0.5652423171875001 0.8233285921875 0.5812087859374999
0 0.4707104390625 0.39962924218749996 0.47008924375000005 0.550532 0.6315084343749999 0.5637402812500001 0.639093234375 0.3988530890625 0.4707104390625 0.39962924218749996
0 0.47985666875 0.679707084375 0.843580440625 0.7429625468750001 0.8973886437499999 0.6855099375 0.9052484968750001 0.5507799906249999 0.877071121875 0.549407315625 0.8233285921875 0.5812087859374999 0.48007146718750004 0.549949359375 0.47985666875 0.679707084375
0 0.8992715140625 0.6838913734375 0.9388117812500001 0.649901528125 0.953455990625 0.525336246875 0.9192892828125 0.5243131562500001 0.877071121875 0.549407315625 0.9072449406249999 0.5506634640625 0.8992715140625 0.6838913734375
0 0.61480210625 0.714073228125 0.6095065734375 0.8561968249999999 0.7872859453125 0.9001321640625 0.892224459375 0.776331259375 0.8993850890624999 0.685393409375 0.8436940156249999 0.7444645828125 0.6300922156250001 0.7041287875 0.61480210625 0.714073228125
0 0.45846365312500004 0.6884990734375 0.4562524109375 0.8183733296875 0.6037443890625 0.8595504828125 0.609733721875 0.8592008984374999 0.616912125 0.7154587359375 0.6300922156250001 0.7041287875 0.4797430953125 0.6782050484375 0.45846365312500004 0.6884990734375
0 0.8747965296875 1 0.9078498703125 0.9564590359375 0.9155304734374999 0.8458781921874999 0.846288459375 0.8318157203125001 0.78762666875 0.9046382734374999 0.6056272578125 0.85793191875 0.4828876390625 0.8258706765625 0.4779985046875 0.9468492453125 0.6568961640625 1 0.8747965296875 1
0 0.9172997671875001 0.8427575921875 0.9136120562500001 0.9531053796875 0.9448134687499999 0.7823137421874999 0.9002102375 0.775865146875 0.8502813484375 0.8315826640624999 0.9172997671875001 0.8427575921875
0 0.5851946531250001 0.21643324062499997 0.9221394937499999 0.1907318328125 0.9537897828125 0.2115144484375 0.9423626328125 0.06038934218749999 0.9080331968750001 0.0581894109375 0.5824387328125 0.1004268921875 0.5851946531250001 0.21643324062499997
0 0.2627325453125 0.0889141578125 0.2698043046875 0.26199786875000003 0.30819105 0.2657919765625 0.471445209375 0.2502285203125 0.469514440625 0.22469391249999998 0.5851946531250001 0.21643324062499997 0.577925871875 0.12030294374999999 0.3828120453125 0.0592754 0.2627325453125 0.0889141578125
0 0.1886315234375 0.275787740625 0.192636765625 0.4083164828125 0.46950901875 0.410260021875 0.471785934375 0.2547346296875 0.1886315234375 0.275787740625
0 0.47020281875 0.552034034375 0.46950901875 0.410260021875 0.3053462609375 0.41380718906249997 0.30125215 0.5453000078125 0.43272467031249995 0.5602562140625 0.47020281875 0.552034034375
0 0.2992557046875 0.5454165375 0.30334981562499996 0.4139237171875 0.1827681171875 0.410401159375 0.1843226140625 0.537038284375 0.2876177609375 0.5506218140625 0.2992557046875 0.5454165375
0 0.155653884375 0.13137206875000002 0.168439928125 0.27394894999999997 0.26426926875 0.268355596875 0.25856040625 0.1132963171875 0.155653884375 0.13137206875000002
0 0.15433888906249998 0.14050081406249998 0.1362573125 0.1400475328125 0.04544303125 0.15892615000000002 0.0552104578125 0.28810123593750003 0.1647877625 0.2786881140625 0.15433888906249998 0.14050081406249998
0 0 0.4114423078125 0.18687458125 0.4116701375 0.186862228125 0.27890834062500003 0 0.293817965625 0 0.4114423078125
0 0.07051291875 0.4109185953125 0.07937174687500001 0.5280773921875 0.180329725 0.537271340625 0.1809988203125 0.413521759375 0.07051291875 0.4109185953125
0 0 0.52450250625 0.079485321875 0.529579428125 0.07051291875 0.4109185953125 0 0.4119103296875 0 0.52450250625
0 0.20873424843750002 0.5416480890625001 0.21092229375 0.6501442578125001 0.45658078281250003 0.6901176390625 0.47563663125 0.67693606875 0.47818859687500004 0.551567921875 0.4369447078125 0.5630272296875 0.299369278125 0.5469185734375 0.2877313359375 0.55212385 0.20873424843750002 0.5416480890625001
0 0 0.5708933328125 0.008438465624999999 0.6242461796875001 0.19728790624999998 0.6554660625000001 0.209039425 0.651762821875 0.20873424843750002 0.5416480890625001 0.1823261703125 0.5371548140625 0 0.5274488546875 0 0.5708933328125
0 0.3124604984375 0.7996101828125 0.43297652343750004 0.82878388125 0.4541423921875 0.816987821875 0.4546979125 0.691736203125 0.3248811125 0.6721573609375 0.3091367046875 0.6760936578125001 0.3124604984375 0.7996101828125
0 0.3064711640625 0.79995976875 0.3072538359375 0.6777122203125 0.3248811125 0.6721573609375 0.2069294046875 0.6503773125000001 0.1952914625 0.655582590625 0.1962780859375 0.7747095390625 0.3064711640625 0.79995976875
0 0.09798564843749999 0.641649478125 0.11004234375 0.74806096875 0.1916037484375 0.765930378125 0.1893021265625 0.6559321765624999 0.09798564843749999 0.641649478125
0 0.004672725 0.6274833078125 0.01216865625 0.7266176765625 0.1079323234375 0.7466754609375 0.095989203125 0.64176600625 0.004672725 0.6274833078125
0 0.22584848281249997 0.8740641328125 0.47023987500000003 0.9503194296874999 0.476229209375 0.9499698453125 0.4828876390625 0.8258706765625 0.454255965625 0.8184898578125 0.4370829875 0.8300528625 0.21880685 0.7809379078124999 0.22584848281249997 0.8740641328125
0 0.029078937500000002 0.8176592234375001 0.20411474218749998 0.8783500125 0.22396561250000002 0.8756826953125 0.21880685 0.7809379078124999 0.196618809375 0.7792156453125 0.1894937296875 0.7645448703125 0.0163886953125 0.7293886921875 0.029078937500000002 0.8176592234375001
0 0.6023327828125 1 0.6022145953125 0.9984369531249999 0.613511815625 0.9887255671874999 0.4799949484375 0.9467327171875001 0.46236767187499994 0.9522875781250001 0.46366564375 1 0.6023327828125 1
0 0.44391757812500005 1 0.43961175781249995 0.9430551375 0.318187134375 0.901865153125 0.302897025 0.9118095921875 0.30290523125 1 0.44391757812500005 1
0 0.300986909375 1 0.30112773125 0.9149301921875 0.3164178390625 0.904985753125 0.22607563281249998 0.8770682031250001 0.19213607500000002 0.8790491812499999 0.20128163125 1 0.300986909375 1
0 0.20070751874999998 1 0.18979890625 0.874659603125 0.1075560515625 0.8477779765625 0.1190661453125 1 0.20070751874999998 1
0 0.1190661453125 1 0.1075560515625 0.8477779765625 0.0291925125 0.8191612578124999 0.0502393828125 0.9914292734375 0.0662264765625 1 0.1190661453125 1