0 0.765625 0.9958333328125001 0.778125 0.6291666671875 0.671875 0.6208333328125 0.55625 0.65 0.55 0.9458333328125 0.725 1 0.765625 0.9958333328125001
0 0.78125 0.36666666718749996 0.775 0.6916666671875 0.996875 0.725 0.99375 0.3625 0.78125 0.36666666718749996
0 0.996875 0.7291666671875 0.775 0.6916666671875 0.765625 0.9958333328125001 0.996875 1 0.996875 0.7291666671875
0 0.546875 0.9375 0.54375 0.9958333328125001 0.721875 0.9958333328125001 0.546875 0.9375
0 0.796875 0.0375 0.790625 0.36666666718749996 0.996875 0.3625 0.99375 0 0.796875 0.0375
0 0.78125 0.3708333328125 0.665625 0.3708333328125 0.653125 0.6208333328125 0.775 0.625 0.78125 0.3708333328125
0 0.66875 0.375 0.503125 0.375 0.503125 0.6 0.653125 0.6208333328125 0.66875 0.375
0 0.79375 0.10833333281249999 0.665625 0.1291666671875 0.665625 0.3708333328125 0.78125 0.3708333328125 0.79375 0.36666666718749996 0.79375 0.10833333281249999
0 0.553125 0.65 0.65625 0.6208333328125 0.5 0.6 0.5 0.825 0.55 0.8375 0.553125 0.65
0 0.55 0.8416666671874999 0.496875 0.825 0.496875 1 0.54375 0.9958333328125001 0.55 0.8416666671874999
0 0.5 0.825 0.3625 0.7833333328125 0.353125 0.9916666671875 0.49375 0.9958333328125001 0.5 0.825
0 0.5 0.825 0.5 0.6 0.35625 0.5833333328125 0.359375 0.7791666671875 0.5 0.825
0 0.503125 0.6 0.5 0.375 0.35625 0.3708333328125 0.35625 0.5833333328125 0.503125 0.6
0 0.503125 0.1458333328125 0.5 0.36666666718749996 0.6625 0.375 0.665625 0.1291666671875 0.503125 0.1458333328125
0 0.35625 0.375 0.503125 0.3708333328125 0.503125 0.1458333328125 0.353125 0.1708333328125 0.35625 0.375
0 0.103125 0.1541666671875 0.1 0.3708333328125 0.2125 0.36666666718749996 0.35625 0.38333333281250004 0.353125 0.175 0.221875 0.13333333281249998 0.103125 0.1541666671875
0 0.21875 0.6083333328125 0.359375 0.5833333328125 0.359375 0.38333333281250004 0.20625 0.36666666718749996 0.103125 0.3708333328125 0.103125 0.5875 0.21875 0.6083333328125
0 0.21875 0.8416666671874999 0.353125 0.7916666671875 0.35625 0.5875 0.21875 0.6083333328125 0.103125 0.5875 0.1 0.8083333328125001 0.21875 0.8416666671874999
0 0.103125 0.5916666671875 0 0.575 0.00625 0.775 0.103125 0.8041666671875 0.103125 0.5916666671875
0 0 0.575 0.1 0.5916666671875 0.103125 0.375 0 0.375 0 0.575
0 0 0.8875 0.096875 0.9125 0.096875 0.8125 0 0.775 0 0.8875
0 0.215625 0.8375 0.1 0.8083333328125001 0.103125 1 0.35625 0.9916666671875 0.359375 0.7833333328125 0.215625 0.8375
0 0.103125 0.1583333328125 0.009375 0.17916666718750002 0.003125 0.3791666671875 0.103125 0.3791666671875 0.103125 0.1583333328125
0 0 1 0.10625 0.9958333328125001 0.1 0.9166666671874999 0 0.8875 0 1