0 0.766947165625 0 0.7393809890624999 0.1919665734375 0.980947665625 0.199023640625 0.9959725531249999 0.0007419625 0.9523545562500001 0 0.766947165625 0
0 0.5162408015625 0.012338957812499999 0.4923548515625 0.199192971875 0.7404064171875 0.1919665734375 0.765845659375 0.0009831890625000002 0.5162408015625 0.012338957812499999
0 0.260950640625 0.0360828375 0.2417656171875 0.23429262187500002 0.4863753078125 0.221904509375 0.509398103125 0.025759412500000002 0.260950640625 0.0360828375
0 0 0.24141749843750002 0.23624258281250002 0.23738964999999998 0.25695059531250003 0.0433092359375 0.0213009453125 0.047211492187499995 0 0.21384362656250003 0 0.24141749843750002
0 0.3298506390625 0.2270662234375 0.31089924375 0.43147006093750007 0.45270234531250003 0.421146634375 0.4750956171875 0.221904509375 0.3298506390625 0.2270662234375
0 0.14521324687499998 0.2435837046875 0.13747019062500002 0.4325024046875 0.3119246703125 0.43147006093750007 0.32582028749999997 0.2425513609375 0.29535173124999997 0.2322279359375 0.14521324687499998 0.2435837046875
0 0 0.437057203125 0.1033671796875 0.434567090625 0.134586490625 0.41495258125 0.1457411125 0.23945433437500002 0 0.2394745265625 0 0.437057203125
0 0.45263099218749997 0.40566149687499997 0.603236728125 0.4066938390625 0.6325743562499999 0.20125765625 0.487857246875 0.2022900015625 0.45263099218749997 0.40566149687499997
0 0.606576940625 0.40462915468749994 0.7616802828125 0.4025644703125 0.7861547125 0.1950636015625 0.63822935625 0.1971282875 0.606576940625 0.40462915468749994
0 0.7901351953125 0.2280985671875 0.769914003125 0.39430572812500003 0.806403153125 0.40566149687499997 0.9629278203125 0.4004997828125 0.9713410843749999 0.3258005765625 0.9810082484375 0.1982241515625 0.8326645015624999 0.20022531406250002 0.7901351953125 0.2280985671875
0 0.6863304265625 0.606968309375 0.9417790953124999 0.6119854953125 0.9611201406250001 0.46068517968749995 0.96528475 0.40572530625000003 0.71077455 0.40772618125 0.6863304265625 0.606968309375
0 0.4677484578125 0.40772618281249995 0.4408878875 0.6018065953125 0.6873558531249999 0.606968309375 0.71077455 0.40772618125 0.4677484578125 0.40772618281249995
0 0.210773034375 0.4366317765625 0.18930353125 0.6286475046875 0.4368575359375 0.6172917359375 0.46153528593750004 0.42424366406249997 0.210773034375 0.4366317765625
0 0 0.6383442234375 0.180572253125 0.632776875 0.20462047656250001 0.43663177500000006 0 0.4411140109375 0 0.6383442234375
0 0 0.823413225 0.061951160937500006 0.8227279171875 0.084547753125 0.6379385875 0 0.6404201328125 0 0.823413225
0 0.28327718125 0.623485790625 0.2382600734375 0.6307121890625 0.09890372187499999 0.6379385875 0.081566234375 0.8216955734375 0.2215521078125 0.8175662062500001 0.26070015468749996 0.7680137578124999 0.2784853359375 0.6369062453125001 0.28327718125 0.623485790625
0 0.28569362656249997 0.6286475046875 0.2679602390625 0.8155015203125 0.4080780828125 0.81033980625 0.4344107828125 0.6203887625 0.28569362656249997 0.6286475046875
0 0.44241087500000004 0.605935965625 0.4103928671875 0.808275121875 0.555475571875 0.8124044906250001 0.5981437421875 0.606968309375 0.44241087500000004 0.605935965625
0 0.60532173125 0.606968309375 0.5936871859374999 0.633809215625 0.5775373953125 0.8082751203124999 0.728041471875 0.8020810656249999 0.75361268125 0.6100653359375 0.60532173125 0.606968309375
0 0.7443769421875001 0.7865959250000001 0.7618502390625 0.81033980625 0.9038869703125 0.8062104359375001 0.931772965625 0.612130021875 0.77478104375 0.6049036234375 0.7443769421875001 0.7865959250000001
0 0.7574846 0.8124044921875001 0.7354120328125 0.784531240625 0.7258586499999999 0.8031134078125 0.6484237937499999 0.8072427781249999 0.6344455109375 0.9627788953125 0.892134715625 0.9492739765625 0.9036230375000001 0.8082751203124999 0.7574846 0.8124044921875001
0 0.574958675 0.8124044906250001 0.5745002421875001 0.7277523968749999 0.5532927515625 0.8134368328124999 0.40678872187500004 0.8124044906250001 0.38223219531249997 0.9724175984375 0.42024709531250004 0.9724795390625 0.4747435078125 0.9711485234375001 0.634666921875 0.9627672921875 0.653814859375 0.80517809375 0.574958675 0.8124044906250001
0 0.2624870765625 0.7700784421875 0.2265472765625 0.8185985453125 0.16039210937499998 0.8227279171875 0.1383126453125 0.9713852546874999 0.3814707046875 0.9703529109375 0.4076821828125 0.8134368343749999 0.2644880578125 0.8185985453125 0.2624870765625 0.7700784421875
0 0 0.9695697624999999 0.136657690625 0.9682882265625 0.15873715625 0.8196308890624999 0.0824596953125 0.8227279171875 0.0770881890625 0.784531240625 0.0610577015625 0.8216955734375 0 0.8245762296875 0 0.9695697624999999