0 0.500910696875 0.1921133328125 0.7764170671875 0.1349384296875 0.7659144999999999 0.026746323437500004 0.4446897890625 0.015528909375 0.4781127359375 0.19121548906250002 0.500910696875 0.1921133328125
0 0.06492952187499999 0.1041057578125 0.11998838281249999 0.30419720781250004 0.4639360578125 0.22106631562499998 0.4206310796875 0.01827380625 0.06492952187499999 0.1041057578125
0 0.48536184687499995 0.20591455937499997 0.5268782609375 0.390707540625 0.825475996875 0.3261805921875 0.7940478875 0.130886840625 0.48536184687499995 0.20591455937499997
0 0.12669810937499998 0.306746534375 0.169927521875 0.4706897078125 0.5081212500000001 0.39910916093750004 0.4745637453125 0.222715290625 0.12669810937499998 0.306746534375
0 0.558722765625 0.5879512203124999 0.5243324734375 0.40765749375000004 0.5100802296875 0.398658984375 0.1711767046875 0.4765394921875 0.15087710781250002 0.48734121406249997 0.1916837234375 0.67843415625 0.558722765625 0.5879512203124999
0 0.6069400421875 0.6116462921875 0.9079131500000001 0.5486190953125 0.8736932734374999 0.349875665625 0.8235170171874999 0.32663076874999997 0.5402977171875001 0.3958061953125 0.5811043328125 0.5868991359375 0.6069400421875 0.6116462921875
0 0.974783728125 0.457564353125 0.9377246593749999 0.2840207640625 0.82297763125 0.3144810234375 0.8732768796875 0.3479257375 0.8972573203125 0.4794712625 0.974783728125 0.457564353125
0 0 0.6940335046875 0.045640440625 0.6874477171875 0 0.5301141703125001 0 0.6940335046875
0 0 0.49746559531249995 0.1635111984375 0.45989049218750006 0.139483334375 0.3569944859375 0 0.39393766406249997 0 0.49746559531249995
0 0 0.5218843734374999 0.0221519609375 0.5967014546875 0.1639083125 0.5579887984375 0.14933452187500001 0.48974132031249995 0.17159309843749998 0.47848941875 0.16155221875 0.46034066874999996 0 0.495508840625 0 0.5218843734374999
0 0.024110940625 0.5962512796875 0.047892825 0.6787476515625 0.1873967921875 0.6487350609375 0.16194933281249999 0.558438975 0.024110940625 0.5962512796875
0 0.0796617609375 0.8371419937500001 0.10706819999999999 0.9269879046874999 0.260994825 0.8875241171875 0.2376293359375 0.8069776703124999 0.0796617609375 0.8371419937500001
0 0.11341229687500001 1 0.083607865625 0.9037405 0.0829929125 0.85274141875 0.033602021875 0.8620458984375 0.06306119375 1 0.11341229687500001 1
0 0.2234747734375 1 0.254805203125 0.9932729124999999 0.277357184375 0.9737711250000001 0.25636706875000004 0.8947244296875001 0.09768969375 0.9311887140625 0.1139345453125 1 0.2234747734375 1
0 0.31349016875 0.77727105 0.3337230640625 0.891267225 0.5024887390624999 0.844302171875 0.46866597656250003 0.743657046875 0.31349016875 0.77727105
0 0.4124667546875 1 0.528011765625 0.9734475937499999 0.4985707796875 0.845202525 0.339600003125 0.8899166968750001 0.3631075546875 1 0.4124667546875 1
0 0.6371382484375 0.70494188125 0.6580809421875 0.8126380953125001 0.8241778390625001 0.772423178125 0.8156988249999999 0.6557259453125 0.6371382484375 0.70494188125
0 0.651077809375 0.8183386578125 0.6808122 0.9383338390624999 0.8386567843750001 0.8979697 0.8163419203125001 0.774223884375 0.651077809375 0.8183386578125
0 0.8141562390624999 0.65812605 0.8268466171875 0.7656730421875 0.9633468203125 0.734305103125 0.9691367484375 0.6238266828125 0.9689156531249999 0.62256211875 0.8141562390624999 0.65812605
0 0.8425747453125 0.897069346875 0.9564174765625 0.8665248640625001 0.963517571875 0.731046971875 0.8147993343750001 0.7766239890625 0.8425747453125 0.897069346875