0 0.0458077703125 0.05672010625 0.20286298593750002 0.012876996875 0.203271984375 0.0003065953125 0.0453987734375 0.0009197859375 0.0458077703125 0.05672010625
0 0.1950920234375 0.0134901875 0.036809815625 0.06009265312499999 0.035582821875 0.1839571015625 0.1991820046875 0.1542173703125 0.2 0.0183957109375 0.1950920234375 0.0134901875
0 0.1382413078125 0.16586798593750002 0.0323108375 0.1854900765625 0.0323108375 0.31058090625 0.1308793453125 0.30199624062499997 0.1374233125 0.29709071875 0.1382413078125 0.16586798593750002
0 0.26175869218750003 0.14532610937499998 0.1451942734375 0.16709436718749998 0.1423312875 0.299850075 0.2646216765625 0.290958815625 0.265439671875 0.148085465625 0.26175869218750003 0.14532610937499998
0 0.42699386562499997 0.00122638125 0.20572597187500002 0.00122638125 0.20572597187500002 0.15268439375 0.41390592968749995 0.11773254375 0.4274028625 0.1192655203125 0.42699386562499997 0.00122638125
0 0.40899795625 0.2793082 0.42576687187499995 0.2793082 0.4249488765625 0.122331471875 0.413087934375 0.1198787109375 0.2703476484375 0.14532610937499998 0.26871165625 0.1483920609375 0.2670756640625 0.2912654109375 0.40899795625 0.2793082
0 0.13456032812500002 0.305675384375 0.02985685 0.31272707187500004 0.02985685 0.436898115625 0.1329243359375 0.4372047109375 0.136605315625 0.32560406875000003 0.13456032812500002 0.305675384375
0 0.26625766875 0.29463795625 0.14314928437500002 0.301689646875 0.1382413078125 0.3029160265625 0.133333334375 0.43383216406249997 0.26625766875 0.4347519484375 0.267893659375 0.34767892031250003 0.26625766875 0.29463795625
0 0.43640081875 0.434445353125 0.43067484531250005 0.2832939359375 0.41513292343749997 0.280534578125 0.26748466249999997 0.29371817031249997 0.267893659375 0.34767892031250003 0.26748466249999997 0.43567173437499995 0.43640081875 0.434445353125
0 0.0294478515625 0.32407109218749997 0.00122699375 0.327443640625 0.00040899843750000003 0.4292332375 0.0302658484375 0.42953983124999995 0.0294478515625 0.32407109218749997
0 0.204498978125 0.43751130624999995 0.0400818 0.4387376859375 0.0376278125 0.56045596875 0.1991820046875 0.574559346875 0.203271984375 0.5711867984375 0.204498978125 0.43751130624999995
0 0.20899795625 0.4365915203125 0.20654396875 0.57394615625 0.4192229046875 0.5923418671875 0.4204498984375 0.436284925 0.20899795625 0.4365915203125
0 0.04867075625 0.56444170625 0.047852759375 0.681561059375 0.2016359921875 0.709767815625 0.2016359921875 0.5751725375000001 0.04867075625 0.56444170625
0 0.41840490781249995 0.59326165 0.20286298593750002 0.576092321875 0.2024539875 0.709154625 0.40531697343750006 0.7480922109375 0.41431492812500004 0.745026259375 0.41840490781249995 0.59326165
0 0.0400818 0.436898115625 0.0302658484375 0.436898115625 0.029038854687499997 0.43168599687500003 0.0008179953125 0.43199259218749997 0 0.531636021875 0.038036809375 0.5319426171875 0.0400818 0.436898115625
0 0.0376278125 0.531636021875 0.00040899843750000003 0.531636021875 0.00040899843750000003 0.6303596671875 0.0453987734375 0.6321992390625 0.047852759375 0.5613757546875 0.0376278125 0.56045596875 0.0376278125 0.531636021875
0 0.038445807812499996 0.6778819171875 0.0470347640625 0.6751225609375 0.0458077703125 0.6325058328125001 0.0008179953125 0.6309728578125 0.00122699375 0.728470121875 0.034764826562500004 0.736135 0.038445807812499996 0.6778819171875
0 0.19345603125 0.7088480296874999 0.0474437625 0.6812544640625 0.04621676875 0.6751225609375 0.038445807812499996 0.677575321875 0.0339468296875 0.800519984375 0.19019999999999998 0.8458770609374999 0.19345603125 0.7088480296874999
0 0.1202453984375 0.83332566875 0.1272 0.8289355328125 0.0339468296875 0.801133175 0.0204498984375 0.8045057218749999 0.0200409 0.924691028125 0.11860940625000001 0.9651615906250001 0.1202453984375 0.83332566875
0 0.2384 0.99970015 0.24252679062500002 0.8700901078125 0.25397873125000003 0.8673307515625 0.128 0.8290854578125 0.12146339375 0.8329920921875 0.11941840468750001 0.96697418125 0.2164 0.99970015 0.2384 0.99970015
0 0.027402862500000003 0.928063575 0.024 0.99850075 0.124 0.99850075 0.1259713703125 0.96976051875 0.027402862500000003 0.928063575
0 0.12638036875 0.96976051875 0.12433537812499999 0.9982738703124999 0.2147239265625 0.9982738703124999 0.12638036875 0.96976051875
0 0.40408997968750004 0.8992436296875 0.40245398750000005 0.7502383781249999 0.2024539875 0.71038100625 0.19304703437499998 0.7131403625 0.19304703437499998 0.8477356421875 0.38691206562499997 0.9047623437500001 0.40408997968750004 0.8992436296875
0 0.4032634046875 0.9981023484374999 0.4013986015625 0.9023460296874999 0.3869463859375 0.9058407859375001 0.2522144515625 0.8670489921875 0.24242424218749997 0.8701942734375001 0.2377622375 0.9981023484374999 0.4032634046875 0.9981023484374999
0 0.710489509375 0.42854446875 0.710489509375 0.2490013734375 0.7045454546875 0.2474287328125 0.4426573421875 0.28150260625 0.44090909062500006 0.2856963140625 0.4370629375 0.4366697765625 0.710489509375 0.42854446875
0 0.69405594375 0.2482150546875 0.6951048953125001 0.065264571875 0.43076922968750003 0.12083119375 0.4265734265625 0.123190153125 0.42517482656250005 0.280716284375 0.46783216875000005 0.2780952171875 0.69405594375 0.2482150546875
0 0.6048951046875 0 0.43216783124999997 0.0005242125 0.43146853125 0.1176859109375 0.44475524375 0.1174238046875 0.6031468546875 0.084398359375 0.6048951046875 0
0 0.822916665625 0.0330192046875 0.8219718296874999 0.001266971875 0.6053571421874999 0.00044620468750000003 0.603273809375 0.08477903906249999 0.740773809375 0.05198293750000001 0.7413690484375 0.046628470312499996 0.822916665625 0.0330192046875
0 0.9027600843749999 0.01909873125 0.7409766453125 0.046473578125 0.7307855625 0.2387341359375 0.9974522296874999 0.21040435156249998 0.9974522296874999 0.01846210625 0.9027600843749999 0.01909873125
0 0.998 0.21289355312499997 0.7358811046875 0.2374608875 0.7354564765625 0.24128063437499997 0.718046709375 0.42176364062499994 0.7214437359375 0.428129884375 0.998 0.42728635625000005 0.998 0.21289355312499997
0 0.5987261140625 0.4329045671875 0.42420382187500005 0.4383158734375 0.42547770781249994 0.591105721875 0.5906581734375 0.602883271875 0.5978768578125 0.5990635265625001 0.5987261140625 0.4329045671875
0 0.8254777078125001 0.4335411921875 0.8195329078125001 0.43035806875000004 0.6046709124999999 0.4319496296875 0.6004246281250001 0.602883271875 0.8135881093749999 0.6223003140625 0.8161358812499999 0.6197538171875 0.8254777078125001 0.4335411921875
0 0.4292993640625 0.5920606578125 0.42123142187499996 0.59301559375 0.417409765625 0.745805440625 0.5902335453124999 0.7754084734375 0.592781315625 0.6070213296875 0.4292993640625 0.5920606578125
0 0.6721868359375 0.7922790187500001 0.4152866234375 0.7461237546875 0.4046709125 0.751535059375 0.4046709125 0.903369971875 0.6709129515625001 0.9727620265624999 0.6721868359375 0.7922790187500001
0 0.40382165625 0.9049615328125 0.404 0.99850075 0.6679999999999999 0.99850075 0.6679405515625 0.9737169625 0.40382165625 0.9049615328125
0 0.998 0.99850075 0.998 0.8530734624999999 0.6925690015625 0.7957804546875 0.691295115625 0.7996002 0.6853503187500001 0.9756268359375 0.778 0.99850075 0.998 0.99850075
0 0.8135881093749999 0.623891875 0.5987261140625 0.60542976875 0.5944798296875 0.776681721875 0.8046709125 0.8158341218749999 0.8106157125 0.8148791843750001 0.8135881093749999 0.623891875
0 0.9978768578125001 0.6452187921875 0.8199575375 0.6245285 0.817409765625 0.6318496812500001 0.8131634812499999 0.8136059359375001 0.9974522296874999 0.8492569 0.9978768578125001 0.6452187921875
0 0.831847134375 0.4319496296875 0.817409765625 0.6203904421875001 0.9978768578125001 0.6413990453125 0.9978768578125001 0.43099469375000005 0.831847134375 0.4319496296875
0 0.8352542375 0 0.8349152546875 0.0299850078125 0.9030508484374999 0.0190582671875 0.998 0.0179910046875 0.998 0 0.8352542375 0
0 0.020576131249999997 0.803919028125 0.03374485625 0.7996002 0.0353909453125 0.736668703125 0.0008230453125000001 0.728339534375 0.0012345687500000002 0.816567025 0.018518518749999997 0.8227367796875 0.020576131249999997 0.803919028125
0 0.0008230453125000001 0.8162585375000001 0 0.9152830984375001 0.0181069953125 0.9229952921875 0.018930042187500003 0.8236622421875 0.0008230453125000001 0.8162585375000001
0 0.000411521875 0.9149746109375 0 0.99850075 0.02 0.99850075 0.027572015625 0.928548071875 0.000411521875 0.9149746109375