0 0.17820320625 0.057958325 0.1271478046875 0.010150790625 0.0486671234375 0.0150584875 0.0412782625 0.130500765625 0.1397345671875 0.126641228125 0.17795854375 0.15572404374999999 0.1918455203125 0.157957003125 0.17820320625 0.057958325
0 0.1407197921875 0.23650576562499998 0.1913129796875 0.26022047656249997 0.180052065625 0.1543296109375 0.1377370046875 0.1265364109375 0.043371782812499995 0.12910633124999998 0.0365586796875 0.2355531078125 0.1407197921875 0.23650576562499998
0 0.1407197921875 0.23650576562499998 0.0346570765625 0.23394904218749998 0.0272682171875 0.3493913203125 0.1456041828125 0.3480791875 0.1969650453125 0.35979989375 0.1873178546875 0.26001084531249996 0.1407197921875 0.23650576562499998
0 0.1956040328125 0.412378471875 0.198866646875 0.361403959375 0.145700140625 0.3465799359375 0.029265778125000003 0.3494961359375 0.027076296875 0.352389821875 0.0204551109375 0.455838096875 0.1451676 0.44884340937499995 0.1566731796875 0.45696855468750003 0.191207490625 0.4497549171875 0.1956040328125 0.412378471875
0 0.158042240625 0.5608360921875 0.1488748484375 0.45355079218750005 0.11501224843749999 0.450269678125 0.0204551109375 0.455838096875 0.0193057125 0.473796109375 0.023415734375 0.574663275 0.106855715625 0.577705959375 0.158042240625 0.5608360921875
0 0.13205635 0.5910625640625 0.162883415625 0.57914154375 0.1600398015625 0.560940909375 0.1107548796875 0.5794148390625 0.02347848125 0.5762031859375 0.02845873125 0.698427296875 0.13580681249999998 0.6890379171875 0.13205635 0.5910625640625
0 0.1196600296875 0.8160549359375 0.1055555015625 0.6919634328125001 0.0284612203125 0.6984883671875 0.0356613890625 0.8751931624999999 0.08015341875000001 0.86964051875 0.1196600296875 0.8160549359375
0 0.2070056 0.26555675 0.37090165937499997 0.2726523765625 0.37811618281250003 0.1286195265625 0.36319123750000004 0.111289246875 0.20519190312500002 0.10600731875 0.19881537968750002 0.1116898734375 0.2070056 0.26555675
0 0.3531235703125 0.42515665468749997 0.36091384843749996 0.2721282984375 0.20110887187499998 0.263743053125 0.19731371874999998 0.41698104062499997 0.3531235703125 0.42515665468749997
0 0.193414553125 0.41527215625 0.1900032359375 0.562513140625 0.3399163609375 0.5688750578125 0.3481944875 0.5647965703125 0.36044210468750004 0.4360706671875 0.3552170921875 0.42376221718749996 0.193414553125 0.41527215625
0 0.341242209375 0.579474625 0.3481944875 0.5647965703125 0.31784721875 0.5692213374999999 0.1900032359375 0.562513140625 0.134149871875 0.589668128125 0.12749352187500002 0.7562945515624999 0.303278996875 0.7655183203125 0.3178296359375 0.6008104109375 0.341242209375 0.579474625
0 0.35580089843749996 0.5712128328125 0.31773367656249996 0.602309659375 0.30318303750000003 0.7670175718750001 0.480678196875 0.78084390625 0.497514275 0.6117430609375 0.47953621562500004 0.6107997203125 0.47964975625 0.5777113984375 0.35580089843749996 0.5712128328125
0 0.477556234375 0.5791058312499999 0.5026528578125 0.43751557031250005 0.3608259421875 0.430073665625 0.351805775 0.5710032015625 0.477556234375 0.5791058312499999
0 0.36300737031249997 0.2707338640625 0.3532195296875 0.4236574015625 0.3587324203125 0.43146810156250004 0.50274881875 0.43601632031250004 0.50902938125 0.431833015625 0.518433384375 0.2849064796875 0.36300737031249997 0.2707338640625
0 0.37099761875000004 0.27115312812500003 0.5307066359375 0.28103762187500003 0.53678723125 0.1234067015625 0.378979815625 0.11512627187499999 0.37099761875000004 0.27115312812500003
0 0.53878479375 0.123511515625 0.530418759375 0.2855353734375 0.6922212984375 0.2940254328125 0.7085775812499999 0.1324208390625 0.53878479375 0.123511515625
0 0.5264236359375001 0.2853257421875 0.5128325874999999 0.43504114843749997 0.6742512890625 0.44952820937500004 0.6922212984375 0.2940254328125 0.5264236359375001 0.2853257421875
0 0.6608345796874999 0.6278341875 0.69003986875 0.453365234375 0.50274881875 0.43601632031250004 0.4795537953125 0.579210646875 0.47953621562500004 0.6107997203125 0.6608345796874999 0.6278341875
0 0.480678196875 0.78084390625 0.6637822046874999 0.8009816921875 0.678812640625 0.628777528125 0.666556971875 0.6010573124999999 0.6628321421875001 0.6279390046875 0.497610234375 0.6102438109375 0.480678196875 0.78084390625
0 0.670839971875 0.5967691921875 0.6787166796874999 0.6302767796875 0.6695045953125 0.774204815625 0.6816643046875 0.8034242812500001 0.8630586296875 0.8189594984375 0.8840817515625 0.647069784375 0.8286473875 0.6050496203125 0.670839971875 0.5967691921875
0 0.2765510671875 0.9325958375000001 0.29452912656249997 0.933539178125 0.29510488125 0.9245436765624999 0.3111732859375 0.767436834375 0.12559191875 0.7546904859375 0.1152283234375 0.9166095265624999 0.2765510671875 0.9325958375000001
0 0.3028072515625 0.9294606890624999 0.47621132812500006 0.94457664375 0.4925676109375 0.7829720515624999 0.3113652046875 0.7644383312499999 0.2931073203125 0.9244388609374999 0.3028072515625 0.9294606890624999
0 0.4925676109375 0.7829720515624999 0.47621132812500006 0.94457664375 0.6594112953125 0.963215178125 0.6718684125000001 0.799901703125 0.4925676109375 0.7829720515624999
0 0.6816643046875 0.8034242812500001 0.6739619343750001 0.7985072671875 0.6573177734375 0.9646096125 0.6810852281249999 0.9664412890625 0.8437067171875 0.9579186578125001 0.8630586296875 0.8189594984375 0.6816643046875 0.8034242812500001
0 0.8631545890625001 0.8174602484375001 0.8419246875 0.95801205 0.9894240468750001 0.9502819359375 0.9987969015625 0.82758620625 0.8631545890625001 0.8174602484375001
0 1 0.6215784453125 0.9921596109375 0.61814225 0.8246522625000001 0.604839990625 0.8842736703125 0.6440712828125 0.8610610671875 0.8188546828125001 0.9988928609375 0.82608695625 1 0.8087892046875 1 0.6215784453125
0 0.8618221671875 0.30593325625 0.8844590140624999 0.140145359375 0.7164718703124999 0.13433935156250001 0.70980746875 0.1445196578125 0.694410778125 0.291131746875 0.8618221671875 0.30593325625
0 0.6945067375 0.28963249687500003 0.6742512890625 0.44952820937500004 0.836053828125 0.4580182703125 0.85582948125 0.30561880937499997 0.6945067375 0.28963249687500003
0 0.692133390625 0.45197079999999995 0.6668448484375 0.5965595609375 0.820753096875 0.603131109375 0.8381473500000001 0.4566238359375 0.692133390625 0.45197079999999995
0 1 0.4708867296875 0.836245746875 0.45501976875 0.8228466187500001 0.6017366749999999 0.986166925 0.617827803125 1 0.5133921796875 1 0.4708867296875
0 1 0.1511365390625 0.8900678640624999 0.14645680781249998 0.883691340625 0.15213936249999999 0.8618221671875 0.30593325625 1 0.3131836859375 1 0.1511365390625
0 1 0.312921140625 0.8599205640625 0.30432919062499997 0.8381473500000001 0.4566238359375 1 0.47086528124999993 1 0.312921140625
0 0.16107777343750002 0.5760382265625 0.1899072765625 0.5640123921875 0.1933010125 0.4483604828125 0.152678053125 0.4567589234375 0.1561406390625 0.5592320265625 0.16107777343750002 0.5760382265625