0 1 0.2114005078125 0.97646849375 0.21240515312500002 0.9493488890625 0.37405264531250004 0.9867789046875 0.40884170312499996 1 0.410664209375 1 0.2114005078125
0 1 0.046630143750000005 0.8634785468749999 0.030486071875 0.8831088359375 0.07461336874999999 0.8563231171875 0.044224617187499995 0.7307236234375 0.03846340625 0.7304974890625 0.043280679687500004 0.8038284687499999 0.05297023125 0.7940024515624999 0.308523521875 0.8087386375 0.318216621875 0.810520759375 0.3264831703125 0.8168470359375 0.3304079625 0.889047353125 0.36418388749999997 0.9461345937500001 0.3962954984375 0.9493488890625 0.37405264531250004 0.97430948125 0.21216739375000002 1 0.21138680468749999 1 0.046630143750000005
0 0.73126733125 0.25803529375 0.7114593484375 0.26392425625 0.7346054453125 0.279385665625 0.79119198125 0.27593284218749997 0.801669459375 0.0527324734375 0.7304221125 0.0448864375 0.73126733125 0.25803529375
0 0.2818573859375 0 0.3116924625 0.18116295 0.323639678125 0.2502690984375 0.3573546953125 0.271736575 0.7311165749999999 0.261246809375 0.7317789078125 0.0159827921875 0.5866442734375 0 0.2818573859375 0
0 0.3116924625 0.18116295 0.2877226515625 0.0445564109375 0.2796896296875 0.0307593109375 0.0560301328125 0.0335680546875 0.040954625 0.35471966250000003 0.2569579890625 0.33008503125 0.33736901874999997 0.32764179531250004 0.323639678125 0.2502690984375 0.3116924625 0.18116295
0 0.3755473734375 0.48518174218750004 0.376075015625 0.4739414359375 0.364251615625 0.44842851406250006 0.339528028125 0.3278795546875 0.2482465703125 0.33073975624999996 0.040879246875000004 0.356325421875 0.0355704203125 0.469418684375 0.045380798437499995 0.5988850921875 0.38415647656249996 0.5329375187500001 0.3755473734375 0.48518174218750004
0 0.4113890234375 0.6925001890625 0.3939446828125 0.6018059078125 0.398564215625 0.5958583921875 0.3917372328125 0.5563691656249999 0.3840810984375 0.5345432765625 0.0453861703125 0.5989559890625 0.0526035765625 0.694203240625 0.0948382015625 0.7786947921875 0.4113890234375 0.6925001890625
0 0.5760931484375 0.28129837812499997 0.4350790703125 0.2802958859375 0.341713978125 0.281312571875 0.33998029375 0.31824500625 0.355793265625 0.3974612203125 0.3643269921875 0.446822753125 0.37213388125 0.46543712812500004 0.377404871875 0.4918425328125 0.3824497328125 0.5230652124999999 0.3921894984375 0.54673461875 0.39678209062500003 0.5875918453125 0.42015431875000003 0.59823598125 0.37241389062499997 0.3670103703125 0.3690004 0.34726575625 0.4407000109375 0.3454772453125 0.645003790625 0.33892291406249997 0.8169977921875 0.327196446875 0.817374678125 0.31916765625 0.7154758609375 0.2708228046875 0.6718433859374999 0.2757021796875 0.5760931484375 0.28129837812499997
0 0.6493218125 0.33939843125 0.4407000109375 0.3454772453125 0.371159409375 0.34750351562500004 0.4144795015625 0.6266641078124999 0.46825013281250005 0.729429075 0.48127957343750005 0.72924986875 0.451516565625 0.4386697640625 0.958259503125 0.4153853890625 0.9608707796875 0.4059886 0.8169977921875 0.327196446875 0.6493218125 0.33939843125
0 1 0.41429050156249997 0.45352482031249997 0.44211903750000003 0.4898402375 0.7318066625 0.5716241281250001 0.9312719749999999 0.8205402906250001 0.898963415625 1 0.8745198000000001 1 0.41429050156249997
0 1 0.87603203125 0.5715487515625 0.932877734375 0.501211371875 0.76695413125 0.519657121875 0.9287772828125 0.538307503125 0.9937794343749999 0.5451941546875 0.9945378187499999 1 0.9892456734374999 1 0.87603203125
0 0.43528889218750005 0.691904015625 0.4492928046875 0.809658425 0.487498096875 0.920393628125 0.5091635796875 0.92116545625 0.48514532812500005 0.739359934375 0.461999234375 0.723898525 0.43528889218750005 0.691904015625
0 0.408853125 0.70029121875 0.43932690625 0.7908062921875 0.43097087187499994 0.6914285 0.40489049218749995 0.5997831875 0.408853125 0.70029121875