0 0.0366381734375 0 0.0290164234375 0.11350572031249999 0.050071154687499994 0.1854216203125 0.18360390937499999 0.1932463625 0.2133623859375 0.19837206875 0.3050956734375 0.2024115921875 0.44480946093749996 0.20561020000000002 0.5583962109375 0.2126550703125 0.5943815859375 0.2120243859375 0.5980743375 0 0.0366381734375 0
0 0.5980743375 0 0.5943815859375 0.2120243859375 0.598196490625 0.21647533124999999 0.75181285625 0.2216891828125 0.827736115625 0.22148798906249997 0.9095652 0.2234421921875 0.9097945375000001 0.2177909125 0.9211396140625 0.13514210468750001 0.9286239171874999 0.049172603125 0.9335135671874999 0 0.5980743375 0
0 1 0 0.9321215671875 0 0.9115643875 0.223407153125 0.9772623703125 0.22903242812500002 1 0.23087691562499998 1 0
0 0.186120275 0.62352335625 0.3188922640625 0.6008662390625 0.42358389531249996 0.5809601671875 0.4418517875 0.5738632890625001 0.45501575625 0.2494799390625 0.45271447656249997 0.20773055937499998 0.3090940484375 0.2023415171875 0.2133623859375 0.19837206875 0.18755641875 0.19430654218750001 0.027988356250000002 0.1880675484375 0.025897434375 0.1903631 0.014040468750000002 0.48253961093750003 0.0191917328125 0.6595770921875 0.0811993078125 0.64908070625 0.186120275 0.62352335625
0 0.600195678125 0.2164402921875 0.5923823984375 0.212059421875 0.56034953125 0.2137502890625 0.45671285156249997 0.207660484375 0.4440344453125 0.569307228125 0.6190645781249999 0.5391327765625 0.7238020765625001 0.5180964484375 0.7326244421875 0.49761169531249994 0.752344284375 0.2578223234375 0.74981366875 0.2217242203125 0.600195678125 0.2164402921875
0 0.913471840625 0.22563262499999998 0.8276902484375 0.22261824375 0.7517669890625001 0.22281943750000002 0.7503450968750001 0.2578573609375 0.7279380546875001 0.5146356062499999 0.7437939515624999 0.5177460671875 0.9532230796875 0.476803665625 0.976115684375 0.25728881718749996 0.9752631828125 0.22906746562500002 0.913471840625 0.22563262499999998
0 1 0.2320108921875 0.977216503125 0.2301626828125 0.9551764 0.47789888437499994 1 0.4684496546875 1 0.2320108921875
0 1 0.48810153281249996 0.9628979453125 0.4845402640625 0.5541732296874999 0.5628591093749999 0.2784039734375 0.6139998125 0.27379033750000004 0.6784594187499999 0.3689715921875 0.69599193125 0.3710435328125 0.743392590625 0.418748828125 0.749333209375 0.4245550171875 0.6554869578125 0.442593571875 0.6540413593750001 0.4430981140625 0.641608546875 0.46310897031250003 0.591561959375 0.48108267812500005 0.640942821875 0.490711675 0.6498096765625 0.5065217046875 0.65405039375 0.5118850265625 0.7680310171875 0.6410983359375 0.783837625 0.8137892265625 0.8113062078125 1 0.691192046875 1 0.48810153281249996
0 0.37097077968750003 0.6959568953125 0.22017921562499998 0.6703634046875 0.089104321875 0.651201065625 0.019262099999999997 0.66199541875 0.0267817625 0.9204294875000001 0.36642989843749996 0.807852196875 0.37097077968750003 0.6959568953125
0 0.3704820453125 0.9049140234375 0.3684290859375 0.807817159375 0.026812728125 0.9214937171875001 0.028115223437499996 0.9662575421874999 0.2302906 0.9627141781249999 0.3704820453125 0.9049140234375
0 0.2282914125 0.9627492171875 0.44220447656250006 0.9590001359375 0.4324568578125 0.9038278406250001 0.37493909531249997 0.893541390625 0.37029857499999996 0.9094350468749999 0.2282914125 0.9627492171875
0 0.5177908546875 0.7701864125 0.5077949171875 0.770361603125 0.5128102812499999 0.8436880640625001 0.46614095468750005 0.8614477734375001 0.4285233328125 0.8530714546875 0.4207021484375 0.7504284265625001 0.37485843750000003 0.7478435375 0.36838321875 0.8089474140625 0.37480149375 0.8969321578124999 0.4305035390625 0.902732625 0.44624872031249996 0.9577998031250001 0.522756546875 0.9568103890625 0.6927755375 0.9419356546875 0.7006152859375 0.7940890390625001 0.5177908546875 0.7701864125
0 0.90609190625 0.75208645625 0.817741734375 0.8123663875 0.7025227390625 0.7963145109374999 0.6947844671875 0.9417598953124999 0.88704408125 0.9249393593749999 0.8952592765625 0.9205646156249999 0.90609190625 0.75208645625
0 1 0.692250565625 0.9040468515625 0.7532517515625 0.897212596875 0.9216598312500001 0.9974661593749999 0.8634301828125001 1 0.800991884375 1 0.692250565625