0 0.361599125 0.18642224062499999 0.3140890453125 0.0014669453125000002 0.002972878125 0.0729596578125 0.011150403125 0.273650509375 0.3547320109375 0.19310998906250001 0.361599125 0.18642224062499999
0 0.5857749265625001 0.40231692812500003 0.538891265625 0.1490880046875 0.01114884375 0.2736122296875 0.015084875000000001 0.3702093453125 0.0637158140625 0.5222831218749999 0.5857749265625001 0.40231692812500003
0 0.476278915625 0.633570775 0.42680203906249997 0.43884798593749996 0.0797446390625 0.52030303125 0.1449308796875 0.731854803125 0.476615053125 0.6556356796875 0.476278915625 0.633570775
0 0.14525867812499998 0.7334827171875 0.207494721875 0.9303832484375001 0.686376015625 0.8203390718750001 0.647691509375 0.6180265328125001 0.14525867812499998 0.7334827171875
0 0.19768158125 0.9326382515624999 0.2172015109375 0.9876610906250001 0.5407223937500001 0.96503830625 0.513992528125 0.8616550515625001 0.19768158125 0.9326382515624999
0 0.32047277812499997 0 0.3140890453125 0.0014669453125000002 0.3645451515625 0.1908549859375 0.9307571484375 0.0454135359375 0.925227115625 0 0.32047277812499997 0
0 0.6031107812500001 0.39663000625 0.9580145265625 0.303152465625 0.9248692640625 0.0467665375 0.538891265625 0.1490880046875 0.5808537671875 0.3676797 0.6031107812500001 0.39663000625
0 0.5857749265625001 0.40231692812500003 0.42680203906249997 0.43884798593749996 0.47595111718750005 0.6319428578124999 0.476615053125 0.6556356796875 0.9908236531249999 0.5374734906249999 0.9599771546874999 0.3027014640625 0.605073409375 0.39617900625 0.5808537671875 0.3676797 0.5857749265625001 0.40231692812500003
0 1 0.5755529265625 0.995076709375 0.5381994031249999 0.647363709375 0.6163986171875 0.6870274453125 0.81337640625 0.69618915625 0.8180840671875 0.99876170625 0.7502578718749999 1 0.7499733187500001 1 0.5755529265625
0 1 0.7516648046875 0.69618915625 0.8180840671875 0.6870274453125 0.81337640625 0.6867038140624999 0.8219669859375 0.513992528125 0.8616550515625001 0.5407223937500001 0.96503830625 0.5694436390625001 0.9630299203125 1 0.8640905375000001 1 0.7516648046875
0 1 0.30770459843750003 0.9992338890625 0.30389994374999996 0.961943953125 0.31246895937499997 0.9852385578125 0.47914344062499997 1 0.4762814296875 1 0.30770459843750003
0 0.9639065812500001 0.3120179578125 0.9992338890625 0.30389994374999996 0.964155178125 0.1194944796875 0.9347157546875 0.1262594890625 0.9580145265625 0.303152465625 0.9639065812500001 0.3120179578125
0 0.9252666406250001 0 0.9307571484375 0.0454135359375 0.9248692640625 0.0467665375 0.9366783828124999 0.1258084890625 0.9621925499999999 0.1199454796875 0.9392478640625 0 0.9252666406250001 0
0 0.20716692343749998 0.92875533125 0.17441615625 0.8374932312500001 0.085770084375 0.8561603468750001 0.113706534375 0.9948981640625 0.21442188906249998 0.9878554609375 0.19768158125 0.9326382515624999 0.20716692343749998 0.92875533125
0 0.0854422859375 0.85453243125 0.176050984375 0.8354143140625 0.1265866140625 0.671347009375 0.052006740625000006 0.6884850375 0.0854422859375 0.85453243125
0 0.1285492421875 0.670896009375 0.0797446390625 0.52030303125 0.0637158140625 0.5222831218749999 0.054545765625 0.49713847343750006 0.0206379984375 0.5064927765625 0.02145591875 0.5265659421875 0.05396936875 0.6880340359375 0.1285492421875 0.670896009375
0 0.0151137578125 0.3709181890625 0.020634825000000002 0.5064148640624999 0.054545765625 0.49713847343750006 0.0151137578125 0.3709181890625