0 0 0 0 0.4933333328125 0.1866666671875 0.4933333328125 0.2533333328125 0.3466666671875 0.24 0.2866666671875 0.24 0.2733333328125 0.23333333281250002 0.2533333328125 0.24 0.0466666671875 0.26 0.04 0.26 0 0 0
0 0.24 0.2733333328125 0.24 0.29333333281249996 0.29333333281249996 0.3866666671875 0.37333333281250003 0.37333333281250003 0.45999999999999996 0.37333333281250003 0.6666666671875 0.38 0.7133333328125 0.37333333281250003 0.7133333328125 0.3466666671875 0.7466666671875 0.2533333328125 0.7466666671875 0.22000000000000003 0.7333333328125 0.0333333328125 0.26 0.0333333328125 0.24 0.0466666671875 0.23333333281250002 0.2533333328125 0.24 0.2733333328125
0 0.72 0 0.7333333328125 0.0333333328125 0.7466666671875 0.2266666671875 0.7466666671875 0.2533333328125 0.7266666671875 0.3266666671875 0.7466666671875 0.3933333328125 0.7866666671875 0.48 1 0.46666666718750005 1 0 0.72 0
0 0 0.7866666671875 0.17333333281250002 0.78 0.11333333281249999 0.5266666671875 0.1266666671875 0.4933333328125 0 0.4933333328125 0 0.7866666671875
0 0.5066666671875 0.78 0.5 0.52 0.4733333328125 0.5066666671875 0.4066666671875 0.5 0.33999999999999997 0.4933333328125 0.3466666671875 0.4733333328125 0.3066666671875 0.46666666718750005 0.3066666671875 0.43333333281249997 0.3333333328125 0.41333333281250006 0.32 0.4 0.29333333281249996 0.3866666671875 0.26 0.3266666671875 0.1866666671875 0.4933333328125 0.1266666671875 0.4933333328125 0.11333333281249999 0.5266666671875 0.18 0.7866666671875 0.5066666671875 0.78
0 0.6933333328125 0.5066666671875 0.5933333328125 0.5133333328125 0.5133333328125 0.5133333328125 0.5066666671875 0.52 0.5066666671875 0.78 0.8400000000000001 0.7866666671875 0.8933333328125 0.52 0.8800000000000001 0.4733333328125 0.7866666671875 0.48 0.7466666671875 0.3933333328125 0.7266666671875 0.3266666671875 0.7133333328125 0.37333333281250003 0.6799999999999999 0.3866666671875 0.6933333328125 0.5066666671875
0 1 0.46666666718750005 0.8800000000000001 0.4733333328125 0.8933333328125 0.52 0.8533333328125 0.76 0.8666666671875 0.7866666671875 1 0.7733333328125 1 0.46666666718750005
0 0 0.9866666671875001 0.2066666671875 0.9866666671875001 0.23333333281250002 0.9866666671875001 0.1866666671875 0.7933333328125001 0.17333333281250002 0.78 0 0.7866666671875 0 0.9866666671875001
0 0.5333333328125 1 0.5333333328125 0.7866666671875 0.5066666671875 0.78 0.1866666671875 0.7933333328125001 0.24 1 0.5333333328125 1
0 0.8333333328125001 1 0.8666666671875 0.82 0.8666666671875 0.7933333328125001 0.8533333328125 0.76 0.8400000000000001 0.7866666671875 0.54 0.78 0.5333333328125 1 0.8333333328125001 1
0 1 0.7733333328125 0.8666666671875 0.7866666671875 0.8400000000000001 0.9866666671875001 1 0.9866666671875001 1 0.7733333328125