0 0.0937044734375 0.45683128125000005 0.11064039218749999 0.5759135078125001 0.307819559375 0.5339865859375 0.29929722812500004 0.414285571875 0.0937044734375 0.45683128125000005
0 0.117591015625 0.574545278125 0.12398866093750001 0.704001353125 0.3222665890625 0.6577084421875 0.3078923984375 0.5350096703125 0.117591015625 0.574545278125
0 0.1225985359375 0.7042749984375 0.1297307421875 0.8242496578124999 0.3251555796875 0.777480953125 0.3182418953125 0.66057555 0.1225985359375 0.7042749984375
0 0.345825865625 0.6520333828125 0.35398399375 0.76661896875 0.5412866078125 0.72456139375 0.531738353125 0.6102494546874999 0.345825865625 0.6520333828125
0 0.3496320375 0.64609701875 0.5355445249999999 0.604313090625 0.5219715796875 0.4928682578125 0.3400837859375 0.5317850796875 0.3496320375 0.64609701875
0 0.34110970625000003 0.5263960062499999 0.5161925593750001 0.4908935828125 0.51249616875 0.379579403125 0.3355861484375 0.40921695937499997 0.34110970625000003 0.5263960062499999
0 0.52903198125 0.37424948750000003 0.536898746875 0.48474273125 0.7147618515625 0.44869301562499997 0.70682224375 0.3371766875 0.52903198125 0.37424948750000003
0 0.71099261875 0.3363557515625 0.7187865453125 0.445825909375 0.8802595140625 0.417152284375 0.88212361875 0.304743521875 0.71099261875 0.3363557515625
0 0.5398975187499999 0.4872646953125 0.5498099734374999 0.6066920640625 0.7271631921874999 0.5634807515625 0.7176877796875 0.4501918984375 0.5398975187499999 0.4872646953125
0 0.7176149406250001 0.44916881249999996 0.7326508515625 0.5613630828125 0.893832459375 0.528597115625 0.8926249531250001 0.412643303125 0.7176149406250001 0.44916881249999996
0 0.5471754046874999 0.609285525 0.5592853859375 0.7199809171875 0.7383929328125001 0.6816113875 0.7327236921875 0.56238616875 0.5471754046874999 0.609285525
0 0.739965675 0.5651102828125001 0.7451978734375 0.6781969890624999 0.9174276359375 0.642218771875 0.9078065453124999 0.5268837453125 0.739965675 0.5651102828125001