0 0.024770228124999998 0.0160333375 0.0409743328125 0.1556293140625 0.1088834953125 0.1591465765625 0.0977923359375 0.012628815625000001 0.024770228124999998 0.0160333375
0 0.172795865625 0.15950848125 0.1742719421875 0.1293643484375 0.206102090625 0.12788032656249998 0.2035450171875 0.0444570078125 0.166457715625 0.026135928125000003 0.10254534687500001 0.0257740203125 0.114248509375 0.15555474062500002 0.172795865625 0.15950848125
0 0.202644590625 0.0077402734375 0.1034094203125 0.0123669296875 0.1044177078125 0.025686725 0.16782593437499999 0.0193887328125 0.20653352656249999 0.03429256875 0.202644590625 0.0077402734375
0 0.37616222499999996 0.016358839062499998 0.300007396875 0.0032009093750000003 0.27444268906249997 0.037809831249999995 0.28585742812500003 0.114136775 0.306705478125 0.116506475 0.3844805953125 0.126247159375 0.37616222499999996 0.016358839062499998
0 0.2098468140625 0.1277057359375 0.278260121875 0.1378828953125 0.28265320312500003 0.17109509375 0.290898865625 0.180735759375 0.2882339328125 0.12070937968749999 0.2842371390625 0.11755401875 0.2088385265625 0.11438593906250001 0.2098468140625 0.1277057359375
0 0.06063473125 0.2415969234375 0.177981515625 0.252834353125 0.173300009375 0.16616838125 0.05433293593750001 0.1583481953125 0.06063473125 0.2415969234375
0 0.2898542234375 0.117292134375 0.29766845000000003 0.22052055781250002 0.35484758906249997 0.231221490625 0.386929809375 0.23306741718750001 0.380735871875 0.12642175 0.2898542234375 0.117292134375
0 0.38905424375000003 0.2363100703125 0.356972021875 0.23446414375 0.3675590390625 0.37432200625 0.40799477968750003 0.36241165937500003 0.39229482187500003 0.22947558125 0.38905424375000003 0.2363100703125
0 0.36593875 0.3777392515625 0.35484758906249997 0.231221490625 0.30353760625000004 0.2235886203125 0.23537637031249997 0.21674140625 0.2456034578125 0.3766662609375 0.31563705625 0.3834261765625 0.36593875 0.3777392515625
0 0.173300009375 0.16616838125 0.1856151734375 0.2792120578125 0.2390495890625 0.29008758437500004 0.2351242984375 0.213411459375 0.2749480390625 0.218238153125 0.28567806406249996 0.2110544828125 0.278260121875 0.1378828953125 0.2079744515625 0.12779303125000002 0.1742719421875 0.1293643484375 0.173300009375 0.16616838125
0 0.0341344453125 0.3631337046875 0.1507250140625 0.3643812859375 0.18291509374999998 0.3428302734375 0.177981515625 0.252834353125 0.1365374875 0.251424903125 0.019694846874999998 0.246847371875 0.0265007859375 0.33675599843750004 0.0341344453125 0.3631337046875
0 0.2688280125 0.3856085625 0.2456034578125 0.3766662609375 0.2390495890625 0.29008758437500004 0.182374596875 0.2860465484375 0.192709540625 0.4225744609375 0.27397730937500003 0.4288106046875 0.2688280125 0.3856085625
0 0.102368390625 0.470228571875 0.1080933328125 0.446569746875 0.1915933953125 0.43265160468749997 0.1834192375 0.349490171875 0.148852653125 0.36446858125000003 0.0418759640625 0.366114471875 0.0536869859375 0.47249825312500005 0.102368390625 0.470228571875
0 0.102368390625 0.470228571875 0.0536869859375 0.47249825312500005 0.06499386562500001 0.5722221359375 0.11579970312500001 0.5731951078125 0.102368390625 0.470228571875
0 0.12807851406249998 0.6361149578124999 0.28172003125 0.6055597953125 0.2747698796875 0.4889242796875 0.23278534999999997 0.43073110468750003 0.1897210328125 0.4327388984375 0.1080933328125 0.446569746875 0.10449282499999998 0.47347122500000005 0.10863383281250001 0.503353471875 0.12807851406249998 0.6361149578124999
0 0.06881129687500001 0.6722952 0.0784251765625 0.675188671875 0.0790371796875 0.6584516296875 0.11417941250000001 0.576612353125 0.06124914218750001 0.5723967265625001 0.06881129687500001 0.6722952
0 0.0786772484375 0.6785186203125 0.059701560937499995 0.676061625 0.069136078125 0.7758728046875001 0.0876076234375 0.7716699 0.0786772484375 0.6785186203125
0 0.243049996875 0.8145482078124999 0.25057459375 0.69055443125 0.24103221718749998 0.6141401921874999 0.1283305859375 0.639444909375 0.116051775 0.5765250562500001 0.0800454671875 0.671771428125 0.10175879531250001 0.8345024562500001 0.243049996875 0.8145482078124999
0 0.27422938281250003 0.4321405546875 0.2325332796875 0.42740115625 0.2780104578125 0.4820897921875 0.27422938281250003 0.4321405546875
0 0.3816023546875 0.46055150312500004 0.4166730828125 0.45223299062500005 0.40799477968750003 0.36241165937500003 0.3715558359375 0.377477365625 0.3816023546875 0.46055150312500004
0 0.2798828203125 0.482002496875 0.36838796406249996 0.48455950937500003 0.37724562968750003 0.47746313437500004 0.37684934375 0.447406296875 0.36968347343749997 0.37756466093749996 0.3605737359375 0.3813310859375 0.317509415625 0.3833388828125 0.268575940625 0.38227861406249997 0.2798828203125 0.482002496875
0 0.373969896875 0.60794221875 0.38228706562500003 0.544062115625 0.3774977 0.48079308281250005 0.3665156015625 0.4846468046875 0.2820072546875 0.48524515 0.2745178078125 0.4855943328125 0.2840965359375 0.6121323984375 0.373969896875 0.60794221875
0 0.3827924125 0.7244904359375 0.3926220125 0.6805900296875 0.38268335000000003 0.5741189531249999 0.37609433281250004 0.611184871875 0.2840965359375 0.6121323984375 0.2752388703125 0.6192287734375 0.289678471875 0.73551510625 0.3827924125 0.7244904359375
0 0.3937393609375 0.8442813093750001 0.39921223281249996 0.8172925359375001 0.40504503437499995 0.7702367703124999 0.39474644375 0.6838326828125 0.3827924125 0.7244904359375 0.2992923515625 0.7384085781249999 0.309483084375 0.848209603125 0.3937393609375 0.8442813093750001
0 0.3134798796875 0.8513649609374999 0.31916967343749997 0.95135073125 0.40256187499999996 0.9608295281249999 0.4005453 0.9341899343750001 0.40151723281249996 0.8973859046875001 0.3999684484375 0.8272823828125 0.3942435046875 0.8509412078124999 0.3134798796875 0.8513649609374999
0 0.25874874999999997 0.7737158640625 0.2446702859375 0.8111309625 0.10013850625000001 0.8379197015625 0.0916044171875 0.774825259375 0.052069103125 0.8234523406250001 0.074286575 0.9928432687500001 0.108701053125 0.99920928125 0.23293784374999998 0.9977636562500001 0.27005562968749997 0.873439746875 0.25874874999999997 0.7737158640625
0 0.23370350312500002 0.997754746875 0.28649201406249997 0.9971404968750001 0.2731883515625 0.890002196875 0.23370350312500002 0.997754746875
0 0.32129410625 0.954593384375 0.3229009671875 0.996716840625 0.40342800156249997 0.9957798234374999 0.402813946875 0.9641594765624999 0.32129410625 0.954593384375
0 0.40256187499999996 0.9608295281249999 0.5738472171875 0.9896023812499999 0.5711095765625 0.8293283453125 0.5666086390625 0.8195130890625 0.43140231093750003 0.7957415234375 0.426901371875 0.7859262671875 0.4076736125 0.780139321875 0.40382103125 0.8037108500000001 0.40256187499999996 0.9608295281249999
0 0.378613846875 0.470715940625 0.3895971484375 0.640630640625 0.43377761406250004 0.628545703125 0.4294923921875 0.5719365671875 0.43071639843750004 0.5384624859375 0.4284113953125 0.45836911562499993 0.42239802656250003 0.428574165625 0.416780940625 0.42883605156250004 0.41854544374999997 0.4521456953125 0.378613846875 0.470715940625
0 0.40691739687500006 0.7701494734375001 0.425893084375 0.77260646875 0.426612946875 0.7324724890625001 0.4293493828125 0.7189781015625 0.43028496250000003 0.6320502421875 0.3895971484375 0.640630640625 0.40691739687500006 0.7701494734375001
0 0.42178963437499994 0.9666164734375 0.4256130171875 0.9955216765625 0.5494744078125 0.99408041875 0.5740992890625 0.9929323296874999 0.42178963437499994 0.9666164734375
0 0.43140231093750003 0.7957415234375 0.5701012890625 0.8160085484374999 0.5618192734375 0.75624405625 0.5980061484375 0.737848403125 0.59696150625 0.674404778125 0.4324093953125 0.635292896875 0.4275133765625 0.7691892250000001 0.43140231093750003 0.7957415234375
0 0.5946952671875 0.9919720796875 0.7145264171875 0.9863851718750001 0.6981781015624999 0.8200623078125 0.64355483125 0.7190162703125 0.5620713453125 0.7595740046875 0.5946952671875 0.9919720796875
0 0.8137615859375 0.981758515625 0.8034266390625 0.8452306 0.7054518296875 0.8665070046875 0.7163987781250001 0.986297878125 0.8137615859375 0.981758515625
0 0.70357946875 0.8665943 0.8034266390625 0.8452306 0.796584346875 0.705198146875 0.7869704671875 0.7023046765625 0.6667793859375 0.727958571875 0.650540134375 0.712007190625 0.647299553125 0.7188416796875 0.697926028125 0.8167323578125 0.70357946875 0.8665943
0 0.4362971265625 0.488076771875 0.42895189531250005 0.5151528437499999 0.432157321875 0.6319629484375 0.6025785921875 0.674142890625 0.598472734375 0.5206160515625 0.4362971265625 0.488076771875
0 0.5987236015625 0.350177578125 0.44490151874999995 0.3038820265625 0.4302110484375 0.358034165625 0.42679110624999994 0.46178636093750003 0.4362971265625 0.488076771875 0.598472734375 0.5206160515625 0.5987236015625 0.350177578125
0 0.4430291546875 0.30396932187500003 0.5794958421875 0.344390634375 0.5781264187499999 0.1773694046875 0.42405226406249996 0.12774390468750002 0.4224331765625 0.30492957187499997 0.4219653859375 0.34839349999999997 0.4331995578125 0.347869728125 0.4430291546875 0.30396932187500003
0 0.666524909375 0.3770917796875 0.6400597718750001 0.3749839671875 0.6525555062499999 0.5648783625 0.6837736515625 0.58013138125 0.742933009375 0.567348078125 0.7916144125 0.5650783968749999 0.7778583218749999 0.35853425781250003 0.7462802453124999 0.363348228125 0.666524909375 0.3770917796875
0 0.6170884921875001 0.543140034375 0.6504310703125 0.5616357078124999 0.6400597718750001 0.3749839671875 0.6098499140625 0.37305074375 0.6170884921875001 0.543140034375
0 0.6008492390625 0.5271886546875 0.614964059375 0.5398973812500001 0.6098499140625 0.37305074375 0.6021083953125 0.370069978125 0.6008492390625 0.5271886546875
0 0.6005959640625 0.3500902828125 0.5997318890625001 0.3634973734375 0.6283214578125 0.368847840625 0.7296810609375 0.3674638359375 0.715024540625 0.12420296093750001 0.608047853125 0.1258488515625 0.5761098437500001 0.1507298125 0.5778743468750001 0.17403945625 0.5811161312500001 0.340973390625 0.6005959640625 0.3500902828125
0 0.6255862265625 0.5561106515625001 0.6023616703125 0.5471683484375001 0.6039468109375 0.6673956984375 0.635417028125 0.6859786671875 0.6255862265625 0.5561106515625001
0 0.6525555062499999 0.5648783625 0.6295830203125 0.559266009375 0.6349128828125 0.67931876875 0.648667771875 0.712094484375 0.666527315625 0.724628625 0.7888428281250001 0.7022173796875 0.7768875921875 0.5691067109375 0.6837736515625 0.58013138125 0.6525555062499999 0.5648783625
0 0.662346340625 0.12331728281250001 0.657304903125 0.0567183015625 0.561310315625 0.0545104703125 0.53124466875 0.07930413593749999 0.5375464640625001 0.1625528640625 0.5778743468750001 0.17403945625 0.5761098437500001 0.1507298125 0.6061754890625 0.12593614687500002 0.662346340625 0.12331728281250001
0 0.5177255921875 0 0.52400729375 0.0829832671875 0.562930603125 0.051093225 0.6549283984375001 0.0501456984375 0.6534159671875 0.030166003125 0.65113245 0 0.5177255921875 0
0 0.6805563343750001 0 0.6550362578125 0.026748759374999997 0.66209426875 0.119987334375 0.7187692640625001 0.1240283703125 0.71981390625 0.18747199375 0.7522560578124999 0.16925093125 0.7891991468749999 0.1608451234375 0.8633373984375 0.147363459375 0.8538118125 0 0.6805563343750001 0
0 0.652485265625 0 0.6566565484375 0.023331515625 0.679908915625 0 0.652485265625 0
0 0.95735176875 0.1730555265625 0.956091409375 0.1564057796875 0.793195940625 0.1640004828125 0.72031805 0.1941318921875 0.729428990625 0.3641338890625 0.74440788125 0.363435525 0.7794786109375 0.3551170125 0.7853126171875 0.4818296703125 0.8061606687499999 0.48419936874999997 0.9688040625 0.47327471875000005 0.95735176875 0.1730555265625
0 0.855467503125 0 0.8640936140625 0.1573533078125 0.8940514015625001 0.1559565796875 0.9954110046875 0.154572575 0.98371010625 0 0.855467503125 0
0 1 0.21519466875 0.9956630765625001 0.15790252656249998 0.9600882046875 0.1595611390625 0.9595125578125 0.22642200625000003 0.9637614234375 0.23290731562500003 1 0.2438139734375 1 0.21519466875
0 1 0.246806315625 0.965633784375 0.23282001874999997 0.963185775 0.2997681828125 0.96484241875 0.346474765625 1 0.344835609375 1 0.246806315625
0 1 0.35269364531249997 0.9685871421875 0.346300175 0.9696681390625 0.45986762812500004 1 0.45210856875000005 1 0.35269364531249997
0 1 0.45889742968749997 0.97017228125 0.4665275234375 0.9676879171874999 0.4833518625 0.9731983484375 0.6802553375 1 0.6971617593749999 1 0.45889742968749997
0 0.8183691796874999 0.794408409375 0.9743872015624999 0.77042585 0.9634390515625 0.476866553125 0.8066648125 0.49085926718749995 0.787437053125 0.48507232343749995 0.7934867765625 0.564991103125 0.7790120265625 0.5723493640624999 0.7888428281250001 0.7022173796875 0.7984567078125 0.7051108515625 0.802382 0.7817869765625 0.8183691796874999 0.794408409375
0 1 0.9404776328125 0.9958836109375 0.806182334375 0.9748913453125001 0.7770857453125 0.840585446875 0.7900309171875 0.8183691796874999 0.794408409375 0.8005096359375001 0.7818742734375 0.8175063093749999 0.981583925 1 0.9730754906250001 1 0.9404776328125
0 1 0.69951804375 0.9734504203125001 0.6835852859375 0.9759711390625 0.7168847765625 0.976763709375 0.7769984515624999 0.9975038984375001 0.8027650890625001 1 0.8819229078124999 1 0.69951804375