0 0.7064201015625 0 0.7259721531250001 0.08748225312499999 0.9149456375 0.03266545625 0.9230684515625001 0.0459237890625 0.9423988062499999 0.0417446546875 0.9320252765625 0 0.7064201015625 0
0 0.49487598125 0 0.5266452765625 0.14214618750000002 0.7185470484375001 0.088888596875 0.7018676 0 0.49487598125 0
0 0.48840783437499996 0 0.3173264671875 0.065531228125 0.35750774375 0.21645812968749997 0.40509105468750006 0.20427491718750002 0.40629289843749994 0.18079513281249998 0.52485011875 0.145656946875 0.492296178125 0 0.48840783437499996 0
0 0.041663275 0.3153861828125 0.3540218171875 0.21817529375000003 0.321387875 0.07216039375 0.2355789734375 0.034510221875000004 0.129710109375 0.05139144375 0.006945575 0.10838420156249999 0.0215723828125 0.3366323875 0.0392239109375 0.3391003578125 0.041663275 0.3153861828125
0 0.0418899 0.31640017343750004 0.0811825140625 0.47489380312499996 0.105950696875 0.4818286859375 0.1013138109375 0.466853190625 0.4599315875 0.37462053281249996 0.4414553828125 0.3612093421875 0.4088036046875 0.20357174687500001 0.0418899 0.31640017343750004
0 0.44269290000000006 0.36097495 0.46950070781250003 0.37703576562499996 0.520918796875 0.37046772968749997 0.5172928031249999 0.3542438515625 0.9670692953125 0.265883696875 0.971077196875 0.23764477187500002 0.9168630296875 0.0354730421875 0.40606627343749996 0.17978114218750002 0.44269290000000006 0.36097495
0 0.4561146375 0.38062805625 0.107728021875 0.46669523125 0.1359873734375 0.621994021875 0.5556101953125 0.5372312546875 0.5201345296875 0.37273010625 0.4561146375 0.38062805625
0 1 0.29947118437500003 0.992002396875 0.2636873 0.5222428734375 0.3533062890625 0.562024409375 0.53707329375 1 0.45880473281249995 1 0.29947118437500003
0 0.0586955453125 0.6374577875 0.0978358796875 0.8125844046875 0.5583706015625001 0.722725628125 0.529064684375 0.5454298265624999 0.0586955453125 0.6374577875
0 0.0978358796875 0.8125844046875 0.135038575 0.9790413906250001 0.6002961515624999 0.9103142109375 0.560741240625 0.7275611984375 0.0978358796875 0.8125844046875
0 1 0.6606462234375 0.5683929703125 0.7271688484375 0.603677684375 0.9139014015625 1 0.8663051515625 1 0.6606462234375
0 1 0.4641537484375 0.5319929703125 0.54698903125 0.567939721875 0.7251408625 1 0.6618420609375 1 0.4641537484375
0 0.6059260937500001 0.9124186265625 0.136087028125 0.9802696453124999 0.139848453125 0.9977954484374999 0.5873009421875001 0.9847759109374999 0.615706625 0.9792656921875 0.6059260937500001 0.9124186265625
0 1 0.8658873 0.6133512 0.9110122828125 0.6303302093750001 0.9754390125000001 1 0.9055394234374999 1 0.8658873