0 0.4045003125 0.0510840078125 0.40571789999999996 0.18952215625 0.533852540625 0.1862673453125 0.5305707265625 0.04520979375 0.4045003125 0.0510840078125
0 0.5466950546875 0 0.5355642890625 0.0015277453125 0.5305076140625 0.0424971484375 0.5317067390625 0.0940374078125 0.5408472234375 0.14249205468749998 0.556666828125 0.1336081875 0.6624105046875 0.1151031625 0.6629785109374999 0.13951697031250002 0.6743540984374999 0.11183106875 0.6576121390624999 0 0.5466950546875 0
0 0.829279071875 0.226813753125 0.8160547812500001 0.0889350515625 0.694365275 0.1108986546875 0.685180140625 0.14662925 0.6911388421875 0.23053477031249997 0.829279071875 0.226813753125
0 0.829279071875 0.226813753125 0.8626038421875 0.1953895484375 0.9824815656249999 0.1816571234375 0.96725615625 0.043871664062499996 0.8473784328124999 0.05760409062500001 0.8163072281250001 0.0997856328125 0.829279071875 0.226813753125
0 0.829279071875 0.226813753125 0.8652991890624999 0.22513540468749998 0.98336513125 0.2196341578125 0.9824184546874999 0.1789444796875 0.8626038421875 0.1953895484375 0.829279071875 0.226813753125
0 0.53985589375 0.185987621875 0.5358536578125 0.1861741046875 0.41378548125 0.1918618359375 0.41304660000000004 0.24620798124999999 0.5431823609374999 0.24285992968749998 0.53985589375 0.185987621875
0 0.412099921875 0.2055183046875 0.40377989375 0.1923280421875 0.279899934375 0.2062469515625 0.2831632890625 0.260406615625 0.41110859375000003 0.24901386875 0.412099921875 0.2055183046875
0 0.1571559890625 0.2689934734375 0.27916105468749997 0.260593096875 0.279899934375 0.2062469515625 0.3018491171875 0.20250865 0.30302978125 0.1671510203125 0.2723818984375 0.1414231890625 0.15444217968750001 0.1523497265625 0.1571559890625 0.2689934734375
0 0.1472766234375 0.274884971875 0.13920904218750002 0.272545290625 0.0212693234375 0.2834718296875 0.026741592187500003 0.43257407812500004 0.1528120046875 0.42669986406250004 0.1472766234375 0.274884971875
0 0.1472135125 0.2721723265625 0.152938228125 0.43212515468749996 0.2988935921875 0.4198932359375 0.2931688765625 0.2599404078125 0.1472135125 0.2721723265625
0 0.2911046484375 0.257321003125 0.2988935921875 0.4198932359375 0.442910953125 0.41046720312499996 0.4391242421875 0.24770848750000002 0.2911046484375 0.257321003125
0 0.4391242421875 0.24770848750000002 0.4429740640625 0.413179846875 0.5889294281249999 0.400947928125 0.5811404828125 0.23837569687500001 0.4391242421875 0.24770848750000002
0 0.662473615625 0.1178158078125 0.5606690624999999 0.13342170625 0.5388461046875 0.142585296875 0.5491226015625 0.2398675609375 0.67713101875 0.231187459375 0.662473615625 0.1178158078125
0 0.5811404828125 0.23837569687500001 0.5889294281249999 0.400947928125 0.7349479046875 0.3914286546875 0.727222071875 0.23156906875 0.5811404828125 0.23837569687500001
0 0.8810294937500001 0.384622025 0.875367890625 0.22738184375 0.7372907718749999 0.23381550624999997 0.7276007421874999 0.247844940625 0.7350110171875001 0.3941412984375 0.8810294937500001 0.384622025
0 1 0.2166678390625 0.875367890625 0.22738184375 0.8810294937500001 0.384622025 1 0.3790786296875 1 0.2166678390625
0 0.1508739984375 0.42950575156250004 0.018800234375 0.4356596875 0.02019564375 0.49563659375 0.024268396875 0.5955891203125 0.1565356015625 0.5867459328125 0.1508739984375 0.42950575156250004
0 0.30230163125 0.5663760796874999 0.2988935921875 0.4198932359375 0.1508739984375 0.42950575156250004 0.1565356015625 0.5867459328125 0.2926116015625 0.5804055124999999 0.30230163125 0.5663760796874999
0 0.2988935921875 0.4198932359375 0.302554078125 0.5772266593750001 0.44663455 0.570513271875 0.4429740640625 0.413179846875 0.2988935921875 0.4198932359375
0 0.4429740640625 0.413179846875 0.44469654375 0.573319159375 0.590715021875 0.5637998843750001 0.5889294281249999 0.400947928125 0.4429740640625 0.413179846875
0 0.5889294281249999 0.400947928125 0.590715021875 0.5637998843750001 0.73466926875 0.55166120625 0.7329467875 0.391521896875 0.5889294281249999 0.400947928125
0 0.7329467875 0.391521896875 0.7347954921875 0.5570864984375 0.8828781984375 0.550186628125 0.8810294937500001 0.384622025 0.7329467875 0.391521896875
0 1 0.38141737343750004 0.8810294937500001 0.384622025 0.8828781984375 0.550186628125 1 0.5447293703125 1 0.38141737343750004
0 0.152596478125 0.5896450625 0.024269834375 0.5956244046875 0.030351312499999998 0.74487456875 0.1601960875 0.7440793578125 0.152596478125 0.5896450625
0 0.154534484375 0.5868391734375 0.1601960875 0.7440793578125 0.30021121093750003 0.734839809375 0.2926116015625 0.5804055124999999 0.154534484375 0.5868391734375
0 0.43669207343750005 0.573692125 0.302554078125 0.5772266593750001 0.30236474375 0.5690887234375 0.2926116015625 0.5804055124999999 0.300274325 0.737552453125 0.442290565625 0.7282196625 0.43669207343750005 0.573692125
0 0.44269542656249994 0.5734124 0.4483570296875 0.7306525828125 0.590373271875 0.7213197921875001 0.586712784375 0.56398636875 0.44269542656249994 0.5734124
0 0.5867758984375 0.5666990125 0.5904363828125 0.7240324359375 0.7345168531249999 0.71731905 0.7347323796875 0.554373853125 0.5867758984375 0.5666990125
0 0.7347954921875 0.5570864984375 0.7345799671875 0.7200316953125 0.8846637890625001 0.713038584375 0.8828781984375 0.550186628125 0.7347954921875 0.5570864984375
0 1 0.5447293703125 0.8828781984375 0.550186628125 0.8846637890625001 0.713038584375 1 0.707664528125 1 0.5447293703125
0 0.1602592 0.7467920046875001 0.030354901562499998 0.7449626453125 0.03664753125 0.8993948265625 0.167795696875 0.8985136546874999 0.1602592 0.7467920046875001
0 0.1602592 0.7467920046875001 0.1677325859375 0.895801009375 0.3038716984375 0.8921732328124999 0.29821009374999996 0.73493305 0.1602592 0.7467920046875001
0 0.29821009374999996 0.73493305 0.3039348109375 0.8948858765625 0.442011928125 0.8884522140625 0.4383514421875 0.731118790625 0.29821009374999996 0.73493305
0 0.4383514421875 0.731118790625 0.442011928125 0.8884522140625 0.58415439375 0.8845447140625 0.5803676828125 0.721786 0.4383514421875 0.731118790625
0 0.5864341484375 0.7242189203125 0.5901577453125 0.884264990625 0.7322371000000001 0.87764484375 0.7345168531249999 0.71731905 0.5864341484375 0.7242189203125
0 0.7345168531249999 0.71731905 0.7322371000000001 0.87764484375 0.8783818 0.8735508609375 0.8787235499999999 0.7160309546875 0.7345168531249999 0.71731905
0 1 0.707664528125 0.8806615546875 0.7132250671875 0.8783818 0.8735508609375 1 0.86559086875 1 0.707664528125