0 0.01726433125 0.41078252343750005 0.0210929453125 0.41376938750000003 0.10929925468749999 0.411146009375 0.1121073875 0.328505459375 0.10861017343749998 0.3198240578125 0.020900962500000002 0.3139056359375 0.01726433125 0.41078252343750005
0 0.10399686562499999 0.5022585640624999 0.1106511375 0.49107889218749995 0.11312786875 0.41413287499999996 0.10730209843750001 0.4110762109375 0.0189300875 0.41654685625 0.0177877125 0.5049517421874999 0.10399686562499999 0.5022585640624999
0 0 0.5467627625 0.0114736046875 0.5446738859375 0.013618939062499998 0.4734224046875 0.0019673953125 0.467309075 0 0.468328421875 0 0.5467627625
0 0.01031370625 0.5646047578125 0.050422548437500006 0.56315346875 0.0554110609375 0.5462094640624999 0.1003427125 0.5306614374999999 0.10000255312499999 0.502118965625 0.0137934 0.5048121437499999 0.01031370625 0.5646047578125
0 0 0.5686649109374999 0.01031370625 0.5646047578125 0.0114736046875 0.5446738859375 0 0.547984309375 0 0.5686649109374999
0 0 0.839875925 0.1223902921875 0.8395622875000001 0.1443502578125 0.8060930687500001 0.1519461578125 0.572407753125 0.0123108625 0.56467455625 0 0.5703445453125 0 0.839875925
0 0.057242515625000004 0.5491265296875001 0.0524197046875 0.5632232687500001 0.1519461578125 0.572407753125 0.146347415625 0.8061628687500001 0.224733640625 0.8003432281249999 0.2422021921875 0.7752762125 0.24697243750000003 0.555757434375 0.08786267187499999 0.5387844453125 0.057242515625000004 0.5491265296875001
0 0.1264714546875 0.5287215562500001 0.1181514265625 0.5341368953125001 0.117820028125 0.53983143125 0.24697243750000003 0.555757434375 0.24369349062499998 0.7496508078125 0.26366506093750003 0.750348796875 0.27664220156249997 0.7336839875 0.2839154625 0.5399302125000001 0.1264714546875 0.5287215562500001
0 0.2839154625 0.5399302125000001 0.2802963546875 0.7052811140624999 0.28878208125 0.69701850625 0.2947297453125 0.5260428703125 0.1389514953125 0.52059855 0.13462578281249998 0.5261534859375 0.2839154625 0.5399302125000001
0 0.5649737046875 0.3871286390625 0.46112153593749994 0.383499090625 0.45465925 0.49454251562499996 0.556514259375 0.4981022640625 0.5649737046875 0.3871286390625
0 0.41471610937500003 0.4931465359375 0.406588065625 0.598425628125 0.5081116765625 0.6076799109375 0.5144082625 0.499483753125 0.45465925 0.49454251562499996 0.4551563484375 0.4860007140625 0.433187621875 0.48523292500000004 0.41471610937500003 0.4931465359375
0 0.558842815625 0.49247752968749997 0.5563485609375001 0.5009495312500001 0.5144082625 0.499483753125 0.5081116765625 0.6076799109375 0.6078038296875 0.614017128125 0.610795184375 0.5970033234375001 0.6165946734375 0.4973489671875 0.558842815625 0.49247752968749997
0 0.42559172187499994 0.7189182421875 0.43008313593749997 0.7105160374999999 0.4417346765625 0.716629365625 0.4515547625 0.719825628125 0.4558804765625 0.7142706921875 0.4657005625 0.717466953125 0.46703492031250005 0.7289258234375 0.49682657656250007 0.732820075 0.5021202046875 0.6074705140625001 0.406422365625 0.6012728953125 0.4074165640625 0.5841892921875 0.397596478125 0.5809930296875 0.38062502187499997 0.597518240625 0.370177184375 0.742659075 0.39280871093749997 0.73203779375 0.40096303750000006 0.7294697234374999 0.40395439375000003 0.71245591875 0.41593733437499997 0.7128747125 0.42559172187499994 0.7189182421875
0 0.5021202046875 0.6074705140625001 0.498989434375 0.73004260625 0.542595490625 0.73727271875 0.622150371875 0.7457592140625 0.633766871875 0.6149245140625 0.6347610687499999 0.5978409109375 0.612792340625 0.5970731218750001 0.605972371875 0.6111000609375 0.5021202046875 0.6074705140625001
0 0.6351713203125 0.9002794375000001 0.6320230265625 0.954377515625 0.6834520109375 0.9647340921875 0.6866003046875 0.9106360125 0.6934027515625 0.828135059375 0.6497966953125001 0.820904946875 0.6351713203125 0.9002794375000001
0 0.6927574765625 0.9079981421875001 0.6854491687500001 0.9648038921875 0.74070676875 0.9781473328124999 0.7460179171875 0.9212717843749999 0.743000278125 0.8355745703125 0.6975627656250001 0.825427390625 0.6927574765625 0.9079981421875001
0 0.799651075 1 0.8049384328125001 0.9404493578125 0.8000893359375001 0.8518350765625 0.7484946515625001 0.8443257687499999 0.7458346953125 0.8556450390625001 0.7476836765625 0.92703611875 0.742041125 0.9896062000000001 0.7785327453125 1 0.799651075 1
0 0.8523810984375 0.331552946875 0.7220687906250001 0.335557815625 0.7127808484375 0.46076777812499997 0.8405989015625 0.46523491406249995 0.8523810984375 0.331552946875
0 0.844758915625 0.46252724375 0.986557065625 0.467482971875 0.990047575 0.4275967453125 0.992293321875 0.331110284375 0.8562097140624999 0.3345398125 0.844758915625 0.46252724375
0 0.8425960578125 0.46530471249999994 0.7127808484375 0.46076777812499997 0.709449334375 0.4492391109375 0.695469234375 0.44875051875 0.6806606359375 0.4624982609375 0.6750180875 0.52506834375 0.67452975 0.5678471515625 0.6692098375 0.5904856921875 0.6707186578125001 0.6333343 0.8271684671875 0.6616265593749999 0.8425960578125 0.46530471249999994
0 0.829497025 0.6560018234375 0.9784553062500001 0.675473084375 0.9881592343750001 0.5087275390625 0.9891164874999999 0.46760009062499996 0.8425960578125 0.46530471249999994 0.829497025 0.6560018234375
0 0.7484946515625001 0.8443257687499999 0.798257878125 0.8489180109375001 0.8037522515625 0.8576692109374999 0.8183951484374999 0.8467687328125001 0.8338315 0.6846838921875 0.8271684671875 0.6616265593749999 0.6687215 0.6332645 0.65707871875 0.661388178125 0.6550903234375001 0.6955553859375 0.6496134734375001 0.7552782015624999 0.64580238125 0.8207653484374999 0.6934027515625 0.828135059375 0.6995599218749999 0.8254971890625 0.743000278125 0.8355745703125 0.7484946515625001 0.8443257687499999
0 0.8183951484374999 0.8467687328125001 0.96669063125 0.8776290640625 0.9784553062500001 0.675473084375 0.829497025 0.6560018234375 0.8270027687500001 0.6644738265625 0.83566295625 0.687600959375 0.8183951484374999 0.8467687328125001