0 0.618778484375 0 0.5989936765625 0.0050198203125 0.5475865125 0.280958090625 0.7880346234375 0.28204863593749996 0.9383424890625 0.3007410015625 0.9473645749999999 0.2936338671875 0.98889883125 0.2940337609375 0.9972853625000001 0.0058073984375 0.9878639734375 0 0.618778484375 0
0 0.8656616609375 0.5462188343750001 0.96585346875 0.5675919984375 0.9845616609375 0.4430926421875 0.9888555578125 0.2955209703125 0.9431865593750001 0.2949712140625 0.8656616609375 0.5462188343750001
0 0.39857044375 0.2801356078125 0.35933390625 0.5015472828124999 0.67504713125 0.5840271078125 0.7005592703125 0.5730480640625 0.8480816750000001 0.5441107671875 0.9216304203125001 0.3060903921875 0.7821006234375 0.2818384375 0.39857044375 0.2801356078125
0 0.5594942656249999 0 0.2951487953125 0.06852406718750001 0.26340037656250004 0.279803584375 0.5223165421875 0.27709228124999996 0.545830528125 0.279410546875 0.594371625 0.0093121265625 0.5782197265625 0 0.5594942656249999 0
0 0.3284023 0 0.31801688437500003 0.0619073921875 0.42949125156249995 0.0346638734375 0.42268933437499995 0.026996215624999997 0.4296063515625 0 0.3284023 0
0 0.12930161406250001 0 0.1179362359375 0.10977775625 0.179718428125 0.0956274546875 0.2256363140625 0.1076513828125 0.2911524921875 0.095118690625 0.29119279531250003 0.068383934375 0.31801688437500003 0.0619073921875 0.32731954375 0 0.12930161406250001 0
0 0.20032638593750002 0.2760840046875 0.25944437656249997 0.279663453125 0.2907084578125 0.09807365 0.21992433125000002 0.10596370625 0.20032638593750002 0.2760840046875
0 0.048242040624999996 0.12364779687500001 0.026908265625 0.27885317187499997 0.1583443484375 0.277567584375 0.20252640312499998 0.27467659218749996 0.2192582796875 0.1103961453125 0.1834524125 0.0972450640625 0.048242040624999996 0.12364779687500001
0 0.0970145921875 0 0.081222146875 0.1159039703125 0.1179362359375 0.10977775625 0.12847400625 0 0.0970145921875 0
0 0.25696223125 0.46821415625 0.3582439734375 0.4955673 0.3939483921875 0.2844279140625 0.282514328125 0.284936678125 0.25696223125 0.46821415625
0 0.10251630781250001 0.27856070625 0.08162656562500001 0.43081112343749994 0.2292702265625 0.46723323906249997 0.25894023125 0.468284221875 0.276580328125 0.28472648125 0.2592223609375 0.28114093125 0.10251630781250001 0.27856070625
0 0.05615473125 0.4150554140625 0.08273665 0.42342372968750003 0.10053830781249999 0.2784906421875 0.07042427031250001 0.280394615625 0.05615473125 0.4150554140625
0 0 0.4134223890625 0.016372709375 0.41513158125 0.050664765625 0.4118902578125 0.06844626875000001 0.28032455 0.015040262500000002 0.278432778125 0 0.378522784375 0 0.4134223890625
0 0.86214969375 0.5431237453125 0.6902252343749999 0.5756526921875 0.6181701515625 0.8434328453125 0.788263078125 0.9284902562499999 0.913265603125 0.9175539531249999 0.9654094359375 0.5705469562500001 0.86214969375 0.5431237453125
0 0.489175565625 0.5373388046875001 0.447557296875 0.73490061875 0.6263444734375 0.815500875 0.6917592 0.5786777171875 0.6748251140625 0.5855045875 0.489175565625 0.5373388046875001
0 0.251250246875 0.46652648125 0.2288261953125 0.47018819531249995 0.20416216562499997 0.647555759375 0.416333175 0.7441919875 0.44931328125 0.7364481625 0.489175565625 0.5373388046875001 0.4588596625 0.5273528828125 0.251250246875 0.46652648125
0 0.1523707328125 0.5952194984375 0.2046465015625 0.6178660453125 0.2292702265625 0.46723323906249997 0.17346234062500002 0.45485898281250003 0.1523707328125 0.5952194984375
0 0.0407747625 0.41153992968750003 0.0161506921875 0.416609059375 0.00387930625 0.5379725453125 0.104676709375 0.5950154046875 0.154126715625 0.59676704375 0.1714843390625 0.454788915625 0.1332564359375 0.44452272812500004 0.0407747625 0.41153992968750003
0 0 0.536763409375 0.00190130625 0.53790248125 0.018552574999999998 0.42709154531250004 0 0.4219943421875 0 0.536763409375
0 0.44733528125 0.736378096875 0.4202891765625 0.7443321203125 0.312003653125 0.6974214187500001 0.2772276046875 0.87591613125 0.3885407578125 0.9556116359375 0.4524063625 0.9578739125 0.583186065625 0.9464321703125 0.6223884734375 0.8153607421875 0.44733528125 0.736378096875
0 0.212074509375 0.7933996999999999 0.28540192656249996 0.847984159375 0.3115596203125 0.7003763765625 0.2360120328125 0.6605667078125 0.212074509375 0.7933996999999999
0 0.2059584515625 0.622368546875 0.1543487328125 0.595289565625 0.10445469375000001 0.5964928828125 0.064046925 0.57426673125 0.0438635375 0.6953499562500001 0.1777824546875 0.796641021875 0.20987449374999997 0.7948071125 0.2335899984375 0.6634515999999999 0.203940146875 0.6490332390625 0.2059584515625 0.622368546875
0 0.004565853125 0.6657364078125 0.0418855359375 0.6952798921875 0.062068925 0.5741966656249999 0.020127189062500002 0.548945490625 0.004565853125 0.6657364078125
0 0 0.6488474375 0.020127189062500002 0.548945490625 0 0.5368278421875 0 0.6488474375
0 0.212074509375 0.7933996999999999 0.1795384390625 0.7981885671875 0.1549147125 0.9488213734375 0.3566707359375 0.955968065625 0.368558890625 0.9430210812500001 0.27524960468750004 0.875846065625 0.28540192656249996 0.847984159375 0.212074509375 0.7933996999999999
0 0.097229584375 0.8695401593750001 0.157155034375 0.920679203125 0.17931642187500002 0.7996660453125 0.11652490468750001 0.754366853125 0.097229584375 0.8695401593750001
0 0 0.8047828515625 0.07722756562500001 0.870316984375 0.097229584375 0.8695401593750001 0.11521295312499999 0.74986435 0 0.6665159671875001 0 0.8047828515625
0 0.0974516015625 0.8680626828125 0.07304954687500001 0.87165433125 0.029594 0.830010753125 0.0050307296875 0.940541428125 0.1553587453125 0.9458664156250001 0.158689 0.923704228125 0.0974516015625 0.8680626828125
0 0 0.9023031609375 0.00924905 0.912469325 0.031127965624999997 0.8330357796875001 0 0.8056027625000001 0 0.9023031609375