0 0.165581984375 0 0.08184192812499999 0.004391315625 0.10367321874999999 0.0934447890625 0.145362321875 0.0883489984375 0.2087679859375 0.07920476875 0.31611325 0.06775635468749999 0.43594852656249994 0.06147221093750001 0.43057369218749997 0 0.165581984375 0
0 0.20829999843749997 0.509853471875 0.34011880156249996 0.502940915625 0.3980391859375 0.4999035796875 0.3962378078125 0.456353703125 0.3952248390625 0.44476833281249994 0.37893619218749997 0.39615891875 0.37409590625 0.3178529296875 0.35929803125 0.263346096875 0.3532489015625 0.21710934843750002 0.3529382921875 0.16766205 0.34568031875 0.15349454375 0.3383649765625 0.09277608125 0.352063834375 0.0658711109375 0.31611325 0.06775635468749999 0.20502671874999998 0.0823105828125 0.149610075 0.0910358671875 0.1119154796875 0.095922190625 0.0999319515625 0.096550603125 0.0901415546875 0.0534196703125 0.0706754921875 0.06025971249999999 0.007209589062500001 0.10310191875000001 0.0117616015625 0.168198734375 0.112178534375 0.5119844437500001 0.20829999843749997 0.509853471875
0 0.446624990625 0 0.45217980625000004 0.06353067031250001 0.4686643265625 0.06848546718750001 0.50686540625 0.0693918328125 0.5742655796875 0.0600381328125 0.661638296875 0.0496370765625 0.7505017859375 0.0333385984375 0.8204056984375001 0.0296728484375 0.8187440578125 0 0.446624990625 0
0 0.8198176593750001 0 0.822402953125 0.0295681125 0.7544962953125001 0.033129124999999995 0.7110631781250001 0.041225996875 0.703815015625 0.44022440312500005 0.7095822218750001 0.4602893296875 0.7153494265625 0.48035425624999994 0.737065984375 0.47630582187500003 0.807729621875 0.48132910000000007 0.9080988375000001 0.481885 0.9745147234375 0.4842214078125 1 0.23535447656250003 1 0.06432743125 0.996164103125 0.0204561046875 0.9638244640625 0 0.8198176593750001 0
0 0.37893619218749997 0.39615891875 0.39547807968750004 0.44766467343749994 0.3964910484375 0.4592500453125 0.40028968281250005 0.5026951859375 0.4107824390625 0.50796419375 0.61700615 0.5029691 0.697149575 0.5016760125 0.7005515515625 0.4258474234375 0.6991419249999999 0.294988321875 0.6928920109375001 0.08582323124999999 0.695113825 0.0653393625 0.6816108437499999 0.04858971875 0.673621825 0.0490086625 0.598232634375 0.0587813046875 0.512857171875 0.069077625 0.47091482500000004 0.0712770765625 0.4524330484375 0.0664270109375 0.43794578125 0.0613674765625 0.3543143296875 0.06866272031250001 0.34036223125 0.0926713453125 0.34368306406250004 0.1535992796875 0.3509410375 0.1677667859375 0.3554993984375 0.2199009546875 0.35929803125 0.263346096875 0.37434915 0.320749271875 0.37893619218749997 0.39615891875
0 0.398292428125 0.502799921875 0.34411331093749997 0.50273144375 0.20630274375000002 0.5099582078125 0.1164262859375 0.514671315625 0.11445771406250001 0.538051528125 0.203694084375 0.824334259375 0.25413193437500003 0.8275085531249999 0.37371396875 0.818328065625 0.4516068984375 0.8142433718750001 0.45034068749999995 0.799761659375 0.404537434375 0.5053820578125 0.398292428125 0.502799921875
0 0.7011154015625001 0.478191065625 0.69740281875 0.5045723578125 0.6130116390625 0.5031785703125 0.4107824390625 0.50796419375 0.407294415625 0.51396635 0.4548703640625 0.8286203499999999 0.47458966875 0.8246766515624999 0.5008072203125 0.8262114296874999 0.711531921875 0.8267995499999999 0.7167639593749999 0.8177963140625 0.7125399859375 0.631801965625 0.7011154015625001 0.478191065625
0 0.9539594578124999 0.8228155578124999 0.9666453453124999 0.784325215625 0.9994947484375001 0.49454995 0.9792115921875 0.446150009375 0.974767965625 0.4871177484375 0.9080988375000001 0.481885 0.807729621875 0.48132910000000007 0.737065984375 0.47630582187500003 0.7113549171875 0.4805637296875 0.7099501953125 0.5562875828125 0.7127932265625 0.6346983093749999 0.71918165 0.7536578328125 0.7284655625 0.79099608125 0.7426995875 0.793159271875 0.8343487390625001 0.8087205640624999 0.895279346875 0.8171638640625 0.9539594578124999 0.8228155578124999
0 0.47363406562500004 0.8596422359375 0.4688511453125 0.8278871999999999 0.4548703640625 0.8286203499999999 0.4516068984375 0.8142433718750001 0.3757112234375 0.8182233296874999 0.25413193437500003 0.8275085531249999 0.20195007187499997 0.8273353374999999 0.2475546890625 0.9937970984375 0.4769824515625 0.985785303125 0.48975551875 0.9751817375 0.47363406562500004 0.8596422359375
0 0.737864209375 0.9214362406250001 0.7332771640625 0.8460265921874999 0.7284655625 0.79099608125 0.7174376375 0.756658909375 0.7167639593749999 0.8177963140625 0.711531921875 0.8267995499999999 0.4688511453125 0.8278871999999999 0.4925517484375 0.9852416125 0.574290253125 0.982387240625 0.7404253125 0.9736751437500001 0.737864209375 0.9214362406250001
0 0.9666453453124999 0.784325215625 0.9539594578124999 0.8228155578124999 0.8972766015625 0.8170591281249999 0.7369610640625 0.7963698234375001 0.735021178125 0.8430255140625 0.7398614625 0.921331503125 0.7424225671875 0.973570409375 0.9621205749999999 0.9620494796875001 0.9732009609375 0.8363546484375 0.9761825 0.8245598062499999 0.9769135421874999 0.8099733578125001 0.9666453453124999 0.784325215625