0 0.8987743390625 0 0.9071202062499999 0.12196164062499999 0.9408870640625 0.1120774359375 0.9315422578125 0 0.8987743390625 0
0 0.8150346359375 0 0.82424655 0.152982040625 0.857795828125 0.1404882953125 0.9051211218749999 0.1223895625 0.8967459718749999 0 0.8150346359375 0
0 0.72293635625 0 0.7327238203124999 0.17788550625 0.7978232953125 0.153325940625 0.8022566203125001 0.1576891765625 0.8222474656250001 0.15340996093749998 0.814695878125 0 0.72293635625 0
0 0.5753065140625 0 0.6025657515625 0.20309086718749997 0.59522215 0.21263116875 0.6003082109375 0.22482302187499997 0.6176472359375 0.2131431109375 0.7325062421874999 0.1752759671875 0.7229233500000001 0 0.5753065140625 0
0 0.35188864999999997 0 0.3946200875 0.2715084765625 0.416827596875 0.2694108796875 0.5876609687500001 0.219561934375 0.59522215 0.21263116875 0.6005666671875 0.2035187890625 0.57543281875 0 0.35188864999999997 0
0 0.335310859375 0 0 0.0717762234375 0 0.4091883671875 0.0049344390625 0.40539025312500004 0.0462624765625 0.3885752859375 0.14134821718749999 0.35759689687499996 0.26242205625000004 0.3210555296875 0.341950278125 0.29871958906249996 0.3946200875 0.2715084765625 0.35188864999999997 0 0.335310859375 0
0 0.9508956718749999 0.2321162234375 0.9413222187500001 0.11729651562500001 0.907337784375 0.12457118125 0.9082212843749999 0.2571877296875 0.9202157921874999 0.2546202015625 0.9508956718749999 0.2321162234375
0 0.862419040625 0.2935532359375 0.9084388625 0.25979726875 0.9053387 0.1249991015625 0.8602300703125 0.14527945312499999 0.862419040625 0.2935532359375
0 0.8186158828125001 0.3294908203125 0.862419040625 0.2935532359375 0.8602300703125 0.14527945312499999 0.808906609375 0.16423402812500001 0.8186158828125001 0.3294908203125
0 0.7338117140625 0.1909332015625 0.743915265625 0.3853228421875 0.8188334609375 0.3321003578125 0.808906609375 0.16423402812500001 0.8022566203125001 0.1576891765625 0.7209468921875 0.183062575 0.7338117140625 0.1909332015625
0 0.6047415375 0.22918625625 0.627886609375 0.45796983124999996 0.6207605843749999 0.47011967187500003 0.6331902484375 0.4727712234375 0.74413284375 0.3879323796875 0.733594134375 0.1883236640625 0.7209468921875 0.183062575 0.6047415375 0.22918625625
0 0.58188129375 0.2234552375 0.416827596875 0.2694108796875 0.3790625703125 0.2801509265625 0.3917098125 0.2854120140625 0.404139475 0.2880635625 0.4467176015625 0.5790901578125001 0.4544963609375 0.574768934375 0.50494950625 0.545376203125 0.5062958562500001 0.537119665625 0.51429219375 0.5354079781250001 0.5858649578125 0.49086995624999996 0.58499464375 0.48043179843750006 0.58942796875 0.4847950328125 0.6281041875 0.4605793703125 0.6047415375 0.22918625625 0.59522215 0.21263116875 0.58188129375 0.2234552375
0 0 0.668211478125 0.019443623437499998 0.7502352937500001 0.1397012125 0.8015203953125001 0.1532596484375 0.793305865625 0.4453712515625 0.587346696875 0.40214039062499995 0.288491484375 0.38971072812499996 0.2858399359375 0.3772810640625 0.2831883859375 0.3421678578125 0.3013291296875 0.258641465625 0.3245209109375 0.129571290625 0.3627739640625 0.0404828015625 0.39246858906250004 0.0031529328125 0.40842771562499997 0 0.41017921875 0 0.668211478125
0 0.9184342843750001 0.2576576625 0.9084388625 0.25979726875 0.9186650484375001 0.3824455953125 0.9489097734374999 0.35472254062499997 0.945551153125 0.2412286046875 0.9184342843750001 0.2576576625
0 0.870605265625 0.4405432546875 0.918882628125 0.385055134375 0.908656440625 0.26240680781250003 0.8626366203125 0.296162775 0.870605265625 0.4405432546875
0 0.8223279031249999 0.496031375 0.870605265625 0.4405432546875 0.8626366203125 0.296162775 0.8130537859375 0.3359936609375 0.8223279031249999 0.496031375
0 0.749150334375 0.5701301671875 0.7538012390625 0.577102940625 0.82254548125 0.4986409140625 0.8132713656250001 0.3386032 0.74056983125 0.39400730156249997 0.749150334375 0.5701301671875
0 0.6271929953125001 0.4740549875 0.6494677546875 0.6924004078125 0.666371621875 0.6755014187499999 0.6714985609374999 0.6637795 0.677495815625 0.6624957359375 0.723991671875 0.610045075 0.7251204421875 0.5991789984375 0.7333343593749999 0.60007685 0.7502382265625 0.5831778640625 0.74056983125 0.39400730156249997 0.6331902484375 0.4727712234375 0.6271929953125001 0.4740549875
0 0.591427053125 0.48436711250000003 0.5838658734375 0.49129787656249996 0.51429219375 0.5354079781250001 0.50451435 0.5401571265625 0.5031680015625 0.5484136625 0.4524972765625 0.57519685625 0.4467176015625 0.5790901578125001 0.44358974531250006 0.5903841578125 0.44002673281250004 0.5964590765625 0.44489521718749997 0.606041390625 0.4788651453125 0.8670372859375 0.4950754 0.8662234515625 0.5306646421875 0.8293880171874999 0.53713793125 0.8094095593749999 0.5453518468749999 0.8103074124999999 0.608751571875 0.7409577640625 0.6136609328125 0.7266263046875 0.622092428125 0.7301336968750001 0.6494677546875 0.6924004078125 0.6274105734375001 0.476664525 0.6207605843749999 0.47011967187500003 0.591427053125 0.48436711250000003
0 0.481081809375 0.869218903125 0.4446776375 0.6034318515625 0.43203039531250004 0.5981707640625 0.1610384078125 0.7889846421875 0.1397012125 0.8015203953125001 0.021877865625 0.7550264515625 0.014099106249999998 0.759347675 0.035449485937500004 0.8689903171875001 0.0601453 0.9699484999999999 0.0653459484375 0.9917806140625001 0.394399109375 0.9726154499999999 0.4590510015625 0.8978398109375 0.481081809375 0.869218903125
0 0.9186650484375001 0.3824455953125 0.9024139171875 0.4071732015625 0.910423440625 0.527639909375 0.9496165734375 0.46081578125 0.9415661703125 0.3642628421875 0.9186650484375001 0.3824455953125
0 0.87748601875 0.5718760406250001 0.910423440625 0.527639909375 0.9006324109375001 0.410210659375 0.870605265625 0.4405432546875 0.87748601875 0.5718760406250001
0 0.8231705249999999 0.6525616953125 0.8289502000000001 0.6486683921874999 0.8777035968750001 0.574485578125 0.8688237593749999 0.4435807140625 0.81898246875 0.504715834375 0.8231705249999999 0.6525616953125
0 0.7526038984375 0.75797495625 0.8236056812499999 0.657780771875 0.819200046875 0.507325371875 0.7428946234375 0.5927181671875 0.7526038984375 0.75797495625
0 0.677495815625 0.6624957359375 0.6694994765625 0.6642074203125 0.6685882859375 0.6776830375 0.6499029109375 0.6976194859375 0.6425593078125 0.7071597875 0.6570961859375 0.9059126624999999 0.753039053125 0.763194034375 0.7428946234375 0.5927181671875 0.7333343593749999 0.60007685 0.677495815625 0.6624957359375
0 0.6136609328125 0.7266263046875 0.608751571875 0.7409577640625 0.5455694249999999 0.81291695 0.535138846875 0.8098374796875 0.5346628124999999 0.828532175 0.4950754 0.8662234515625 0.47930030312499994 0.8722563640625 0.4779539546875 0.8805129031250001 0.4889146328125 0.963162303125 0.644843221875 0.9297844234375001 0.6570961859375 0.9059126624999999 0.6407778015625001 0.7101972484375 0.62009334375 0.7305616171875 0.6136609328125 0.7266263046875
0 0.4779539546875 0.8805129031250001 0.4592685796875 0.9004493515625 0.3948033234375 0.9725919062499999 0.4635753859375 0.9685863906250001 0.48691554843749996 0.9635902234374999 0.4779539546875 0.8805129031250001
0 0 0.9568795328125 0.0022127281249999997 0.958444453125 0.0115145359375 0.9723900000000001 0.036942815625 0.9934349078125001 0.0654589046875 0.9917740343749999 0.01870913125 0.7902342203125 0 0.7807005921875 0 0.9568795328125