0 0 0.36143729687500004 0.010543526562499999 0.5543905734375 0.22046889531249997 0.565387821875 0.22291095625000001 0.4814937578125 0.3164414671875 0.50139741875 0.38828505625 0.5096622296875 0.42827084062500004 0.5117569453125 0.41946519374999996 0.33274890468749996 0.39760383906249996 0.3271024859375 0 0.339181578125 0 0.36143729687500004
0 0 0.3376858984375 0.3655716015625 0.326924825 0.3996467359375 0.3257091140625 0.419508803125 0.331250796875 0.43750240625 0.3321934171875 0.42570117031250004 0.1185194171875 0.3567726453125 0.078899065625 0.3407783328125 0.07806117968750001 0.2502870171875 0.0913253734375 0.230294125 0.090278015625 0.22620833125 0.0930647609375 0.0432264125 0.1194884109375 0.033273575 0.1174666234375 0.0211470140625 0.121332534375 0.0051090921875 0.12199275624999999 0 0.297509496875 0 0.3376858984375
0 0 0.7656102734375 0.1959776671875 0.787663340625 0.2009859234375 0.6843986 0.22046889531249997 0.565387821875 0 0.55238660625 0 0.7656102734375
0 0.40454556718749995 1 0.4011933484375 0.9604562874999999 0.19326726875 0.9495637734375 0.1874002234375 0.944755240625 0.19589045 0.7906595546874999 0 0.767773209375 0 0.9739144375000001 0.00024529375 0.976961853125 0.1157679890625 0.99801760625 0.15360970000000002 1 0.40454556718749995 1
0 0.17596445 0.09943501875 0.22625193906250002 0.091566653125 0.25033062500000003 0.089827265625 0.3388226515625 0.0764583375 0.352817675 0.0771914875 0.423745490625 0.11691657343749999 0.4211859828125 0.0672695265625 0.50554860625 0.058185451562500004 0.5047267390625 0.017631790624999998 0.50436346875 0.0176127609375 0.2205861703125 0.0077030390625 0.1684536734375 0.0135191671875 0.17596445 0.09943501875
0 0.5195872390625 0.057420492187500005 0.780628653125 0.03208531875 0.5167224734375 0.01826020625 0.5195872390625 0.057420492187500005
0 0.98848436875 0.32054681406249996 0.9905540234375 0.0430825703125 0.772631496875 0.0316663765625 0.4211859828125 0.0672695265625 0.4374587984375 0.333691525 0.9624936078124999 0.31918525 0.98848436875 0.32054681406249996
0 0.42627155156249996 0.5116522078125 0.510459740625 0.5085605671875 0.54440405 0.5118391828125 0.5483959390625001 0.581066371875 0.91400421875 0.60922165625 0.9479921359375 0.6110021640625 0.9640736671875001 0.608843834375 0.969997696875 0.47411882031249997 0.9711381984375 0.3661502859375 0.9720975812500001 0.3331919046875 0.9724464453125 0.32120703906250003 0.41946519374999996 0.33274890468749996 0.42627155156249996 0.5116522078125
0 0.8100411796874999 0.6037753984374999 0.7860497078125 0.6025185703125 0.546353040625 0.58245974375 0.56302501875 0.76638105 0.5645446171875 0.782964978125 0.5390704671875 0.8326438312500001 0.742387453125 0.864300390625 0.798236728125 0.871727315625 0.9096736265625 0.8955698156249999 0.9278416625 0.890520003125 0.93423869375 0.8083335187499999 0.9354664140625 0.6973687671875 0.9359527921874999 0.6118718578125 0.9099184234375001 0.612008403125 0.8100411796874999 0.6037753984374999
0 0.9386711906249999 1 0.9410517390625 0.918219103125 0.9418433765625001 0.8222354359375 0.9299348578125001 0.8186108046875 0.925798765625 0.8919133765625 0.9096736265625 0.8955698156249999 0.79619383125 0.8731206890625 0.7404317734375 0.862697546875 0.5390268593750001 0.8341419406249999 0.5176385031249999 0.88103405 0.523934940625 0.939879215625 0.5232808171875 0.962350840625 0.5071556765625 0.9660072796874999 0.42114263125000007 0.9630017531249999 0.422962625 1 0.9386711906249999 1
0 0.051267178125 0.11840924531250001 0.0616627875 0.0364322328125 0.014489659375 0.000505990625 0.008651368750000001 0.0003021125 0.005065484375 0.123490865625 0.051267178125 0.11840924531250001