0 1 0.6985376828125001 0.89 0.6906636671874999 0.8880000000000001 0.8796400453125001 0.8560000000000001 0.973003375 1 0.996625421875 1 0.6985376828125001
0 0.8859999999999999 0.8796400453125001 0.89 0.6985376828125001 0.718 0.6794150734375 0.63 0.6726659171875 0.546 0.8290213718749999 0.54 0.9392575921875 0.85 0.98425196875 0.8859999999999999 0.8796400453125001
0 0.536 0.9415073109375 0.546 0.8278965125 0.626 0.6771653546875 0.49800000000000005 0.6636670421875001 0.39 0.6535433078125 0.22799999999999998 0.8008998875 0.248 0.9055118109375 0.53 0.9471316078124999 0.536 0.9415073109375
0 1 0.593925759375 0.8800000000000001 0.587176603125 0.8859999999999999 0.6895388078125 1 0.6962879640625 1 0.593925759375
0 0.542 1 0.54 0.9493813265625001 0.256 0.9077615296875001 0.268 0.9955005625 0.286 1 0.542 1
0 0.63 0.6715410578125 0.72 0.6794150734375 0.884 0.6974128234375 0.8859999999999999 0.6917885265625 0.876 0.587176603125 0.782 0.58155230625 0.772 0.6467941500000001 0.762 0.647919009375 0.642 0.64004499375 0.63 0.6715410578125
0 0.43200000000000005 0.6242969625 0.42800000000000005 0.61304836875 0.39 0.6501687296875 0.626 0.6749156359375 0.64 0.64004499375 0.43200000000000005 0.6242969625
0 0.808 0.43419572500000003 0.808 0.39595050625 0.48200000000000004 0.38582677187500003 0.43200000000000005 0.421822271875 0.434 0.5275590546875 0.788 0.5466816640625 0.808 0.43419572500000003
0 0.786 0.5478065234375 0.43200000000000005 0.5275590546875 0.434 0.623172103125 0.764 0.647919009375 0.772 0.645669290625 0.786 0.5478065234375
0 1 0.5061867265625 0.798 0.49381327343750003 0.782 0.58155230625 1 0.5928009000000001 1 0.5061867265625
0 1 0.4026996625 0.8099999999999999 0.39820022499999996 0.8099999999999999 0.43419572500000003 0.798 0.49268841406249997 1 0.5050618671875 1 0.4026996625
0 0.976 0.16760405 0.842 0.1631046125 0.732 0.16985376875 0.714 0.28571428593750003 0.96 0.2902137234375 0.99 0.16985376875 0.976 0.16760405
0 0.93 0.399325084375 0.954 0.2913385828125 0.714 0.2868391453125 0.7 0.39145106875 0.808 0.39595050625 0.8140000000000001 0.397075365625 0.93 0.399325084375
0 0.6519999999999999 0.158605175 0.61 0.16085489375 0.548 0.166479190625 0.48200000000000004 0.166479190625 0.48600000000000004 0.2834645671875 0.71 0.2879640046875 0.728 0.16760405 0.6519999999999999 0.158605175
0 0.484 0.28571428593750003 0.484 0.38582677187500003 0.6980000000000001 0.39145106875 0.71 0.2890888640625 0.484 0.28571428593750003
0 1 0.2935883015625 0.9560000000000001 0.2935883015625 0.93 0.399325084375 1 0.40157480312500005 1 0.2935883015625
0 0.256 0.772778403125 0.144 0.76265466875 0.156 0.81664791875 0.22999999999999998 0.8233970749999999 0.22799999999999998 0.8008998875 0.256 0.772778403125
0 0.136 0.7097862765625 0.146 0.761529809375 0.256 0.7716535437500001 0.314 0.7221597296875 0.136 0.7097862765625
0 0.374 0.6636670421875001 0.20600000000000002 0.6512935890625 0.21600000000000003 0.7142857140625 0.314 0.7210348703125 0.374 0.6681664796875 0.374 0.6636670421875001
0 0.422 0.5489313828125 0.418 0.5489313828125 0.37 0.5961754781249999 0.2 0.58605174375 0.20600000000000002 0.6501687296875 0.374 0.6625421828125 0.42400000000000004 0.61304836875 0.422 0.5489313828125
0 0.418 0.5489313828125 0.41 0.4836895390625 0.362 0.5208098984375 0.08399999999999999 0.5050618671875 0.1 0.58155230625 0.2 0.58605174375 0.37 0.5961754781249999 0.418 0.5489313828125
0 0.41200000000000003 0.410573678125 0.356 0.4386951625 0.16399999999999998 0.42744656875000003 0.068 0.42294713125000005 0.088 0.5050618671875 0.362 0.5196850390625001 0.41200000000000003 0.4803149609375 0.41200000000000003 0.410573678125
0 0.442 0.3138357703125 0.27599999999999997 0.3082114734375 0.20400000000000001 0.3239595046875 0.15 0.3374578171875 0.16399999999999998 0.42632170937499997 0.356 0.43757030312499995 0.44800000000000006 0.392575928125 0.442 0.3138357703125
0 0.48200000000000004 0.21934758125 0.44000000000000006 0.21484814375 0.362 0.218222721875 0.33199999999999996 0.21934758125 0.268 0.22609673749999998 0.274 0.30708661406250004 0.44400000000000006 0.3138357703125 0.48200000000000004 0.29808773906249997 0.48200000000000004 0.21934758125
0 0.44400000000000006 0.3149606296875 0.45 0.390326209375 0.48 0.367829021875 0.48200000000000004 0.2992125984375 0.44400000000000006 0.3149606296875
0 0 0.7716535437500001 0.01 0.8031496062500001 0.152 0.815523059375 0.13799999999999998 0.761529809375 0 0.7491563546875 0 0.7716535437500001
0 0.136 0.7604049500000001 0.126 0.7097862765625 0 0.6996625421875 0.002 0.7491563546875 0.136 0.7604049500000001
0 0.21400000000000002 0.7142857140625 0.20400000000000001 0.6535433078125 0 0.638920134375 0.002 0.6985376828125001 0.21400000000000002 0.7142857140625
0 0 0.5714285718750001 0.002 0.637795275 0.202 0.6524184484375 0.20400000000000001 0.64904386875 0.2 0.587176603125 0.1 0.582677165625 0.096 0.578177728125 0 0.5714285718750001
0 0 0.4983127109375 0.086 0.5039370078125 0.068 0.424071990625 0 0.42069741250000003 0 0.4983127109375
0 0 0.42069741250000003 0.066 0.42294713125000005 0.16399999999999998 0.42744656875000003 0.148 0.3374578171875 0.22799999999999998 0.3172103484375 0.02 0.3082114734375 0 0.3138357703125 0 0.42069741250000003
0 0.01 0.30708661406250004 0.172 0.31271091093750003 0.244 0.2992125984375 0.24 0.248593925 0.22999999999999998 0.24634420625 0.076 0.245219346875 0.002 0.2530933640625 0 0.2688413953125 0.01 0.30708661406250004
0 0.24 0.248593925 0.246 0.2992125984375 0.272 0.2992125984375 0.268 0.224971878125 0.33399999999999996 0.218222721875 0.32799999999999996 0.215973003125 0.12 0.21484814375 0.057999999999999996 0.220472440625 0.062 0.24634420625 0.076 0.245219346875 0.22999999999999998 0.245219346875 0.24 0.248593925