0 0.8322351921875001 0.979879325 0.969082946875 0.955275390625 0.9752830953125 0.777726353125 0.827730515625 0.8174726078125 0.8322351921875001 0.979879325
0 0.0660155609375 0.1135908171875 0.3681661875 0.058742262499999996 0.36307281874999997 0.046325039062500004 0.06024564375 0.09796314687499999 0.0660155609375 0.1135908171875
0 0.3838552046875 0.0548416703125 0.525399909375 0.036739540625 0.4459455078125 0.031183548437500003 0.3803532875 0.042141403125 0.3838552046875 0.0548416703125
0 0.36451940625 0.0649421390625 0.063164509375 0.11964917187499999 0.1731962265625 0.5164263828125 0.4496452421875 0.4728104734375 0.36451940625 0.0649421390625
0 0.45134302968749995 0.47694954687499996 0.7381236484375 0.4392679390625 0.690343615625 0.048273528125 0.5674502703125001 0.0396799890625 0.3793998578125 0.068957159375 0.45134302968749995 0.47694954687499996
0 0.45134302968749995 0.47694954687499996 0.1694431109375 0.5182041421875 0.2732374359375 0.8383726484375 0.5187466015625 0.8124723078124999 0.45134302968749995 0.47694954687499996
0 0.46032153906250006 0.47646295156249996 0.5248997421875 0.80249589375 0.771455834375 0.761976003125 0.7400469546874999 0.44447716249999997 0.46032153906250006 0.47646295156249996
0 0.5549358390625 1 0.5198870234374999 0.810048965625 0.27358213125 0.836090825 0.3240585375 1 0.5549358390625 1
0 0.7268419546875 1 0.785667796875 0.990426384375 0.796878521875 0.98838811875 0.770196234375 0.7677513171875 0.5245550453125001 0.8047777125 0.5577094312499999 1 0.7268419546875 1
0 0 0.2319553390625 0.039683131249999996 0.2315203984375 0.029888851562500002 0.1066929546875 0 0.112250221875 0 0.2319553390625
0 0.0591052234375 0.1003864890625 0.0319313359375 0.10855021093749999 0.043010900000000005 0.21205416562499999 0.0689380265625 0.2018916671875 0.0743339671875 0.168734509375 0.0591052234375 0.1003864890625