0 0.951159328125 0.44521974374999995 0.82847406875 0.46654280937500003 0.8373169234375 0.5431529562499999 0.832779415625 0.7131561203125 0.8702331750000001 0.7173029640624999 0.9921928109374999 0.6709482046875 0.99443599375 0.478169534375 0.9938168140625001 0.47000660156249996 0.951159328125 0.44521974374999995
0 0.8308741234375001 0.7080224375 0.8422284765624999 0.877696703125 0.8597061109374999 0.8782892453125 0.99030043125 0.8335789078125 0.9920983328125 0.6790676640625 0.8575927562500001 0.7205278140625 0.8308741234375001 0.7080224375
0 0.8423882296875 0.879802821875 0.838316975 0.9660219828125 0.8586272812500001 0.9649888984375 0.9889297203125 0.9513775531249999 0.9902937406250001 0.8341538515625 0.8591927921875 0.8815142296875 0.8423882296875 0.879802821875
0 0.5328551625 0.1764875359375 0.5368632875 0.38920550781249996 0.8471709125 0.3832855421875 0.8478520187499999 0.1924185984375 0.5328551625 0.1764875359375
0 0 0.38854259999999996 0.0598338921875 0.40545674062500003 0.5279876234375 0.39210131718749996 0.5282575765625 0.17582932499999998 0.049846734375 0.133899028125 0 0.154929975 0 0.38854259999999996
0 0 0.5589141375 0.0036238562500000003 0.6066891062499999 0.066991284375 0.6497007 0.5264396328125 0.5915243546875 0.527394428125 0.39427324375 0.060906353125 0.4096031703125 0 0.39287117031249996 0 0.5589141375
0 0.53388926875 0.58981321875 0.835970771875 0.545390690625 0.8274003656250001 0.3924337703125 0.535437259375 0.39039018125 0.53388926875 0.58981321875
0 0.5314743953125001 0.7977923546875 0.8346847046875 0.7182898078125 0.8361305281250001 0.547496809375 0.51990270625 0.59527580625 0.5314743953125001 0.7977923546875
0 0.0688166984375 0.653781321875 0.0036238562500000003 0.6066891062499999 0.024919157812500002 0.8874348843750001 0.0632996171875 0.9107934828124999 0.5266031250000001 0.8035183031249999 0.5208952874999999 0.5983691765625 0.0688166984375 0.653781321875
0 0.44955108906249996 1 0.5393952671875 0.9921476468750001 0.5313604640625 0.8062826390625 0.0697226171875 0.9155323203125001 0.0269864296875 0.8917063781250001 0.0340639421875 1 0.44955108906249996 1
0 0.5344521453125 0.80707246875 0.5430906671875 0.9409426968749999 0.5510466296875001 0.9918713515625001 0.8388172812500001 0.8726946328125 0.8308858921875 0.728162190625 0.545940228125 0.7986481249999999 0.5344521453125 0.80707246875
0 0.5575220140625 0.9913054062500001 0.8359634437500001 0.9669697109375001 0.8394562999999999 0.8811191125000001 0.5575220140625 0.9913054062500001
0 0.49669536875000003 0 0 0.041909653125 0 0.1492472765625 0.05261890625 0.130476615625 0.85070406875 0.1900492453125 0.8597735406250001 0.1797162078125 0.8597134609375001 0.009054828125 0.7821677859375 0 0.49669536875000003 0