0 0.6592426796875 0.6527381125 0.694388734375 0.9126937343750001 0.7265311046875 0.9149486640625 0.984231890625 0.8858993328125001 0.9889378359375 0.6162958890625 0.8207500078125 0.6294692328125 0.6592426796875 0.6527381125
0 0.5652333015625 0.6578003921875 0.36327327187499997 0.6703975203125 0.28336215781249996 0.6774747140625 0.2843144234375 0.9338191140625 0.294466846875 0.937608921875 0.676187634375 0.9079662390625 0.65919035 0.6512422859375 0.5652333015625 0.6578003921875
0 0 0.769092471875 0.006179796875 0.9457352374999999 0.250277628125 0.9346953703124999 0.26736946875 0.6785909890624999 0.137219546875 0.6816774078125001 0 0.6883166515625 0 0.769092471875
0 0 0.6867796687500001 0.28525658125 0.674343528125 0.29298096406249996 0.43688673125 0.19870993125 0.4344698828125 0.07460959843750001 0.438633525 0 0.44384119999999994 0 0.6867796687500001
0 0.6525548125 0.40429144531250005 0.5344517375 0.408036484375 0.3904652046875 0.41658712031249995 0.29477072656250003 0.4307638921875 0.29709410625 0.6690188453125 0.6690287859375 0.6460571374999999 0.6525548125 0.40429144531250005
0 0.825795 0.37270623125 0.7539325625 0.38072111406250003 0.674230771875 0.3937816125 0.6646016593749999 0.404950065625 0.6767634765625 0.63801986875 0.81470041875 0.6283920109375 0.9889389796874999 0.6162303328125 0.99150100625 0.46945197812500006 0.9877733078125001 0.3628997875 0.825795 0.37270623125
0 0.5904261484375 0.404129528125 0.6486089703125 0.4060663390625 0.6665484140625 0.40331470625000004 0.6821747859375 0.39172765 0.7638756625 0.3785276171875 0.8297931734375 0.3724271625 0.9714143015625 0.3535452765625 0.9353681125 0.1251415375 0.6995806124999999 0.144598225 0.5859466906249999 0.16152663125 0.5814147015625 0.2038283640625 0.5904261484375 0.404129528125
0 0.2788827 0.43487182031250005 0.29477072656250003 0.4307638921875 0.3905175359375 0.41808294687499997 0.5344517375 0.408036484375 0.592425234375 0.40398999375000005 0.5785259875000001 0.1785388546875 0.2946034265625 0.19685688437499999 0.23873367656250002 0.20375549375 0.2360122625 0.41237299375 0.2788827 0.43487182031250005
0 0.3651432015625 0 0.2379278984375 0.0088795 0.23657759843749998 0.19940755 0.5744754828125 0.177322096875 0.5803157484375 0.172416015625 0.5687277 0 0.3651432015625 0
0 0 0.4450080953125 0.07455726562500001 0.4371376984375 0.19870993125 0.4344698828125 0.23801135 0.41223346093749996 0.238419690625 0.19478053906249998 0 0.20583798749999999 0 0.4450080953125
0 0 0.20583798749999999 0.238419690625 0.19478053906249998 0.2379278984375 0.0088795 0 0.025486628125 0 0.20583798749999999