0 0 0.3573333328125 0.16799999999999998 0.36266666718749996 0.176 0.36 0.178 0.0666666671875 0.16799999999999998 0.0533333328125 0.002 0.0506666671875 0 0.0506666671875 0 0.3573333328125
0 0.372 0.0773333328125 0.364 0.0586666671875 0.176 0.0506666671875 0.178 0.36266666718749996 0.368 0.368 0.372 0.0773333328125
0 0.562 0.09066666718750001 0.562 0.072 0.372 0.0666666671875 0.372 0.37333333281250003 0.5559999999999999 0.38133333281250004 0.562 0.09066666718750001
0 0.76 0.096 0.758 0.06933333281250001 0.5660000000000001 0.0666666671875 0.558 0.38133333281250004 0.752 0.384 0.76 0.096
0 0.952 0.392 0.966 0.0773333328125 0.772 0.07466666718750001 0.764 0.07466666718750001 0.754 0.384 0.758 0.3866666671875 0.952 0.392
0 0 0.6533333328125 0.16999999999999998 0.6639999999999999 0.178 0.6639999999999999 0.18 0.38133333281250004 0.16999999999999998 0.3653333328125 0 0.36 0 0.6533333328125
0 0.372 0.6666666671875 0.376 0.38933333281250004 0.368 0.37333333281250003 0.18 0.3653333328125 0.18 0.6586666671875 0.356 0.6666666671875 0.372 0.6666666671875
0 0.558 0.384 0.376 0.376 0.372 0.6639999999999999 0.5519999999999999 0.6746666671875 0.558 0.384
0 0.754 0.3866666671875 0.558 0.38133333281250004 0.554 0.6746666671875 0.742 0.688 0.754 0.3866666671875
0 0.954 0.3973333328125 0.754 0.38933333281250004 0.746 0.688 0.9380000000000001 0.7013333328125 0.954 0.3973333328125
0 0.23399999999999999 0.9199999999999999 0.238 0.6719999999999999 0.172 0.6666666671875 0.012 0.6666666671875 0.01 0.6906666671874999 0.01 0.9146666671875 0.23399999999999999 0.9199999999999999
0 0.454 0.9306666671875 0.45999999999999996 0.6746666671875 0.24 0.6693333328125 0.238 0.9146666671875 0.348 0.9279999999999999 0.454 0.9306666671875
0 0.682 0.688 0.54 0.6773333328125 0.462 0.6746666671875 0.458 0.9253333328125001 0.674 0.9333333328125001 0.682 0.688
0 0.6799999999999999 0.9386666671875 0.9039999999999999 0.96 0.916 0.7066666671874999 0.892 0.7013333328125 0.746 0.6906666671874999 0.6900000000000001 0.6906666671874999 0.6839999999999999 0.6986666671874999 0.6759999999999999 0.9333333328125001 0.6799999999999999 0.9386666671875