0 0 0.2707697078125 0.3059188578125 0.268134371875 0.285181909375 0.0472378578125 0 0.026062142187499998 0 0.2707697078125
0 0.2891965453125 0.040897878124999995 0.31008468125 0.268304496875 0.596106875 0.263725275 0.5983827296875 0.0481045125 0.2891965453125 0.040897878124999995
0 0.6023556046875 0.2639804609375 0.8625682015624999 0.2681031203125 0.892308934375 0.067615128125 0.6730754812499999 0.051002610937500005 0.6077810234375 0.0495723078125 0.6023556046875 0.2639804609375
0 0.98337699375 0.273036721875 0.9806974109375 0.07431280625 0.8929797484374999 0.067665959375 0.8657429625 0.2704007484375 0.98337699375 0.273036721875
0 0 0.482770034375 0.17231887031249998 0.4740561546875 0.1425363921875 0.26688208593749996 0 0.271381121875 0 0.482770034375
0 0.14454371093750001 0.2637120953125 0.1786431921875 0.4775663921875 0.4551159078125 0.46500926875 0.43287559531250003 0.26898309375 0.14454371093750001 0.2637120953125
0 0.713791303125 0.26853128437499996 0.4307926828125 0.26889803125 0.4530329984375 0.46492420624999997 0.7005969453125 0.4620263875 0.713791303125 0.26853128437499996
0 0.9791607796875 0.2706965640625 0.7242814453124999 0.272211646875 0.709970040625 0.462409165625 0.9500926156249999 0.4527035265625 0.9791607796875 0.2706965640625
0 0.989693109375 0.4554047234375 0.981445271875 0.27946176562499997 0.9533429703125 0.4582562078125 0.989693109375 0.4554047234375
0 0 0.659940359375 0.2115331875 0.639339853125 0.1805497203125 0.470056334375 0.0007307515625 0.47788870625 0 0.5204023171875 0 0.659940359375
0 0.18372448125000002 0.4723539625 0.2074429609375 0.64242478125 0.45917273124999997 0.6396970843750001 0.4530329984375 0.46492420624999997 0.18372448125000002 0.4723539625
0 0.4590971375 0.6364420328125 0.49400279999999996 0.7506023140625 0.762244665625 0.7420450109375001 0.780108796875 0.5704203828125001 0.7089033875 0.4612816203125 0.4499338296875 0.46588163125 0.4590971375 0.6364420328125
0 0.9904601265625 0.48843265625 0.9615486234375 0.4531713671875 0.7131196046875 0.46362177656250003 0.786281934375 0.5674205156250001 0.7665112749999999 0.7465552062499999 0.992479071875 0.72212239375 0.9936166953125 0.6243553609375 0.9922017875 0.5634290640625 0.9904601265625 0.48843265625
0 0.9883661281249999 0.4878701859375 0.9886264578124999 0.4542771765625 0.9552494984375001 0.4507461453125 0.9883661281249999 0.4878701859375
0 0 0.7613646296875001 0.00432225625 0.9497437953125001 0.22021788281250002 0.9236994968750001 0.19271154375 0.769733815625 0.21155838437500002 0.64042486875 0 0.6510666328125 0 0.7613646296875001
0 0.19479445625 0.7698188781249999 0.2204194640625 0.9323796375000001 0.49559874531250003 0.9089298046875 0.49306213750000005 0.754899853125 0.4610036625 0.6289319718749999 0.2198648296875 0.6396801015625 0.19479445625 0.7698188781249999
0 0.771642959375 0.7435128078125001 0.4939272078125 0.7473472609375 0.49029068125 0.90437708125 0.7521326296875 0.8890544859375 0.771642959375 0.7435128078125001
0 0.7502009046875 0.895479528125 0.9907314578124999 0.8723120249999999 0.992383590625 0.7303280703125 0.772709609375 0.7446403562499999 0.7502009046875 0.895479528125
0 0.20864442656249998 1 0.21818536718749998 0.9257844703125 0.006333264062500001 0.9431485531250001 0.0068270328125 1 0.20864442656249998 1
0 0.5079904015625 1 0.4987231109375 0.9090573984375 0.22346823593749998 0.929252178125 0.2117522359375 1 0.5079904015625 1
0 0.7418633796874999 1 0.751065975 0.8879269375 0.49869791250000006 0.9079723812499999 0.5106818171875 1 0.7418633796874999 1
0 0.9529009328125 1 0.9878878015625 0.8704985796875 0.751091171875 0.8890119562500001 0.7429837 1 0.9529009328125 1
0 0.989302775 0.99509278125 0.9906176484375001 0.8820928125 0.95855081875 0.9961271640625 0.989302775 0.99509278125