0 0.2902253 0.24132940625 0.304024121875 0.2385147296875 0.289948078125 0.1732991953125 0.191403740625 0.1606688453125 0.0097897265625 0.1867991140625 0.0218106515625 0.416172021875 0.311602678125 0.3659608125 0.2902253 0.24132940625
0 0.7092614734375 0.115941740625 0.5492107171875 0.1125428640625 0.2113978 0.15893828906250002 0.28983218437499997 0.1723560875 0.299272459375 0.19984725781249998 0.3545233828125 0.35347698437499997 0.6807746984375 0.295214865625 0.6886174828125 0.1781576359375 0.706623725 0.1766944453125 0.7092614734375 0.115941740625
0 0.7123553874999999 0.174006128125 0.6950445078125 0.18112797187500002 0.6948053078124999 0.2942864078125 0.9873796359375 0.24151262812500002 0.9993417671874999 0.20730798749999998 0.9828847906249999 0.0733865 0.861761490625 0.07433875 0.5713084875 0.1114880484375 0.7130053171874999 0.113520790625 0.7123553874999999 0.174006128125
0 1 0.23854441718750002 0.9894833468750001 0.24218837187500003 0.7066163140625 0.2917391 0.7191226828125 0.29485044375 0.715673675 0.3490013875 0.70014664375 0.4364138578125 0.7221285203125001 0.43441593593750005 0.9662998859374999 0.38240029999999997 0.9972658734375001 0.2890764578125 1 0.2884867828125 1 0.23854441718750002
0 0.7134540703125001 0.347382534375 0.7174825484375 0.29794713906250003 0.6867381484374999 0.294412765625 0.36259054218750003 0.3533506265625 0.37754830625 0.3599670421875 0.37772725 0.41075392187500004 0.38369069843750003 0.40995182343750003 0.3974997234375 0.5058815812499999 0.6951103484375001 0.44476083125 0.7015271703125 0.348986734375 0.7134540703125001 0.347382534375
0 0.3762132125 0.5135381609375 0.364160215625 0.4154548171875 0.38170288281250003 0.4102191890625 0.373340884375 0.3586155578125 0.35066364375000003 0.3549548265625 0.3128951296875 0.360034790625 0.3138222828125 0.3675796640625 0.021813084375 0.41621845 0.027118949999999996 0.5174603828125 0.0355659890625 0.5861996281249999 0.3762132125 0.5135381609375
0 0.98220241875 0.38026136875 0.7342872078125 0.43469795468749994 0.708097909375 0.4353443921875 0.698499096875 0.5545552078125 0.7147493140625001 0.5552456015625 0.9422068875 0.4987671359375 0.9608806781249999 0.42051838750000003 0.9708197609375 0.41918155468749996 0.98220241875 0.38026136875
0 0.7090250640625 0.44288926562500003 0.39761561875 0.5068246921874999 0.40669059531249996 0.5477867578125 0.41066622812500003 0.5472520249999999 0.4147855734375 0.6301046140625 0.6873834578125 0.5627611703125 0.69179485 0.4835546609375 0.705709565625 0.48168309374999996 0.7090250640625 0.44288926562500003
0 0.39148342812500003 0.5555843453125 0.40528224843749994 0.55276966875 0.396091378125 0.5108644953125 0.0355659890625 0.5861996281249999 0.0468077265625 0.677681209375 0.073773053125 0.7162369765625 0.0858158453125 0.7155758859375 0.40145032968749994 0.636691725 0.39148342812500003 0.5555843453125
0 0.7087858640625 0.5560477015624999 0.696405590625 0.6526238984375 0.711015671875 0.6564109874999999 0.9198875328125 0.596680165625 0.9342203921875001 0.53243704375 0.9477874249999999 0.5277361515625001 0.9537861046874999 0.4943336109375 0.7087858640625 0.5560477015624999
0 0.7071104984375001 0.5917448375000001 0.7052738078125 0.560354871875 0.42086491718749997 0.630245621875 0.43076877031249994 0.6615092312499999 0.43497619218750005 0.6628607171875001 0.4371253359375 0.7296804515625 0.443320575 0.7307645703125 0.6873936609375 0.661505603125 0.69155565 0.5967130968750001 0.7071104984375001 0.5917448375000001
0 0.4110417296875 0.6325255640624999 0.072017025 0.7183905609375 0.094543140625 0.753708625 0.1104456734375 0.7515696937499999 0.1307169546875 0.8178693453125 0.42226585156249996 0.7403073640625 0.4139214703125 0.6724035125000001 0.42362876250000003 0.6691804609374999 0.4110417296875 0.6325255640624999