0 0.1694631609375 0.1464202734375 0.40764077500000007 0.1379432359375 0.7414257906249999 0.2187691953125 0.761383628125 0.08487678125 0.6163396703124999 0.021719365625 0.50617596875 0.005889890625 0.1169023046875 0.00136028125 0.1073117046875 0.12715815156250002 0.1694631609375 0.1464202734375
0 0.960369334375 0.2820059953125 0.9768464375000001 0.12579559375 0.8124967359375 0.07971463437500001 0.7654465234375001 0.083236640625 0.74119851875 0.2209238203125 0.960369334375 0.2820059953125
0 0.1604580078125 0.268671140625 0.40515653125 0.2905677671875 0.764114365625 0.3540116828125 0.78891655625 0.2295095015625 0.4038051484375 0.1374287515625 0.16969043125 0.14426564687500001 0.1604580078125 0.268671140625
0 0.9455950109375 0.27456149375 0.7848536625 0.23114964374999997 0.7705076546875 0.404034228125 0.9263049999999999 0.42056159375 0.9455950109375 0.27456149375
0 0.1600034671875 0.2729803921875 0.15744755 0.3709675421875 0.42501821250000005 0.4341715203125 0.4291807578125 0.4500256328125 0.74552015 0.4749763390625 0.7679499921875 0.3545261671875 0.404701990625 0.2948770203125 0.1600034671875 0.2729803921875
0 0.10404425625 0.1212571 0.10935453749999999 0.0012724546875 0.06163185156249999 0.0007171515625 0.052604228125 0.111079621875 0.10404425625 0.1212571
0 0.16293001093749998 0.2821133828125 0.1736396921875 0.14370282031249998 0.1005495375 0.1175106765625 0.054635674999999995 0.11025955000000001 0.0299474671875 0.2631834609375 0.16293001093749998 0.2821133828125
0 0.1568793734375 0.37635410937499997 0.1587534796875 0.2848308390625 0.0307145921875 0.263286359375 0.0196237078125 0.361057359375 0.1568793734375 0.37635410937499997
0 0.4210689546875 0.43473435 0.1576748203125 0.3688129171875 0.031880659374999995 0.36286530625 0.0094744171875 0.5427889671874999 0.011660896875 0.6680523171875 0.39891008906250003 0.644810409375 0.4210689546875 0.43473435
0 0.0897594328125 0.66234105 0.0117162890625 0.6712257484374999 0.015968717187500002 0.914847228125 0.08336963593749999 0.9073089265625001 0.0897594328125 0.66234105
0 0.087887071875 0.90135953125 0.46960166562500005 0.8596929015624999 0.49140563593750003 0.671420346875 0.40175096874999994 0.6178775812499999 0.39891008906250003 0.644810409375 0.0897594328125 0.66234105 0.087887071875 0.90135953125
0 0.0934132390625 0.904285884375 0.015971590625 0.915011784375 0.016402659375 0.939707684375 0.09078564375 0.9476356515625 0.0934132390625 0.904285884375
0 0.45989896718749995 0.859484003125 0.0913817890625 0.9051059546875001 0.0965390828125 0.948407378125 0.443890390625 0.9928135875 0.45989896718749995 0.859484003125
0 0.74586105625 0.4717444015625 0.42737658125 0.44869107656249996 0.40460583593750005 0.5723731875 0.7084296250000001 0.586904696875 0.74586105625 0.4717444015625
0 0.4037824171875 0.617057509375 0.49332345 0.6716775890625 0.49669054843750005 0.695072890625 0.684209590625 0.6874487499999999 0.7103474359375 0.5871619390625 0.40268802187499997 0.572115946875 0.4037824171875 0.617057509375
0 0.684209590625 0.6874487499999999 0.49105074687499994 0.6932238500000001 0.47562433125 0.8025953046875 0.6676608093749999 0.78902176875 0.684209590625 0.6874487499999999
0 0.6694649890625 0.7903563234375001 0.47370651874999997 0.8023380640625 0.47549670781250003 0.8222441828125 0.664933565625 0.8148772828125 0.6694649890625 0.7903563234375001
0 0.958737640625 1 0.9660920828125 0.9302765468749999 0.7795617546875 0.8160495015624999 0.4831679578125 0.8232731515625 0.45765598125 0.9913823421875 0.516254446875 1 0.958737640625 1
0 1 0.43327101093750003 0.7805512593749999 0.4010111875 0.7494694109375 0.47441351249999997 0.7198508343750001 0.55238233125 0.952787240625 0.6120332640624999 1 0.6081655765625 1 0.43327101093750003
0 0.7559483640625 0.5605018734375 0.7434484921875 0.6790063171875 0.9764705625 0.7747230671875001 0.9974651015625 0.61256326875 0.9621490312500001 0.6154741015625 0.7182739265625 0.5488931499999999 0.7559483640625 0.5605018734375
0 0.7479379578125 0.710200053125 0.75043793125 0.686499165625 0.756062 0.5594245609375 0.7181602921875 0.5499704640624999 0.6921081124999999 0.6863230921875 0.7479379578125 0.710200053125
0 0.7363174453125 0.7097339125000001 0.6844368625 0.6852941234375 0.677363509375 0.7892306671875 0.717169040625 0.817513571875 0.7363174453125 0.7097339125000001
0 0.7543871906249999 0.6859363359375 0.7480515921875 0.709122740625 0.730904915625 0.705730246875 0.71513759375 0.8183336421874999 0.7908413578125 0.81974758125 0.965292353125 0.936014446875 0.97286220625 0.7720539546875 0.7543871906249999 0.6859363359375
0 1 0.27692375937499997 0.9652276765625001 0.2728246640625 0.9243871875 0.42030435156249996 1 0.4313266953125 1 0.27692375937499997