0 0.1597126203125 0.3197422828125 0.21887844687500002 0.31251306875 0.5671701953125 0.2358211609375 0.532356228125 0.07043102031250001 0.153686753125 0.1311807859375 0.10971395937499999 0.1737925359375 0.1597126203125 0.3197422828125
0 0.8248871734375 0.02744704375 0.535576375 0.0762440484375 0.56823398125 0.2315535234375 0.845288525 0.1677034328125 0.8248871734375 0.02744704375
0 0.7227017328125 0.1992324015625 0.742634834375 0.33333951875 0.9702430874999999 0.273048459375 0.9607376546875 0.1482182546875 0.7227017328125 0.1992324015625
0 0.7416490921875 0.3386320328125 0.7227797734375 0.20025728125 0.3816018953125 0.2791832203125 0.422174240625 0.41076851875 0.44940985937500005 0.4219225125 0.7416490921875 0.3386320328125
0 0.052105190625 0.3473721625 0.10521716249999999 0.479494128125 0.13185724375000002 0.501065028125 0.42394039687499996 0.41572478906250004 0.38435379531249997 0.278846978125 0.22285021249999998 0.3099589484375 0.1568046390625 0.3180287703125 0.052105190625 0.3473721625
0 0.0322463625 0.36014276562499997 0.0134513171875 0.368645734375 0.033667790625 0.4882364328125 0.0812016921875 0.474153159375 0.0322463625 0.36014276562499997
0 0.1093525484375 0.187284078125 0.0736559015625 0.1926801078125 0.016441109375 0.2255312859375 0.083127696875 0.33530634375 0.15550672968749998 0.31922176874999997 0.1093525484375 0.187284078125
0 0.09067725625 0.470926553125 0.030915890624999998 0.4885726734375 0.0447125203125 0.560330321875 0.12588977031249998 0.6962640109375 0.373006046875 0.604005109375 0.326305571875 0.46489326875000003 0.299069953125 0.45373927187499996 0.13185724375000002 0.501065028125 0.09067725625 0.470926553125
0 0.3004459046875 0.45357115156249994 0.334639309375 0.46490941875 0.3749282828125 0.6110111375 0.6400099421875 0.5175915390625 0.6122893890625 0.390642421875 0.5920896015625 0.380697575 0.45483561562499997 0.42022515 0.42669229375000006 0.41538854843750006 0.3004459046875 0.45357115156249994
0 0.6413078484375 0.516398540625 0.8562597875 0.4394482125 0.8420153625 0.325334303125 0.824801596875 0.3181278515625 0.6004233390625 0.38071372812500004 0.61213330625 0.38859266406250004 0.6413078484375 0.516398540625
0 0.979748521875 0.397878665625 0.970129928125 0.2715623859375 0.824801596875 0.3181278515625 0.8434693515625 0.32619105937500004 0.85885560625 0.43706221406249995 0.979748521875 0.397878665625
0 0.7697598484375 0.47070554375 0.8203085671875 0.47797659843750007 0.843589103125 0.60133056875 0.9836375921875 0.544884403125 0.9856572124999999 0.4754745859375 0.979748521875 0.397878665625 0.7697598484375 0.47070554375
0 0.5485775187499999 0.7211642828125 0.8396173390625 0.6038846875 0.8206207328125 0.48207611562499997 0.7712138390625001 0.4715623015625 0.47349960312499995 0.5741412015625 0.5168071609375 0.5957444078125 0.5485775187499999 0.7211642828125
0 0.37500632500000003 0.6120360171875 0.366594546875 0.6109949875 0.12726572187500002 0.696095890625 0.2158197640625 0.855954178125 0.544839878125 0.7267930390624999 0.5155092531250001 0.59693740625 0.472123653125 0.5743093234375001 0.37500632500000003 0.6120360171875
0 0.2775488421875 0.9735758734375001 0.3088342671875 0.9832006265625 0.5688515796875 0.8779868499999999 0.5329533734375 0.7530713375 0.51656926875 0.7385226140625 0.217429834375 0.8588606921874999 0.2775488421875 0.9735758734375001
0 0.566695215625 0.8679061859375 0.8473229765625 0.7415546546875 0.8287165796875 0.624870471875 0.8128787624999999 0.6174958984375001 0.520384953125 0.7339187359375 0.5366129765625 0.7464177015625 0.566695215625 0.8679061859375
0 0.8357524078124999 0.6260796234375 0.85267069375 0.7388324125 0.9797985421875 0.6768239953124999 0.983676578125 0.5435445718749999 0.8128787624999999 0.6174958984375001 0.8357524078124999 0.6260796234375