0 0.24653970625000002 0.5230785906250001 0.2541327515625 0.3637646765625 0.1082729828125 0.333560559375 0.033522934375 0.3502966265625 0.020374228124999998 0.5045867312500001 0.138143303125 0.5416332125000001 0.24653970625000002 0.5230785906250001
0 0.12055280156249999 0.7092688359375 0.24640399687499998 0.66929354375 0.24955524687500003 0.5233251484375 0.14115884375 0.5418797703125 0.019898809375 0.5091174234375 0.012781184374999999 0.6639006453125 0.12055280156249999 0.7092688359375
0 0 0.816231396875 0.109468796875 0.872866884375 0.12055280156249999 0.7092688359375 0.009290225000000001 0.6681847796875 0 0.7567196375 0 0.816231396875
0 0 0.96058423125 0.0990095796875 0.9725421187500001 0.10645325624999999 0.8726203265624999 0 0.820811703125 0 0.96058423125
0 0.1380750125 0.107519046875 0.05554157656249999 0.08249265 0.027450881249999996 0.0893350140625 0.0125498671875 0.20235576875 0.118569175 0.20645460937500001 0.11840615000000002 0.179023896875 0.130468309375 0.18001012968750002 0.1380750125 0.107519046875
0 0.05554157656249999 0.08249265 0.08823709375 0.0897354828125 0.09425451562500001 0.003405765625 0.08822672499999999 0.0010266109375 0.0337424578125 0.0003926296875 0.024910759375 0.0845577625 0.05554157656249999 0.08249265
0 0.0120744484375 0.206886459375 0.0006643906249999999 0.3156230828125 0.024788709375000002 0.31759554687499997 0.1076345390625 0.3106605390625 0.118569175 0.20645460937500001 0.0120744484375 0.206886459375
0 0 0.5160978234375 0.016407849999999998 0.513401559375 0.029407190625000003 0.418503571875 0 0.4160991671875 0 0.5160978234375
0 0.2494195359375 0.6695401015625 0.123568340625 0.7095153937500001 0.1059778375 0.87715101875 0.15581575625 0.8949345843750001 0.24549413437499998 0.9388234265625 0.343567028125 0.8737290906249999 0.3541756140625 0.714661734375 0.2494195359375 0.6695401015625
0 0.2571756078125 0.5376569015625 0.2494195359375 0.6695401015625 0.3541756140625 0.714661734375 0.3743335546875 0.725449025 0.3939887578125 0.5671213453124999 0.2571756078125 0.5376569015625
0 0.39351333906249997 0.5716520390625 0.4150702203125 0.3952015875 0.26825961249999997 0.374058853125 0.25416006874999997 0.53741034375 0.39351333906249997 0.5716520390625
0 0.41253009843750005 0.39042433593750003 0.4205985640625 0.226579728125 0.2733125375 0.209967690625 0.2561974546875 0.3730726203125 0.41253009843750005 0.39042433593750003
0 0.13795295937500002 0.34055683281250004 0.2546081703125 0.3592339859375 0.2733125375 0.209967690625 0.1526909484375 0.20010536562499998 0.13795295937500002 0.34055683281250004
0 0.2707724171875 0.20519043906249998 0.2943939984375 0.03804793125 0.16028399375 0.0407914515625 0.1526909484375 0.20010536562499998 0.2707724171875 0.20519043906249998
0 0.4400907421875 0.040821335937499995 0.2943939984375 0.03804793125 0.2707724171875 0.20519043906249998 0.4205985640625 0.226579728125 0.4400907421875 0.040821335937499995
0 0.4250403609375 0.2132342109375 0.59946624375 0.232065275 0.6259403406249999 0.037738612500000004 0.4435817015625 0.036537201562499996 0.4250403609375 0.2132342109375
0 0.58600514375 0.4183167859375 0.6085128640625 0.23280495 0.43710252031249996 0.21422044375 0.41300551875 0.3858936421875 0.58600514375 0.4183167859375
0 0.394939596875 0.5580599609375 0.5539753875 0.6076196390625 0.5665129656250001 0.6040751796875 0.58600514375 0.4183167859375 0.4190365984375 0.386386759375 0.394939596875 0.5580599609375
0 0.3743335546875 0.725449025 0.5374987484375 0.793624590625 0.5593816796875 0.6720355687499999 0.5665129656250001 0.6040751796875 0.3979551375 0.55830651875 0.3743335546875 0.725449025
0 0.51784354375 0.9519522734375 0.5370233296875 0.798155284375 0.383380175 0.7261887 0.36372496875000004 0.8845163812499999 0.51784354375 0.9519522734375
0 0.49999141406250003 1 0.4992748890625 0.9550036171875 0.33960065156249997 0.8825439156250001 0.2520006328125 0.9347858515624999 0.246771025 0.9846234671874999 0.43483435000000004 1 0.49999141406250003 1
0 0.206467928125 0.0354284375 0.318993734375 0.035489703125 0.32020606875 0.003725934375 0.26851286875 0.0031244296875000003 0.2113851421875 0.017552224999999998 0.206467928125 0.0354284375
0 0.4435817015625 0.036537201562499996 0.44425888750000003 0.0051694203125 0.3192865109375 0.003715234375 0.3159781953125 0.0352431453125 0.4435817015625 0.036537201562499996
0 0.5862629046875 0.0390640484375 0.5902292828125 0.030249221875 0.592130959375 0.01212645 0.51746039375 0.006021196875 0.44431942187500006 0.005170124999999999 0.4440571203125 0.0320065078125 0.5862629046875 0.0390640484375
0 0.5867383234375 0.03453335625 0.625464921875 0.042269303125000005 0.5988277984375 0.20916525468749997 0.7999181203125 0.234746034375 0.9019710515625 0.247659703125 0.9200369734375 0.075493384375 0.8660696515625 0.039093934375 0.592130959375 0.01212645 0.5867383234375 0.03453335625
0 0.8397858984375001 0.43449697499999995 0.8597534953125001 0.2442078890625 0.61644561875 0.2151752953125 0.5869559828125 0.4092554 0.7805889671874999 0.447935140625 0.8397858984375001 0.43449697499999995
0 0.777573428125 0.447688584375 0.5955271828125 0.4145257671875 0.566988384375 0.5995444859375 0.7652261921875 0.6523094234375 0.8168027609375 0.6245395031250001 0.8397858984375001 0.43449697499999995 0.777573428125 0.447688584375
0 0.7652261921875 0.6523094234375 0.56952850625 0.6043217375000001 0.547971625 0.7807721890625 0.7422430546875 0.8423519515625 0.792230340625 0.8007433984375 0.815851921875 0.6336008890625 0.7652261921875 0.6523094234375
0 0.744173225 1 0.7651177984374999 0.9721700390624999 0.791754921875 0.805274090625 0.7452585953125 0.842598509375 0.547971625 0.7807721890625 0.520383665625 0.9567295234375001 0.5244173078125 1 0.744173225 1
0 0.9624175546875 0.1063759125 0.9211508374999999 0.09386271406249999 0.9019710515625 0.247659703125 0.9362558515625 0.2687411703125 0.9624175546875 0.1063759125
0 0.9045111734375 0.25243695312500003 0.8567379562499999 0.24396133125000002 0.8367703578125001 0.4342504171875 0.8864452515625001 0.42460327031249995 0.9045111734375 0.25243695312500003
0 0.9392713921875 0.268987728125 0.9019710515625 0.247659703125 0.8889853703125 0.4293805203125 0.9110449875000001 0.42204504062500003 0.9392713921875 0.268987728125
0 0.8728211265624999 0.5834240671875001 0.8859698328125001 0.4291339609375 0.8423260203125 0.43927422656250004 0.8187044374999999 0.606416734375 0.8728211265624999 0.5834240671875001
0 0.9205670234375001 0.41825402343749996 0.8885099515625001 0.4339112125 0.8718702875 0.5924854515625 0.89694544375 0.58539653125 0.9205670234375001 0.41825402343749996
0 0.8512642453125 0.75987451875 0.87139486875 0.5970161453125 0.81822901875 0.610947425 0.7952458796874999 0.8009899562499999 0.8512642453125 0.75987451875
0 0.9155141 0.5823451875 0.8718702875 0.5924854515625 0.8552306234374999 0.751059690625 0.89379419375 0.7313649265625 0.9155141 0.5823451875
0 0.8235132593750001 0.9084011406249999 0.8547552046875 0.755590384375 0.7927057609375 0.7962127046874999 0.7646423796875 0.9767007328125 0.8235132593750001 0.9084011406249999
0 0.89379419375 0.7313649265625 0.8522150828124999 0.750813134375 0.82605338125 0.913178390625 0.875565246875 0.8761005296875 0.89379419375 0.7313649265625
0 0.8584021484375001 1 0.8790562062499999 0.87181639375 0.8270042171875 0.9041170062500001 0.807997809375 1 0.8584021484375001 1
0 0.0955186203125 0.9768262546875001 0.24328006562499999 0.9889076031249999 0.2515252140625 0.9393165421875 0.2420031765625 0.9431075609375 0.1059778375 0.87715101875 0.0955186203125 0.9768262546875001
0 0 0.4160991671875 0.029407190625000003 0.418503571875 0.0365384734375 0.350543184375 0.0992263640625 0.332820884375 0.10414357968750002 0.314944671875 0.0278042484375 0.3178421046875 0.0006643906249999999 0.3156230828125 0 0.3219546546875 0 0.4160991671875
0 0.1393792171875 0.32696475625 0.1536417875 0.1910439796875 0.1179307296875 0.18355459062499999 0.11555363437499999 0.2062080515625 0.10620828125 0.32425261562499996 0.1393792171875 0.32696475625