0 0.312 0.3226666671875 0.346 0.3573333328125 0.384 0.352 0.382 0.24266666718750002 0.352 0.184 0.176 0.1946666671875 0.176 0.3253333328125 0.304 0.3173333328125 0.312 0.3226666671875
0 0.27 0.1626666671875 0.27 0.1893333328125 0.352 0.184 0.384 0.24533333281249997 0.414 0.272 0.41600000000000004 0.2 0.39 0.152 0.27 0.1626666671875
0 0.386 0.248 0.384 0.31466666718749997 0.40599999999999997 0.3226666671875 0.41 0.3226666671875 0.41200000000000003 0.2746666671875 0.386 0.248
0 0.492 0.3173333328125 0.544 0.3173333328125 0.5559999999999999 0.3173333328125 0.562 0.288 0.554 0.24 0.426 0.24266666718750002 0.42800000000000005 0.3173333328125 0.45999999999999996 0.3173333328125 0.466 0.33599999999999997 0.49000000000000005 0.3333333328125 0.492 0.3173333328125
0 0.426 0.24 0.512 0.24 0.512 0.2293333328125 0.506 0.20800000000000002 0.43 0.2133333328125 0.426 0.24
0 0.562 0.2826666671875 0.564 0.24533333281249997 0.5519999999999999 0.2053333328125 0.51 0.20800000000000002 0.512 0.24 0.554 0.24 0.562 0.2826666671875
0 0.414 0.296 0.422 0.296 0.426 0.24266666718750002 0.43 0.2106666671875 0.45999999999999996 0.20800000000000002 0.43600000000000005 0.16799999999999998 0.404 0.1706666671875 0.418 0.2053333328125 0.414 0.272 0.414 0.296
0 0.5820000000000001 0.3226666671875 0.584 0.3386666671875 0.6719999999999999 0.3573333328125 0.674 0.344 0.686 0.3493333328125 0.6839999999999999 0.256 0.5660000000000001 0.2533333328125 0.5599999999999999 0.29333333281249996 0.5599999999999999 0.3226666671875 0.5820000000000001 0.3226666671875
0 0.628 0.2346666671875 0.5940000000000001 0.2506666671875 0.63 0.2533333328125 0.628 0.2346666671875
0 0.45599999999999996 0.36266666718749996 0.372 0.376 0.374 0.4266666671875 0.462 0.4186666671875 0.476 0.4186666671875 0.476 0.3786666671875 0.45599999999999996 0.36266666718749996
0 0.466 0.33599999999999997 0.462 0.32 0.43 0.3173333328125 0.41 0.3253333328125 0.404 0.3226666671875 0.386 0.32 0.386 0.352 0.372 0.3573333328125 0.372 0.376 0.45599999999999996 0.36266666718749996 0.47800000000000004 0.3786666671875 0.476 0.3466666671875 0.466 0.33599999999999997
0 0.304 0.45866666718750004 0.33999999999999997 0.4533333328125 0.34199999999999997 0.3546666671875 0.302 0.32 0.12 0.32799999999999996 0.124 0.4693333328125 0.258 0.4613333328125 0.304 0.45866666718750004
0 0.37 0.3786666671875 0.344 0.36 0.33999999999999997 0.45599999999999996 0.374 0.45599999999999996 0.37 0.3786666671875
0 0.492 0.4186666671875 0.584 0.42400000000000004 0.5820000000000001 0.3226666671875 0.492 0.3173333328125 0.492 0.4186666671875
0 0.438 0.504 0.44800000000000006 0.504 0.44800000000000006 0.4613333328125 0.48 0.4613333328125 0.47800000000000004 0.42133333281249996 0.41 0.4266666671875 0.41 0.45599999999999996 0.43600000000000005 0.45599999999999996 0.438 0.504
0 0.538 0.45866666718750004 0.44800000000000006 0.4613333328125 0.44800000000000006 0.5306666671875 0.538 0.5253333328124999 0.538 0.45866666718750004
0 0.3 0.5306666671875 0.438 0.5306666671875 0.43600000000000005 0.45866666718750004 0.34199999999999997 0.45599999999999996 0.302 0.4613333328125 0.3 0.5306666671875
0 0.29 0.5333333328125 0.29 0.472 0.262 0.46399999999999997 0.132 0.4693333328125 0.134 0.49866666718749997 0.13 0.544 0.264 0.5413333328125 0.27799999999999997 0.5413333328125 0.27999999999999997 0.536 0.29 0.5333333328125
0 0.5780000000000001 0.528 0.58 0.47466666718750006 0.58 0.42400000000000004 0.48600000000000004 0.42133333281249996 0.48600000000000004 0.45866666718750004 0.538 0.45599999999999996 0.54 0.5253333328124999 0.5780000000000001 0.528
0 0.5820000000000001 0.592 0.622 0.6026666671875 0.8119999999999999 0.616 0.8160000000000001 0.4693333328125 0.626 0.4453333328125 0.5820000000000001 0.45866666718750004 0.58 0.528 0.5740000000000001 0.5786666671875 0.5820000000000001 0.592
0 0.632 0.4453333328125 0.782 0.46399999999999997 0.6839999999999999 0.376 0.632 0.4453333328125
0 0.5860000000000001 0.42400000000000004 0.642 0.43200000000000005 0.646 0.352 0.584 0.3413333328125 0.5860000000000001 0.42400000000000004
0 0.67 0.36 0.648 0.36 0.644 0.42933333281249997 0.6679999999999999 0.3946666671875 0.67 0.36
0 0.75 0.3653333328125 0.688 0.36 0.6900000000000001 0.3786666671875 0.736 0.42133333281249996 0.75 0.40533333281250006 0.75 0.3653333328125
0 0.6719999999999999 0.36266666718749996 0.67 0.38133333281250004 0.678 0.38133333281250004 0.6839999999999999 0.37333333281250003 0.6900000000000001 0.376 0.686 0.36 0.748 0.36266666718749996 0.746 0.312 0.686 0.312 0.688 0.3493333328125 0.674 0.3466666671875 0.6719999999999999 0.36266666718749996
0 0.746 0.41333333281250006 0.74 0.42133333281249996 0.782 0.4613333328125 0.8 0.46399999999999997 0.746 0.41333333281250006
0 0.752 0.4026666671875 0.746 0.4106666671875 0.776 0.4373333328125 0.774 0.40533333281250006 0.752 0.4026666671875
0 0.776 0.41600000000000004 0.778 0.44000000000000006 0.8 0.4613333328125 0.8 0.41600000000000004 0.776 0.41600000000000004
0 0.8160000000000001 0.5226666671875 0.8140000000000001 0.6 0.826 0.6 0.8160000000000001 0.5226666671875
0 0.8160000000000001 0.5013333328125 0.8160000000000001 0.52 0.8300000000000001 0.512 0.8160000000000001 0.5013333328125
0 0.418 0.5306666671875 0.27999999999999997 0.5386666671875 0.27999999999999997 0.616 0.41600000000000004 0.608 0.418 0.5306666671875
0 0.244 0.6186666671875 0.27599999999999997 0.6106666671875 0.27599999999999997 0.5466666671875 0.246 0.544 0.11399999999999999 0.544 0.10800000000000001 0.5893333328125 0.11200000000000002 0.6186666671875 0.244 0.6186666671875
0 0.248 0.6906666671874999 0.246 0.6213333328124999 0.22400000000000003 0.6213333328124999 0.098 0.6186666671875 0.094 0.7013333328125 0.22999999999999998 0.6986666671874999 0.248 0.6906666671874999
0 0.21000000000000002 0.784 0.21000000000000002 0.7093333328125 0.21600000000000003 0.7013333328125 0.096 0.7013333328125 0.086 0.704 0.08199999999999999 0.792 0.198 0.792 0.21000000000000002 0.784
0 0.194 0.8800000000000001 0.198 0.7946666671875 0.08199999999999999 0.7946666671875 0.08 0.8853333328125 0.18 0.8906666671875 0.194 0.8800000000000001
0 0.27799999999999997 0.616 0.27599999999999997 0.6106666671875 0.248 0.6186666671875 0.25 0.6933333328125 0.384 0.688 0.386 0.6826666671875 0.388 0.6106666671875 0.27799999999999997 0.616
0 0.512 0.6053333328125 0.442 0.608 0.434 0.5973333328125 0.42000000000000004 0.6106666671875 0.39 0.6133333328125 0.384 0.688 0.52 0.6826666671875 0.522 0.6213333328124999 0.524 0.608 0.512 0.6053333328125
0 0.54 0.5253333328124999 0.438 0.5333333328125 0.442 0.6053333328125 0.572 0.6 0.5700000000000001 0.528 0.54 0.5253333328124999
0 0.58 0.5893333328125 0.5740000000000001 0.5866666671874999 0.576 0.6 0.528 0.6026666671875 0.526 0.6186666671875 0.524 0.696 0.6759999999999999 0.6986666671874999 0.674 0.6746666671875 0.674 0.6213333328124999 0.674 0.608 0.626 0.6053333328125 0.584 0.5946666671874999 0.58 0.5893333328125
0 0.252 0.6933333328125 0.246 0.6906666671874999 0.23199999999999998 0.6986666671874999 0.21600000000000003 0.7013333328125 0.21000000000000002 0.712 0.21200000000000002 0.7893333328125001 0.36 0.7866666671875 0.358 0.704 0.374 0.6906666671874999 0.252 0.6933333328125
0 0.092 0.9786666671875001 0.176 0.9813333328124999 0.186 0.9786666671875001 0.184 0.8960000000000001 0.196 0.8826666671875 0.178 0.8906666671875 0.08199999999999999 0.8853333328125 0.08 0.9653333328124999 0.08399999999999999 0.968 0.092 0.9786666671875001
0 0.33999999999999997 0.976 0.33999999999999997 0.9013333328125 0.344 0.8906666671875 0.196 0.8880000000000001 0.184 0.8986666671875 0.188 0.9813333328124999 0.33399999999999996 0.9893333328124999 0.33999999999999997 0.976
0 0.346 0.8026666671875 0.354 0.7893333328125001 0.21000000000000002 0.792 0.198 0.8 0.196 0.8853333328125 0.346 0.8853333328125 0.346 0.8026666671875
0 0.506 0.7866666671875 0.362 0.7893333328125001 0.352 0.7973333328125001 0.35 0.8853333328125 0.508 0.8826666671875 0.506 0.7866666671875
0 0.508 0.9626666671875 0.504 0.8853333328125 0.352 0.8880000000000001 0.34199999999999997 0.9013333328125 0.34199999999999997 0.9893333328124999 0.502 0.9946666671875001 0.508 0.9626666671875
0 0.6759999999999999 0.9039999999999999 0.67 0.8880000000000001 0.514 0.8906666671875 0.508 0.9013333328125 0.512 0.992 0.678 0.9973333328124999 0.6759999999999999 0.9039999999999999
0 0.666 0.7893333328125001 0.514 0.792 0.512 0.8 0.512 0.8906666671875 0.6719999999999999 0.8853333328125 0.67 0.7973333328125001 0.666 0.7893333328125001
0 0.36 0.7066666671874999 0.36 0.7866666671875 0.51 0.7866666671875 0.508 0.7013333328125 0.512 0.6853333328125 0.38 0.6906666671874999 0.36 0.7066666671874999
0 0.516 0.792 0.67 0.7866666671875 0.6679999999999999 0.7013333328125 0.516 0.6986666671874999 0.516 0.792
0 0.826 0.6 0.8140000000000001 0.6 0.8140000000000001 0.616 0.678 0.6106666671875 0.6759999999999999 0.624 0.6799999999999999 0.696 0.6719999999999999 0.7013333328125 0.674 0.7653333328125 0.688 0.8 0.9279999999999999 0.8026666671875 0.9199999999999999 0.624 0.826 0.6
0 0.72 0.9813333328124999 0.95 0.984 0.95 0.808 0.93 0.7893333328125001 0.9259999999999999 0.8053333328125 0.794 0.8053333328125 0.688 0.8026666671875 0.6759999999999999 0.792 0.682 0.8880000000000001 0.72 0.9813333328124999