0 0.960389740625 0.2114090203125 0.62639156875 0.276008275 0.6585648515625 0.5382530859375 0.9602257421875 0.458913559375 0.960389740625 0.2114090203125
0 0.3120427375 0.6500743078125 0.6591195640625 0.542774546875 0.628055703125 0.2895726625 0.2502275890625 0.3452913375 0.24261791093750001 0.38280126875 0.3120427375 0.6500743078125
0 0.3315914328125 0 0.1675678265625 0.0199084046875 0.2502275890625 0.3452913375 0.6286104156250001 0.29409412343749997 0.61441338125 0 0.3315914328125 0
0 0.61462135625 0 0.6269462796874999 0.2805297375 0.9428733906250001 0.2179378296875 0.9488175734375 0 0.61462135625 0
0 0.1675678265625 0.0199084046875 0.0018085921875 0.034509984375000004 0.021551239062499998 0.4112221265625 0.24642275156250001 0.36404630312499997 0.1675678265625 0.0199084046875
0 0.3071284734375 0.6597863484375 0.2349300921875 0.369905996875 0.0217897046875 0.41577231875000004 0.027118949999999996 0.5174603796875 0.0536570734375 0.733772946875 0.3071284734375 0.6597863484375
0 0.3071284734375 0.6597863484375 0.0536570734375 0.733772946875 0.091549940625 0.9984050796874999 0.173231103125 0.9950768265625 0.3617323671875 0.9057903093749999 0.3071284734375 0.6597863484375
0 0.6530958765625 0.5434436609375 0.30657376406250003 0.6552648859375 0.3622870796875 0.9103117703124999 0.685191015625 0.755283271875 0.6530958765625 0.5434436609375
0 0.9427093953125001 0.46544236874999995 0.6530958765625 0.5434436609375 0.685745728125 0.7598047328125 0.94191254375 0.6580202468749999 0.9427093953125001 0.46544236874999995
0 1 0.423990459375 0.9568974718750001 0.4317847875 0.960780453125 0.46343502187499996 0.94191254375 0.6580202468749999 1 0.6284035453125 1 0.423990459375
0 1 0.2356631875 0.995977146875 0.2028728640625 0.960389740625 0.2114090203125 0.9568974718750001 0.4317847875 1 0.423990459375 1 0.2356631875
0 1 0.631419621875 0.9369982796875 0.6677322875 0.9492800828125001 0.8176096562499999 1 0.7874675640625 1 0.631419621875
0 0.9304198828124999 0.663879940625 0.685745728125 0.7598047328125 0.7391620546875 0.94636056875 0.9564131937499999 0.825983465625 0.9304198828124999 0.663879940625
0 0.685745728125 0.7598047328125 0.3617323671875 0.9057903093749999 0.3939302546875 0.986084025 0.5047063984375 0.98157024375 0.740271478125 0.9554034937500001 0.685745728125 0.7598047328125
0 0.16818605312499998 0.995282396875 0.399117934375 0.9858726437499999 0.35570868125 0.9064594234375001 0.16818605312499998 0.995282396875
0 0.9631478765624999 0.9306462124999999 0.9509442171875 0.8311740437499999 0.740271478125 0.9554034937500001 0.9631478765624999 0.9306462124999999
0 1 0.792899175 0.95038950625 0.8266525796874999 0.9631478765624999 0.9306462124999999 1 0.9265526515625 1 0.792899175