0 0.002017621875 0.2552781484375 0.1421057265625 0.248325046875 0.08395594843750001 0.0004966500000000001 0.0011365640625 0.0004966500000000001 0.002017621875 0.2552781484375
0 0.21854636562500002 0.0664005 0.217543859375 0.05312039843750001 0.36942355781249997 0.05142506718749999 0.3614035078125 0.000847665625 0.0867167921875 0 0.142355890625 0.25034401093750003 0.39899749375 0.24073713125 0.37092731875 0.0664005 0.21854636562500002 0.0664005
0 0.3619047625 0 0.37042606562499997 0.05142506718749999 0.6360902265624999 0.049729735937500005 0.6315789484375001 0.00028255625 0.3619047625 0
0 0.37042606562499997 0.066965609375 0.40100250624999995 0.2410196859375 0.6501253140625 0.2305651390625 0.6365914781249999 0.0649877234375 0.37042606562499997 0.066965609375
0 0.1278195484375 0.25034401093750003 0.1899749375 0.5218796703125 0.42105263125 0.5125553453125 0.3819548875 0.2424324625 0.1278195484375 0.25034401093750003
0 0.38496240625 0.24158479531250002 0.42305764375 0.5136855671875 0.6541353375 0.50379613125 0.6395989984375 0.23169535937500002 0.38496240625 0.24158479531250002
0 0.7363408515625001 0.06470516875 0.637593984375 0.0649877234375 0.6521303265625 0.23084769375 0.9037593984375001 0.222371034375 0.9077694234375 0.0005651109375 0.63308270625 0.00028255625 0.6385964921875 0.050012290625 0.7363408515625001 0.050012290625 0.7363408515625001 0.06470516875
0 0.998 0 0.9077694234375 0.00028255625 0.9057644125 0.21785015 0.998 0.21533258125 0.998 0
0 0.64511278125 0.23113024843750002 0.659649121875 0.5021008 0.8902255640625001 0.4964496921875 0.8982456140625 0.2212408140625 0.64511278125 0.23113024843750002
0 0.8902255640625001 0.49305902812499997 0.997493734375 0.49051602968749997 0.9959899734375 0.21643737343749997 0.9062656640625001 0.21869781562499999 0.9047619046875001 0.2220884796875 0.89874686875 0.2220884796875 0.8902255640625001 0.49305902812499997
0 0.9839599 0.491363696875 0.8982456140625 0.4927764734375 0.89323308125 0.72362416875 0.9037593984375001 0.729557828125 0.977443609375 0.727862496875 0.9839599 0.491363696875
0 0.78496240625 0.72899271875 0.789473684375 0.7323833828125 0.8907268187499999 0.73068805 0.8937343359375 0.497014803125 0.6541353375 0.5032310203125 0.6701754375 0.731535715625 0.7137844624999999 0.729557828125 0.7859649125 0.7219288359375 0.78496240625 0.72899271875
0 0.665664159375 0.732100828125 0.6501253140625 0.504643796875 0.417543859375 0.513968121875 0.45313283125000003 0.744815815625 0.49874686874999996 0.742555375 0.5563909781249999 0.7371868234375001 0.665664159375 0.732100828125
0 0.4020050125 0.747076259375 0.452631578125 0.7453809265625 0.41503759375 0.514250678125 0.188471178125 0.5227273375 0.1779448625 0.52442266875 0.22907268125 0.75753080625 0.3338345859375 0.7538575859375001 0.3348370921875 0.747923925 0.4020050125 0.747076259375
0 0.22305764374999998 0.75696569375 0.22756892187500002 0.7541401421875 0.1754385953125 0.5241401140625 0 0.5317691078125 0.0010025062499999999 0.750466921875 0.00501253125 0.765724909375 0.22305764374999998 0.75696569375
0 0.1859649125 0.523292446875 0.18796992343750002 0.51905411875 0.1223057640625 0.2497789015625 0 0.25543000625 0.0010025062499999999 0.5317691078125 0.17694235625000002 0.5238575578125 0.1859649125 0.523292446875