0 0.8310719546875 0.139487871875 0.99058214375 0.16441866875 0.9967889718749999 0.06756245625 0.8521347562500001 0.0509210859375 0.8310719546875 0.139487871875
0 0.6488954 0.024323875000000002 0.6301029765624999 0.09949594218749999 0.8278774546875001 0.1345354140625 0.8422565234375 0.04970220625 0.6488954 0.024323875000000002
0 0.6269084765625 0.0945434875 0.6488954 0.024323875000000002 0.5168147484375 0.009021034375 0.44552534218749995 0.007776673437499999 0.43258076250000005 0.0629681703125 0.6269084765625 0.0945434875
0 0.43258076250000005 0.0629681703125 0.44544156093750004 0.007775210937500001 0.22980078437499998 0.0040111875 0.22366672968749998 0.034151329687499996 0.43258076250000005 0.0629681703125
0 0.2216910828125 0.0339075546875 0.22880511874999998 0.0039938078125 0.0497979765625 0.0008692265625000001 0.0478341625 0.012455284375 0.2216910828125 0.0339075546875
0 0.8266161328124999 0.141976921875 0.798699725 0.28287804843750003 0.8078211671875 0.288561834375 0.9809950703125001 0.3140229015625 0.9905283046875001 0.1652588171875 0.8409501875000001 0.14070675 0.8266161328124999 0.141976921875
0 0.6357776515625 0.1017155703125 0.5979405437499999 0.2535480078125 0.7984474609375 0.28436635 0.82564954375 0.13577993906250002 0.6357776515625 0.1017155703125
0 0.43653205625 0.06345572187500001 0.3964670375 0.2165326859375 0.596721690625 0.24883932656250002 0.6303552421874999 0.0980076421875 0.43653205625 0.06345572187500001
0 0.312318571875 0.046609543749999996 0.20958493749999998 0.0339332015625 0.1808692703125 0.1914494234375 0.387303128125 0.22299909062499998 0.423921384375 0.0664579734375 0.312318571875 0.046609543749999996
0 0.020841878124999998 0.1717035828125 0.1746900640625 0.1922064 0.2073570265625 0.0351777265625 0.048086428125000004 0.01096698125 0.020841878124999998 0.1717035828125
0 0.799286646875 0.32701390625000004 0.8049613234375 0.329233534375 0.8143350281249999 0.33342901875000003 0.8417418187499999 0.33833018125000003 0.8486353484375 0.34525849218750004 0.8577143234375001 0.36309246562499997 0.85393035625 0.3854169953125 0.8521220375 0.4079853 0.9101301203125001 0.4227400828125 0.9200508234375 0.411808771875 0.9268619609375 0.37162461874999997 0.9614994812500001 0.3576654125 0.9781742203125001 0.3580416453125 0.9808117890625001 0.31688295312500003 0.8078211671875 0.288561834375 0.799286646875 0.32701390625000004
0 0.615973628125 0.25425369062500003 0.6119374 0.2780665203125 0.70626391875 0.2927443625 0.7287103578125 0.30311118125 0.754813359375 0.3276040453125 0.7758311499999999 0.32260029375 0.7990343828124999 0.3285022078125 0.8078211671875 0.288561834375 0.615973628125 0.25425369062500003
0 0.946828225 0.3847242671875 0.9369075234375 0.3956555796875 0.9400595546874999 0.41275822812499996 0.9368225859375 0.4199559609375 0.9274064140625 0.42791066874999995 0.9142912109375001 0.433889521875 0.9036561843750001 0.43713555 0.8875987453124999 0.43667364375 0.8962156562500001 0.44533403437499997 0.91349195 0.45050462031249994 0.9315250359375 0.45121029999999995 0.9732821171875001 0.43438184843750005 0.9769214140625 0.377591415625 0.9653658390625001 0.38245334375 0.946828225 0.3847242671875
0 0.9683055328125001 0.460306946875 0.9720839328125 0.45307925625 0.9726078593749999 0.444903509375 0.9342150078125 0.4591393609375 0.9683055328125001 0.460306946875
0 0.8260589625 0.4427550875 0.885328365625 0.4500683625 0.8725078953125 0.44240872343750004 0.8606964828124999 0.42879587812500003 0.8464048937499999 0.41791586093750005 0.8260589625 0.4427550875
0 0 0.330272075 0.1437464859375 0.3509671453125 0.1640074828125 0.3504283 0.1697670953125 0.32834754843749997 0.19091483125 0.21548038281249998 0.16851085937500002 0.1929633734375 0.022817524999999998 0.171947359375 0 0.306565525 0 0.330272075
0 0.41597124062499996 0.22045874687499997 0.4055035421875 0.24651685156249997 0.6020591671875 0.276847640625 0.60264863125 0.2495706546875 0.41597124062499996 0.22045874687499997
0 0.202601384375 0.1941309578125 0.1965895078125 0.21770001093750002 0.39785321875 0.24405344843750001 0.4003758609375 0.229170428125 0.202601384375 0.1941309578125
0 0.826563490625 0.439778484375 0.8260589625 0.4427550875 0.8191229640625 0.4479769671875 0.8087402000000001 0.449734690625 0.7865035578125 0.4500297625 0.7738928828125 0.4530320109375 0.76859533125 0.4842863515625 0.7722943609375 0.4862622046875 0.797473240625 0.49240789375 0.8068469468749999 0.49660337656250003 0.8134882109375001 0.5050199906249999 0.8158834515625 0.52658754375 0.8135706046875001 0.5521324515625 0.8110479609375 0.5670154703125 0.8287863140624999 0.5813596421875 0.8463148703125001 0.5850419265625 0.8648524859375 0.582771003125 0.899699803125 0.5794736828125 0.91848968125 0.575714459375 0.9493857046875 0.5719295875 0.9678010031250001 0.46328354843749997 0.826563490625 0.439778484375
0 0.7314377109375 0.4417157359375 0.7181127109375 0.43703270312500003 0.699322834375 0.440791928125 0.671873575 0.44804095312500003 0.670864515625 0.4539941625 0.692806428125 0.46733758593749997 0.70806460625 0.4844145859375 0.738708365625 0.48211801718749997 0.7638872453125 0.48826370625 0.7724217640625 0.44981163437499994 0.7314377109375 0.4417157359375
0 0.9123504015625 0.6357340828125 0.8841868171874999 0.635297828125 0.8516098796874999 0.62520043125 0.8385796109375001 0.6068789031249999 0.8186133468750001 0.5937792578125001 0.7949055859375 0.590853946875 0.7877173234375 0.5975641281249999 0.780276796875 0.6057626125 0.7486664484375 0.6018621984375 0.7485815125 0.6261625796875 0.7477822515625 0.6427776781250001 0.758879340625 0.6487052359375001 0.7706907515625 0.6623180828125 0.780274253125 0.6771754546875 0.777751609375 0.692058475 0.7803991140625001 0.712137725 0.80557799375 0.718283415625 0.8411396359375001 0.7226713796875 0.870269809375 0.7293046203125 0.8974243359375 0.7356940843750001 0.9252931890625 0.749768834375 0.9417753078125 0.6287288328125 0.9123504015625 0.6357340828125
0 0.8892270171875 0.7483574749999999 0.8748929609375 0.7496276468749999 0.862786815625 0.74965329375 0.8482004953125 0.75241176875 0.830167409375 0.7517060890625 0.8168424109375 0.7470230546875001 0.7879645015625 0.7389015109375 0.7983047953125 0.749293978125 0.8143197671875001 0.7619060734375 0.8328149140625 0.7717853390625 0.8456353828125 0.779444978125 0.8680818218749999 0.7898117984375 0.8848535875 0.7979589890625001 0.8996497031249999 0.805862403125 0.9154548796875 0.8078126078125001 0.9181049265624999 0.7564790171875 0.8892270171875 0.7483574749999999
0 0.71877948125 0.5996938625 0.7049499546875 0.59798743125 0.6871691328125 0.5957934500000001 0.6822087812500001 0.60125910625 0.6631241703125 0.618656825 0.6463099375 0.6226598250000001 0.6529512046875 0.6310764375 0.6655194109375 0.640224378125 0.684057025 0.637953453125 0.6996099359375 0.6413919609375001 0.7191141390625 0.6453180234375 0.741603046875 0.6435346515625 0.7464385359375 0.6031067234374999 0.71877948125 0.5996938625
0 0.9012431390625 0.9154578953125 0.9119231781250001 0.8286488343749999 0.8285264187499999 0.7970864718749999 0.7787156562499999 0.7696683 0.765433125 0.752835075 0.7500475421874999 0.7722086453125 0.731552396875 0.762329378125 0.7080918109375001 0.9007414515625 0.9012431390625 0.9154578953125
0 0.668079434375 0.756016853125 0.6532833171875 0.7481134390624999 0.6030504171875 0.7707843328124999 0.5198209874999999 0.7620340484375 0.507837159375 0.8684348078124999 0.7091433375 0.8826380531250001 0.726844309375 0.7663067328125 0.668079434375 0.756016853125
0 0.31435371875 0.7366813640625 0.297661803125 0.847059478125 0.5053994515625 0.859017446875 0.5200732515625 0.760545746875 0.31435371875 0.7366813640625
0 0.88281130625 1 0.8916171687500001 0.9127507140625 0.702164871875 0.9000101234375 0.6908832796875 1 0.88281130625 1
0 0.6828061703125 1 0.6950615453125 0.882419925 0.497706659375 0.86870423125 0.486130140625 1 0.6828061703125 1
0 0.47811575624999997 1 0.4890897484375 0.8600438421875 0.2892546875 0.849060978125 0.2846714609375 0.8880006015624999 0.27348689375 0.9777862671875001 0.2751678078125 0.9916685359375 0.34707767968750003 1 0.47811575624999997 1
0 0.060289453125 0.8314448734375001 0.046245040625 0.9619022390625 0.25368795781250003 0.9874986984375 0.2646177171875 0.9706141796875001 0.2810998359375 0.8495741765625 0.060289453125 0.8314448734375001
0 0.12813839062500001 0.716743040625 0.1059442125 0.7048879203125 0.07857480312500001 0.8306622499999999 0.29492936406250003 0.8512806078124999 0.312378071875 0.7364375890625 0.12813839062500001 0.716743040625
0 0 0.49095594531250003 0.13554407968749999 0.5064562203125 0.13533428281249998 0.49579433125000005 0.13895091875 0.45065772343750005 0.148452028125 0.418402634375 0.16657005 0.394807934375 0.166697453125 0.35835736093750004 0 0.33045097343749996 0 0.49095594531250003
0 0 0.6580994015625 0.0922420890625 0.6667309171875 0.099053228125 0.6265467671875 0.11179130625 0.58709394375 0.1224688 0.571697728125 0.133063903125 0.5091890484375 0 0.49155009375000003 0 0.6580994015625
0 0 0.8209668765625 0.07857480312500001 0.8306622499999999 0.105482153125 0.6957143328125001 0.0922420890625 0.6667309171875 0 0.65901011875 0 0.8209668765625
0 0 0.957715475 0.042041484375 0.9629029890625 0.060541718749999994 0.8299565718749999 0 0.821864428125 0 0.957715475