0 0.9881260171875 0.194503878125 0.9825856265624999 0.0457646609375 0.8049674437500001 0.0374919609375 0.8103366624999999 0.2304894015625 0.9881260171875 0.194503878125
0 0.8079819484374999 0.233180434375 0.8024715656250001 0.037375714062499996 0.632631046875 0.029465264062500003 0.6446053640625 0.2584600640625 0.8079819484374999 0.233180434375
0 0.6446053640625 0.2584600640625 0.632631046875 0.029465264062500003 0.4975552703125 0.023174009375 0.5182563765625 0.27601602812500003 0.6446053640625 0.2584600640625
0 0.45986184999999996 0.0660109765625 0.467258275 0.2074589328125 0.5154115984375001 0.2216129703125 0.4999553546875 0.06919704374999999 0.45986184999999996 0.0660109765625
0 0.41599124062500004 0.0383144125 0.3559221015625 0.0348953859375 0.3662421984375 0.18453291875 0.467258275 0.2074589328125 0.4597196109375 0.063290825 0.41599124062500004 0.0383144125
0 0.3662421984375 0.18453291875 0.3534251484375 0.034866265625 0.315259640625 0.020828704687499998 0.215381475 0.019663917187499998 0.1548067296875 0.054297914062499994 0.16748153906250002 0.201244415625 0.253025828125 0.166901615625 0.3662421984375 0.18453291875
0 0.08188945 0.091506465625 0.0913561109375 0.22482308125 0.1598484375 0.198436903125 0.1673393 0.1985242625 0.152167534375 0.051548640624999996 0.08188945 0.091506465625
0 0.034226190625 0.13444651875 0.0403424640625 0.251413096875 0.0913561109375 0.22482308125 0.084386403125 0.091535584375 0.034226190625 0.13444651875
0 0.034226190625 0.13444651875 0.0026491828125 0.15177153906250002 0.004647184375 0.266237040625 0.0378455109375 0.2513839765625 0.034226190625 0.13444651875
0 0.0442462625 0.37379086093749997 0.0378455109375 0.2513839765625 0.0046086578125 0.2640298546875 0.0065104390625 0.372982821875 0.0366131609375 0.3709833515625 0.0442462625 0.37379086093749997
0 0.0443885 0.3765110140625 0.006522128125 0.37365245156250004 0.00851023125 0.4875508609375 0.050220296875 0.4880372859375 0.0443885 0.3765110140625
0 0.04107036875 0.599388840625 0.033026096875 0.4932737546875 0.0085130171875 0.4877104109375 0.008879871875 0.5087275234375 0.0136038734375 0.5990685234375001 0.04107036875 0.599388840625
0 0.0188667140625 0.699714184375 0.062452845312500005 0.72197044375 0.0538396171875 0.6049747453125 0.0136038734375 0.5990685234375001 0.0188667140625 0.699714184375
0 0.0245562703125 0.8085203046875 0.0502370078125 0.8224122671874999 0.044974167187500004 0.72176660625 0.0188667140625 0.699714184375 0.0245562703125 0.8085203046875
0 0.0861900390625 0.8418610125000001 0.0803582421875 0.730334740625 0.044689689062499996 0.7163263 0.047882292187499995 0.8251032984375 0.0861900390625 0.8418610125000001
0 0.0303880671875 0.920046575 0.074400915625 0.95046329375 0.07106607499999999 0.838966140625 0.0245562703125 0.8085203046875 0.0303880671875 0.920046575
0 0.1181292875 0.9754397046875001 0.12256978593750001 0.8694702171875001 0.07106607499999999 0.838966140625 0.0745431546875 0.9531834484375 0.1181292875 0.9754397046875001
0 0.1835164671875 1 0.19989647187499998 0.916586409375 0.125208978125 0.8722194906249999 0.1181292875 0.9754397046875001 0.1548565375 1 0.1835164671875 1
0 0.279864296875 1 0.2873532125 0.96653923125 0.19989647187499998 0.916586409375 0.185596059375 1 0.279864296875 1
0 0.380744575 1 0.2898501671875 0.9665683515625 0.28082355468750003 1 0.380744575 1
0 0.12506673906250002 0.8694993375 0.118381509375 0.7416521484375 0.0803582421875 0.730334740625 0.0861900390625 0.8418610125000001 0.12506673906250002 0.8694993375
0 0.168652871875 0.891755596875 0.16432235625 0.761217371875 0.118381509375 0.7416521484375 0.12506673906250002 0.8694993375 0.168652871875 0.891755596875
0 0.1661559171875 0.8917264765624999 0.2229380140625 0.9277290984375 0.21539935156249998 0.7835609906250001 0.16432235625 0.761217371875 0.1661559171875 0.8917264765624999
0 0.2742516859375 0.8114322734374999 0.2129023953125 0.7835318703125 0.22279577499999997 0.925008946875 0.28457178125000004 0.9610698062499999 0.2742516859375 0.8114322734374999
0 0.35341193125000003 0.9890575687500001 0.348227984375 0.8421984265625 0.274109446875 0.8087121203125 0.28457178125000004 0.9610698062499999 0.35341193125000003 0.9890575687500001
0 0.4370653875 1 0.4352580078125 0.8839907921875 0.3483702234375 0.84491858125 0.35341193125000003 0.9890575687500001 0.383162359375 1 0.4370653875 1
0 0.544162509375 1 0.5419791875 0.9205758078124999 0.4352580078125 0.8839907921875 0.43714892812499995 1 0.544162509375 1
0 0.6770542109375 1 0.677020296875 0.9738020593750001 0.5419791875 0.9205758078124999 0.5442143609375 1 0.6770542109375 1
0 0.735106934375 1 0.677020296875 0.9738020593750001 0.6769755734375 1 0.735106934375 1
0 0.11683242812500001 0.61658335 0.1076502421875 0.4887070390625 0.033026096875 0.4932737546875 0.04107036875 0.599388840625 0.11683242812500001 0.61658335
0 0.11574231718750001 0.738902875 0.114335471875 0.6165542312500001 0.051484903125 0.607665778125 0.062452845312500005 0.72197044375 0.11574231718750001 0.738902875
0 0.19221556875 0.7696981484375 0.1852458609375 0.636410653125 0.114335471875 0.6165542312500001 0.1182392703125 0.73893199375 0.19221556875 0.7696981484375
0 0.10501105 0.48595776874999996 0.114335471875 0.6165542312500001 0.1852458609375 0.636410653125 0.17506800312499998 0.48949327187499997 0.10501105 0.48595776874999996
0 0.0443885 0.3765110140625 0.04772334375 0.48800816718749995 0.10501105 0.48595776874999996 0.1009650125 0.36085985 0.0443885 0.3765110140625
0 0.1726654875 0.3481035578125 0.0984680578125 0.3608307296875 0.10736576406250001 0.483266734375 0.1800619125 0.48955151093750005 0.1726654875 0.3481035578125
0 0.367333471875 0.4917354890625 0.3620072859375 0.34215619375 0.2567084953125 0.3327727078125 0.1728077265625 0.3508237078125 0.1827011046875 0.49230078437499997 0.367333471875 0.4917354890625
0 0.0914983515625 0.2275432328125 0.10082277343749999 0.358139696875 0.1751624421875 0.348132675 0.1652690625 0.20665560156249999 0.0914983515625 0.2275432328125
0 0.03756103125 0.24594367187500002 0.0441040234375 0.371070709375 0.10082277343749999 0.358139696875 0.0914983515625 0.2275432328125 0.03756103125 0.24594367187500002
0 0.2556650203125 0.16965088749999999 0.1673393 0.1985242625 0.1751624421875 0.348132675 0.2590632109375 0.330081675 0.36186504531249997 0.3394360421875 0.3580879421875 0.3149255453125 0.3727851890625 0.30965995625 0.36638443593750003 0.1872530734375 0.2556650203125 0.16965088749999999
0 0.474022396875 0.2890926421875 0.467258275 0.2074589328125 0.36638443593750003 0.1872530734375 0.3727851890625 0.30965995625 0.474022396875 0.2890926421875
0 0.52089556875 0.27876530312500003 0.5154115984375001 0.2216129703125 0.467258275 0.2074589328125 0.474022396875 0.2890926421875 0.52089556875 0.27876530312500003
0 0.372927428125 0.3123801109375 0.35780346406249997 0.3094852390625 0.3620072859375 0.34215619375 0.36997266562500003 0.49448476093749993 0.5246415828125001 0.493570028125 0.521180046875 0.284205609375 0.372927428125 0.3123801109375
0 0.177564959375 0.489522390625 0.185103621875 0.6336904999999999 0.2734926890625 0.653750759375 0.25789420625 0.49861468125 0.177564959375 0.489522390625
0 0.27660640000000003 0.808741240625 0.271422453125 0.6618820999999999 0.1855303390625 0.6418509578125 0.1920733296875 0.7669779953125 0.27660640000000003 0.808741240625
0 0.3894594 0.86714571875 0.3990205 0.8591017390625 0.3899172078125 0.6850119484375 0.271422453125 0.6618820999999999 0.27660640000000003 0.808741240625 0.3894594 0.86714571875
0 0.33237611562499997 0.4913278109375 0.3394091703125 0.6735489421875 0.4322231890625 0.68278683125 0.4250478953125 0.497845546875 0.33237611562499997 0.4913278109375
0 0.2712802125 0.6591619453125 0.3369122140625 0.673519821875 0.3325183546875 0.494047965625 0.2576097296875 0.493174375 0.2712802125 0.6591619453125
0 0.544333903125 0.9178847749999999 0.5357362203125 0.7057419625 0.390059446875 0.687732103125 0.396523546875 0.8590726203125 0.544333903125 0.9178847749999999
0 0.42754485000000003 0.4978746671875 0.43472014375 0.68281595 0.435004621875 0.6882562562500001 0.5357362203125 0.7057419625 0.526854059375 0.48815884218749994 0.42754485000000003 0.4978746671875
0 0.7608855671875 1 0.7528923375 0.7544888578125 0.5357362203125 0.7057419625 0.5444761406249999 0.9206049265624999 0.742644334375 1 0.7608855671875 1
0 1 1 1 0.807127225 0.7528923375 0.7544888578125 0.760987584375 1 1 1
0 1 0.5045506890625 0.822063603125 0.502475578125 0.8335060656250001 0.7690214515625 1 0.8048910328125001 1 0.5045506890625
0 0.672136371875 0.7372361078125 0.8336483031249999 0.7717416046875 0.8222058421874999 0.5051957328125 0.6547676765625 0.500524559375 0.672136371875 0.7372361078125
0 0.52449934375 0.49084987656249995 0.538233175 0.7057710828125 0.6722786109375 0.7399562609375 0.652270721875 0.5004954406250001 0.52449934375 0.49084987656249995
0 0.7371671625 0.5014855093749999 0.7215842265625 0.251202315625 0.52089556875 0.27876530312500003 0.526854059375 0.48815884218749994 0.7371671625 0.5014855093749999
0 1 0.39093461406249996 0.9879837765625 0.19178372500000002 0.7190872734375 0.2511731953125 0.7371671625 0.5014855093749999 1 0.50189973125 1 0.39093461406249996