0 0.54 0.31531531562500004 0.522 0.303303303125 0.41 0.303303303125 0.4 0.32432432499999997 0.404 0.6306306312500001 0.544 0.624624625 0.54 0.31531531562500004
0 0.262 0.321321321875 0.262 0.6276276281250001 0.4 0.6276276281250001 0.396 0.31831831875 0.262 0.321321321875
0 0.268 0.633633634375 0.268 0.9339339343749999 0.40599999999999997 0.93093093125 0.4 0.6306306312500001 0.268 0.633633634375
0 0.404 0.633633634375 0.40800000000000003 0.9459459453125 0.548 0.9339339343749999 0.542 0.6276276281250001 0.404 0.633633634375
0 0.546 0.6306306312500001 0.55 0.927927928125 0.678 0.9129129125000001 0.6759999999999999 0.6216216218749999 0.546 0.6306306312500001
0 0.8039999999999999 0.6216216218749999 0.6759999999999999 0.624624625 0.682 0.9129129125000001 0.8039999999999999 0.90690690625 0.8039999999999999 0.6216216218749999
0 0.6719999999999999 0.32732732656249997 0.542 0.32432432499999997 0.546 0.624624625 0.674 0.6216216218749999 0.6719999999999999 0.32732732656249997
0 0.798 0.32732732656249997 0.776 0.2822822828125 0.74 0.2792792796875 0.678 0.2792792796875 0.674 0.3303303296875 0.6759999999999999 0.6216216218749999 0.8019999999999999 0.615615615625 0.798 0.32732732656249997
0 0.24 0.3123123125 0.21000000000000002 0.32432432499999997 0.10200000000000001 0.32732732656249997 0.11000000000000001 0.6396396390625 0.26 0.6276276281250001 0.258 0.3333333328125 0.24 0.3123123125
0 0.122 0.75075075 0.13 0.9489489484375 0.22200000000000003 0.9459459453125 0.266 0.9369369375 0.266 0.633633634375 0.262 0.6276276281250001 0.12 0.6426426421875 0.12 0.7057057062500001 0.132 0.7057057062500001 0.134 0.7447447453125 0.122 0.75075075
0 0.958 0.7147147140625 0.9560000000000001 0.6726726734375 0.834 0.68168168125 0.828 1 0.962 0.996996996875 0.962 0.7297297296874999 0.958 0.7147147140625
0 0.932 0.6126126125 0.932 0.3303303296875 0.828 0.321321321875 0.8 0.32732732656249997 0.8039999999999999 0.615615615625 0.828 0.61861861875 0.932 0.6126126125
0 0.826 0.321321321875 0.9400000000000001 0.32732732656249997 0.9380000000000001 0.1111111109375 0.9460000000000001 0.1111111109375 0.9460000000000001 0.048048048437500004 0.8240000000000001 0.0270270265625 0.788 0.06906906874999999 0.772 0.084084084375 0.754 0.1171171171875 0.754 0.2792792796875 0.776 0.2822822828125 0.798 0.32732732656249997 0.826 0.321321321875
0 0.384 0.31531531562500004 0.384 0.0210210203125 0.376 0.0030030031249999997 0.242 0.0030030031249999997 0.238 0.3123123125 0.254 0.32732732656249997 0.262 0.321321321875 0.384 0.31531531562500004
0 0.51 0.11411411406250001 0.516 0.1171171171875 0.52 0.3003003 0.548 0.321321321875 0.67 0.321321321875 0.678 0.2792792796875 0.6759999999999999 0.165165165625 0.716 0.1201201203125 0.674 0.0360360359375 0.55 0.030030029687499998 0.52 0.0360360359375 0.518 0.0540540546875 0.488 0.08708708750000001 0.47000000000000003 0.159159159375 0.51 0.11411411406250001
0 0.12 1 0.118 0.75075075 0.134 0.7447447453125 0.132 0.708708709375 0.118 0.708708709375 0.002 0.702702703125 0 1 0.12 1
0 1 0.135135134375 0.96 0.16816816875 0.958 0.7207207203125 1 0.7357357359375001 1 0.135135134375
0 0.21600000000000003 0.24324324375 0.19 0.21921921875 0.096 0.23123123125 0.096 0.2762762765625 0.196 0.26426426406250003 0.21400000000000002 0.2822822828125 0.21600000000000003 0.24324324375
0 0.198 0.2672672671875 0.096 0.2792792796875 0.096 0.32732732656249997 0.21400000000000002 0.321321321875 0.21600000000000003 0.2822822828125 0.198 0.2672672671875
0 0.8320000000000001 0.678678678125 0.9380000000000001 0.6696696703125 0.9359999999999999 0.615615615625 0.8300000000000001 0.6216216218749999 0.806 0.61861861875 0.8039999999999999 0.8948948953125001 0.826 0.909909909375 0.8320000000000001 0.678678678125