0 1 0.43344560625 0.502653403125 0.23356388906249997 0.47631373593750004 0.257792484375 0.4498629765625 0.4392949828125 0.45955987968749995 0.500810734375 0.46552418281249996 0.5025692484375 0.6616011375 0.5657129515625 0.9610593656249999 0.6593375640625 0.99249644375 0.671272678125 1 0.6197840171875 1 0.43344560625
0 1 0.334054625 0.880263740625 0.2889079125 0.8672246328125001 0.378380975 1 0.4332686609375 1 0.334054625
0 0.7143879953125001 0.317321375 0.8652365312500001 0.37779480312499997 0.880263740625 0.2889079125 0.7266820093749999 0.232961059375 0.7143879953125001 0.317321375
0 0.35541209375 0.2194796625 0.47482355312499996 0.268017975 0.47631373593750004 0.257792484375 0.502653403125 0.23356388906249997 0.7143879953125001 0.317321375 0.7263094640625 0.23551743281249998 0.370808278125 0.0853759109375 0.35541209375 0.2194796625
0 0.2363731796875 0.1683849734375 0.3557846390625 0.2169232875 0.371180825 0.0828195390625 0.3377556453125 0.070298253125 0.261337325 0.039768454687499996 0.21315741250000003 0.01490541875 0.156597715625 0.010950379687500001 0.143677503125 0.13572217656250002 0.2363731796875 0.1683849734375
0 0.3396433625 0.3561397828125 0.453835609375 0.3978068375 0.4724629046875 0.269988178125 0.3570276484375 0.22262220625 0.3396433625 0.3561397828125
0 0.1413168546875 0.137692378125 0.1327447296875 0.153828478125 0.12094863125 0.24900045781250002 0.11846618125 0.28026310625 0.1518913625 0.292784390625 0.3396433625 0.3561397828125 0.35541209375 0.2194796625 0.236000634375 0.170941346875 0.1413168546875 0.137692378125
0 0.32151398593749997 0.494770109375 0.5083955234374999 0.5498702109375 0.5105054250000001 0.521163934375 0.4635360828125 0.501983078125 0.45955987968749995 0.500810734375 0.447874875 0.438708809375 0.45346306406250003 0.4003632125 0.339270815625 0.35869615781249997 0.32151398593749997 0.494770109375
0 0.1143681765625 0.3083832125 0.113504853125 0.3854488921875 0.10692082812499999 0.4021711625 0.10120726718749999 0.4271487234375 0.3195258828125 0.4941839375 0.337282715625 0.3581099859375 0.116105534375 0.2822333078125 0.1143681765625 0.3083832125
0 0.320396346875 0.5024392296875 0.29940840468749996 0.6322280921875 0.46392290625 0.67006864375 0.491756328125 0.6782750421875 0.5080229765625 0.552426584375 0.320396346875 0.5024392296875
0 0.1081674078125 0.450530565625 0.0946268125 0.486531478125 0.0972382046875 0.51129735 0.088297103125 0.5726503078125 0.091900759375 0.5763790234374999 0.29940840468749996 0.6322280921875 0.3211414390625 0.4973264828125 0.1028228234375 0.43029126562500003 0.1081674078125 0.450530565625
0 0.46317781562500004 0.6751813906249999 0.29903585781249997 0.6347844640625 0.27767536718749997 0.7671297 0.37061821875 0.7838680859375 0.4572242203125 0.8014043328125 0.47312903281249996 0.8060937031250001 0.48703503281250005 0.682215446875 0.46317781562500004 0.6751813906249999
0 0.0894183109375 0.6076416734375 0.087433778125 0.6497159875 0.079979290625 0.6581829671875 0.0911663765625 0.709473225 0.1238464640625 0.7271072578125 0.1818739515625 0.7415498515625 0.27332661874999997 0.76851373125 0.2966752109375 0.6367546671875 0.08755201093750001 0.577763053125 0.0894183109375 0.6076416734375
0 1 0.6804468859374999 0.9409311765625 0.6694002609374999 0.5404558890625 0.585985025 0.5129950140624999 0.575222253125 0.48977893437500003 0.805670328125 0.5187335640625 0.848868090625 0.7914724390625001 0.8839567 0.8712436734375 0.891479140625 0.9137388953125001 0.8986759921875 1 0.9117858968749999 1 0.6804468859374999
0 0.5105054250000001 0.521163934375 0.5111287156250001 0.5453436359375 0.5492751890625 0.5539245171875 0.6391123015625 0.5777458515625 0.66818873125 0.5916511671875 0.6711690984375001 0.5712001828125 0.5105054250000001 0.521163934375