0 0.555602975 0.351670034375 0.5457870609375 0.278146378125 0.53648094375 0.2579389015625 0.470190453125 0.256383190625 0.3716470703125 0.26073359375 0.4144801484375 0.5815640937500001 0.45425444375 0.5824975218749999 0.4816629953125 0.5898037734375 0.5413244390624999 0.5912039140625 0.5943568328125 0.59244848125 0.580079140625 0.4855049828125 0.555602975 0.351670034375
0 0.7956508999999999 0.4172707421875 0.7774212281249999 0.330223578125 0.76849766875 0.2633838890625 0.7631435343749999 0.22328007656249999 0.7432563859375 0.2228133640625 0.6190891625 0.23322545 0.5470619765625 0.23819813750000002 0.555602975 0.351670034375 0.580079140625 0.4855049828125 0.6018782375 0.5992880234375 0.67479778125 0.6009993046875 0.7941206671875001 0.603799584375 0.8272659125 0.604577440625 0.7956508999999999 0.4172707421875
0 1 0.34244650625 0.8057221359375 0.3442138 0.7885120546875 0.3637989921875 0.8272659125 0.604577440625 0.8347873187499999 0.6114169796875 1 0.6152942046875001 1 0.34244650625
0 0.1899848296875 0.5829586453125 0.21560867031250003 0.5768969625 0.1911325046875 0.4430620140625 0.180424234375 0.3628543890625 0.20515572187500003 0.3501087359375 0.1446019234375 0.3420246265625 0.059316637500000005 0.346686171875 0.029551904687500002 0.3620257671875 0.0418834109375 0.5130929531249999 0.0516671515625 0.5863756203125 0.1899848296875 0.5829586453125
0 0.27144621406249997 0.351664446875 0.20515572187500003 0.3501087359375 0.18705328593749998 0.36300995937499997 0.1911325046875 0.4430620140625 0.21650102656249998 0.5835809281250001 0.39548535625 0.5877813484375001 0.4144801484375 0.5815640937500001 0.3859247625 0.36767709375 0.357623853125 0.35368687187500003 0.27144621406249997 0.351664446875
0 0.1431989265625 0.6285018578125 0.137844790625 0.5883980453125 0.0516671515625 0.5863756203125 0.0811148921875 0.8069465906250001 0.154034434375 0.8086578734375 0.17392158124999998 0.8091245859375 0.1547995515625 0.715393453125 0.1431989265625 0.6285018578125
0 0.4144801484375 0.5815640937500001 0.39548535625 0.5877813484375001 0.24964627187500002 0.584358784375 0.21560867031250003 0.5768969625 0.1899848296875 0.5829586453125 0.137844790625 0.5883980453125 0.1547995515625 0.715393453125 0.17481393750000002 0.8158085546875 0.25436252812500004 0.8176754078125 0.44838966874999997 0.83555490625 0.41715721562499997 0.601616 0.44188869999999997 0.5888703468750001 0.4144801484375 0.5815640937500001
0 0.67479778125 0.6009993046875 0.6018782375 0.5992880234375 0.5943568328125 0.59244848125 0.5413244390624999 0.5912039140625 0.4949210953125 0.590114915625 0.44851775 0.58902591875 0.41804957187499997 0.60829996875 0.44838966874999997 0.83555490625 0.5619758625 0.8448835859375 0.7560030015625 0.8627630843749999 0.7758901500000001 0.863229796875 0.7473347625 0.6493427984375 0.741088271875 0.6025550156249999 0.67479778125 0.6009993046875
0 1 0.6152942046875001 0.8347873187499999 0.6114169796875 0.8272659125 0.604577440625 0.741088271875 0.6025550156249999 0.7825191984375001 0.86338536875 0.9168848953125 0.879864728125 1 0.8818152796875 1 0.6152942046875001
0 0.22583787968750002 1 0.21917725 0.9501102156250001 0.20757662500000001 0.8632186203125001 0.202222490625 0.8231148078125001 0.1814429875 0.8159641265625 0.1549267890625 0.8153418406249999 0.082007246875 0.8136305593750001 0.10688885 1 0.22583787968750002 1
0 0.4108697046875 1 0.4021135625 0.9344142984375001 0.39408236093750004 0.8742585796875 0.38209917656250003 0.833999196875 0.26099157812499996 0.8178309796875001 0.202222490625 0.8231148078125001 0.2182848953125 0.9434262453125 0.22583787968750002 1 0.4108697046875 1
0 0.602509809375 1 0.582755365625 0.852034265625 0.56286821875 0.851567553125 0.45591107343750004 0.8423944484374999 0.38209917656250003 0.833999196875 0.4021135625 0.9344142984375001 0.4108697046875 1 0.602509809375 1
0 0.8007581921875 1 0.7860886234375 0.89012124375 0.7834115546875 0.8700693375 0.7560030015625 0.8627630843749999 0.582755365625 0.852034265625 0.602509809375 1 0.8007581921875 1
0 1 1 1 0.8818152796875 0.9168848953125 0.879864728125 0.7891482484375001 0.8635409390625 0.8023653515625 1 1 1