0 0.00098846875 0.0270536546875 0.000658978125 0.21723681093749997 0.24843492656250002 0.20794973749999998 0.2530477765625 0.0347255875 0.2431630984375 0.01736279375 0.00098846875 0.0270536546875
0 0.2514003296875 0.22248602968750003 0.24349258593749998 0.2075459515625 0.00098846875 0.218044384375 0.000658978125 0.40136318125 0.24514003125 0.3997480375 0.2514003296875 0.22248602968750003
0 0.24382207656250002 0.40136318125 0.00098846875 0.40217075312499995 0 0.5984106984374999 0.24217462968749998 0.602448559375 0.24382207656250002 0.40136318125
0 0.2385502484375 0.6020447718749999 0 0.5988144859375 0.00098846875 0.800707434375 0.2395387140625 0.8071680078125001 0.2385502484375 0.6020447718749999
0 0.2339373984375 0.8095907234374999 0.00098846875 0.8015150046875 0 0.9975490203125 0.22799999999999998 0.9975490203125 0.2339373984375 0.8095907234374999
0 0.5561111125 0.2154820265625 0.5513888875 0.0330201515625 0.2525 0.039828431250000004 0.2511111125 0.2171840953125 0.254722221875 0.224673203125 0.5561111125 0.2154820265625
0 0.2511111125 0.223992375 0.24500000000000002 0.41053921562499995 0.559722221875 0.40611383281249996 0.5561111125 0.215822440625 0.2511111125 0.223992375
0 0.5661111125 0.6685729859375 0.560277778125 0.6120642703125 0.239166665625 0.6120642703125 0.24055555625 0.8173338781249999 0.5638888875 0.814610565625 0.5661111125 0.742102396875 0.5661111125 0.6685729859375
0 0.245277778125 0.8244825703125 0.242 0.9975490203125 0.568 0.9975490203125 0.57055555625 0.82686546875 0.245277778125 0.8244825703125
0 0.5802777781249999 0.8234613281250001 0.5780000000000001 0.9975490203125 0.9119999999999999 0.9975490203125 0.9088888875000001 0.830610021875 0.5802777781249999 0.8234613281250001
0 0.56805555625 0.6086601296875 0.56444444375 0.814610565625 0.8977777781249999 0.8139297375 0.8886111124999999 0.6079793046875 0.56805555625 0.6086601296875
0 0.8744444437500001 0.4078159046875 0.8827777781249999 0.391476034375 0.86944444375 0.208673746875 0.5625 0.2148011984375 0.5599999999999999 0.2774373625 0.5625 0.3972630703125 0.567222221875 0.3999863828125 0.8744444437500001 0.4078159046875
0 0.8661111125 0.0245098046875 0.5611111125 0.021446078125 0.562777778125 0.1964188453125 0.58555555625 0.2124183015625 0.8708333343750001 0.20629084999999997 0.8661111125 0.0245098046875
0 0.23799472187499998 0.6007812109375 0.23957783593749998 0.610481659375 0.5688654359374999 0.610481659375 0.563588390625 0.4048321171875 0.2485488125 0.4106523875 0.243799471875 0.4138858703125 0.245910290625 0.60401469375 0.23799472187499998 0.6007812109375
0 0.5678100265625 0.4009519390625 0.569393140625 0.607894871875 0.8960422156250001 0.6053080859375 0.887071240625 0.40806560000000003 0.5678100265625 0.4009519390625
0 0.5525641015625 0.0023567109375 0.2544871796875 0.00314228125 0.2519230765625 0.0243526890625 0.25641025625 0.03927853125 0.5506410265625 0.029851684375 0.5525641015625 0.0023567109375
0 0.5557692296875001 0.00314228125 0.5570512812499999 0.021995978125000003 0.8570512812500001 0.0204248359375 0.8576923078125 0.0007855703125 0.5557692296875001 0.00314228125