0 0.06999999999999999 0.48425787031249995 0.22000000000000003 0.4797601203125 0.32999999999999996 0.47526236875 0.322 0.4182908546875 0.312 0.35982009062500003 0.31 0.34482758593749996 0.304 0.33433283281250004 0.057999999999999996 0.3418290859375 0.006 0.3688155921875 0.014000000000000002 0.40329835156250005 0.032 0.48425787031249995 0.06999999999999999 0.48425787031249995
0 0.038 0.6461769109375 0.064 0.6416791609375 0.1 0.6416791609375 0.132 0.6386806593750001 0.264 0.6341829078125001 0.356 0.6296851578125 0.376 0.6326836578125 0.374 0.6191904046875 0.372 0.5772113937500001 0.366 0.5157421296875 0.364 0.47526236875 0.356 0.4587706140625 0.32999999999999996 0.4572713640625 0.32799999999999996 0.47376311875 0.22400000000000003 0.4797601203125 0.068 0.48575712187500003 0.03 0.48575712187500003 0.024 0.4692653671875 0 0.48575712187500003 0.002 0.5247376312500001 0.024 0.611694153125 0.038 0.6461769109375
0 0.052000000000000005 0.7796101953125001 0.144 0.77811094375 0.29 0.7706146921875 0.352 0.7586206890625 0.366 0.7511244375 0.36 0.734632684375 0.348 0.6581709140625 0.352 0.6431784109375001 0.362 0.6431784109375001 0.358 0.6311844078125 0.264 0.635682159375 0.134 0.6416791609375 0.10400000000000001 0.6416791609375 0.066 0.6416791609375 0.032 0.6416791609375 0.02 0.6506746625 0.024 0.67766116875 0.041999999999999996 0.7541229390625 0.052000000000000005 0.7796101953125001
0 0.198 0.8950524734374999 0.262 0.890554721875 0.352 0.8830584703125 0.366 0.8815592203125 0.37 0.8635682156250001 0.368 0.8320839578125 0.358 0.8065967015625001 0.356 0.760119940625 0.29 0.77211394375 0.13799999999999998 0.7796101953125001 0.054000000000000006 0.7796101953125001 0.041999999999999996 0.764617690625 0.041999999999999996 0.785607196875 0.054000000000000006 0.8665667171875 0.068 0.9025487249999999 0.198 0.8950524734374999
0 0.384 1 0.382 0.9775112437500001 0.378 0.9415292359375 0.368 0.8785607203125 0.354 0.8830584703125 0.256 0.890554721875 0.192 0.8950524734374999 0.064 0.9025487249999999 0.054000000000000006 0.87706146875 0.044 0.898050975 0.054000000000000006 0.9430284859375 0.062 0.9685157421874999 0.068 1 0.384 1
0 0.606 0.12443778125 0.606 0.0014992500000000001 0.362 0.0059970015625 0.294 0.014992503125 0.306 0.1319340328125 0.374 0.1319340328125 0.606 0.12443778125
0 0.484 0.340329834375 0.662 0.33283358281250003 0.654 0.12743628125 0.65 0.12143927968749998 0.608 0.12443778125 0.372 0.1319340328125 0.304 0.1304347828125 0.29 0.137931034375 0.308 0.34482758593749996 0.358 0.3418290859375 0.484 0.340329834375
0 0.356 0.46026986562500005 0.364 0.47526236875 0.368 0.5172413796875001 0.404 0.5172413796875001 0.442 0.5052473765625 0.43 0.5172413796875001 0.506 0.5187406296875 0.682 0.509745128125 0.686 0.48275862031249994 0.6900000000000001 0.4287856078125 0.686 0.33433283281250004 0.666 0.32533733125 0.6599999999999999 0.3313343328125 0.48600000000000004 0.3418290859375 0.352 0.34482758593749996 0.348 0.35982009062500003 0.348 0.4017991 0.356 0.44377811093749997 0.356 0.46026986562500005
0 0.554 0.688155921875 0.674 0.67766116875 0.674 0.586206896875 0.6719999999999999 0.511244378125 0.508 0.5187406296875 0.43200000000000005 0.5187406296875 0.442 0.5052473765625 0.40599999999999997 0.5172413796875001 0.368 0.5187406296875 0.374 0.5787106453125 0.386 0.697151425 0.414 0.698650675 0.554 0.688155921875
0 0.496 0.8410794609375 0.662 0.82458770625 0.6639999999999999 0.7931034484375 0.6639999999999999 0.6806596703125 0.5559999999999999 0.688155921875 0.414 0.701649175 0.38 0.6926536734375001 0.38 0.715142428125 0.388 0.7916041984375 0.396 0.8440779609375 0.496 0.8410794609375
0 0.382 0.959520240625 0.392 1 0.47800000000000004 0.99850075 0.6839999999999999 0.9805097453125 0.686 0.82308845625 0.6679999999999999 0.8005997 0.666 0.82758620625 0.49800000000000005 0.8440779609375 0.396 0.8455772109374999 0.39 0.82758620625 0.374 0.8470764624999999 0.374 0.8710644671875001 0.382 0.9250374812500001 0.382 0.959520240625
0 0.712 0.062968515625 0.9199999999999999 0.061469265625000005 0.9339999999999999 0.053973014062500005 0.9339999999999999 0.0014992500000000001 0.6599999999999999 0 0.646 0.0089955015625 0.648 0.07496251875 0.67 0.061469265625000005 0.712 0.062968515625
0 0.658 0.1289355328125 0.662 0.1829085453125 0.6679999999999999 0.2818590703125 0.702 0.28335832031249997 0.82 0.284857571875 0.9720000000000001 0.2803598203125 0.982 0.2668665671875 0.9800000000000001 0.24437781093750002 0.9880000000000001 0.1814092953125 0.994 0.10644677656249998 1 0.062968515625 0.6679999999999999 0.0659670171875 0.65 0.07496251875 0.626 0.1034482765625 0.624 0.12293853125000001 0.65 0.12143927968749998 0.658 0.1289355328125
0 0.6900000000000001 0.4452773609375 0.732 0.4452773609375 0.8460000000000001 0.4452773609375 0.942 0.4407796109375 0.96 0.2818590703125 0.8240000000000001 0.28335832031249997 0.6980000000000001 0.284857571875 0.6900000000000001 0.298350825 0.688 0.33433283281250004 0.6900000000000001 0.43028485781250003 0.6900000000000001 0.4452773609375
0 0.738 0.4452773609375 0.6900000000000001 0.4452773609375 0.686 0.48425787031249995 0.682 0.511244378125 0.682 0.5457271359375 0.6980000000000001 0.5487256375 0.9800000000000001 0.535232384375 0.9960000000000001 0.4452773609375 0.944 0.42728635625000005 0.944 0.4452773609375 0.852 0.4452773609375 0.738 0.4452773609375
0 0.714 0.698650675 0.9720000000000001 0.688155921875 0.9880000000000001 0.5427286359375 0.982 0.535232384375 0.686 0.5487256375 0.6799999999999999 0.587706146875 0.6719999999999999 0.6791604203125 0.6799999999999999 0.7001499250000001 0.714 0.698650675
0 0.916 0.82758620625 0.966 0.8215892046875 0.9800000000000001 0.6926536734375001 0.97 0.688155921875 0.6980000000000001 0.698650675 0.6940000000000001 0.7511244375 0.692 0.8050974515625 0.702 0.8350824593749999 0.916 0.82758620625
0 0.962 0.9640179906249999 0.9720000000000001 0.9070464765624999 0.976 0.8200899546875 0.966 0.8215892046875 0.9199999999999999 0.82758620625 0.7 0.8335832078125 0.686 0.9775112437500001 0.708 0.9805097453125 0.962 0.9640179906249999