0 1 0.19058122187499998 0.807735784375 0.1837890328125 0.80339569375 0.28912858125 1 0.2934540765625 1 0.19058122187499998
0 0.6981383890624999 0.173359375 0.6055200140625 0.18691793125 0.60664935 0.2839137515625 0.794093784375 0.28704265 0.7984338734375 0.1817031015625 0.6981383890624999 0.173359375
0 0.33445553281249996 0.173359375 0.33195882499999996 0.2776559578125 0.6029383015625001 0.2839137515625 0.6036280578125 0.1837890328125 0.33445553281249996 0.173359375
0 0.23412361874999998 0.161886753125 0.147059675 0.1744023421875 0.14735111875 0.1994335203125 0.2680938046875 0.2109061453125 0.326258675 0.2661833328125 0.328925390625 0.176488271875 0.23412361874999998 0.161886753125
0 0.0299520640625 0.2074017796875 0.1325190625 0.20047648593749998 0.13211832968749998 0.1660586140625 0.029296320312500002 0.151081625 0.0299520640625 0.2074017796875
0 0.0299520640625 0.2074017796875 0.0317356890625 0.36059260000000004 0.2476490203125 0.36735101875 0.3218700109375 0.36735101875 0.31514981249999996 0.2682692640625 0.269973615625 0.21299207656250002 0.0299520640625 0.2074017796875
0 0.329279965625 0.366308053125 0.3701136546875 0.36735101875 0.40181544062499996 0.3809095734375 0.5001825390625 0.3829955046875 0.5046197765625 0.285999684375 0.3264165390625 0.27974188906249997 0.329279965625 0.366308053125
0 0.5206297421875 0.386124403125 0.6931814015625 0.38508143906250003 0.697606496875 0.28704265156250003 0.5305606921875 0.2828707875 0.5206297421875 0.386124403125
0 0.7024954578125 0.3882103359375 0.863998971875 0.3944681296875 0.873954209375 0.2933004453125 0.70876393125 0.28912858125 0.7024954578125 0.3882103359375
0 1 0.29510111875 0.8813398781249999 0.290171546875 0.8714089265625 0.3934251625 1 0.39509418125 1 0.29510111875
0 1 0.397471784375 0.78422355 0.3955110953125 0.7870262609374999 0.47686242968750003 1 0.48639090625000003 1 0.397471784375
0 0.6170806 0.38299550625 0.6088594515625 0.47373353281249997 0.777663634375 0.4695616703125 0.7786691203125 0.3965540625 0.6170806 0.38299550625
0 0.43526345781250003 0.3850814375 0.42334340625 0.47686242968750003 0.599618259375 0.47686242968750003 0.60041730625 0.386124403125 0.43526345781250003 0.3850814375
0 0.40368310625000003 0.381952540625 0.39183591562500003 0.47999132656250004 0.42147573749999995 0.47581946249999996 0.43526345781250003 0.3850814375 0.40368310625000003 0.381952540625
0 0.1103523296875 0.36839398437500004 0.11761898281250001 0.5144092 0.37926011875 0.5154521640625 0.39369143906250004 0.479991328125 0.40368310625000003 0.381952540625 0.368294559375 0.370479915625 0.1103523296875 0.36839398437500004
0 0.033493082812500005 0.5115306140625 0.1046424515625 0.5154521640625 0.1010625640625 0.36735101875 0.031775034375 0.363971809375 0.033493082812500005 0.5115306140625
0 0.2695922796875 0.6583384828125001 0.2791103546875 0.519624028125 0.0335061984375 0.5126570171875 0.0336513265625 0.5251216828125 0.0423878890625 0.6614538484375 0.24368779218749997 0.664596278125 0.2695922796875 0.6583384828125001
0 0.4232948328125 0.4726905671875 0.39181162812500003 0.4779053953125 0.384863121875 0.5185810625 0.2716761125 0.5185810625 0.277038665625 0.6604244140625 0.53312536875 0.6625103453125 0.5351363421875 0.51649513125 0.4901422984375 0.47686242968750003 0.4232948328125 0.4726905671875
0 0.6125947890625 0.47581946249999996 0.51799945625 0.4789483625 0.5182908984375 0.5039795406249999 0.5388473890625 0.51649513125 0.53983100625 0.6009753640625 0.7959055687500001 0.602018328125 0.796607471875 0.502936575 0.7702779640624999 0.4726905671875 0.6125947890625 0.47581946249999996
0 1 0.48553914843749996 0.7907494546875 0.4779053953125 0.8169332390624999 0.4956358140625 0.8108226265624999 0.6082761234375 1 0.60554915 1 0.48553914843749996