0 0.63 0.5226666671875 0.63 0.6666666671875 0.6559999999999999 0.6799999999999999 0.6559999999999999 0.5253333328124999 0.63 0.5226666671875
0 0.6900000000000001 0.5253333328124999 0.782 0.512 0.6559999999999999 0.52 0.662 0.6773333328125 0.686 0.6986666671874999 0.6900000000000001 0.5253333328124999
0 0.692 0.5253333328124999 0.6900000000000001 0.6986666671874999 0.724 0.704 0.716 0.528 0.692 0.5253333328124999
0 0.762 0.7866666671875 0.874 0.7786666671875 0.868 0.52 0.722 0.5306666671875 0.722 0.704 0.762 0.7226666671875 0.762 0.7866666671875
0 0.974 0.8186666671875 0.876 0.7786666671875 0.764 0.7866666671875 0.772 0.976 0.792 0.9973333328124999 0.976 0.9973333328124999 0.974 0.8186666671875
0 0.584 0.768 0.5940000000000001 0.9573333328125001 0.624 0.9973333328124999 0.692 1 0.77 0.9786666671875001 0.76 0.7226666671875 0.6799999999999999 0.6906666671874999 0.584 0.704 0.584 0.768
0 0.45999999999999996 0.968 0.5900000000000001 0.952 0.5820000000000001 0.768 0.524 0.7386666671875 0.41200000000000003 0.7573333328125 0.41600000000000004 0.9066666671875 0.45999999999999996 0.968
0 0.55 0.6933333328125 0.55 0.744 0.5780000000000001 0.7626666671875 0.5820000000000001 0.704 0.6799999999999999 0.6933333328125 0.628 0.6693333328125 0.55 0.6933333328125
0 0.63 0.6639999999999999 0.532 0.6799999999999999 0.532 0.7413333328125 0.554 0.7546666671875 0.5519999999999999 0.6933333328125 0.63 0.6639999999999999
0 0.54 0.5386666671875 0.548 0.6746666671875 0.63 0.6639999999999999 0.63 0.536 0.54 0.5386666671875
0 0.532 0.6799999999999999 0.442 0.6906666671874999 0.442 0.7546666671875 0.532 0.736 0.532 0.6799999999999999
0 0.438 0.5466666671875 0.44400000000000006 0.6906666671874999 0.548 0.6773333328125 0.538 0.5386666671875 0.438 0.5466666671875
0 0.41200000000000003 0.7573333328125 0.442 0.7546666671875 0.44000000000000006 0.6933333328125 0.33199999999999996 0.704 0.33599999999999997 0.9173333328125001 0.418 0.9066666671875 0.41200000000000003 0.7573333328125
0 0.31 0.6799999999999999 0.33199999999999996 0.7093333328125 0.442 0.6933333328125 0.438 0.5413333328125 0.362 0.5386666671875 0.308 0.544 0.31 0.6799999999999999
0 0.33799999999999997 0.9119999999999999 0.32999999999999996 0.7093333328125 0.304 0.6719999999999999 0.21800000000000003 0.6853333328125 0.21800000000000003 0.9413333328125001 0.33799999999999997 0.9119999999999999
0 0.58 0.3466666671875 0.62 0.312 0.62 0.0666666671875 0.492 0.06933333281250001 0.492 0.1706666671875 0.46399999999999997 0.2026666671875 0.466 0.344 0.58 0.3466666671875
0 0.686 0.3333333328125 0.768 0.304 0.766 0.1653333328125 0.644 0.152 0.62 0.176 0.622 0.312 0.614 0.3226666671875 0.686 0.3333333328125
0 0.8800000000000001 0.061333332812499995 0.762 0.061333332812499995 0.768 0.304 0.704 0.32799999999999996 0.79 0.33599999999999997 0.8800000000000001 0.3093333328125 0.8800000000000001 0.061333332812499995
0 0.64 0 0.638 0.037333332812499995 0.624 0.061333332812499995 0.622 0.17333333281250002 0.642 0.1493333328125 0.766 0.1706666671875 0.76 0 0.64 0
0 0.758 0.0026666671875 0.762 0.06933333281250001 0.8699999999999999 0.061333332812499995 0.868 0.0026666671875 0.758 0.0026666671875
0 0.34199999999999997 0.1946666671875 0.46399999999999997 0.2026666671875 0.492 0.1653333328125 0.49000000000000005 0 0.34199999999999997 0.0026666671875 0.34199999999999997 0.1946666671875
0 0.434 0.368 0.466 0.344 0.466 0.1973333328125 0.33999999999999997 0.1946666671875 0.32799999999999996 0.2026666671875 0.322 0.3653333328125 0.434 0.368
0 0.34199999999999997 0.0053333328125 0.21800000000000003 0 0.21400000000000002 0.1946666671875 0.33799999999999997 0.1973333328125 0.34199999999999997 0.0053333328125
0 0.32999999999999996 0.2 0.258 0.1946666671875 0.262 0.3653333328125 0.318 0.37066666718749997 0.32999999999999996 0.2
0 0.47000000000000003 0.344 0.434 0.37333333281250003 0.508 0.392 0.58 0.3493333328125 0.47000000000000003 0.344
0 0.49000000000000005 0 0.492 0.072 0.622 0.0666666671875 0.638 0.037333332812499995 0.642 0 0.49000000000000005 0