0 0.8694434203125001 0 0.8820383890624999 0.10188935937500002 0.9373618359375 0.08461123125 0.9133090609375 0 0.8694434203125001 0
0 0.771754621875 0 0.6110746734375 0.0470329109375 0.6410026703125 0.1667389703125 0.8843614578125001 0.102847609375 0.8699098203125001 0 0.771754621875 0
0 0.3773672 0 0.3308436765625 0.011636871875 0.364235446875 0.11336912968749999 0.606428534375 0.045116409375 0.598178753125 0 0.3773672 0
0 0.3626895109375 0.11531845468749999 0.40152122031250004 0.2374037296875 0.6390681671875 0.16723450625 0.6110746734375 0.0470329109375 0.3626895109375 0.11531845468749999
0 0.1081206046875 0.191401290625 0.15468199375 0.30373995 0.386045196875 0.24136802031250001 0.39919815000000003 0.236445478125 0.36501258124999997 0.11627670625 0.1081206046875 0.191401290625
0 0.1057975359375 0.190443040625 0.0112033125 0.21377193593750002 0.0179598046875 0.342693490625 0.155070559375 0.3051937359375 0.1057975359375 0.190443040625
0 0.9381389703125 0.0875188078125 0.8866845296875001 0.103805859375 0.9042200421875 0.21581309375000002 0.9676700671875 0.198006609375 0.9381389703125 0.0875188078125
0 0.6475833140625 0.1681599359375 0.6720880359375 0.2830419203125 0.9030626734375 0.2192162046875 0.8866845296875001 0.103805859375 0.6475833140625 0.1681599359375
0 0.40306715625 0.23545440625 0.4380215265625 0.350766284375 0.6670616609375 0.287436103125 0.642168371875 0.17110033125 0.40306715625 0.23545440625
0 0.15043275312499998 0.31104170625 0.19621700625 0.42047279375 0.4186765 0.3557216484375 0.42524880937500004 0.3493781421875 0.39069133749999996 0.24328452031249997 0.15043275312499998 0.31104170625
0 0.1481096828125 0.31008345625 0.01818268125 0.3469462375 0.0243433828125 0.46449941250000004 0.19621700625 0.42047279375 0.1481096828125 0.31008345625
0 0.9692243359375 0.20382175624999999 0.9088661828125 0.21772959531249997 0.9256245609375 0.3268292546875 0.9972011640625 0.30849441093749996 0.9692243359375 0.20382175624999999
0 0.6728651703125 0.28594949375 0.6938727890624999 0.3877473984375 0.91401754375 0.3298024734375 0.90035936875 0.2245686359375 0.6728651703125 0.28594949375
0 0.44343646875 0.3478258875 0.4714132984375 0.45249854375 0.6869119125 0.3926371171875 0.66938473125 0.288394353125 0.44343646875 0.3478258875
0 0.190802065625 0.42341318906250003 0.2373467890625 0.5202229078125 0.4462647609375 0.45894051718749995 0.455160140625 0.45355526093750004 0.42486857499999997 0.355688825 0.190802065625 0.42341318906250003
0 0.2354122859375 0.52071844375 0.188478996875 0.4224549390625 0.0244888875 0.4672758015625 0.028958029687499998 0.55255211875 0.0357782609375 0.5780693671875 0.2354122859375 0.52071844375
0 1 0.3189659890625 0.9972011640625 0.30849441093749996 0.9275590640625 0.32633371875 0.9427548421875 0.4218537609375 0.9462436140625 0.4271733734375 1 0.41340330156249994 1 0.3189659890625
0 0.6938727890624999 0.3877473984375 0.719518215625 0.48369733281249994 0.93347089375 0.4257852296875 0.9202096203125001 0.32976964999999997 0.6938727890624999 0.3877473984375
0 0.4718018640625 0.45395233125 0.5020850984375 0.5440542953125 0.7051995625 0.4842585125 0.68575454375 0.3960402265625 0.4718018640625 0.45395233125
0 0.444718825 0.4608898390625 0.24508480000000002 0.5182407625 0.287752184375 0.60827708125 0.49047808125000003 0.5470275140624999 0.46561812187499996 0.46174962343750003 0.457838446875 0.424909415625 0.444718825 0.4608898390625
0 0.0622008203125 0.6769268734375 0.2745992328125 0.6131996234375 0.2323204140625 0.5246170890624999 0.0361668265625 0.579523153125 0.0622008203125 0.6769268734375