0 0.08743639375 0.535293834375 0.1138172953125 0.6641247609375001 0.2581063890625 0.6480995765625 0.2302275765625 0.516422821875 0.08743639375 0.535293834375
0 0.2604789328125 0.6440436468749999 0.3576705296875 0.6281824406250001 0.32838993906249997 0.5019504359375 0.23319463593749998 0.5175048109375 0.2604789328125 0.6440436468749999
0 0.12122056562500001 0.6645249046874999 0.14732213593750002 0.78417059375 0.2400452171875 0.7733026781250001 0.21454801250000002 0.6532564921875 0.12122056562500001 0.6645249046874999
0 0.310752690625 0.6381621843749999 0.2582285234375 0.6486960203125001 0.21753122500000002 0.652182759375 0.244420359375 0.7723226125 0.33651662031249996 0.760628221875 0.310752690625 0.6381621843749999
0 0.1511602859375 0.7872719375 0.176811928125 0.9036031187500001 0.3119295703125 0.8908332281250001 0.28664787187499996 0.767370253125 0.1511602859375 0.7872719375
0 0.2862091859375 1 0.2630863546875 0.8958796046874999 0.176551509375 0.9045659625000001 0.17500868281249998 0.8992661921874999 0.169858584375 0.906517484375 0.1913524984375 1 0.2862091859375 1
0 0.3804728421875 1 0.3822647984375 0.9996813109374999 0.35624675156249996 0.881560809375 0.31313199687500004 0.8866495390625 0.31154701875 0.8911996312499999 0.266153090625 0.8963310640625 0.289570125 1 0.3804728421875 1
0 0.384486221875 1 0.5205425499999999 0.9833496500000001 0.5254070109375 0.9635304250000001 0.5018990140625 0.861019628125 0.3580598453125 0.8803593203125001 0.3830157609375 1 0.384486221875 1
0 0.28719117031249997 0.7666715374999999 0.31190080937500003 0.8862235609375 0.40885444375 0.8725521687500001 0.3823092546875 0.7529746640625 0.28719117031249997 0.7666715374999999
0 0.5049917515625 0.8537769484375 0.4793562609375 0.73529004375 0.3867454640625 0.7522928156249999 0.4107896734375 0.87194711875 0.5042167937500001 0.8600481734375001 0.5049917515625 0.8537769484375
0 0.31262685156250003 0.6372589140625 0.3380468359375 0.759162603125 0.48187339375000005 0.733057525 0.4536920078125 0.612193475 0.31262685156250003 0.6372589140625
0 0.42788316406250004 0.48727349531249997 0.4222319203125 0.48537364062500005 0.3312573234375 0.50366295625 0.358978934375 0.626750915625 0.4537081609375 0.6100377515625001 0.42788316406250004 0.48727349531249997
0 0.4301883375 0.47953665 0.398445371875 0.3524526890625 0.25617779218750003 0.3817018171875 0.28505967656250003 0.51045595 0.42799899375 0.48448724062500004 0.4301883375 0.47953665
0 0.41177213124999995 0.381780146875 0.435993234375 0.49894641406250007 0.5800703687500001 0.47741690625000005 0.554451028125 0.35677427968750003 0.41177213124999995 0.381780146875
0 0.38207746249999996 0.23900107343750002 0.409702159375 0.375023371875 0.5072152437499999 0.3584975390625 0.4801787578125 0.22423047031249999 0.38207746249999996 0.23900107343750002
0 0.3391836921875 0.0920985953125 0.368961884375 0.236402859375 0.522975571875 0.210885253125 0.49337427656250005 0.06409295312499999 0.3391836921875 0.0920985953125
0 0.333809021875 0.08708017343749999 0.494609003125 0.05559781875000001 0.48249469375 0.002807071875 0.4708497625 0.0027393234375 0.3245816140625 0.0386662984375 0.333809021875 0.08708017343749999
0 0.211489884375 0.4193309421875 0.228039015625 0.50014849375 0.2806305546875 0.493295575 0.26285023750000003 0.41205204531249995 0.211489884375 0.4193309421875
0 0.262200959375 0.4099986015625 0.2560556578125 0.3811053765625 0.2993248546875 0.3723016421875 0.287844275 0.31623632968750004 0.18979774062500002 0.3279224640625 0.2067869484375 0.41759294062499996 0.262200959375 0.4099986015625
0 0.3004390140625 0.320760234375 0.3104925953125 0.368739521875 0.3728150359375 0.35577687187499996 0.3616137890625 0.30889679999999997 0.3004390140625 0.320760234375
0 0.369094278125 0.30743943749999997 0.3789485078125 0.35667978906250003 0.4048168078125 0.351165790625 0.39474076875 0.3019595328125 0.369094278125 0.30743943749999997
0 0.3943743671875 0.300170215625 0.3811228484375 0.23545653125000002 0.36902295 0.23670107968749998 0.364253428125 0.210057246875 0.3084631703125 0.2214006828125 0.33072106562500003 0.31333741718749997 0.3943743671875 0.300170215625
0 0.2877832078125 0.3159381125 0.28882134531250003 0.321007846875 0.32181003750000003 0.31562986406250004 0.3024132203125 0.2220229578125 0.23897542500000002 0.231773375 0.256363340625 0.3189217234375 0.2877832078125 0.3159381125
0 0.173020496875 0.2437563109375 0.1902799734375 0.3269255265625 0.253319059375 0.3196972375 0.236541815625 0.23553108437499998 0.173020496875 0.2437563109375
0 0.1426489828125 0.1490677671875 0.162650165625 0.24227417812500002 0.25863303437499996 0.22721396249999998 0.24048355312499997 0.131877309375 0.1426489828125 0.1490677671875
0 0.2500277078125 0.13379403125 0.268675571875 0.2259780265625 0.3331838078125 0.2169858984375 0.31342058906250003 0.1215896734375 0.2500277078125 0.13379403125
0 0.1408642375 0.078900365625 0.1557358015625 0.14705631875 0.22084209531250001 0.13428099843750002 0.2057424203125 0.062776446875 0.1408642375 0.078900365625
0 0.208503821875 0.0617368046875 0.22239477187499998 0.13404235312499999 0.24137079374999998 0.1317409390625 0.242026378125 0.13717707968749998 0.2499504890625 0.13565153593749998 0.24927875156249998 0.13237111875000002 0.2891435703125 0.125936271875 0.272456153125 0.046678004687500003 0.208503821875 0.0617368046875
0 0.6830762265625 0.028298795312500003 0.684655046875 0.012566815625 0.6830244015625 0.0039737203125 0.511833475 0.002977759375 0.52441470625 0.063011346875 0.6830762265625 0.028298795312500003
0 0.6307949046875 0.1933788734375 0.604878471875 0.0480624796875 0.5249812109375 0.064215053125 0.517782546875 0.06187942187499999 0.5031780203125 0.0671359546875 0.529287878125 0.21027132499999998 0.6307949046875 0.1933788734375
0 0.7289883296874999 0.169681328125 0.6981618390625 0.023828839062500003 0.6837193265625 0.025188140625 0.68338648125 0.028251109375 0.6097571187499999 0.0468823703125 0.63798475 0.1909830171875 0.7289883296874999 0.169681328125
0 0.48512773749999993 0.2213121734375 0.5115069234375 0.354838015625 0.610754928125 0.3386124015625 0.5841659499999999 0.206413675 0.48512773749999993 0.2213121734375
0 0.6525185703124999 0.1889586359375 0.6382422265625001 0.19217390781250002 0.6355218203125 0.1813611515625 0.6289385421875 0.1813520171875 0.6315735124999999 0.1942198796875 0.5880688515625 0.2005662375 0.5874745875 0.20493398125 0.6124531984375 0.3386750921875 0.7098507703125 0.320467859375 0.713579 0.316333925 0.727923075 0.31348180000000003 0.7320029015625 0.315768190625 0.7650629296875 0.3108553984375 0.7382511625 0.173739521875 0.6525185703124999 0.1889586359375
0 0.5585094374999999 0.3550143265625 0.58104334375 0.47816420312499996 0.6780364265625 0.4609602265625 0.6530002968749999 0.3339307640625 0.5585094374999999 0.3550143265625
0 0.657689653125 0.3341940484375 0.6825304296875 0.4602694953125 0.7840002921875 0.44467353281250005 0.758378096875 0.314782025 0.657689653125 0.3341940484375
0 0.63068995625 0.46922144218749995 0.657323378125 0.5992855390625 0.8057489999999999 0.5735203328125 0.7805175140625 0.44553685468750004 0.63068995625 0.46922144218749995
0 0.5289423953125 0.4858441296875 0.5542322796875 0.61053849375 0.6488907671875 0.5986135546875 0.6262199015625 0.471220546875 0.5289423953125 0.4858441296875
0 0.704930321875 0.5922963453125 0.729805546875 0.71377430625 0.8277102875000001 0.7010223984375 0.803236275 0.5755466078125 0.704930321875 0.5922963453125
0 0.6080607515625001 0.6065292140625 0.6303925796875001 0.725117953125 0.72468430625 0.712593359375 0.7004123703125 0.5916787 0.657518734375 0.60023955625 0.6556781968750001 0.5936341578125 0.6492919796875001 0.594615721875 0.6493226484375 0.5995312125 0.6080607515625001 0.6065292140625
0 0.62960065625 0.7272077578125 0.6537768046875 0.8428889171874999 0.7476673171875 0.834362153125 0.7216573546875 0.7156827125 0.62960065625 0.7272077578125
0 0.727529346875 0.7157642281250001 0.753498134375 0.8354340359375 0.8505218921875001 0.8231455562500001 0.8248786921875 0.7050657703125001 0.727529346875 0.7157642281250001
0 0.8734158359374999 0.94328796875 0.8479440453124999 0.824853828125 0.7537586093749999 0.8367060578125001 0.7485722515625 0.8352071078125001 0.7065940515625 0.83870705 0.730677353125 0.9622748109374999 0.8734158359374999 0.94328796875
0 0.723561390625 0.9525440796875 0.701284178125 0.8401792078125 0.608068796875 0.853194396875 0.6317613875 0.974854128125 0.727520165625 0.9647281546875 0.723561390625 0.9525440796875
0 0.51320445 0.8700711859375 0.5380422828125 0.9830265328125 0.6273018328125 0.9709473703124999 0.6034752250000001 0.8581646109375001 0.51320445 0.8700711859375
0 0.48722893593750005 0.7467942578125 0.510726171875 0.8674999734375 0.651785025 0.8474592359375 0.6246268781250001 0.7243640765625 0.48722893593750005 0.7467942578125
0 0.46164413125000003 0.6254253609375 0.487612925 0.7450951703124999 0.627831959375 0.724527484375 0.6028983390625 0.6063386375 0.46164413125000003 0.6254253609375
0 0.43058855156250003 0.49997711562499997 0.4572975921875 0.62445335625 0.5524703046874999 0.6114653375 0.5260629078125 0.48727075 0.43058855156250003 0.49997711562499997
0 0.828139303125 0.098928934375 0.81131990625 0.004720121875 0.7252749140625 0.0042195265625 0.7463921890625 0.110894553125 0.828139303125 0.098928934375
0 0.7471808015625 0.11257019374999999 0.773158225 0.2481328953125 0.8562010250000001 0.23596813437500003 0.8320263609375 0.09833149218750001 0.7471808015625 0.11257019374999999
0 0.772920415625 0.2469715484375 0.7990604718750001 0.38550400625000003 0.8821907265625001 0.378117403125 0.8563199328125 0.23654880781249998 0.772920415625 0.2469715484375
0 0.798121503125 0.3874451765625 0.8271536453125 0.51834571875 0.903167215625 0.5066624 0.8824722625 0.381667834375 0.798121503125 0.3874451765625
0 0.8278233515625001 0.5194406859375 0.8541452171874999 0.65015884375 0.9297268937500001 0.6385419078125001 0.9045818062500001 0.507043925 0.8278233515625001 0.5194406859375
0 0.8532062484375 0.6521000140625001 0.8802169953125001 0.7731290859375 0.95074710625 0.769475984375 0.9294138999999999 0.6391889640625 0.8532062484375 0.6521000140625001
0 0.8807677953124999 0.773643378125 0.909843665625 0.9069329984375001 0.976918615625 0.9038109562500001 0.951967615625 0.771085240625 0.8807677953124999 0.773643378125
0 0.29511786562500003 0.124793553125 0.34325044843749997 0.113438246875 0.337426021875 0.0911549546875 0.333196 0.0889784640625 0.3234615828125 0.0373336765625 0.27587856875 0.0452125359375 0.29511786562500003 0.124793553125
0 0.318354009375 0.12122214687499999 0.3408776953125 0.21273559843749998 0.3639306515625 0.210323009375 0.3429550296875 0.11404898125 0.318354009375 0.12122214687499999
0 0.190566978125 0.473992540625 0.11775782187499999 0.48475779531249996 0.12550769687500002 0.5256956265625 0.19877522812499998 0.5063490125000001 0.190566978125 0.473992540625
0 0.0979795421875 0.412901740625 0.1116566890625 0.47505690625 0.1851019015625 0.46121507343749996 0.17274538125 0.403963475 0.0979795421875 0.412901740625
0 0.156213334375 0.3371405609375 0.080526934375 0.346220321875 0.0980329578125 0.411616896875 0.171486890625 0.40245471874999994 0.156213334375 0.3371405609375
0 0.22046982656249997 0.4685453703125 0.1940268671875 0.4738862984375 0.1981304484375 0.504745934375 0.2258765890625 0.49494925156249997 0.22046982656249997 0.4685453703125
0 0.035156998437499996 0.107654028125 0.0421688921875 0.141896559375 0.1149469828125 0.1294339 0.10669894375 0.09070036249999999 0.035156998437499996 0.107654028125
0 0.1106259265625 0.08669242187500001 0.119634290625 0.1291390046875 0.1498439921875 0.1236446703125 0.14032874374999998 0.078722721875 0.1106259265625 0.08669242187500001
0 0.0411949140625 0.14332289843749998 0.056868528125 0.2136821125 0.1295621375 0.2008068921875 0.11464012500000001 0.12948106406249998 0.0411949140625 0.14332289843749998
0 0.1536434578125 0.2009354921875 0.1432212671875 0.1484931234375 0.1548817640625 0.14670090156249999 0.1497060984375 0.12451695625 0.11849135 0.12974022031250002 0.13476505 0.2076670171875 0.1536434578125 0.2009354921875
0 0.061270243749999995 0.23981492499999998 0.0709010390625 0.28684683906249997 0.1412068453125 0.26540217187500004 0.13258981718750001 0.2233209859375 0.061270243749999995 0.23981492499999998
0 0.0721012125 0.301982003125 0.0809716828125 0.345300871875 0.15559090312499999 0.33255523125 0.146658296875 0.2858415515625 0.0721012125 0.301982003125
0 0.1494199953125 0.28541707656250004 0.17299009999999998 0.40052149375 0.2018344859375 0.3960881 0.1791849484375 0.280842190625 0.1494199953125 0.28541707656250004
0 0.1745074421875 0.2564539484375 0.1712437640625 0.2420614875 0.1627897140625 0.2425097890625 0.1583656515625 0.2193592296875 0.138082140625 0.22077463281249998 0.1471973328125 0.26065152343750003 0.1745074421875 0.2564539484375
0 0.19145265625000002 0.45513241562499995 0.2134617515625 0.4513240625 0.216806090625 0.449107853125 0.209633953125 0.41871986093749997 0.2073170078125 0.4182248859375 0.2009984015625 0.396642153125 0.178215359375 0.404399371875 0.19145265625000002 0.45513241562499995