0 0.151956203125 0.6220119578125 0.11564917968749999 0.5602071578125 0.093745703125 0.7716293234375 0.116925409375 0.8547796828124999 0.3488882578125 0.7891999109375 0.3846602671875 0.5778594640625 0.151956203125 0.6220119578125
0 0.13956592031249998 0.335407534375 0.11447326718749999 0.5548445 0.15235885625 0.619336465625 0.3850629203125 0.5751839734375 0.42204288749999996 0.3558170515625 0.3761362875 0.331445778125 0.13956592031249998 0.335407534375
0 0.2139466203125 0.051992265625 0.1559604375 0.1078857234375 0.137987353125 0.33272036875 0.42489350156250005 0.32369948437499996 0.45280472656250004 0.08553408125 0.2139466203125 0.051992265625
0 0 0.449266103125 0.12463572187500001 0.447789834375 0.136006134375 0.33270869531249997 0.15397921875 0.10787405000000001 0.1484702578125 0.09177440625 0.041919131250000005 0.07507938125 0.0223493671875 0.139232796875 0 0.2816885640625 0 0.449266103125
0 0 0.7795843812500001 0.0933750953125 0.760915684375 0.1140706140625 0.5575199921875 0.12423306875 0.45046532499999997 0 0.4519661265625 0 0.7795843812500001
0 0.15832083749999998 0 0.1488729109375 0.0890989140625 0.158344309375 0.10522190625000001 0.2139466203125 0.051992265625 0.4361817125 0.077402540625 0.4452813546875 0 0.15832083749999998 0
0 0.3846602671875 0.5778594640625 0.350466825 0.791887078125 0.5364269390625 0.7421034203125 0.5658205921875 0.546792571875 0.3846602671875 0.5778594640625
0 0.424426759375 0.3531532359375 0.3874467921875 0.57252015625 0.5662232453125 0.54411708125 0.598403425 0.34346692343749996 0.424426759375 0.3531532359375
0 0.4531432890625 0.10963684843749999 0.42284819218749997 0.3504660703125 0.5968248578125 0.3407797578125 0.6337727796875 0.134801965625 0.4531432890625 0.10963684843749999
0 0.44852321875 0 0.437760278125 0.08008970625 0.4551885984375 0.0828702625 0.451967375 0.1042741921875 0.5941804453125 0.12117935312499999 0.6251387328125 0.0999388625 0.6429748046875 0 0.44852321875 0
0 0.5686071171875 0.5414532624999999 0.5408240734375 0.7260621484375 0.6708753578125 0.6920162375000001 0.699029009375 0.5181209890625 0.5686071171875 0.5414532624999999
0 0.5995793375 0.34882957812500004 0.5709909890625 0.538789446875 0.7057779703125 0.5128050296875 0.7335289703125001 0.3415852734375 0.5995793375 0.34882957812500004
0 0.632564821875 0.1428284390625 0.60038464375 0.343478596875 0.7359128421875 0.33892145937499996 0.765677103125 0.154324246875 0.632564821875 0.1428284390625
0 0.6451592328125 0 0.622690771875 0.1293809390625 0.6337727796875 0.134801965625 0.632967475 0.140152946875 0.766482409375 0.1489732640625 0.78890240625 0 0.6451592328125 0
0 0.7029914484375 0.5181443375 0.6736618828125 0.686676928125 0.6863224578125 0.6947851203125001 0.8064676468749999 0.6606808390625 0.8322053796875 0.5028385375 0.7029914484375 0.5181443375
0 0.7339316234375 0.3389097828125 0.7057779703125 0.5128050296875 0.713702846875 0.5128517265625 0.8349919046875 0.49749922968750004 0.8595537265625 0.33429427343749996 0.7339316234375 0.3389097828125
0 0.765677103125 0.154324246875 0.7363154953125 0.3362459671875 0.854012721875 0.331583759375 0.8789771953125 0.1657033109375 0.765677103125 0.154324246875
0 0.7905314437500001 0 0.76607975625 0.15164875625000002 0.8797824999999999 0.1603523296875 0.9039150109375 0 0.7905314437500001 0
0 0.8365704703124999 0.500186396875 0.8096568234375001 0.6526660390625 0.9008569890624999 0.6264247921874999 0.9281412437500001 0.4846587875 0.8365704703124999 0.500186396875
0 0.8646920781249999 0.339680278125 0.8389543421875001 0.497522578125 0.93885264375 0.4793661734375 0.9645583328124999 0.3349130046875 0.8646920781249999 0.339680278125
0 0.8797504546875 0.17374145937500002 0.8575725078125 0.3342826 0.8631135109375 0.33699311249999997 0.9669422046875 0.3322491875 0.977187315625 0.274357728125 0.9831721281249999 0.1809660109375 0.8964055140625 0.1684838703125 0.8797504546875 0.17374145937500002
0 0.907817209375 0 0.8809584140625001 0.1657149859375 0.8987893859374999 0.1658200546875 0.9704838765625 0.1769539625 0.9835168171875001 0.1755872359375 0.9941459203124999 0.00972235625 0.9569057328125 0 0.907817209375 0