0 0 0.4468704953125 0.038162956250000005 0.44288219531250006 0.0220674875 0.286942928125 0 0.28924913750000003 0 0.4468704953125
0 0.23632412343750003 0.42217294531249994 0.226404565625 0.26825979843750003 0.22005762812500002 0.2635800015625 0.0220674875 0.286942928125 0.038162956250000005 0.44288219531250006 0.23632412343750003 0.42217294531249994
0 0.41873187500000003 0.250831775 0.226404565625 0.26825979843750003 0.23632412343750003 0.42217294531249994 0.42848040625 0.40209124531249996 0.41873187500000003 0.250831775
0 0.6225558734375001 0.224187621875 0.4283979609375 0.2444785046875 0.4383175203125 0.39839165 0.634648084375 0.38054525781250004 0.6225558734375001 0.224187621875
0 0.8202039593749999 0.1955173453125 0.6240444203125 0.2160174125 0.6323044046875 0.3754470921875 0.8342978000000001 0.351665796875 0.8202039593749999 0.1955173453125
0 0.8346398531249999 0.3569731484375 0.6366497125 0.3803360734375 0.6472533781250001 0.5448639203125001 0.8489047218750001 0.515775275 0.8346398531249999 0.3569731484375
0 0.6309868828125 0.3862709765625 0.43865957343749995 0.40369900000000003 0.44857913125 0.557612146875 0.6409064421874999 0.540184121875 0.6309868828125 0.3862709765625
0 0.42882245937499996 0.40739859687499996 0.2386678046875 0.4272711109375 0.24858736406249998 0.58118425625 0.43874201875 0.5613117421875 0.42882245937499996 0.40739859687499996
0 0.23266292187499998 0.4278986640625 0.034501753125 0.44860791562499996 0.0445923390625 0.6051747359374999 0.2447551328125 0.5842563000000001 0.23266292187499998 0.4278986640625
0 0 0.6098349515625 0.0445923390625 0.6051747359374999 0.034501753125 0.44860791562499996 0.038162956250000005 0.44288219531250006 0 0.4468704953125 0 0.6098349515625
0 0 0.7709887703125 0.053023350000000004 0.7672580921875001 0.0445923390625 0.6051747359374999 0 0.6098349515625 0 0.7709887703125
0 0 0.9357638640625 0.061454360937499994 0.9293414468750001 0.053023350000000004 0.7672580921875001 0 0.7727994093749999 0 0.9357638640625
0 0.253357171875 0.7489933296875 0.057368659375 0.7721470734375 0.061454360937499994 0.9293414468750001 0.261446128125 0.9057693375 0.253357171875 0.7489933296875
0 0.0445923390625 0.6051747359374999 0.05502497656250001 0.76704890625 0.25301511875 0.7436859796874999 0.24492616093750003 0.586909975 0.0445923390625 0.6051747359374999
0 0.4389130453125 0.5639654171874999 0.2489294171875 0.58649160625 0.25484571875 0.740823121875 0.4510052578125 0.7203230546875 0.4389130453125 0.5639654171874999
0 0.44734405625000007 0.7260487734375001 0.255187771875 0.746130471875 0.261446128125 0.9057693375 0.4596072953125 0.8850600859375 0.44734405625000007 0.7260487734375001
0 0.4495167109375 0.7284932625 0.4512269796875 0.7550300140624999 0.46234372500000004 0.9275188828125 0.682693828125 0.9071622796875 0.669404425 0.7322289171875 0.647677878125 0.7077840125 0.4573521953125 0.7250028515625 0.4495167109375 0.7284932625
0 0.447090584375 0.56578235625 0.4550085140625 0.7199046859375 0.65151010625 0.7047119703125 0.6412484953125 0.5454914734375 0.447090584375 0.56578235625
0 0.8492467749999999 0.521082625 0.6472533781250001 0.5448639203125001 0.6578570453125 0.7093917656250001 0.8638536968749999 0.6851921015625 0.8492467749999999 0.521082625
0 0.6607138078125 0.7224509546875 0.669404425 0.7322289171875 0.6808125328125 0.87797185625 0.8729688156250001 0.8578901578125 0.8826349 0.8515368859375 0.8643667765625 0.6931531265624999 0.6620313265625 0.711627071875 0.6607138078125 0.7224509546875
0 0.944989 0.19316261562499998 0.8232317484375 0.21123020937499998 0.83766764375 0.3726860125 0.9552506109375001 0.3523831109375 0.944989 0.19316261562499998
0 0.83766764375 0.3726860125 0.8499308843750001 0.531697325 0.96365489375 0.5145628859375 0.9647616343750001 0.499957359375 0.9552506109375001 0.3523831109375 0.83766764375 0.3726860125
0 0.8643667765625 0.6931531265624999 0.9508066578125 0.68411954375 0.96365489375 0.5145628859375 0.8499308843750001 0.531697325 0.8643667765625 0.6931531265624999
0 0.8828059265625001 0.8541905609375 0.9383593796874999 0.8483848296875 0.9507598046875 0.6847378578125001 0.8645378031250001 0.6958068015625 0.8828059265625001 0.8541905609375