0 0 0.26245380156250003 0.18600434375 0.2653696546875 0.190873653125 0.011117125 0.010651671875000001 0.0006203890625 0 0.1311220796875 0 0.26245380156250003
0 0.1979890953125 0.26627789687500003 0.20496390468749998 0.0119377875 0.19087545156250002 0.0111172296875 0.18619616875 0.2630194625 0.1979890953125 0.26627789687500003
0 0.315613921875 0.32721590312500004 0.5174698546875 0.31650118125 0.5448339984375 0.07973737656249999 0.5419108203125 0.041680198437499996 0.5207060734375 0.030614321875 0.5043634375 0.029375825 0.20496649531250002 0.0119379390625 0.1981809203125 0.26392770312499997 0.315613921875 0.32721590312500004
0 0.5426781187499999 0.032279434375 0.5448339984375 0.07973737656249999 0.5178535046875 0.3118007984375 0.52907095625 0.32210980624999996 0.5614139437500001 0.31983140468750004 0.5917346703125 0.07146801875 0.6080979875 0.067978628125 0.7157689265625 0.0785030046875 0.70512695 0.0611434234375 0.68972275625 0.05288185937499999 0.5426781187499999 0.032279434375
0 0.5616057671875 0.3174812125 0.5555799890625 0.36668385312499996 0.7715431453125 0.4539920765625 0.800466690625 0.44436035625 0.8855529078125001 0.091369778125 0.7197638453125 0.0788057515625 0.6080979875 0.067978628125 0.5917346703125 0.07146801875 0.5616057671875 0.3174812125
0 0.8835554484375001 0.0912184046875 0.7957044734375 0.45345837187500004 0.9692581406249999 0.5186348453125 0.9750226578125 0.44800939375000004 0.99693380625 0.1060906640625 0.9001105921875 0.0853788203125 0.8835554484375001 0.0912184046875
0 0.9003024156249999 0.08302863125 0.9970849703125 0.10373177656250002 0.9994455953125 0.0668947359375 0.9042181234375001 0.0596780921875 0.9003024156249999 0.08302863125
0 0 0.5566023109375 0.0464904796875 0.6449769953125 0.2891754984375 0.6018855109375 0.3056266296875 0.326459034375 0.1961834609375 0.26377632968750003 0.1881936265625 0.2631708359375 0 0.26010695625 0 0.5566023109375
0 0.5032958187500001 0.3177917546875 0.3058184546875 0.32410884218749997 0.286794390625 0.6064345203125 0.49256602968749996 0.572369259375 0.5148969218749999 0.32340038125000004 0.5032958187500001 0.3177917546875
0 0.531068415625 0.3222611796875 0.5156642203125 0.313999615625 0.49390880312499996 0.5559179234375 0.5302467078124999 0.5539422703125 0.5614139437500001 0.31983140468750004 0.531068415625 0.3222611796875
0 0.523261803125 0.6148958640625 0.5302467078124999 0.5539422703125 0.49229499531250004 0.55106616875 0.4720741765625 0.774182946875 0.502995178125 0.7647025984375 0.523261803125 0.6148958640625
0 0.288600025 0.608936084375 0.2748678453125 0.8018031265625 0.3043334609375 0.8347775890625 0.47007671718750005 0.7740315734375 0.49256602968749996 0.572369259375 0.288600025 0.608936084375
0 0 0.7922689828125 0.0566944 0.8893172843749999 0.267724521875 0.81545015 0.27505967187499997 0.7994529359375 0.29117295625 0.602036884375 0.04668230625 0.6426268046875 0 0.5539422359375 0 0.7922689828125
0 0.2807987796875 1 0.29511346562499996 0.82461995625 0.2728703859375 0.801651753125 0.267724521875 0.81545015 0.05450511718749999 0.8915161015624999 0 0.7980313437500001 0 0.9903832015624999 0.0019289109374999998 0.9939444765625 0.081834790625 1 0.2807987796875 1
0 0.296877290625 1 0.3061056890625 0.8869359156250001 0.374323721875 0.8637289593749999 0.4132345578125 0.8548541046875 0.42760041875 0.851213340625 0.45652396250000005 0.84158161875 0.46807925937499995 0.7738802 0.30633091874999996 0.8349289656250001 0.2949216421875 0.8269701484375 0.2807987796875 1 0.296877290625 1
0 0.64621155625 1 0.503424634375 0.8333122609375 0.3062975140625 0.884585725 0.296877290625 1 0.64621155625 1
0 0.931978471875 1 0.9401799765625001 0.8995171734375 0.932765615625 0.8918611046875 0.734045690625 0.7656592484375 0.6818121140625 1 0.931978471875 1
0 0.6427962765624999 0.9479223296875 0.682441009375 0.9793034734375 0.725017521875 0.753151425 0.523453628125 0.6125456734375 0.496010275 0.8256561921875001 0.6427962765624999 0.9479223296875
0 0.6767765203125 1 0.6844384671875 0.979454846875 0.501427175 0.8331608875000001 0.6481212796875 1 0.6767765203125 1
0 0.7675482296875 0.45368932968750003 0.5557718125 0.36433366093749997 0.523453628125 0.6125456734375 0.725209346875 0.75080123125 0.737769571875 0.7446589015625 0.79551265 0.4558085625 0.7675482296875 0.45368932968750003
0 0.9692581406249999 0.5186348453125 0.801505025 0.45626268281250004 0.7993157421875 0.458461503125 0.734045690625 0.7656592484375 0.9401799765625001 0.8995171734375 0.9692581406249999 0.5186348453125