0 0.4211287265625 0 0.00009980781250000001 0.0171556125 0.000893775 0.15362674999999998 0.012685026562500002 0.1579034546875 0.0050583156249999995 0.1672308578125 0.0153558515625 0.17432513125 0.2570370328125 0.16147183125 0.4949048578125 0.1532822328125 0.49247856093750003 0.1428616875 0.503918628125 0.128870584375 0.49866755312500005 0 0.4211287265625 0
0 0.49886035 0 0.5040029421875001 0.032689681250000005 0.5061847125 0.0371091015625 0.6558794875 0.026501187500000002 0.8933805203125 0.009309896875 0.8983094749999999 0 0.49886035 0
0 0.8942363671875 0.030313846875 0.8913821453124999 0.009391325 0.5201122109375 0.0350388265625 0.5003729828125 0.0418542296875 0.512072340625 0.23072690312500002 0.5206771625 0.24540401093750003 0.886196496875 0.22600192031250002 0.8980033546874999 0.221012509375 0.8996349390624999 0.21192938906249997 0.9050798796875 0.1981825703125 0.8942363671875 0.030313846875
0 0.4382694734375 0.4336029328125 0.4981596078125 0.429659825 0.5080903546875 0.42775240625000005 0.5177765734374999 0.4198438578125 0.5052635265625 0.1618767859375 0.478978984375 0.1554339359375 0.007362348437500001 0.174650840625 0.0010352265625000001 0.17794035156250002 0.002546615625 0.43772595625 0.024544596874999998 0.4489581578125 0.4382694734375 0.4336029328125
0 0.5246739125000001 0.2452411578125 0.5111743390625 0.25781340468749997 0.522934828125 0.448186359375 0.5352918734375 0.4566994859375 0.9009334703125 0.4402979578125 0.913211646875 0.42824185625 0.9082527734375001 0.23878361093749997 0.884198121875 0.22608335 0.5246739125000001 0.2452411578125
0 0.1980280609375 0.7274160968750001 0.501720015625 0.713538825 0.5249669421875 0.6945583125 0.5168174375000001 0.4454300765625 0.48423211093749996 0.43173009999999995 0.0166122265625 0.45078414999999994 0.0026806859375 0.460770853125 0.0029596906249999997 0.5087275453125 0.0121180015625 0.7334885796874999 0.1980280609375 0.7274160968750001
0 0.8949994765625 0.4420425234375 0.5353530046875 0.45819976718750005 0.517795546875 0.46943458906249996 0.5255592859375 0.6599703984375 0.5380997265625 0.6729843703125 0.9180356125 0.6635142609375 0.9256623234375001 0.654186859375 0.9352262796874999 0.6432777484375001 0.9154722874999999 0.453230503125 0.8949994765625 0.4420425234375
0 0.5325936546875 0.685230909375 0.5311454640625 0.698814875 0.526250709375 0.7260642328125 0.6781883859375 0.72137601875 0.6844891718749999 0.728633146875 0.9342249859375 0.71695441875 0.9286388078125001 0.67810994375 0.9200339890624999 0.6634328328125 0.5341641078125 0.6746475078125 0.5325936546875 0.685230909375
0 0.5102637062500001 0.7267156515625001 0.5098357828125 0.716213678125 0.37594461875 0.7216693249999999 0.36638066406249997 0.7325784375 0.39242067812500003 0.7330201609375 0.5102637062500001 0.7267156515625001
0 0.0284296390625 0.7899293000000001 0.0364379046875 0.9864662390625 0.0467354421875 0.9935605109375001 0.382340275 0.976880115625 0.3762692515625 0.77876146875 0.3926040734375 0.7375210078125 0.3883627953125 0.731682734375 0.06456482031250001 0.7433737171875 0.0284296390625 0.7899293000000001
0 0.7003117546875 0.7730716140625 0.6782495171875 0.7228763015624999 0.3944190546875 0.732938734375 0.3719668421875 0.7714229140625 0.38458317656249996 0.9827998156250001 0.7108074515625 0.9815293781250001 0.7003117546875 0.7730716140625
0 1 0.7327256953125 0.9600816046875 0.712895296875 0.6904231671875001 0.72688858125 0.704247375 0.7714084765625 0.7048355078124999 0.8840924781249999 0.7147430703125 0.9798662406249999 0.8307099843750001 0.9766437234374999 1 0.9763656390625 1 0.7327256953125