0 0.655879953125 0.199745121875 0.8826350796875 0.1832085875 0.8558761875 0.0049793421875 0.630350409375 0.003667271875 0.6283884984375 0.017651521875 0.655879953125 0.199745121875
0 0.8870167578125001 0.1858019953125 0.6562981437500001 0.20273349999999998 0.681917071875 0.4001639625 0.6858805578125 0.39976899375 0.9158720046875001 0.39200010937499996 0.8870167578125001 0.1858019953125
0 0.653898209375 0.19994260625 0.42317959531250005 0.2168741109375 0.4511984578125 0.4170954671875 0.6759718421875001 0.40075641875 0.653898209375 0.19994260625
0 0.6247339859375 0.0058954921875 0.40194234531250006 0.0220370578125 0.4247431453125 0.21368824687500002 0.6514982734375 0.1971517140625 0.6247339859375 0.0058954921875
0 0.42161604375 0.220059975 0.2012243390625 0.23899243281250002 0.22569790781250001 0.44259713593749994 0.4476531640625 0.420478815625 0.42161604375 0.220059975
0 0.3983970515625 0.0254204046875 0.1847869609375 0.049737165625 0.20278788906249998 0.23580656875 0.42359778593749997 0.21986249062500002 0.3983970515625 0.0254204046875
0 0.1852051515625 0.052725542187499995 0.002664640625 0.076305303125 0.008810315624999999 0.252294415625 0.198824403125 0.2362015390625 0.1852051515625 0.052725542187499995
0 0.1996607859375 0.242178296875 0.009022784374999999 0.2583787453125 0.0159756171875 0.4574818109375 0.22329797187499997 0.43980624218750003 0.1996607859375 0.242178296875
0 0.6926621734375 0.4051532953125 0.6940259656250001 0.42925780781249995 0.9203629 0.4097328953125 0.9182719421875 0.39479100312500004 0.6926621734375 0.4051532953125
0 0.46194355781249996 0.4220847984375 0.4633073515625 0.44618931249999993 0.6940259656250001 0.42925780781249995 0.689116878125 0.40853664375000004 0.46194355781249996 0.4220847984375
0 0.23362488125 0.441807196875 0.23498867343750002 0.465911709375 0.459343865625 0.4465842828125 0.45798007187499995 0.42247976875 0.23362488125 0.441807196875
0 0.230079584375 0.44519054531249996 0.0160841359375 0.46058938437499997 0.0169232046875 0.484617175 0.2330069296875 0.4661091953125 0.230079584375 0.44519054531249996
0 0.1907378484375 0.709695521875 0.16562765468750001 0.47282368437500005 0.017028481249999998 0.4876319140625 0.0182717828125 0.5232354203125 0.0467977515625 0.7149493078125 0.1907378484375 0.709695521875
0 0.077853175 0.951228690625 0.22335682499999998 0.942789040625 0.193137784375 0.712486415625 0.0452342 0.718135171875 0.077853175 0.951228690625
0 0.22533475625000002 1 0.21782978593750002 0.9463698734375001 0.0782713671875 0.9542170671875001 0.08467820468750001 1 0.22533475625000002 1
0 0.4908509125 1 0.48391080625000005 0.938034640625 0.22179327343750002 0.9459749046875 0.22814529687500001 1 0.4908509125 1
0 0.48547435625 0.9348487765625 0.45358254843749995 0.6925926359375 0.1927195921875 0.7094980375 0.22533856874999997 0.94259155625 0.48547435625 0.9348487765625
0 0.45316435781250003 0.68960425625 0.42367248437500005 0.45013901250000005 0.16562765468750001 0.47282368437500005 0.1927195921875 0.7094980375 0.45316435781250003 0.68960425625
0 0.6904806703124999 0.4326411546875 0.42367248437500005 0.45013901250000005 0.45358254843749995 0.6925926359375 0.7223724781249999 0.6748972953125 0.6904806703124999 0.4326411546875
0 0.724354221875 0.6746998109375 0.4555642921875 0.6923951500000001 0.48391080625000005 0.938034640625 0.4898560359375 0.9374421843749999 0.755100671875 0.9231301937499999 0.724354221875 0.6746998109375
0 0.5918451546875 1 0.7634645109375 0.9828977609375 0.7555188625 0.92611856875 0.48631074218750003 0.9408255343749999 0.4911514546875 1 0.5918451546875 1
0 0.7239360296874999 0.6717114328125 0.9923077687499999 0.6510277140625 0.95603428125 0.4061781640625 0.6924624140625 0.43244367187500005 0.7239360296874999 0.6717114328125
0 1 0.6894023359375 0.9942895125 0.650830228125 0.7263359656249999 0.674502325 0.7606277078125 0.9195493593749999 1 0.9010610375000001 1 0.6894023359375
0 1 0.9010660906249999 0.758645965625 0.9197468437499999 0.7689915484375 0.979316928125 1 0.95888953125 1 0.9010660906249999