0 0.097616275 0 0.0809549546875 0.1271897109375 0.0893093265625 0.13437821562500002 0.5228663890624999 0.174950621875 0.5235584656250001 0.171967203125 0.5482952046875 0.0307692296875 0.22333395781249998 0 0.097616275 0
0 0.523904503125 0.17047549374999998 0.529055540625 0.1741919140625 0.9688017546875001 0.2140056109375 0.99261318125 0.1113586953125 0.9942347484375 0.071562590625 0.550934984375 0.028030145312499997 0.523904503125 0.17047549374999998
0 0.5057029546875 0.3094230515625 0.5066125453125 0.3141425125 0.9408616828125 0.3517315 0.970057384375 0.2172333640625 0.528709503125 0.1756836234375 0.5057029546875 0.3094230515625
0 0.5269793140625 0.1831421671875 0.5225203515625 0.1764423296875 0.0834662125 0.13364521406250002 0.0659567390625 0.26960935468749997 0.5030631734375001 0.31216213593750003 0.5269793140625 0.1831421671875
0 0.0659567390625 0.26960935468749997 0.0781471234375 0.165215434375 0.0499696671875 0.1570753 0.026310571875 0.26770609375 0.0659567390625 0.26960935468749997
0 0.026310571875 0.26770609375 0.00048625625 0.3703896765625 0.058007803125 0.37300023125 0.0753196296875 0.3674963578125 0.08461318749999999 0.284230696875 0.06331695937500001 0.2723484375 0.026310571875 0.26770609375
0 0.499533671875 0.4483449046875 0.517952734375 0.3171002234375 0.0859973390625 0.2782638625 0.0698720171875 0.40826116562500003 0.4894491109375 0.4486149421875 0.499533671875 0.4483449046875
0 0 0.5746634828125 0.023453482812500002 0.5651606421875 0.051818653125 0.3737589390625 0.00014021875 0.371881384375 0 0.37248584375 0 0.5746634828125
0 0.051818653125 0.3737589390625 0.023453482812500002 0.5651606421875 0.044186159375 0.5708317328125 0.050760878125 0.5424892625 0.0316298703125 0.5385542140624999 0.0497028953125 0.40880124531249995 0.06952597968749999 0.40975287343750005 0.077267334375 0.367740690625 0.058007803125 0.37300023125 0.051818653125 0.3737589390625
0 0.0316298703125 0.5385542140624999 0.4538467421875 0.576168909375 0.47936455 0.44888498125 0.0497028953125 0.40880124531249995 0.0316298703125 0.5385542140624999
0 0 0.8869301843749999 0.10590983125 0.9009496406249999 0.16823638125 0.9087683249999999 0.27048580312500003 0.735845896875 0.291890684375 0.600370425 0.2628036375 0.587510828125 0.17918086093750002 0.5678098859375 0.050375310937499994 0.570073025 0.0461338640625 0.571076065625 0.023453482812500002 0.5651606421875 0 0.5746634828125 0 0.8869301843749999
0 0.2789192328125 0.6908502953125 0.46533532187500004 0.7080951765625 0.48855938749999994 0.5820586265625 0.0647408484375 0.542707890625 0.060113832812500004 0.5712946953125 0.17723315625 0.5675655515625 0.2569605234375 0.586777828125 0.2938383890625 0.600614759375 0.2789192328125 0.6908502953125
0 0.4310281140625 0.8127848406249999 0.44940764843750003 0.7076322171875 0.2789192328125 0.6908502953125 0.270831840625 0.7343541874999999 0.257850453125 0.7557524859375 0.2769814625 0.7596875328125 0.2700211765625 0.815613765625 0.42068650781250005 0.8314440546874999 0.4310281140625 0.8127848406249999
0 0.257850453125 0.7557524859375 0.16823638125 0.9087683249999999 0.25393538437499996 0.9195190156249999 0.26967513906249996 0.817105475 0.2769814625 0.7596875328125 0.257850453125 0.7557524859375
0 0 0.9152956921875001 0.2574452265625 0.947591446875 0.264237459375 0.9269518546875 0.2403014515625 0.917808678125 0 0.8876635609375001 0 0.9152956921875001
0 0.4334108484375 0.8284349328125 0.4386014171875 0.8060592984375001 0.4210325453125 0.829952346875 0.27196888124999996 0.8158581 0.2535893453125 0.921010725 0.264237459375 0.9269518546875 0.2621612328125 0.935902109375 0.4154663453125 0.948993315625 0.4334108484375 0.8284349328125
0 0.40741848125 0.9664051546874999 0.4115709359375 0.9485046468749999 0.26181519531249997 0.93739381875 0.2574452265625 0.947591446875 0.40741848125 0.9664051546874999
0 0.40707244375 0.9678968625 0.4112762109375 0.9683914671875 0.5415737953125 0.9592801718749999 0.41386467812500005 0.9472572734375 0.40707244375 0.9678968625
0 0.44509707656249997 0.8299009359375 0.4417652203125 0.8356234375 0.41776008750000004 0.9477459406250001 0.5413081703125 0.9592987453124999 0.613499209375 0.9542506562499999 0.6441089859375 0.8533312796875 0.44509707656249997 0.8299009359375
0 0.4363966671875 0.8242041406249999 0.4396000015625 0.8276762234374999 0.6425073203125 0.8515952390624999 0.665731384375 0.7255586875 0.46407969531250004 0.7048674265625 0.4363966671875 0.8242041406249999
0 0.488084828125 0.5927449234375 0.467629065625 0.706847803125 0.665731384375 0.7255586875 0.68666170625 0.6007695125 0.49600416875000003 0.5845276703125 0.488084828125 0.5927449234375
0 0.6850600390625 0.5990334703125 0.709154165625 0.5038084328125 0.7515686359375 0.49377802031250007 0.9197633109375 0.5118073171875 0.9239157640625001 0.49390680937500003 0.505376784375 0.4490779046875 0.495855778125 0.45555911406250005 0.471030046875 0.5798596218750001 0.6850600390625 0.5990334703125
0 0.499533671875 0.4483449046875 0.9334367718750001 0.4874256 0.961594359375 0.357402590625 0.5260895921875 0.3165858515625 0.499533671875 0.4483449046875
0 0.7424729343750001 0.74900175625 0.9117057187500001 0.762555925 0.9694940390625 0.5134405359375 0.7496209328125001 0.4935336875 0.7095002046875 0.5023167234375 0.6760235265625 0.6639099546875 0.7424729343750001 0.74900175625
0 0.6497741140625 0.8202693515625 0.6232577234375001 0.92593635 0.6363992546875 0.9526493296874999 0.7276174359375001 0.9462707328125 0.7052788328124999 0.9439012515625 0.6497741140625 0.8202693515625
0 0.7424729343750001 0.74900175625 0.6763695640625 0.662418246875 0.6637836796875 0.725314353125 0.6497741140625 0.8202693515625 0.7052788328124999 0.9439012515625 0.7276174359375001 0.9462707328125 0.8696344453125 0.9363399359375 0.9117057187500001 0.762555925 0.7424729343750001 0.74900175625
0 0.2440584046875 0.8584103624999999 0.20350264375 0.8517876421875 0.16823638125 0.9087683249999999 0.24224915625 0.9180530109375 0.2440584046875 0.8584103624999999
0 0.2038486828125 0.8502959328124999 0.24600610781249999 0.8586546953124999 0.24224915625 0.9180530109375 0.25462745937500003 0.9165355984374999 0.2769814625 0.7596875328125 0.258196490625 0.754260778125 0.2038486828125 0.8502959328124999