0 0.0717142046875 0.2342250296875 0.1301055 0.2635150953125 0.1373976703125 0.2290128765625 0.148017915625 0.22804854375 0.1657796171875 0.1538675859375 0.09169231562499999 0.1199867265625 0.0717142046875 0.2342250296875
0 0.20390796406249997 0.091749340625 0.11020065625 0.052129987499999995 0.0940594375 0.118643784375 0.18776674531249998 0.1582631375 0.20390796406249997 0.091749340625
0 0.20742684531250002 0.09481382656250001 0.1932476265625 0.16190147500000002 0.3140178234375 0.21147150625000002 0.3290072828125 0.140550278125 0.20742684531250002 0.09481382656250001
0 0.3333364046875 0.1397811875 0.31597982343750003 0.2120453546875 0.44574978125 0.2683182125 0.463169965625 0.185896246875 0.3333364046875 0.1397811875
0 0.4720190140625 0.153884665625 0.45459883124999995 0.236306634375 0.5981663968750001 0.2864386359375 0.6187639421875 0.1988401484375 0.4720190140625 0.153884665625
0 0.7512024453125 0.331198875 0.771910609375 0.3515025953125 0.7928496734375 0.2721451171875 0.7796479953125 0.24589578437499998 0.621536184375 0.19558041875 0.5993817578125 0.2806882671875 0.7512024453125 0.331198875
0 0.6557004359375 0.201502275 0.7863442375 0.243783753125 0.7963685546875 0.27520960625 0.8187608031250001 0.2776883671875 0.8467376296875001 0.204459865625 0.8453715562499999 0.17149583125 0.6770446203125 0.12022800625 0.6557004359375 0.201502275
0 0.5081853609375 0.0911925703125 0.4931959 0.162113796875 0.6219413046875 0.193663628125 0.6557004359375 0.201502275 0.6714365359375 0.136905265625 0.6456526109375 0.11104641875000001 0.5081853609375 0.0911925703125
0 0.33726040468749996 0.1409288859375 0.4620182046875 0.1814888171875 0.4724241359375 0.1519678765625 0.486563259375 0.15406803125 0.4899314296875 0.1184181140625 0.4793747875 0.10922464843749999 0.3506929859375 0.06751701875 0.33726040468749996 0.1409288859375
0 0.47962919531250003 0.0685934546875 0.46480703281249997 0.05001128125 0.3859218875 0.0289741015625 0.3742369921875 0.07440321093749999 0.4754507859375 0.1080769515625 0.47962919531250003 0.0685934546875
0 0.3264023390625 0.054306609375 0.3726801140625 0.07191257031250001 0.38632700781249996 0.027057312500000003 0.37042601249999996 0.010778296875 0.21365246718750003 0.0062166515625 0.21145454218749998 0.016615925 0.3264023390625 0.054306609375
0 0.221264546875 0.019485171875000002 0.20350284375 0.0936661296875 0.3352984046875 0.1403550375 0.355427228125 0.0648311390625 0.221264546875 0.019485171875000002
0 0.2058699640625 0.0923231890625 0.218150784375 0.01450389375 0.1914282828125 0.00556999375 0.11633650625 0.003385046875 0.106681775 0.0490655 0.2058699640625 0.0923231890625
0 0.2993698796875 0.2906337421875 0.3179418234375 0.2126192046875 0.1642227359375 0.151376946875 0.14680255312499998 0.2337989125 0.26682611093749997 0.277044725 0.2993698796875 0.2906337421875
0 0.2777477796875 0.353509203125 0.289559878125 0.2877644953125 0.14368879375000002 0.228817634375 0.1267373328125 0.2991650125 0.2447352875 0.351994775 0.2777477796875 0.353509203125
0 0.3878341296875 0.41420136718749995 0.397024696875 0.3904307953125 0.4150878234375 0.3936786484375 0.4216333546875 0.3528522125 0.289901396875 0.2960055046875 0.2726084171875 0.3581118734375 0.3878341296875 0.41420136718749995
0 0.31672646250000003 0.218369575 0.30011651875 0.29695796093750004 0.4235953546875 0.3534260609375 0.44730666093749993 0.2708088515625 0.31672646250000003 0.218369575
0 0.455750590625 0.2407140625 0.43284952656250003 0.319497690625 0.5697208484375 0.3717417265625 0.595799275 0.2877815765625 0.455750590625 0.2407140625
0 0.7758346109375001 0.35265029531250003 0.7562782078125 0.336754003125 0.60249551875 0.28566954375 0.577973971875 0.3721203328125 0.751718184375 0.43718429375 0.7758346109375001 0.35265029531250003
0 0.7319944828125 0.5107914015625 0.7536801859375 0.43775814375 0.5712777296875 0.374232365625 0.5511489046875 0.44975626249999995 0.6962097484374999 0.5125367046875 0.7319944828125 0.5107914015625
0 0.5693157281250001 0.3736585171875 0.4367735265625 0.3206453890625 0.4150878234375 0.3936786484375 0.548781784375 0.4510992046875 0.5693157281250001 0.3736585171875
0 0.529463203125 0.5227895234375 0.5479715421875 0.45493278437500007 0.39621445781250003 0.394264375 0.3756805125 0.47170506406249996 0.5050453515625 0.5298947109375 0.529463203125 0.5227895234375
0 0.6716882015625 0.5989874921875 0.71037238125 0.5736668625 0.7319944828125 0.5107914015625 0.695804628125 0.5144534953125001 0.5527057859375 0.452246903125 0.53102008125 0.5252801625 0.6716882015625 0.5989874921875
0 0.655419778125 0.6858168890624999 0.6871934000000001 0.6340516828125 0.7056381390625 0.57635274375 0.67128308125 0.6009042828125 0.528247840625 0.52853989375 0.5163085390625 0.614600196875 0.655419778125 0.6858168890624999
0 0.911155975 0.5896514984375 0.8783342890625001 0.5576636734375 0.741057846875 0.5073364296875 0.7141055765625001 0.6052879578125 0.8854190671875 0.6818526578124999 0.911155975 0.5896514984375
0 1 0.6055912796875 0.9065489375 0.5720217828124999 0.9197506171875001 0.5982711140625 0.8893430671875 0.68300035625 1 0.727086490625 1 0.6055912796875
0 0.7117384546875 0.6066308984375001 0.6887737890625 0.6955723265625 0.8581252781250001 0.7715631765625 0.8838621859375 0.6793620171875 0.7117384546875 0.6066308984375001
0 1 0.7295685578125 0.8877861890625001 0.6805097171875001 0.861644159375 0.774627665625 0.9792369921875 0.8293742171874999 1 0.731135990625 1 0.7295685578125
0 0.8327934890625001 0.8618475453125001 0.8573150375 0.7753967562499999 0.692697790625 0.6967200234375001 0.6685813625 0.7812540234375 0.8327934890625001 0.8618475453125001
0 0.8648685359374999 0.8875111515624999 0.9605378453125001 0.9277043515625 0.982350753125 0.8343554953125001 0.876529921875 0.7830520390625 0.8626922234375 0.8583806953125 0.8648685359374999 0.8875111515624999
0 0.9461068390625 1 0.9581707249999999 0.9290472921875 0.86134965625 0.8844466625 0.8420310734375 0.95613698125 0.8694495218749999 1 0.9461068390625 1
0 0.86956215625 1 0.8424361953125 0.9542201921875 0.818095746875 1 0.86956215625 1
0 0.778981590625 1 0.7933225765625 0.950031759375 0.6303258125 0.8636878671874999 0.61331075 0.94419304375 0.71192095 1 0.778981590625 1
0 0.658771359375 0.7783847765624999 0.63194629375 0.8560207078125 0.7933225765625 0.950031759375 0.8304498765625 0.9222204890624999 0.8410466124999999 0.8622261515625 0.8123632421875 0.8599426328125 0.658771359375 0.7783847765624999
0 0.5045365359375 0.6111571015624999 0.48319235000000005 0.6924313703125 0.6164175875 0.761926515625 0.660026815625 0.7034466046875 0.6764459515625 0.655331615625 0.6577868984374999 0.6844739484375 0.5045365359375 0.6111571015624999
0 0.48711635 0.69357906875 0.46658240781250004 0.7710197562500001 0.6080607687499999 0.8408935078124999 0.656126321875 0.761328909375 0.6702419390625 0.7043990609375 0.616012465625 0.7638433046875 0.48711635 0.69357906875
0 0.457177525 0.7662337203125 0.437112303125 0.8315998203125 0.556881453125 0.915476828125 0.6297699796875 0.8268902515625 0.64098615 0.79353573125 0.607655646875 0.842810296875 0.457177525 0.7662337203125
0 0.3747665765625 0.5548842453125 0.5104225375 0.6128786484375001 0.52391871875 0.529308984375 0.49915934999999995 0.5281731640625 0.39449027812500004 0.4812771359375 0.3747665765625 0.5548842453125
0 0.372908271875 0.47496479375 0.387429009375 0.41611815625000004 0.270241296875 0.3594548140625 0.25011247187499996 0.4349787125 0.3712241875 0.492789753125 0.372908271875 0.47496479375
0 0.24070759062499997 0.4301926765625 0.21827524843749999 0.4969017171875 0.31780495625 0.548400415625 0.37651426250000003 0.5269014859375 0.38692019218749996 0.497380546875 0.33042729375 0.478822128125 0.24070759062499997 0.4301926765625
0 0.3618428125 0.5470337203125 0.34130886875 0.624474409375 0.48007859062499997 0.6874500921875 0.499055653125 0.6075187640624999 0.3618428125 0.5470337203125
0 0.46860801093750004 0.7614358078125 0.48319235000000005 0.6924313703125 0.34482775 0.627538896875 0.31996468437500003 0.705748678125 0.45203816249999995 0.7708363921875 0.46860801093750004 0.7614358078125
0 0.43677078593749996 0.8233588125000001 0.4489244015625 0.7658551140625 0.310559803125 0.700962640625 0.29083610000000004 0.7745697484375 0.4154666953125 0.835445278125 0.43677078593749996 0.8233588125000001
0 0.189876715625 0.7002648140625001 0.295292425 0.753485059375 0.3085978015625 0.700388790625 0.3215215640625 0.708239315625 0.32367437187500003 0.67833976875 0.20763841875 0.62608385625 0.189876715625 0.7002648140625001
0 0.3115138328125 0.5485956578125 0.2370850140625 0.5064737890625 0.2285138796875 0.5568841765625 0.34644823125 0.6198717359375 0.3638048140625 0.5476075703125 0.3324128046875 0.5384259828125 0.3115138328125 0.5485956578125
0 0.21156241874999998 0.6272315546875 0.3275983734375 0.6794874671875 0.347599990625 0.624279165625 0.2367670015625 0.5572627828125001 0.22723491562499998 0.5727923453125 0.21156241874999998 0.6272315546875
0 0.0773997359375 0.5818855875 0.20642305468750002 0.6318342265625 0.23047588125 0.5574580250000001 0.1962480265625 0.56169396875 0.089211834375 0.51614088125 0.0773997359375 0.5818855875
0 0.20682817656250002 0.6299174359374999 0.0773997359375 0.5818855875 0.05808115312499999 0.6535759062500001 0.1906869578125 0.696431234375 0.20682817656250002 0.6299174359374999
0 0.2068682703125 0.5607296328125 0.2285138796875 0.5568841765625 0.22964213125000002 0.5022616015625 0.0987204140625 0.44158131718750004 0.07743982968749999 0.5126977859374999 0.2068682703125 0.5607296328125
0 0.0967584125 0.4410074671875 0.21354100625 0.4995875984375 0.239150709375 0.4277020375 0.1247352375 0.367778965625 0.10897563125000001 0.3733459703125 0.0967584125 0.4410074671875
0 0.1227732375 0.36720511718750004 0.25011247187499996 0.4349787125 0.26908953593749996 0.355047384375 0.24196304531249999 0.35525450625 0.1365473359375 0.302034259375 0.1227732375 0.36720511718750004
0 0.13166238125000002 0.2660057359375 0.0697522046875 0.23365118125 0.05794010625 0.2993958875 0.11869852343750001 0.3273430125 0.13166238125000002 0.2660057359375
0 0.041393765625 0.367826475 0.104114184375 0.39634745 0.10897563125000001 0.3733459703125 0.1223681171875 0.36912190625 0.1300654078125 0.3327028984375 0.0540161046875 0.2982481890625 0.041393765625 0.367826475
0 0.10844330625000001 0.3955783578125 0.041393765625 0.367826475 0.0284299078125 0.429163753125 0.0911503265625 0.45768472656250003 0.10844330625000001 0.3955783578125
0 0.09426408750000001 0.4626660046875 0.0260627875 0.43050669375000006 0.025287740625 0.4341737515625 0.029127945312499997 0.5001075046875 0.0769711078125 0.5247723734374999 0.09426408750000001 0.4626660046875
0 0.08678111093749999 0.5276416203125 0.0291978796875 0.5013082359375 0.0335912890625 0.576740171875 0.07456389218750001 0.5953031171875 0.08678111093749999 0.5276416203125
0 0.07260189218749999 0.5947292671875 0.03352113125 0.57553560625 0.036513050000000005 0.6269048625 0.059765239062499996 0.6357509484375 0.07260189218749999 0.5947292671875
0 0.6460577296875 0.1091296296875 0.6620952531250001 0.1219614328125 0.6701340625000001 0.09378343125000001 0.6628819874999999 0.05909784999999999 0.5216179421875 0.017780704687500003 0.5062233609375 0.090618721875 0.6460577296875 0.1091296296875