0 0 0.9380458453125 0.0954505453125 0.9476419109374999 0.114761446875 0.815650734375 0 0.8092450671875 0 0.9380458453125
0 0 0.8068433515625 0.1055046296875 0.81167618125 0.1320164015625 0.6317061796875 0.10981803906250001 0.6325184046875 0.0997018328125 0.6330233375 0 0.6249716140625 0 0.8068433515625
0 0 0.624082128125 0.1140364 0.631420534375 0.148451259375 0.441591334375 0.217585215625 0.43636598906249996 0.1215401953125 0.42518819687500004 0 0.42632368437499996 0 0.624082128125
0 0.163605921875 0.4461588234375 0.1373413203125 0.6352854421874999 0.372721521875 0.6513394515625001 0.40459750625 0.46429893125 0.24085084375000002 0.45088067499999995 0.24117660000000002 0.4387377359375 0.163605921875 0.4461588234375
0 0.1491370125 0.6364713140625 0.128236625 0.8185274140625 0.3523940609375 0.8304092265625 0.38001239062500003 0.6551163578125 0.1491370125 0.6364713140625
0 0.1279501609375 0.8200205765625 0.11314408281249999 0.9494207203125 0.3333303296875 0.971557021875 0.35829190624999996 0.8310021640624999 0.1279501609375 0.8200205765625
0 0.3675487234375 0.834976715625 0.34512602187499997 0.9727428937499999 0.423401371875 0.9806122625 0.568609809375 0.974695471875 0.588307896875 0.8541266921874999 0.3675487234375 0.834976715625
0 0.3982788546875 0.65390884375 0.3633303625 0.8360745859375 0.5919533312499999 0.8560151453125 0.626615359375 0.6753425640625 0.3982788546875 0.65390884375
0 0.5743206 0.45701056875 0.56891709375 0.47473086562500005 0.41696612499999997 0.46249848125000004 0.3859495296875 0.6450595156250001 0.397705928125 0.6568951671875001 0.619610953125 0.670072496875 0.6486615984374999 0.487313815625 0.5743206 0.45701056875
0 0.25974599062500003 0.27927670937500004 0.24056437968750002 0.45237383593749997 0.56891709375 0.47473086562500005 0.5936707953125 0.3143696109375 0.25974599062500003 0.27927670937500004
0 0.63676954375 0.131501290625 0.29723335781250004 0.0943222875 0.272114609375 0.27747625781249996 0.594530184375 0.309890125 0.6015738828125 0.304510415625 0.6350114734375001 0.1511100390625 0.63676954375 0.131501290625
0 0.31513224375000004 0 0.305383615625 0.0936197078125 0.6361966171875 0.1344876140625 0.6372638859374999 0.149814521875 0.66293909375 0.120434578125 0.6784855859375 0 0.31513224375000004 0
0 0.68956369375 0.13833088124999998 0.6684440140625 0.2275253 0.6928947859375 0.22541756093749998 0.9845918093750001 0.25325891718750004 0.9910542875000001 0.1299474859375 0.7174913171874999 0.10765542187499999 0.68956369375 0.13833088124999998
0 0.6467007015624999 0.257300534375 0.6261146531249999 0.35415840625 0.6525706687499999 0.341598534375 0.958972190625 0.3739244015625 0.9699477875 0.36893998125 0.9813955734375 0.314246728125 0.9845866484375 0.25335738124999996 0.6805261687499999 0.2272180109375 0.6467007015624999 0.257300534375
0 0.657609125 0.34667095625 0.6306194765625001 0.3515673734375 0.616543496875 0.4353820828125 0.6364894453125001 0.4358653765625 0.93281405625 0.45804639687500004 0.958685728125 0.37541756406250004 0.657609125 0.34667095625
0 0.6898565203125 0.43970864374999996 0.63788246875 0.4390493453125 0.630434428125 0.47787155156249994 0.652593496875 0.48770910624999997 0.6373716625 0.5774964640625 0.6544529812500001 0.5929113734375 0.9372631218749999 0.62286549375 0.9698806171875001 0.463294825 0.6898565203125 0.43970864374999996
0 0.6524870328125 0.5927137296875 0.6367987375 0.5804827859375 0.619610953125 0.670072496875 0.6344791546875 0.6761331453125 0.6213804406250001 0.7235190328125001 0.6370687359375 0.7357499765625 0.89235559375 0.7629370578125 0.9254674296875001 0.6216796203125 0.6524870328125 0.5927137296875
0 0.6373551984375 0.734256815625 0.6210939765625 0.72501219375 0.5975647140625 0.85810124375 0.6115342312500001 0.8792911578125 0.8572778109374999 0.9039968500000001 0.8934621546875 0.7676141890625 0.6373551984375 0.734256815625
0 0.6095682828125 0.8790935109375001 0.5950258390625 0.860889921875 0.569798971875 0.9746470171875 0.8288953093749999 0.9640896515625 0.8471616046875001 0.9045017828124999 0.6095682828125 0.8790935109375001