0 0.631228521875 0.23678715781249998 0.6654831390625 0.380175425 0.7740493125000001 0.356642846875 0.739542625 0.21542732187500002 0.631228521875 0.23678715781249998
0 0.5239146140625001 0.26224020000000003 0.5216459796875 0.28179485312499997 0.5561648 0.40383413749999997 0.6609701375 0.38093225 0.6249611359375 0.23677295781250002 0.5239146140625001 0.26224020000000003
0 0.6113250796874999 0.392453365625 0.6478361984375 0.5354632171875 0.805041171875 0.5059044453125 0.7700364078125 0.359446275 0.6113250796874999 0.392453365625
0 0.6969771171875 0.5282875812500001 0.729481396875 0.664512740625 0.8405520984375 0.64482109375 0.8082998890624999 0.5064231968749999 0.6969771171875 0.5282875812500001
0 0.6773297875 0.6753889671875 0.7105882546875 0.8082919484375 0.8690434703125 0.783849678125 0.8347848093750001 0.64685349375 0.6773297875 0.6753889671875
0 0.764238134375 0.80675156875 0.7957442421875001 0.9356874843749999 0.9030520843750001 0.9198225624999999 0.87104588125 0.7888400484375 0.764238134375 0.80675156875
0 0.65618014375 0.819546584375 0.68994073125 0.9513001296875 0.7949920734375 0.935813621875 0.7619836531249999 0.8039339406250001 0.65618014375 0.819546584375
0 0.5894151812499999 0.54952128125 0.6234237953124999 0.6854941671875 0.72872720625 0.6678349203125 0.6964749984374999 0.52943701875 0.5894151812499999 0.54952128125
0 0.44960305937499995 0.42916104375 0.48686836875 0.56884871875 0.6443254109375001 0.5371172046875 0.609570696875 0.3916823375 0.44960305937499995 0.42916104375
0 0.4115876046875 0.2864034640625 0.44885089218749996 0.42928718125 0.5526540140625 0.4054881265625 0.5171430859374999 0.2665714765625 0.4115876046875 0.2864034640625
0 0.297913303125 0.458860153125 0.335430684375 0.5963750921875001 0.4828595046875 0.5652600640625 0.447598628125 0.4273667171875 0.297913303125 0.458860153125
0 0.48636624843750004 0.5699981578125 0.5216311703125001 0.701499425 0.6216694109375 0.684723140625 0.5879128671875 0.546577515625 0.48636624843750004 0.5699981578125
0 0.5273964390625 0.702663065625 0.561155003125 0.837612646875 0.7123406171875 0.8122590125 0.679084171875 0.6761599921875 0.5273964390625 0.702663065625
0 0.5531312125000001 0.840023459375 0.587894015625 0.97267416875 0.6904388078125 0.9565427718749999 0.655928075 0.8217193234375 0.5531312125000001 0.840023459375
0 0.521129053125 0.7026488640624999 0.623171725 0.6876669046874999 0.5886650359375001 0.5464513796875 0.48461388593750004 0.5660310890625 0.521129053125 0.7026488640624999
0 0.3440475765625 0.44899302656250006 0.4483507953125 0.42724057968749996 0.40933312343750006 0.2835858359375 0.30628216875000003 0.30725875 0.3440475765625 0.44899302656250006
0 0.5191225984375001 0.704050578125 0.48160521875000006 0.5665356390625 0.37905840625 0.5858630765624999 0.4163257359375 0.7223547109374999 0.5191225984375001 0.704050578125
0 0.557896284375 0.837093896875 0.52213126875 0.703546028125 0.3719478703125 0.7297968234375001 0.4069587 0.8666668734374999 0.557896284375 0.837093896875
0 0.5866397296875 0.9739497437500001 0.5508726890625 0.8435979140625 0.4468235625 0.8599815859375 0.483342771875 0.990207278125 0.5866397296875 0.9739497437500001
0 0.3445496953125 0.44784359062499995 0.305778028125 0.3116042296875 0.2054856953125 0.33374929531249997 0.243005096875 0.46806819062500005 0.3445496953125 0.44784359062499995
0 0.3341784203125 0.5944546265625 0.298163353125 0.45988345468749997 0.1956145171875 0.48240693281249997 0.23313391874999997 0.616725828125 0.3341784203125 0.5944546265625
0 0.4158256390625 0.7203081124999999 0.37930845468749996 0.586886378125 0.27700966562499996 0.6104331562499999 0.31302675625 0.7418082859374999 0.4158256390625 0.7203081124999999
0 0.40645860312500004 0.8646202687500001 0.372698015625 0.7328667265625 0.2704012515625 0.7532174640625 0.30717050625 0.884466459375 0.40645860312500004 0.8646202687500001
0 0.41238847968750003 1 0.47933390625000005 0.9866186234375001 0.44306272656249995 0.8606122734375001 0.34653325156250003 0.8789306109374999 0.378347034375 1 0.41238847968750003 1
0 0.239996428125 0.468572740625 0.202477025 0.3342538453125 0.051037321875 0.3649762578125 0.08905681875 0.50134175625 0.239996428125 0.468572740625
0 0.2318796328125 0.6180014046875 0.19486235000000002 0.48253307031250003 0.0888047484375 0.50351449375 0.12907872812500001 0.6426976203125 0.2318796328125 0.6180014046875
0 0.311020303125 0.74321 0.2727467125 0.6122132796875001 0.125567940625 0.6443516093749999 0.164593696875 0.7752221890625 0.311020303125 0.74321
0 0.306670409375 0.88241985625 0.2696490828125 0.7533436015625 0.16484576875 0.7730494515624999 0.20587595625000002 0.905714359375 0.306670409375 0.88241985625
0 0.37735514375 1 0.3422702984375 0.8807107375 0.20236516875000002 0.9073683453125 0.23002734375 1 0.37735514375 1