0 0.72569953125 0.43995693124999996 0.4815461984375 0.4512036484375 0.5275792703125 0.655947509375 0.753444825 0.6528792812499999 0.72569953125 0.43995693124999996
0 1 0.4292500796875 0.7261274531249999 0.44194688125 0.753872746875 0.65486923125 0.9834701562499999 0.6411886671875 1 0.45227802187500005 1 0.4292500796875
0 0.31100855156249996 0.674272734375 0.5281896453125 0.668108065625 0.4808728109375 0.457394359375 0.23084801562499999 0.46930366875 0.2307850015625 0.4876549359375 0.31100855156249996 0.674272734375
0 0.11034053125000001 0.682650384375 0.31100855156249996 0.674272734375 0.23042009531250002 0.4673137203125 0.027868651562500003 0.47848626875000005 0.031045328125 0.533027690625 0.0439299109375 0.588232825 0.11034053125000001 0.682650384375
0 0.3813899046875 0.8151217093750001 0.31492285937500003 0.67383100625 0.1146827609375 0.6841986046875 0.2037798140625 0.818859040625 0.3813899046875 0.8151217093750001
0 0.5708059343749999 0.791707925 0.529718878125 0.665897253125 0.317307934375 0.6756000906249999 0.38377497968749996 0.8168907937500001 0.5731279953125 0.811828278125 0.5708059343749999 0.791707925
0 0.753872746875 0.65486923125 0.528007190625 0.657937459375 0.5725176203125 0.7996677203125 0.76401024375 0.8045549484375 0.753872746875 0.65486923125
0 0.753444825 0.6528792812499999 0.7624810109375 0.8067657625000001 0.9696938812499999 0.7915348078125 0.983898078125 0.643178615625 0.753444825 0.6528792812499999
0 0.76878039375 0.8080931171874999 0.7861991484375 0.9263835531250001 0.9605683203125001 0.9168972406250001 0.9755653453124999 0.7908722140625 0.76878039375 0.8080931171874999
0 0.766823240625 0.8083139812500001 0.576431928125 0.7992259921875 0.6116475218749999 0.9256992578125001 0.78662706875 0.9283735015625 0.766823240625 0.8083139812500001
0 0.5813845328125 0.8129347703124999 0.38377497968749996 0.8168907937500001 0.4442511234375 0.930322215625 0.61207544375 0.92768920625 0.5813845328125 0.8129347703124999
0 0.26988195312499996 0.9398085281249999 0.4442511234375 0.930322215625 0.3876892875 0.8164490656250001 0.204207734375 0.8208489890624999 0.20549149843749998 0.8268188359374999 0.26988195312499996 0.9398085281249999
0 0.4131351796875 0.17968498593749999 0.4839312765625 0.45297273281250006 0.7300417609375 0.4415051515625 0.7123342953125 0.1540734109375 0.6704753296875 0.031227890624999997 0.6342378609375 0.029540103125 0.42293413125 0.0481318421875 0.4131351796875 0.17968498593749999
0 1 0.4193632421875 0.9244344109375 0.043056225 0.67647649375 0.0315073984375 0.720590834375 0.15517990312500002 0.7441697625 0.44194905156250003 1 0.42525257187500004 1 0.4193632421875
0 0.42464581875 0.0560916375 0.18306001562500002 0.079278046875 0.11827829375000001 0.20684478281250002 0.23042009531250002 0.4673137203125 0.48240204374999995 0.455183546875 0.41552025625000005 0.1814540703125 0.42464581875 0.0560916375
0 0.1178503734375 0.204854834375 0.1834879375 0.0812679953125 0.1722359484375 0.0662318625 0.0048655421875 0.08353812187500001 0.0276473078125 0.47468594218750004 0.2273616296875 0.47173534687499996 0.1178503734375 0.204854834375