0 0 0.15152300624999998 0.0440983703125 0.1494295328125 0.023319901562500002 0.022526790625 0 0.025372675 0 0.15152300624999998
0 0.2079101875 0 0.0366674625 0.0208978984375 0.04744981875 0.15150973437499998 0.4580183796875 0.12380811249999998 0.46262704687499995 0 0.2079101875 0
0 0.4718296921875 0 0.4646630421875 0.11801881562500001 0.85854715 0.092353309375 0.87726889375 0 0.4718296921875 0
0 0.8819439625 0 0.86186948125 0.0894586625 0.93532475 0.08796202812500001 0.92209366875 0.10949031718749999 0.9189023781250001 0.1347717859375 0.9756440765625 0.13033641875 0.974881153125 0 0.8819439625 0
0 0.9756440765625 0.13033641875 0.9155800484375 0.13766643437499998 0.869766309375 0.297587884375 0.9765468015625001 0.2845567453125 0.9756440765625 0.13033641875
0 0.9765468015625001 0.2845567453125 0.8664294171875 0.2979951078125 0.833773959375 0.4239511453125 0.9772893671875 0.4114154 0.9765468015625001 0.2845567453125
0 0.833817640625 0.43141341874999994 0.7945757609374999 0.57310845 0.8013369015625 0.5872185515624999 0.7653591109375 0.7160692375 0.7888192640625 0.730630646875 0.96370749375 0.7092878625 0.977321940625 0.41698021875 0.9772893671875 0.4114154 0.833817640625 0.43141341874999994
0 0.7654173515625 0.7260189359375 0.7197055328124999 0.9033523578124999 0.726452115625 0.914975034375 0.71986569375 0.9307140281249999 0.916742228125 0.9066878656249999 0.9611279125 0.7646724828125 0.9636982609375 0.709486090625 0.7854969359374999 0.7335252953125 0.7654173515625 0.7260189359375
0 0.9546127578125001 0.9045554703124999 0.960149840625 0.78567208125 0.920093678125 0.9087680671875 0.9546127578125001 0.9045554703124999
0 0.716412321875 0.9112218546875 0.798014571875 0.5901132 0.79128255 0.580977946875 0.340787784375 0.6334656437499999 0.3308499140625 0.6471244375 0.32848855 0.8141891093750001 0.33272816562499996 0.9680022125000001 0.716412321875 0.9112218546875
0 0.7197492140625 0.9108146312500001 0.3360796171875 0.9700824140625001 0.3360981046875 0.9732408375 0.46651721406249996 0.9641210453125 0.72321714375 0.9327942296874999 0.7197492140625 0.9108146312500001
0 0 0.99674310625 0.24084823906250002 0.9799013562500001 0.329376715625 0.9659220109375 0.329245675 0.9435351890625 0.3273965421875 0.6276322624999999 0 0.6722389718749999 0 0.99674310625
0 0 0.67228901875 0.334070325 0.6268178171875001 0.3478718765625 0.1322716265625 0 0.1515641421875 0 0.67228901875
0 0.922108228125 0.1119777421875 0.932016978125 0.0933441 0.4613552703125 0.12340088906249999 0.3478864359375 0.13475905 0.3341140046875 0.6342800890625 0.7945903203125 0.575595875 0.922108228125 0.1119777421875