0 0.3646252765625 0.0714403265625 0.3826128359375 0.079590365625 0.4013978359375 0.007006424999999999 0.10935718750000001 0.0019088375000000002 0.10133682656250001 0.026471651562499997 0.3646252765625 0.0714403265625
0 0.7180610078125 0.1175776390625 0.73177206875 0.0561288875 0.549290209375 0.009587896875 0.40196031562499995 0.00701624375 0.38504899375 0.076993953125 0.7180610078125 0.1175776390625
0 0.7201713890625 0.11597892812499999 0.98947090625 0.156406290625 0.9917134078125001 0.126812253125 0.73177206875 0.0561288875 0.7201713890625 0.11597892812499999
0 0.793372571875 0.34662302500000003 0.972709953125 0.3775986203125 0.9891759765625 0.160298440625 0.8448383578125 0.1379292921875 0.793372571875 0.34662302500000003
0 0.598811453125 0.10579065781250001 0.548974534375 0.3094958859375 0.7877851234375 0.3418448328125 0.8412691359375 0.139131321875 0.598811453125 0.10579065781250001
0 0.5968568125 0.11177685625 0.5975083609375 0.10978145312500001 0.381479771875 0.07819598125 0.3288316265625 0.263756228125 0.5476078578125 0.3015202671875 0.5968568125 0.11177685625
0 0.317068771875 0.2681616609375 0.327946465625 0.2591703953125 0.3785478109375 0.08717528125 0.36794659531249996 0.07342974687500001 0.164162378125 0.040828625 0.107945009375 0.2275909015625 0.317068771875 0.2681616609375
0 0.04236204375 0.20708529062499997 0.10754136875 0.22639485625 0.1654654703125 0.036837828125 0.09996531875 0.030671965625 0.04236204375 0.20708529062499997
0 0 0.4006640359375 0.0706146546875 0.4173163671875 0.1230927671875 0.2371413046875 0.0409905375 0.2112856078125 0 0.336821471875 0 0.4006640359375
0 0.0714219421875 0.41970845625 0.3484451984375 0.49069160468749995 0.4116452640625 0.29713779375 0.41012284374999997 0.2847746859375 0.321289540625 0.2649642359375 0.3145547453125 0.268564325 0.1251252796875 0.233348853125 0.0714219421875 0.41970845625
0 0.6808549625 0.5550097859374999 0.741491703125 0.34011955 0.5479972125 0.3124889859375 0.5451717 0.304116678125 0.415476678125 0.28297165 0.35420267656250004 0.4900846109375 0.6808549625 0.5550097859374999
0 0.6823137984375001 0.5554064734375 0.9459954578125 0.6037192015625 0.9584706328125 0.5655132640625 0.9723873749999999 0.381855653125 0.742624765625 0.3415139390625 0.6823137984375001 0.5554064734375
0 0.8414191750000001 0.5910664859375 0.7817740421875 0.7931909484374999 0.8774201296875 0.8137350640625 0.9459954578125 0.6037192015625 0.8414191750000001 0.5910664859375
0 0.7775532765625 0.7963883734375 0.84093765625 0.587676696875 0.587956634375 0.5427842484375 0.5357900046874999 0.7317342828125 0.5418446765625 0.7496749390625 0.7775532765625 0.7963883734375
0 0.35468419375 0.4934744015625 0.2940760265625 0.688819284375 0.5280635984375001 0.7481001546875 0.5864977953125 0.542387559375 0.35468419375 0.4934744015625
0 0.35071132656250004 0.4934803796875 0.12952751406250002 0.43876740312500007 0.071199765625 0.6271283890625 0.2935945125 0.685429496875 0.35071132656250004 0.4934803796875
0 0 0.6058562828125 0.073062246875 0.6287211187499999 0.12522887656249998 0.4397710828125 0 0.409790740625 0 0.6058562828125
0 0 0.809152175 0.16223276250000002 0.8615350375 0.1787121859375 0.8475492921875001 0.23021297812500002 0.6703673328125 0.0692451234375 0.6331145890625 0 0.6089775625 0 0.809152175
0 0.1790236734375 0.8563242687500001 0.4705288515625 0.9486259 0.5374538796875 0.7582575515625 0.5379003875 0.73013556875 0.5276599531249999 0.7469041078124999 0.2897773875 0.6898229671875 0.23021297812500002 0.6703673328125 0.1790236734375 0.8563242687500001
0 0.8166000609375 1 0.8760486234375 0.8179353812500001 0.5408673546875 0.7526680375 0.4778230359375 0.9506093375000001 0.67666364375 1 0.8166000609375 1
0 0.661672134375 1 0.449205684375 0.9482591203125 0.43453782343749997 1 0.661672134375 1
0 0.4315257578125 1 0.4483205234375 0.9436732875 0.22666948437499998 0.8757978453125 0.19828071249999998 0.958337740625 0.351495596875 1 0.4315257578125 1
0 0 0.9044211593749999 0.19520986093749998 0.9575027125 0.22780254531250002 0.8771922328124999 0.1707521671875 0.85733393125 0.1604481484375 0.8621360499999999 0.01951465 0.819468209375 0 0.8794440484375 0 0.9044211593749999