0 1 0.29907684218749997 0.880253740625 0.27441387968750003 0.59190011875 0.2107726 0.5989575921875 0.244753278125 0.5747476546875 0.4500771546875 1 0.53316045625 1 0.29907684218749997
0 0.0833152375 0.0972016421875 0.047008653125 0.0981214546875 0.040186728125 0.32887076249999997 0.570737884375 0.4493575984375 0.59730255 0.2325602046875 0.5777347296875 0.21269164218749997 0.0833152375 0.0972016421875
0 1 0.5334190343749999 0.899364134375 0.51427778125 0.9031115218749999 0.523872309375 0.8643056031249999 0.6775056109375 0.8779899562500001 0.6918573515625 1 0.71604436875 1 0.5334190343749999
0 1 0.7581615078125 0.9742547593750001 0.844449996875 0.9915115812499999 0.8743129156249999 1 0.87552171875 1 0.7581615078125
0 0.4025461828125 0.4117404640625 0.39097777968749997 0.5985147328125 0.5491887890625 0.6328538171875 0.8575912625000001 0.7000928734375 0.8974029781249999 0.512438840625 0.572699040625 0.4511965375 0.4025461828125 0.4117404640625
0 1 0.719411190625 0.8799948421874999 0.692217128125 0.8683153734375001 0.678225165625 0.8616447624999999 0.6993332671875 0.5511936734375 0.6332135937500001 0.5364901078125001 0.789685065625 0.8371791515625 0.8451308734375 0.84328126875 0.84325188125 0.9677590703125001 0.859641446875 1 0.7429735796875 1 0.719411190625
0 1 1 1 0.8758361656250001 0.9955213515624999 0.8750324703125001 0.9742547593750001 0.844449996875 0.9698076859375 0.8585220625 0.8472035796874999 0.8469297625 0.813107115625 0.9776160218750001 0.9428541109375 1 1 1
0 0.8350430765624999 0.8492085843750001 0.406128840625 0.767778678125 0.404023078125 0.9071797046875 0.8029077671874999 0.9817337828125 0.8350430765624999 0.8492085843750001
0 0.5451790187500001 0.6321342609375 0.39097777968749997 0.5985147328125 0.3951254484375 0.5263955625000001 0.3791300984375 0.5220381796875 0.34068072968749996 0.595436940625 0.044176375000000004 0.5347940375 0.0691769390625 0.7117735203125 0.530387990625 0.79156405625 0.5451790187500001 0.6321342609375
0 0.10498907500000002 0.8639269703125001 0.150839053125 0.8810768296875 0.339516909375 0.90750011875 0.35812937031250003 0.8915090078125001 0.3458510921875 0.7614228359374999 0.08120625000000001 0.7139321859375001 0.10498907500000002 0.8639269703125001
0 0.3764826734375 0.40706335625 0.0401429984375 0.33034992500000004 0.038000212500000005 0.40282887343749996 0.046181259375 0.535153815625 0.34063699999999997 0.596916103125 0.3685371796875 0.5394683984374999 0.3764826734375 0.40706335625