0 0.752 0.3386666671875 0.688 0.304 0.58 0.3066666671875 0.58 0.42133333281249996 0.62 0.46666666718750005 0.75 0.4693333328125 0.752 0.3386666671875
0 0.066 0.032 0.036 0.0506666671875 0.038 0.16 0.298 0.1706666671875 0.306 0.0453333328125 0.066 0.032
0 0.304 0.2906666671875 0.298 0.16799999999999998 0.028000000000000004 0.152 0.002 0.16799999999999998 0.006 0.304 0.282 0.304 0.304 0.2906666671875
0 0.31 0.4106666671875 0.304 0.288 0.284 0.30133333281249997 0.006 0.304 0.02 0.4346666671875 0.286 0.42933333281249997 0.31 0.4106666671875
0 0.296 0.5519999999999999 0.306 0.5386666671875 0.3 0.4186666671875 0.01 0.42400000000000004 0.008 0.45599999999999996 0.136 0.45866666718750004 0.142 0.5626666671875 0.296 0.5519999999999999
0 0 0.616 0.118 0.616 0.13799999999999998 0.5893333328125 0.142 0.45866666718750004 0 0.45866666718750004 0 0.616
0 0 0.744 0.126 0.736 0.13999999999999999 0.5866666671874999 0.12 0.6186666671875 0 0.616 0 0.744
0 0.126 0.7386666671875 0.002 0.744 0 0.8613333328125 0.128 0.8693333328125 0.126 0.7386666671875
0 0 0.9733333328124999 0.132 0.9733333328124999 0.126 0.8613333328125 0 0.8613333328125 0 0.9733333328124999
0 0.282 0.6826666671875 0.282 0.584 0.158 0.576 0.13 0.6133333328125 0.128 0.736 0.268 0.7306666671875 0.282 0.6826666671875
0 0.27599999999999997 0.8426666671874999 0.27599999999999997 0.7226666671875 0.258 0.7333333328125 0.128 0.736 0.126 0.8640000000000001 0.262 0.8613333328125 0.27599999999999997 0.8426666671874999
0 0.27799999999999997 0.9199999999999999 0.27599999999999997 0.8426666671874999 0.26 0.8586666671875 0.126 0.8613333328125 0.128 0.9786666671875001 0.266 0.9786666671875001 0.27799999999999997 0.9199999999999999
0 0.484 0.5253333328124999 0.324 0.536 0.314 0.6533333328125 0.488 0.6533333328125 0.488 0.5386666671875 0.484 0.5253333328124999
0 0.49000000000000005 0.6533333328125 0.32 0.6586666671875 0.32 0.7573333328125 0.32799999999999996 0.7626666671875 0.49000000000000005 0.7626666671875 0.49000000000000005 0.6533333328125
0 0.324 0.768 0.322 0.8666666671875 0.48600000000000004 0.8773333328125 0.49000000000000005 0.7653333328125 0.324 0.768
0 0.282 0.584 0.284 0.6826666671875 0.298 0.6613333328125 0.304 0.5519999999999999 0.13799999999999998 0.5599999999999999 0.13799999999999998 0.6026666671875 0.158 0.576 0.282 0.584
0 0.29 0.7973333328125001 0.302 0.792 0.298 0.6719999999999999 0.282 0.688 0.27799999999999997 0.7226666671875 0.27999999999999997 0.7946666671875 0.29 0.7973333328125001
0 0.296 0.9039999999999999 0.306 0.8693333328125 0.3 0.7973333328125001 0.288 0.7973333328125001 0.27599999999999997 0.8053333328125 0.27799999999999997 0.8960000000000001 0.286 0.9146666671875 0.296 0.9039999999999999
0 0.736 0.6 0.616 0.5946666671874999 0.58 0.512 0.504 0.5253333328124999 0.504 0.6666666671875 0.516 0.7253333328125 0.728 0.7333333328125 0.736 0.6
0 0.724 0.7306666671875 0.52 0.728 0.496 0.6773333328125 0.496 0.8 0.504 0.8533333328125 0.718 0.8586666671875 0.724 0.7306666671875
0 0.714 0.8560000000000001 0.506 0.8533333328125 0.492 0.8133333328125 0.49000000000000005 0.8960000000000001 0.5 0.984 0.708 0.992 0.714 0.8560000000000001
0 1 0.5946666671874999 0.736 0.6053333328125 0.73 0.728 1 0.7253333328125 1 0.5946666671874999
0 1 0.7253333328125 0.724 0.736 0.718 0.8613333328125 1 0.8506666671875 1 0.7253333328125
0 1 0.8506666671875 0.718 0.8613333328125 0.708 0.9893333328124999 1 0.992 1 0.8506666671875
0 1 0.032 0.766 0.0213333328125 0.734 0.032 0.724 0.16799999999999998 1 0.176 1 0.032
0 1 0.17333333281250002 0.724 0.1706666671875 0.72 0.30133333281249997 0.758 0.3173333328125 1 0.3173333328125 1 0.17333333281250002
0 1 0.312 0.724 0.3066666671875 0.722 0.3226666671875 0.748 0.3386666671875 0.75 0.46666666718750005 1 0.4613333328125 1 0.312
0 1 0.45866666718750004 0.748 0.46399999999999997 0.744 0.6026666671875 1 0.5893333328125 1 0.45866666718750004
0 0.75 0.47466666718750006 0.622 0.4693333328125 0.58 0.42933333281249997 0.58 0.5146666671875 0.616 0.5946666671874999 0.744 0.5973333328125 0.75 0.47466666718750006
0 0.49000000000000005 0.0533333328125 0.304 0.05600000000000001 0.302 0.176 0.488 0.17333333281250002 0.49000000000000005 0.0533333328125
0 0.48600000000000004 0.176 0.298 0.17333333281250002 0.3 0.29333333281249996 0.49000000000000005 0.2906666671875 0.48600000000000004 0.176
0 0.49400000000000005 0.296 0.3 0.2906666671875 0.306 0.4106666671875 0.492 0.41600000000000004 0.49400000000000005 0.296
0 0.49000000000000005 0.41333333281250006 0.298 0.41333333281250006 0.306 0.528 0.49000000000000005 0.528 0.49000000000000005 0.41333333281250006
0 0.6839999999999999 0.037333332812499995 0.502 0.0453333328125 0.496 0.0586666671875 0.5 0.1706666671875 0.686 0.1653333328125 0.6839999999999999 0.037333332812499995
0 0.688 0.17333333281250002 0.49800000000000005 0.17333333281250002 0.5 0.27999999999999997 0.506 0.2853333328125 0.6900000000000001 0.288 0.688 0.17333333281250002
0 0.58 0.312 0.692 0.3066666671875 0.692 0.2906666671875 0.506 0.2906666671875 0.502 0.3866666671875 0.506 0.40533333281250006 0.58 0.40533333281250006 0.58 0.312
0 0.5 0.40533333281250006 0.496 0.528 0.584 0.5253333328124999 0.58 0.40533333281250006 0.5 0.40533333281250006
0 0.736 0.0346666671875 0.696 0.04 0.692 0.16799999999999998 0.724 0.1653333328125 0.736 0.0346666671875
0 0.73 0.176 0.688 0.1706666671875 0.6900000000000001 0.3093333328125 0.724 0.3253333328125 0.73 0.176