0 0.4952212375 0.0043380203125 0.0660177 0.0065070265625 0.0235398234375 0.024943604687500003 0.047433628125 0.3036612875 0.494336284375 0.2863092125 0.4952212375 0.0043380203125
0 0.49787610625 0.002169009375 0.4987610625 0.27763317656250003 0.9872566375 0.26353461718750004 0.99787610625 0.002169009375 0.49787610625 0.002169009375
0 0.045663715625000004 0.3036612875 0.067787609375 0.5834634734375 0.5005309734375001 0.559604371875 0.49699115000000005 0.297154259375 0.045663715625000004 0.3036612875
0 0.9872566375 0.2613656078125 0.49787610625 0.27763317656250003 0.49964601875000003 0.5661114 0.9801769921875 0.560688878125 0.9872566375 0.2613656078125
0 0.0624778765625 0.5802099609375 0.0757522125 0.8480825953125001 0.5093805296875 0.8318150265625001 0.502300884375 0.5628578875 0.0624778765625 0.5802099609375
0 0.502300884375 0.5628578875 0.5067256640625 0.8513361109375 0.9757522125 0.8491671000000001 0.9828318578124999 0.57044941875 0.502300884375 0.5628578875
0 0.0810619453125 0.843744578125 0.094 0.9975490203125 0.5049557515624999 0.994490715625 0.5049557515624999 0.8318150265625001 0.0810619453125 0.843744578125
0 0.51734513125 0.8535051171875001 0.5182300875 0.9923217078125001 0.9748672562499999 0.9923217078125001 0.9819469015625 0.8535051171875001 0.51734513125 0.8535051171875001
0 0.02265486875 0.026028110937499998 0.0058407078125 0.015183064062500001 0.003185840625 0.6734773546875 0.06336283125 0.634435190625 0.02265486875 0.026028110937499998
0 0.06336283125 0.637688703125 0.0005309734375 0.6734773546875 0 0.8088235296875 0.069557521875 0.7548152015625 0.06336283125 0.637688703125
0 0.99699115 0.4338018375 0.99610619375 0.0065070265625 0.9828318578124999 0.407773728125 0.99699115 0.4338018375