0 1 0.06110283125 0.768 0.089418778125 0.772 0.2041728765625 1 0.17883755625 1 0.06110283125
0 1 0.17883755625 0.768 0.20715350156249998 0.772 0.32190759999999996 1 0.30998509687500003 1 0.17883755625
0 1 0.3129657234375 0.766 0.3263785390625 0.768 0.4530551421875 1 0.44411326406249996 1 0.3129657234375
0 0.558 0.12071535 0.5559999999999999 0.230998509375 0.766 0.20566318906249997 0.764 0.090909090625 0.558 0.12071535
0 0.558 0.229508196875 0.55 0.3427719828125 0.766 0.3263785390625 0.77 0.20566318906249997 0.558 0.229508196875
0 0.546 0.3427719828125 0.542 0.46497764531249997 0.764 0.4530551421875 0.766 0.3248882265625 0.546 0.3427719828125
0 0.554 0.12071535 0.38 0.14605067031250002 0.374 0.250372578125 0.554 0.230998509375 0.554 0.12071535
0 0.21400000000000002 0.17138599062499998 0.06 0.190760059375 0.048 0.2801788375 0.202 0.2667660203125 0.21400000000000002 0.17138599062499998
0 0.378 0.150521609375 0.21400000000000002 0.17287630468749998 0.20400000000000001 0.2667660203125 0.376 0.2459016390625 0.378 0.150521609375
0 0.376 0.248882265625 0.364 0.3561847984375 0.55 0.34426229531249997 0.5559999999999999 0.230998509375 0.376 0.248882265625
0 0.55 0.3427719828125 0.358 0.3576751125 0.346 0.472429209375 0.54 0.4634873328125 0.55 0.3427719828125
0 0.376 0.2459016390625 0.20400000000000001 0.2667660203125 0.19 0.368107303125 0.362 0.3561847984375 0.376 0.2459016390625
0 0.356 0.3561847984375 0.186 0.368107303125 0.16799999999999998 0.4813710875 0.346 0.4739195234375 0.356 0.3561847984375
0 0.20400000000000001 0.2667660203125 0.044 0.2801788375 0.014000000000000002 0.37853949375 0.188 0.371087928125 0.20400000000000001 0.2667660203125
0 0.188 0.371087928125 0.022 0.3770491796875 0.002 0.4828614015625 0.16799999999999998 0.4813710875 0.188 0.371087928125
0 1 0.450074515625 0.85 0.4530551421875 0.852 0.588673621875 1 0.588673621875 1 0.450074515625
0 1 0.588673621875 0.852 0.588673621875 0.8539999999999999 0.74217585625 1 0.748137109375 1 0.588673621875
0 0.85 0.451564828125 0.6799999999999999 0.45901639375 0.674 0.591654246875 0.852 0.588673621875 0.85 0.451564828125
0 0.522 0.467958271875 0.516 0.588673621875 0.674 0.591654246875 0.6799999999999999 0.45752608125 0.522 0.467958271875
0 0.674 0.591654246875 0.67 0.7362146046875 0.85 0.74217585625 0.85 0.591654246875 0.674 0.591654246875
0 0.67 0.591654246875 0.516 0.591654246875 0.508 0.7242921015625 0.6679999999999999 0.7347242921875 0.67 0.591654246875
0 0.386 0.4739195234375 0.374 0.5931445609375 0.518 0.591654246875 0.522 0.4664679578125 0.386 0.4739195234375
0 0.372 0.5931445609375 0.36 0.721311475 0.508 0.7242921015625 0.512 0.591654246875 0.372 0.5931445609375
0 0.262 0.4769001484375 0.238 0.5931445609375 0.374 0.5931445609375 0.386 0.472429209375 0.262 0.4769001484375
0 0.262 0.4769001484375 0.134 0.4843517140625 0.10200000000000001 0.5961251859375001 0.24 0.5931445609375 0.262 0.4769001484375
0 0.10400000000000001 0.5961251859375001 0.134 0.4828614015625 0.018 0.4843517140625 0 0.5454545453125 0.002 0.5961251859375001 0.10400000000000001 0.5961251859375001
0 0.236 0.5946348734375 0.21800000000000003 0.7168405359375 0.36 0.7198211625 0.372 0.5931445609375 0.236 0.5946348734375
0 0.21800000000000003 0.7168405359375 0.238 0.591654246875 0.10400000000000001 0.5946348734375 0.08 0.712369596875 0.21800000000000003 0.7168405359375
0 0 0.7138599109375 0.08 0.710879284375 0.10200000000000001 0.5976155000000001 0 0.5961251859375001 0 0.7138599109375
0 0.998 0.749627421875 0.782 0.74068554375 0.782 0.8986587187499999 1 0.9165424734375 0.998 0.749627421875
0 0.78 0.74068554375 0.67 0.7362146046875 0.67 0.891207153125 0.782 0.90014903125 0.78 0.74068554375
0 1 0.9165424734375 0.776 0.90163934375 0.774 0.9985096875 1 0.9985096875 1 0.9165424734375
0 0.778 0.8986587187499999 0.666 0.891207153125 0.658 0.9985096875 0.772 0.9985096875 0.778 0.8986587187499999
0 0.36 0.8926974671875 0.622 0.9150521609375 0.67 0.891207153125 0.67 0.73770491875 0.508 0.7242921015625 0.378 0.7242921015625 0.36 0.8926974671875
0 0.354 0.8882265281249999 0.372 0.7228017890625 0.132 0.7168405359375 0.10800000000000001 0.8733233984375 0.354 0.8882265281249999
0 0 0.8673621453125 0.11000000000000001 0.8733233984375 0.132 0.7168405359375 0.08 0.710879284375 0 0.7153502234375 0 0.8673621453125
0 0.6559999999999999 1 0.662 0.90014903125 0.62 0.9150521609375 0.346 0.8941877796875 0.33599999999999997 1 0.6559999999999999 1
0 0.33399999999999996 1 0.346 0.8941877796875 0.10800000000000001 0.8763040234374999 0.08399999999999999 1 0.33399999999999996 1
0 0.08399999999999999 1 0.10800000000000001 0.8748137109374999 0.002 0.8673621453125 0 1 0.08399999999999999 1