0 0.28795098750000003 0.1783480828125 0.23825731874999997 0.201946903125 0.24166099375 0.392212390625 0.321987746875 0.38926253593750004 0.31926480625 0.20342182968750003 0.331518040625 0.182772859375 0.28795098750000003 0.1783480828125
0 0.4023145 0.387787609375 0.4016337640625 0.20784660625 0.4091218515625 0.1842477859375 0.4016337640625 0.193097346875 0.331518040625 0.19014749375 0.32130701250000004 0.20342182968750003 0.3233492171875 0.387787609375 0.4023145 0.387787609375
0 0.4805990484375 0.392212390625 0.4826412515625 0.218171090625 0.4846834578125 0.19014749375 0.41116405624999997 0.18129793593750002 0.4036759703125 0.20784660625 0.4043567046875 0.3907374640625 0.4805990484375 0.392212390625
0 0.5582028578125 0.40106194687499996 0.5609257999999999 0.2166961671875 0.5493533015625001 0.193097346875 0.4860449296875 0.1916224203125 0.48127978125000004 0.2122713859375 0.48127978125000004 0.39516224375000003 0.5582028578125 0.40106194687499996
0 0.6371681421875001 0.40696165312500004 0.6460176984375 0.22112094375 0.6092579984375 0.193097346875 0.5554799187499999 0.19014749375 0.5622872703125 0.218171090625 0.5595643296875 0.3995870203125 0.6371681421875001 0.40696165312500004
0 0.631041525 0.5824778765625 0.6371681421875001 0.41286135625 0.564329475 0.4054867265625 0.556160653125 0.40696165312500004 0.5527569765625 0.5839528031250001 0.631041525 0.5824778765625
0 0.556160653125 0.40696165312500004 0.47787610625 0.39663716718750003 0.48127978125000004 0.5765781703124999 0.5554799187499999 0.5854277296875 0.556160653125 0.40696165312500004
0 0.4799183125 0.3995870203125 0.4016337640625 0.39663716718750003 0.4029952359375 0.5721533937500001 0.4792375765625 0.5795280234375 0.4799183125 0.3995870203125
0 0.4029952359375 0.39516224375000003 0.3260721578125 0.39516224375000003 0.3253914234375 0.5765781703124999 0.4009530296875 0.5795280234375 0.4029952359375 0.39516224375000003
0 0.3233492171875 0.39516224375000003 0.2375765828125 0.39516224375000003 0.24506466875 0.57510324375 0.3233492171875 0.57510324375 0.3233492171875 0.39516224375000003
0 0.3240299515625 0.5765781703124999 0.24166099375 0.5854277296875 0.24642614062499998 0.7565191734375001 0.321987746875 0.7565191734375001 0.3240299515625 0.5765781703124999
0 0.3982300890625 0.5883775796874999 0.3240299515625 0.578053096875 0.3247106875 0.7565191734375001 0.40027229374999995 0.752094396875 0.3982300890625 0.5883775796874999
0 0.47583390000000003 0.58100295 0.4023145 0.5839528031250001 0.40027229374999995 0.7476696171875 0.4737916953125 0.7491445437500001 0.47583390000000003 0.58100295
0 0.55207624375 0.5883775796874999 0.47855684218750005 0.5839528031250001 0.475153165625 0.7506194703125 0.5500340375 0.7579941 0.55207624375 0.5883775796874999
0 0.63308373125 0.592802359375 0.5554799187499999 0.5913274328125 0.5500340375 0.7594690265625 0.6249149078125 0.7668436562500001 0.63308373125 0.592802359375
0 0.6249149078125 0.7727433640625 0.5513955078125 0.76389380625 0.5459496265625 0.92613569375 0.6194690265625 0.932035396875 0.6249149078125 0.7727433640625
0 0.550714771875 0.7624188796875 0.475153165625 0.7565191734375001 0.475153165625 0.9202359859374999 0.5439074203125001 0.92613569375 0.550714771875 0.7624188796875
0 0.472430225 0.755044246875 0.40027229374999995 0.7594690265625 0.40027229374999995 0.9202359859374999 0.4765146359375 0.923185840625 0.472430225 0.755044246875
0 0.3995915578125 0.7579941 0.3260721578125 0.7579941 0.3253914234375 0.9172861359375 0.3995915578125 0.9217109140625 0.3995915578125 0.7579941
0 0.3260721578125 0.9246607671874999 0.32266848124999997 0.760943953125 0.24642614062499998 0.7668436562500001 0.24846834687500002 0.873038346875 0.24914908125 0.923185840625 0.3260721578125 0.9246607671874999