0 0.076594 0.542700553125 0.47867335000000005 0.47920739531249995 0.43621800000000005 0.1595725546875 0.0112566921875 0.2292899875 0.076594 0.542700553125
0 0.439192759375 0.15812319531250002 0.4825504828125 0.4786862296875 0.89716360625 0.4145577625 0.8737268265625 0.08292102968750001 0.439192759375 0.15812319531250002
0 0.48513065781250003 0.480438378125 0.522875215625 0.7681722734374999 0.9147333265625001 0.7113005078125 0.8946966359375 0.420136821875 0.48513065781250003 0.480438378125
0 0.4758255375 0.481689178125 0.073619240625 0.5441499109375 0.1341188109375 0.8246271078125 0.5138239890625 0.771487925 0.4758255375 0.481689178125
0 0.54574343125 0.7682467828124999 0.1413515453125 0.8257538578125001 0.18522488125 0.9978447140625001 0.4963916890625 0.994223959375 0.5792542421875 0.9830855250000001 0.54574343125 0.7682467828124999
0 0.582706046875 0.94064195625 0.6181773640625 0.97936471875 0.9953449015625001 0.9286656265625 0.9808984890625 0.7045055265625 0.9130797546875 0.640157503125 0.9139579 0.7114047421875 0.5608573796874999 0.769363625 0.582706046875 0.94064195625
0 0.8267188078125001 0 0.8326292125 0.0884453953125 0.8755315734375 0.08477741250000001 0.88149809375 0.133301390625 0.95610225625 0.11718601718749999 0.9416930359375 0 0.8267188078125001 0
0 0.9386257734375001 0.123523275 0.954953509375 0.39734420312499996 0.9931505359375 0.41848894999999997 0.956427240625 0.11982902343749999 0.9386257734375001 0.123523275
0 0.9391773375 0.40366280468750004 0.9534026546875 0.39755267031249997 0.9378503468750001 0.123627509375 0.8794257078125 0.1356789421875 0.8974999609375001 0.378829909375 0.9391773375 0.40366280468750004
0 1 0.47419365156250004 0.993475521875 0.4211319578125 0.976991325 0.4227180796875 0.983039590625 0.67063405625 1 0.68490446875 1 0.47419365156250004
0 0.99004663125 0.4199136890625 0.9543050296875 0.3984808625 0.9415036171875 0.4033501046875 0.8993047078125 0.38068629375 0.9137694640625 0.62012449375 0.9609742890625 0.657857746875 0.9802330093749999 0.6542194890624999 0.9766104828125 0.4196208046875 0.99004663125 0.4199136890625
0 1 0.6884822500000001 0.9827719531250001 0.6748679906249999 0.9806583375000001 0.6961418921875 0.993359809375 0.9289324640625001 1 0.9280398859375 1 0.6884822500000001