0 0.445712325 0.7380245999999999 0.7196353734375001 0.6766255453125 0.653502965625 0.398392840625 0.38096620468750003 0.4662964203125 0.445712325 0.7380245999999999
0 0.5925062453125001 0.11219372968750001 0.3292640421875 0.1916444765625 0.3991458484375 0.4554062484375 0.6600249421875 0.396930959375 0.5925062453125001 0.11219372968750001
0 0.5539690671875 1 0.7974254453125 0.9454299625000001 0.7275436375 0.6816681906250001 0.44709861406250007 0.7445291265625 0.5081285796875 1 0.5539690671875 1
0 0.7974254453125 0.9454299625000001 0.9843302749999999 0.9035357875000001 0.988886278125 0.642522546875 0.743360171875 0.6917534765625 0.7974254453125 0.9454299625000001
0 0.66654691875 0.3954690765625 0.7303162171875 0.694677240625 0.9889879687500001 0.6366967203125 0.9922668437500001 0.44885002656250006 0.9679441656250001 0.3347270203125 0.66654691875 0.3954690765625
0 0.9027885796874999 0.029014331249999997 0.5990282234375 0.110731846875 0.66654691875 0.3954690765625 0.9665578765625 0.32822249531250003 0.9027885796874999 0.029014331249999997
0 0.6055501999999999 0.1092699640625 0.9027885796874999 0.029014331249999997 0.897717959375 0.0052227703125 0.5556165890625 0.0032324828125000005 0.579462290625 0.11511749375 0.6055501999999999 0.1092699640625
0 0.1283111484375 0.3389163515625 0.15742321875 0.47551138281250005 0.2775913890625 0.462206553125 0.3218589421875 0.44546885312500006 0.3006551375 0.31391646406249996 0.1283111484375 0.3389163515625
0 0 0.44226706250000003 0.0139397171875 0.5076727921875 0.1509012421875 0.47697326562500003 0.1283111484375 0.3389163515625 0 0.373830975 0 0.44226706250000003
0 0 0.373755009375 0.1674430125 0.330145059375 0.1476254984375 0.20509719531249998 0.057294635937500005 0.1980835640625 0 0.210925990625 0 0.373755009375
0 0.1378572859375 0.4798970296875 0.163219959375 0.63096299375 0.306703459375 0.5988015843750001 0.3444490359375 0.5835257656249999 0.3218589421875 0.44546885312500006 0.1378572859375 0.4798970296875
0 0.002282053125 0.51710108125 0.0327804109375 0.6602006375 0.1646062484375 0.6374675187500001 0.131335309375 0.4813589125 0.002282053125 0.51710108125
0 0.1674430125 0.330145059375 0.326743046875 0.308068934375 0.308311821875 0.1895255984375 0.1490117875 0.211601721875 0.1674430125 0.330145059375
0 0.0872898296875 0.0823161015625 0.113629321875 0.2059020828125 0.1490117875 0.211601721875 0.261271690625 0.19325425000000002 0.23215962031249998 0.05665921875 0.0872898296875 0.0823161015625
0 0 0.210925990625 0.0638166140625 0.1966216828125 0.09919907812499999 0.2023213203125 0.07563216406249999 0.0917443921875 0 0.11290382343750001 0 0.210925990625