0 0.924 0.5299401203125 0.916 0.4176646703125 0.662 0.4161676640625 0.564 0.46407185625 0.5780000000000001 0.6047904187500001 0.9039999999999999 0.61077844375 0.924 0.5299401203125
0 0.9259999999999999 0.53293413125 0.984 0.53293413125 0.992 0.41467065937500003 0.9720000000000001 0.38772455156249996 0.742 0.3817365265625 0.728 0.407185628125 0.728 0.41467065937500003 0.916 0.41467065937500003 0.9259999999999999 0.53293413125
0 0.5599999999999999 0.6047904187500001 0.568 0.7440119765625 0.738 0.7589820359375 0.77 0.7604790421875001 0.8880000000000001 0.763473053125 0.908 0.700598803125 0.906 0.61077844375 0.5780000000000001 0.6047904187500001 0.5740000000000001 0.5928143718750001 0.5599999999999999 0.6047904187500001
0 0.9099999999999999 0.6616766468749999 0.908 0.700598803125 0.8859999999999999 0.763473053125 0.772 0.7604790421875001 0.738 0.7604790421875001 0.616 0.75 0.626 0.8667664671875001 0.932 0.9011976046875001 0.9380000000000001 0.6616766468749999 0.9099999999999999 0.6616766468749999
0 0.908 1 0.9099999999999999 0.9026946109375 0.624 0.8667664671875001 0.618 0.8188622750000001 0.596 0.8547904187500001 0.6 0.9715568859375001 0.8 0.9970059875 0.908 1
0 0.5900000000000001 1 0.5940000000000001 0.89221556875 0.584 0.8907185625 0.546 0.9401197609375 0.248 0.8997005984375 0.258 0.9955089828125001 0.294 1 0.5900000000000001 1
0 0.5900000000000001 0.7889221562500001 0.536 0.82035928125 0.33599999999999997 0.8008982031249999 0.21800000000000003 0.78742515 0.22999999999999998 0.8967065875 0.542 0.9371257484375001 0.5900000000000001 0.8817365265625 0.5900000000000001 0.7889221562500001
0 0.21200000000000002 0.67664670625 0.22000000000000003 0.78293413125 0.33599999999999997 0.799401196875 0.536 0.8188622750000001 0.53 0.7050898203125 0.238 0.67964071875 0.238 0.660179640625 0.21200000000000002 0.67664670625
0 0.5740000000000001 0.5913173656249999 0.572 0.5688622750000001 0.5559999999999999 0.5763473046875001 0.23399999999999999 0.5658682640625 0.24 0.67964071875 0.562 0.7020958078125 0.558 0.6047904187500001 0.5740000000000001 0.5913173656249999
0 0.572 0.5673652687499999 0.564 0.46407185625 0.61 0.4386227546875 0.608 0.4191616765625 0.532 0.44760479062499997 0.21400000000000002 0.43712574843749996 0.198 0.44311377187499995 0.21200000000000002 0.5643712578125 0.5519999999999999 0.5763473046875001 0.572 0.5673652687499999
0 0.614 0.305389221875 0.522 0.3083832328125 0.194 0.3143712578125 0.20600000000000002 0.43712574843749996 0.532 0.446107784375 0.61 0.4161676640625 0.614 0.305389221875
0 0.624 0.21706586875 0.19 0.21556886249999999 0.20400000000000001 0.3098802390625 0.52 0.306886228125 0.62 0.303892215625 0.624 0.21706586875
0 0.626 0.218562875 0.622 0.305389221875 0.6900000000000001 0.30239520937500003 0.726 0.3083832328125 0.736 0.21706586875 0.626 0.218562875
0 0.728 0.3098802390625 0.692 0.30239520937500003 0.614 0.306886228125 0.614 0.4161676640625 0.6940000000000001 0.413173653125 0.722 0.4011976046875 0.728 0.3098802390625
0 0 0.43263473125 0.20400000000000001 0.4341317359375 0.19 0.32035928125 0 0.32035928125 0 0.43263473125
0 0.034 0.556886228125 0.2 0.5628742515625 0.21000000000000002 0.5598802390625 0.194 0.4356287421875 0.002 0.4341317359375 0.002 0.4401197609375 0.024 0.44461077812500005 0.022 0.479041915625 0.034 0.556886228125
0 0.20400000000000001 0.6751497 0.238 0.660179640625 0.23199999999999998 0.5673652687499999 0.21200000000000002 0.5673652687499999 0.196 0.5628742515625 0.034 0.5583832328125 0.04 0.5748503 0.122 0.5808383234375001 0.134 0.6706586828125001 0.20400000000000001 0.6751497
0 0.20600000000000002 0.7904191609375 0.21800000000000003 0.7844311375 0.21000000000000002 0.6751497 0.13799999999999998 0.6721556890625 0.144 0.7260479046875 0.154 0.7260479046875 0.16399999999999998 0.78742515 0.20600000000000002 0.7904191609375
0 0.20600000000000002 0.7904191609375 0.16599999999999998 0.7904191609375 0.18 0.8877245515625001 0.22599999999999998 0.8967065875 0.21600000000000003 0.7904191609375 0.20600000000000002 0.7904191609375
0 0 0.7784431140625 0.03 0.7889221562500001 0.142 0.7275449109375 0.132 0.6706586828125001 0.12 0.5823353296875 0.044 0.5763473046875001 0.06 0.5958083828125 0 0.6167664671875001 0 0.7784431140625
0 0.154 0.7275449109375 0.142 0.729041915625 0.032 0.7904191609375 0 0.781437125 0.024 0.8038922156250001 0.048 0.9565868265624999 0.174 0.8667664671875001 0.154 0.7275449109375
0 0.192 1 0.176 0.8697604796875 0.066 0.9446107781249999 0.076 1 0.192 1
0 0 0.318862275 0.188 0.318862275 0.20400000000000001 0.3098802390625 0.188 0.21706586875 0.062 0.21556886249999999 0.06 0.197604790625 0 0.19910179687500001 0 0.318862275
0 0 0.194610778125 0.062 0.1916167671875 0.062 0.0583832328125 0 0.0658682640625 0 0.194610778125