0 1 0.37705236875 0.8741599984375 0.341260871875 0.82501306875 0.5848426531250001 0.8353539984375 0.6161025078125 1 0.6583069 1 0.37705236875
0 0.649678971875 0.3160273328125 0.6041163671875001 0.5398089359375 0.815479775 0.590987540625 0.8705252453125001 0.338080621875 0.6616168828125 0.29194728593749997 0.649678971875 0.3160273328125
0 0.407148534375 0.488188328125 0.6009545421875 0.5433197859375001 0.6589731875 0.2879441296875 0.44925980625 0.22299882656249997 0.407148534375 0.488188328125
0 0.1959259609375 0.4315799453125 0.40157947656250004 0.49104156718749997 0.44298397187500005 0.234408190625 0.23463894375 0.16655574687500002 0.1959259609375 0.4315799453125
0 0.048839884374999996 0.39467974375 0.19644409062499998 0.4240659375 0.2333184015625 0.1738505515625 0.09615300156249999 0.133317321875 0.048839884374999996 0.39467974375
0 1 0.660867478125 0.048839884374999996 0.39467974375 0.03919253125 0.447972690625 0.053687573437500004 0.61365178125 0.9721271953124999 0.8886011734375 1 0.7866508390625 1 0.660867478125
0 0.9404304874999999 1 0.9637284046874999 0.9070861375 0.9416356015625 0.8802714453125 0.7548626390625001 0.8281549328125 0.7288291046875 0.971966790625 0.8314467437499999 1 0.9404304874999999 1
0 0.5527960625 0.7674858921875 0.529028928125 0.917385140625 0.7294428640625 0.9732281109375001 0.7556172328125 0.8239864734375001 0.5527960625 0.7674858921875
0 0.3588014046875 0.713396553125 0.3366390875 0.863734209375 0.5256306359375 0.91755044375 0.5527960625 0.7674858921875 0.3588014046875 0.713396553125
0 0.1826006078125 0.6586999046875001 0.1554647125 0.6830027453125 0.14288089531249998 0.8129904140624999 0.3381960953125 0.859784953125 0.3588014046875 0.713396553125 0.1826006078125 0.6586999046875001
0 0.1554647125 0.6830027453125 0.1826006078125 0.6586999046875001 0.054158721875 0.61903703125 0.06914799687499999 0.7903652125 0.1408509625 0.8102485765624999 0.1554647125 0.6830027453125
0 0.61289325625 0.1889575921875 0.6044518765625 0.240240425 0.7384891640625 0.188271221875 0.6251606515625 0.1584056546875 0.61289325625 0.1889575921875
0 0.3464930171875 0.11618205781249999 0.3745321765625 0.1380592796875 0.39264768437500003 0.07520178281249999 0.3517247578125 0.0640224078125 0.3464930171875 0.11618205781249999
0 0.312364059375 0.0860793125 0.3406874984375 0.115689746875 0.3498382703125 0.07444355625 0.316325684375 0.06419490156249999 0.312364059375 0.0860793125
0 0.37415487812500003 0.14014351249999998 0.402148834375 0.176225840625 0.41247670156250005 0.11452185625 0.399401675 0.1076690484375 0.3871768703125 0.1054231140625 0.37415487812500003 0.14014351249999998
0 0.1562791703125 0.097028721875 0.10445354843750002 0.08746426406249999 0.0978131109375 0.12414670937500001 0.1844643875 0.1506617 0.1903125 0.1183561390625 0.1562791703125 0.097028721875
0 0.21745623281249998 0.1498316 0.2629093453125 0.15459298125 0.266961375 0.10429835937500001 0.229814034375 0.090869453125 0.21745623281249998 0.1498316
0 0.2639004015625 0.1537700703125 0.216465175 0.150654509375 0.21859073437499998 0.162171678125 0.314314034375 0.1916024328125 0.3165778203125 0.1790970515625 0.2639004015625 0.1537700703125