0 0 0.1413333328125 0.185488371875 0.1447028421875 0.171534884375 0.0010335921875 0 0 0 0.1413333328125
0 0.17231007812500002 0.00413436875 0.1878139546875 0.14366925 0.39711627968749996 0.13953488281249998 0.390914728125 0.002067184375 0.17231007812500002 0.00413436875
0 0.3940155046875 0.002067184375 0.4002170546875 0.13746770156250002 0.62037209375 0.13746770156250002 0.62579845 0.002067184375 0.3940155046875 0.002067184375
0 0.62579845 0.002067184375 0.6242480625 0.134366925 0.8467286812499999 0.13333333281249998 0.8637829453125001 0.00413436875 0.62579845 0.002067184375
0 0.8637829453125001 0 0.8482790703124999 0.13126615 0.998 0.128 0.998 0 0.8637829453125001 0
0 0.7420775203125001 0.142635659375 0.732 0.3152454765625 0.9459534875 0.31627906875 0.971534884375 0.13333333281249998 0.7420775203125001 0.142635659375
0 0.971534884375 0.13540051718749999 0.9475038765624999 0.3100775203125 0.998 0.312 0.998 0.128 0.971534884375 0.13540051718749999
0 0.7397519375 0.140568475 0.5157209296875 0.14366925 0.5141705421875 0.31317829375 0.7288992234375 0.3204134375 0.7397519375 0.140568475
0 0.31494573593749997 0.3121447046875 0.5118449625 0.31317829375 0.5157209296875 0.14160206718749999 0.30641860468750004 0.142635659375 0.31494573593749997 0.3121447046875
0 0.305643409375 0.138501290625 0.1017674421875 0.1447028421875 0.1226976734375 0.30697674375 0.31262015625 0.31627906875 0.305643409375 0.138501290625
0 0 0.304 0.12114728593749999 0.3173126609375 0.1017674421875 0.14366925 0.0009922484375 0.1447028421875 0 0.304
0 0.1095193796875 0.318346253125 0 0.3066666671875 0.0025426359375 0.4599483203125 0.1242480625 0.4620155046875 0.1095193796875 0.318346253125
0 0.12114728593749999 0.30697674375 0.12037209374999999 0.318346253125 0.11262015624999999 0.318346253125 0.12967441875000002 0.4599483203125 0.3079689921875 0.46408268750000004 0.3009922484375 0.318346253125 0.12114728593749999 0.30697674375
0 0.31417054218749996 0.3100775203125 0.31417054218749996 0.3173126609375 0.3033178296875 0.3173126609375 0.3102945734375 0.46408268750000004 0.4947906984375 0.47545219687499995 0.5025426359375 0.318346253125 0.31417054218749996 0.3100775203125
0 0.5040930234375 0.3152454765625 0.49866666562499995 0.46925064531249994 0.6932403093749999 0.47545219687499995 0.7087441859375 0.3214470296875 0.5040930234375 0.3152454765625
0 0.9273488375 0.3121447046875 0.7288992234375 0.318346253125 0.7102945734375 0.324547803125 0.697891471875 0.4733850140625 0.9056434093749999 0.4806201546875 0.93122480625 0.3235142109375 0.9273488375 0.3121447046875
0 0.998 0.312 0.94672868125 0.3152454765625 0.92967441875 0.3173126609375 0.9087441859375 0.45374677031250005 0.9242480625 0.4733850140625 0.998 0.472 0.998 0.312
0 0.998 0.4693333328125 0.9219224796875001 0.47751937812499995 0.9102945734375 0.4558139546875 0.9056434093749999 0.47958656250000004 0.8878139546874999 0.4847545234375 0.8692093015625 0.6056847546874999 0.8777364343749999 0.620155040625 0.998 0.6293333328124999 0.998 0.4693333328125
0 0.8630077515625001 0.6315245468749999 0.883162790625 0.4826873390625 0.699441859375 0.472351421875 0.680837209375 0.4806201546875 0.671534884375 0.616020671875 0.8630077515625001 0.6315245468749999
0 0.48238759531250003 0.6056847546874999 0.6684341078125 0.6180878562500001 0.6777364343750001 0.47958656250000004 0.5002170546875 0.46925064531249994 0.4947906984375 0.47441860468749997 0.48238759531250003 0.47441860468749997 0.48238759531250003 0.6056847546874999
0 0.293240309375 0.6056847546874999 0.47231007812500003 0.6067183468749999 0.4746356578125 0.47751937812499995 0.285488371875 0.47028423750000004 0.293240309375 0.6056847546874999
0 0.28471317812499997 0.46408268750000004 0.10564340937500001 0.46304909531250005 0.12114728593749999 0.597416021875 0.292465115625 0.6108527125000001 0.28471317812499997 0.46408268750000004
0 0.1033178296875 0.4609819125 0 0.45866666718750004 0.0009922484375 0.5953488375 0.11882170624999999 0.6005167953125 0.1033178296875 0.4609819125
0 0 0.72 0.1064186046875 0.727648578125 0.090139534375 0.602583978125 0 0.5946666671874999 0 0.72
0 0.12037209374999999 0.6036175703125 0.0885891484375 0.6067183468749999 0.1064186046875 0.727648578125 0.273085271875 0.7328165390625 0.2637829453125 0.6108527125000001 0.12037209374999999 0.6036175703125
0 0.291689921875 0.6056847546874999 0.292465115625 0.6149870796875 0.2630077515625 0.6118863046875 0.2746356578125 0.731782946875 0.43897674374999995 0.7348837203125 0.43742635625000004 0.6118863046875 0.291689921875 0.6056847546874999
0 0.48393798437499996 0.6077519390624999 0.43897674374999995 0.6098191234375 0.4420775203125 0.7462532296875 0.6164961234375 0.7483204140625 0.62347286875 0.6180878562500001 0.48393798437499996 0.6077519390624999
0 0.82037209375 0.756589146875 0.8343255812500001 0.6315245468749999 0.6304496125 0.6180878562500001 0.62502325625 0.7018087859375 0.64052713125 0.7421188640625 0.82037209375 0.756589146875
0 0.998 0.6293333328124999 0.8769612406249999 0.625322996875 0.870759690625 0.60878553125 0.85913178125 0.6315245468749999 0.8482790703124999 0.629457365625 0.8343255812500001 0.7059431515625 0.8606821703125 0.75865633125 0.998 0.7733333328125 0.998 0.6293333328124999
0 0.998 0.8880000000000001 0.998 0.776 0.8575813953125 0.7617571062499999 0.8335503875000001 0.7080103359375001 0.82579845 0.7204134375 0.83897674375 0.763824290625 0.82812403125 0.8651162796874999 0.83897674375 0.875452196875 0.998 0.8880000000000001
0 0.4351007765625 0.7379844953125 0.273860465625 0.7297157624999999 0.286263565625 0.8465116265624999 0.4498294578125 0.8537467703124999 0.4490542640625 0.7483204140625 0.4351007765625 0.7379844953125
0 0.273085271875 0.7328165390625 0.10719379843750002 0.7297157624999999 0.12812403125 0.8403100765625 0.286263565625 0.8465116265624999 0.273085271875 0.7328165390625
0 0 0.8320000000000001 0.12502325625 0.8351421203125 0.1064186046875 0.7286821703124999 0.00021705468750000002 0.7266149859375 0 0.8320000000000001
0 0 0.944 0.1351007765625 0.9467700265625 0.11882170624999999 0.8351421203125 0 0.8320000000000001 0 0.944
0 0.28471317812499997 0.858914728125 0.28471317812499997 0.8465116265624999 0.12114728593749999 0.8372093015625 0.13742635625 0.951937984375 0.18316279062500002 0.9529715765625 0.23277519375 0.8547803625 0.28471317812499997 0.858914728125
0 0.52502325625 0.979844959375 0.5304496125 0.875452196875 0.6219224796875 0.8795865624999999 0.6211472859375 0.8609819125 0.4490542640625 0.8537467703124999 0.4475038765625 0.8702842375 0.4637829453125 0.8733850140625 0.46300775156249996 0.9757105953125 0.52502325625 0.979844959375
0 0.9792868218749999 0.9953488374999999 0.998 0.9093333328125001 0.998 0.8880000000000001 0.8040930234375001 0.8826873390625 0.7971162796875 0.9416020671875 0.8095193796875 0.9891472875 0.89 0.9973333328124999 0.9792868218749999 0.9953488374999999
0 0.442 0.9973333328124999 0.462 0.9973333328124999 0.464558140625 0.977777778125 0.4637829453125 0.875452196875 0.44362790625 0.868217053125 0.2335503875 0.8537467703124999 0.16799999999999998 0.9973333328124999 0.442 0.9973333328124999
0 0.7583565906249999 0.8785529703125 0.53122480625 0.8775193781249999 0.52657364375 0.9953488374999999 0.796 0.9973333328124999 0.8095193796875 0.9943152453125 0.7583565906249999 0.8785529703125
0 0.62579845 0.7028423765625 0.6180465125 0.7472868218750001 0.46145736406250004 0.750387596875 0.46223255781250006 0.858914728125 0.62657364375 0.8599483203125 0.63820155 0.7483204140625 0.62579845 0.7028423765625
0 0.8397519375 0.7658914718750001 0.82657364375 0.7214470296875 0.8219224796875 0.756589146875 0.64672868125 0.74315245625 0.63820155 0.8155038749999999 0.6475038765625001 0.8671834609375001 0.82037209375 0.8775193781249999 0.8397519375 0.7658914718750001
0 0.18471317812500002 0.95400516875 0.00021705468750000002 0.9467700265625 0 0.9973333328124999 0.16799999999999998 0.9973333328124999 0.18471317812500002 0.95400516875