0 0.0812356515625 0.084819984375 0.008948518749999999 0.1022820421875 0.0246180640625 0.2813857609375 0.130354771875 0.251803828125 0.0812356515625 0.084819984375
0 0.42301445624999995 0.0022581046875 0.1537920453125 0.0672928796875 0.0812356515625 0.084819984375 0.12669174218749998 0.2338624453125 0.196306203125 0.2264591328125 0.473835315625 0.193932525 0.42301445624999995 0.0022581046875
0 0.335523859375 0.443845571875 0.263959378125 0.2258050140625 0.196306203125 0.2264591328125 0.12669174218749998 0.2338624453125 0.130354771875 0.251803828125 0.0246180640625 0.2813857609375 0.0480141984375 0.5488048062499999 0.0515917875 0.5594993015624999 0.335523859375 0.443845571875
0 0.4344148109375 0 0.423943190625 0.0051714625 0.4738872265625 0.187644571875 0.4909678171875 0.19606932500000002 0.6895432125000001 0.1481004125 0.6519881 0 0.4344148109375 0
0 0.6524295421875 0 0.691452590625 0.147639171875 0.8270703953125 0.1086032109375 0.7994447671875 0 0.6524295421875 0
0 0.7993193828125 0 0.8270703953125 0.1086032109375 0.9092255921874999 0.08248195625 0.8862600531249999 0 0.7993193828125 0
0 0.4909678171875 0.19606932500000002 0.47295849062500006 0.184731215625 0.4747640515625 0.196845884375 0.30307568749999997 0.21949358124999999 0.26303064374999996 0.22289165625 0.3365045015625 0.44047097500000004 0.371646328125 0.45394588281250003 0.6009275109375001 0.379733275 0.55010665 0.18805885312499998 0.4909678171875 0.19606932500000002
0 0.246607971875 0.48101309687500005 0.0515917875 0.5594993015624999 0.1360547359375 0.83090276875 0.1379641140625 0.8304415296875 0.3333436640625 0.7079396453125 0.258012334375 0.48453361250000004 0.246607971875 0.48101309687500005
0 0.371646328125 0.45394588281250003 0.3365045015625 0.44047097500000004 0.335523859375 0.443845571875 0.256154865625 0.4787068984375 0.32777125625000003 0.690459503125 0.34670931562499996 0.7047109703125 0.6000394171875 0.602725028125 0.5445748828125 0.39648381875 0.371646328125 0.45394588281250003
0 0.4106994609375 0.6861154671875 0.34670931562499996 0.7047109703125 0.32777125625000003 0.690459503125 0.3333436640625 0.7079396453125 0.1360547359375 0.83090276875 0.18977070625 0.999404940625 0.3200224 0.9986471578125 0.4728727765625 0.8875983609375 0.4106994609375 0.6861154671875
0 0.43082580156250005 0.6718405203125 0.40884199062500004 0.6802887531249999 0.470086571875 0.8788582890625 0.498571525 0.8908035578125 0.6479183453124999 0.8045232390624999 0.599935596875 0.6153009359375 0.5942593703125 0.6103967 0.43082580156250005 0.6718405203125
0 0.3172348921875 0.9986633749999999 0.5202406296875 0.9974823234375 0.48154284374999995 0.8760908515624999 0.3172348921875 0.9986633749999999
0 0.747869596875 0.9309884437499999 0.7082454609375 0.76798635625 0.6660833984375001 0.7969974875 0.6479183453124999 0.8045232390624999 0.498571525 0.8908035578125 0.4871671609375 0.887283040625 0.5206468828124999 0.9974799593749999 0.64445646875 0.9967596562500001 0.67593048125 0.989156628125 0.747869596875 0.9309884437499999
0 0.7423490968750001 0.9072203468750001 0.747869596875 0.9309884437499999 0.6740211031250001 0.9896178671875001 0.8869427921874999 0.9350456796875 0.8610939484375001 0.834607815625 0.8316283515625 0.8260371421875 0.7423490968750001 0.9072203468750001
0 0.7091741953125 0.7708997109375 0.7423490968750001 0.9072203468750001 0.8316283515625 0.8260371421875 0.7963883421875 0.7090416125 0.7091741953125 0.7708997109375
0 0.5971493953125 0.6065608640625 0.6488470796875 0.8074365968749999 0.82709413125 0.6827979156249999 0.781845678125 0.5086036390625 0.5971493953125 0.6065608640625
0 0.6285356390625 0.3824772328125 0.6009275109375001 0.379733275 0.5445748828125 0.39648381875 0.6009681515625 0.605638384375 0.784683790625 0.5110557546875001 0.738506603125 0.33394811875 0.6285356390625 0.3824772328125
0 0.5701810828125 0.180071859375 0.549177915625 0.1851454953125 0.599998775 0.3768199171875 0.6285356390625 0.3824772328125 0.738506603125 0.33394811875 0.691452590625 0.147639171875 0.5701810828125 0.180071859375
0 0.6895432125000001 0.1481004125 0.738506603125 0.33394811875 0.8227269093749999 0.28850176250000004 0.78021275 0.1293355109375 0.6895432125000001 0.1481004125
0 0.8332544468749999 0.2828209671875 0.8227269093749999 0.28850176250000004 0.738506603125 0.33394811875 0.7847357015624999 0.5047678 0.9273737421874999 0.42324579843750004 0.886717053125 0.269906259375 0.8762414250000001 0.26929910156250003 0.8332544468749999 0.2828209671875
0 0.781845678125 0.5086036390625 0.8234311015625 0.6648565328125 0.9144640046875001 0.6020759515624999 0.877574165625 0.4541018890625 0.781845678125 0.5086036390625
0 0.8234311015625 0.6648565328125 0.8299322453125001 0.685250034375 0.7963883421875 0.7090416125 0.8316283515625 0.8260371421875 0.8591845703125 0.8350690546875 0.9935159078125 0.7210388812499999 0.9594122703125001 0.581804890625 0.8234311015625 0.6648565328125
0 0.8601652140624999 0.8316944578125 0.8869427921874999 0.9350456796875 0.9394247531250001 0.925505571875 0.9740531203125 0.8857634875 0.9436125125 0.7644708812500001 0.8601652140624999 0.8316944578125
0 1 0.8895331078125001 0.9997518703124999 0.8889686843750001 0.9750337640625 0.8823888921874999 0.9375153765625001 0.9259668109374999 1 0.9080605437499999 1 0.8895331078125001
0 1 0.715131859375 0.9935159078125 0.7210388812499999 0.944541246875 0.7673842390625001 0.9731243859375001 0.88285013125 1 0.8906674546875 1 0.715131859375
0 1 0.5553821921875 0.9594122703125001 0.581804890625 0.9935159078125 0.7210388812499999 1 0.7152334421875 1 0.5553821921875
0 1 0.3826968671875 0.98398591875 0.37505548437499997 0.9236588031249999 0.41159236874999994 0.9292831203125 0.422784559375 0.8861923234375 0.4488823328125 0.877574165625 0.4541018890625 0.91642529375 0.595326759375 0.9278296578124999 0.598847275 1 0.5546820125 1 0.3826968671875
0 0.7888309078125 0.1241159546875 0.7792840156249999 0.126422153125 0.8227788171875 0.282213809375 0.8322738015625 0.28619556562500004 0.9575197953125001 0.233976534375 0.9158824624999999 0.08401159375 0.7888309078125 0.1241159546875
0 0.8871642281250001 0 0.9102062359374999 0.07910735937499999 0.922643153125 0.072965325 0.8993829 0 0.8871642281250001 0
0 0.922643153125 0.072965325 0.91402499375 0.0781848796875 0.9566429703124999 0.2247752234375 0.970008621875 0.22154654687500003 0.922643153125 0.072965325
0 1 0.3156268078125 0.970008621875 0.22154654687500003 0.9566429703124999 0.2247752234375 0.9565391515625 0.23735113281250003 0.9479209921875 0.2425706875 0.9821284468749999 0.36922876875 1 0.36124678125 1 0.3156268078125