0 0.076 0.2906666671875 0.32 0.344 0.47400000000000003 0.1413333328125 0.466 0.0026666671875 0.202 0 0.036 0.13333333281249998 0.076 0.2906666671875
0 0.036 0.36266666718749996 0.06999999999999999 0.5013333328125 0.32999999999999996 0.52 0.37 0.49066666718749996 0.346 0.352 0.356 0.2986666671875 0.32 0.3466666671875 0.074 0.2906666671875 0.036 0.36266666718749996
0 0.076 0.5306666671875 0.10600000000000001 0.6559999999999999 0.36 0.6453333328124999 0.35 0.512 0.32599999999999996 0.52 0.078 0.5013333328125 0.076 0.5306666671875
0 0.37 0.752 0.358 0.6506666671875 0.11200000000000002 0.6559999999999999 0.134 0.7466666671875 0.37 0.752
0 0.384 0.8533333328125 0.384 0.8160000000000001 0.37 0.7546666671875 0.142 0.744 0.16399999999999998 0.8400000000000001 0.384 0.8533333328125
0 0.384 0.8506666671875 0.622 0.8640000000000001 0.626 0.768 0.368 0.752 0.386 0.8186666671875 0.384 0.8506666671875
0 0.626 0.768 0.632 0.6506666671875 0.364 0.6506666671875 0.37 0.752 0.626 0.768
0 0.364 0.49866666718749997 0.35 0.512 0.362 0.6506666671875 0.628 0.6506666671875 0.646 0.624 0.644 0.5173333328124999 0.37 0.5146666671875 0.364 0.49866666718749997
0 0.646 0.624 0.63 0.648 0.916 0.6293333328124999 0.9400000000000001 0.52 0.6519999999999999 0.5066666671875 0.646 0.624
0 0.8880000000000001 0.7626666671875 0.9119999999999999 0.64 0.646 0.6453333328124999 0.634 0.76 0.8880000000000001 0.7626666671875
0 0.86 0.8586666671875 0.89 0.7626666671875 0.634 0.7626666671875 0.62 0.8560000000000001 0.86 0.8586666671875
0 0.8960000000000001 0.3066666671875 0.666 0.3386666671875 0.654 0.504 0.942 0.52 0.9560000000000001 0.5146666671875 0.992 0.368 0.914 0.1893333328125 0.8960000000000001 0.3066666671875
0 0.476 0.1386666671875 0.354 0.30133333281249997 0.346 0.352 0.37 0.52 0.654 0.5093333328125 0.666 0.3386666671875 0.526 0.352 0.492 0.144 0.476 0.1386666671875
0 0.924 0.136 0.8220000000000001 0 0.48600000000000004 0.016 0.492 0.1413333328125 0.526 0.352 0.9 0.3093333328125 0.924 0.136