0 0.43600000000000005 0.1046119234375 0.43 0.14398200156250002 0.5700000000000001 0.1383577046875 0.5700000000000001 0.1001124859375 0.43600000000000005 0.1046119234375
0 0.71 0.0922384703125 0.572 0.0989876265625 0.568 0.1383577046875 0.722 0.1338582671875 0.728 0.11586051718749998 0.71 0.0922384703125
0 0.496 0.161979753125 0.5 0.1428571421875 0.368 0.14398200156250002 0.354 0.20584926874999998 0.388 0.20809898750000003 0.394 0.16535433125000001 0.496 0.161979753125
0 0.606 0.1406074234375 0.502 0.1428571421875 0.496 0.159730034375 0.58 0.159730034375 0.604 0.17885264375 0.606 0.1406074234375
0 0.722 0.2530933640625 0.76 0.2935883015625 0.758 0.21372328437500002 0.744 0.20359955 0.746 0.166479190625 0.724 0.1327334078125 0.608 0.1383577046875 0.608 0.19685039375 0.658 0.197975253125 0.674 0.24634420625 0.722 0.2530933640625
0 0.6 0.179977503125 0.5820000000000001 0.159730034375 0.392 0.16535433125000001 0.39 0.206974128125 0.576 0.20134983125 0.61 0.19685039375 0.6 0.179977503125
0 0.15 0.215973003125 0.146 0.2924634421875 0.33399999999999996 0.2890888640625 0.346 0.21034870625000002 0.15 0.215973003125
0 0.344 0.21147356562500003 0.33599999999999997 0.2890888640625 0.492 0.2913385828125 0.5 0.20584926874999998 0.344 0.21147356562500003
0 0.71 0.2508436453125 0.678 0.24634420625 0.6559999999999999 0.200224971875 0.502 0.20584926874999998 0.49000000000000005 0.2902137234375 0.63 0.2868391453125 0.702 0.352080990625 0.71 0.2508436453125
0 0.246 0.2935883015625 0.08 0.2958380203125 0.072 0.3757030375 0.22200000000000003 0.37345331875 0.238 0.37120359999999997 0.246 0.2935883015625
0 0.41600000000000004 0.2924634421875 0.396 0.2902137234375 0.246 0.2935883015625 0.23399999999999999 0.37120359999999997 0.384 0.372328459375 0.40800000000000003 0.372328459375 0.41600000000000004 0.2924634421875
0 0.6559999999999999 0.3082114734375 0.632 0.2879640046875 0.41600000000000004 0.2924634421875 0.40800000000000003 0.372328459375 0.626 0.37120359999999997 0.654 0.3757030375 0.6559999999999999 0.3082114734375
0 0.126 0.37682789687499996 0.11599999999999999 0.44881889687500004 0.32599999999999996 0.4555680546875 0.324 0.37345331875 0.126 0.37682789687499996
0 0.324 0.37345331875 0.324 0.4555680546875 0.488 0.4600674921875 0.488 0.37345331875 0.324 0.37345331875
0 0.6799999999999999 0.39595050625 0.658 0.374578178125 0.488 0.372328459375 0.488 0.46119235156249994 0.644 0.46119235156249994 0.6799999999999999 0.4735658046875 0.6799999999999999 0.39595050625
0 0.10600000000000001 0.4476940375 0.092 0.5264341953125 0.238 0.5365579296874999 0.25 0.4544431953125 0.10600000000000001 0.4476940375
0 0.248 0.4544431953125 0.23399999999999999 0.5343082109374999 0.41200000000000003 0.5421822265625 0.41200000000000003 0.45669291406249996 0.248 0.4544431953125
0 0.65 0.4645669296875 0.628 0.4623172109375 0.41200000000000003 0.4589426328125 0.41200000000000003 0.5433070859375 0.626 0.5489313828125 0.644 0.5478065234375 0.65 0.4645669296875
0 0.294 0.5376827890625 0.09 0.5264341953125 0.062 0.61304836875 0.254 0.6242969625 0.27999999999999997 0.619797525 0.294 0.5376827890625
0 0.458 0.5455568046875 0.294 0.5388076484375001 0.27799999999999997 0.620922384375 0.426 0.6310461187499999 0.454 0.62654668125 0.458 0.5455568046875
0 0.654 0.5500562437500001 0.648 0.5466816640625 0.458 0.5444319453124999 0.454 0.6287963999999999 0.61 0.637795275 0.65 0.6242969625 0.654 0.5500562437500001
0 0.196 0.6985376828125001 0.20600000000000002 0.623172103125 0.064 0.61304836875 0.044 0.6602924640625 0.066 0.6681664796875 0.062 0.6917885265625 0.196 0.6985376828125001
0 0.27999999999999997 0.618672665625 0.25 0.6254218218750001 0.20600000000000002 0.62204724375 0.194 0.6996625421875 0.362 0.7165354328125 0.372 0.6287963999999999 0.27999999999999997 0.618672665625
0 0.628 0.6355455562500001 0.596 0.637795275 0.454 0.6254218218750001 0.42800000000000005 0.6310461187499999 0.386 0.6310461187499999 0.366 0.6254218218750001 0.362 0.7187851515625 0.5860000000000001 0.7311586046875 0.624 0.7086614171875001 0.628 0.6355455562500001
0 0.092 0.5118110234375 0 0.49381327343750003 0.002 0.6636670421875001 0.044 0.6602924640625 0.092 0.5118110234375
0 0.041999999999999996 0.6591676046875 0.002 0.6625421828125 0 0.8537682796875 0.022 0.84814398125 0.066 0.6681664796875 0.041999999999999996 0.6591676046875
0 0.002 0.8537682796875 0 0.9988751406249999 0.036 0.8526434203125 0.028000000000000004 0.84814398125 0.002 0.8537682796875
0 0.142 0.8987626546874999 0.20800000000000002 0.8683914515625 0.23199999999999998 0.7030371203125 0.062 0.6940382453125 0.022 0.84364454375 0.036 0.8537682796875 0.028000000000000004 0.8908886390624999 0.142 0.8987626546874999
0 0.144 0.8965129359375 0.054000000000000006 0.8965129359375 0.026000000000000002 0.8908886390624999 0 0.9988751406249999 0.182 0.9988751406249999 0.196 0.8740157484375001 0.144 0.8965129359375
0 0.186 0.9988751406249999 0.23399999999999999 0.971878515625 0.246 0.8560179984375 0.21400000000000002 0.847019121875 0.21000000000000002 0.8695163109375 0.196 0.8751406078124999 0.186 0.9988751406249999
0 0.258 0.79415073125 0.27 0.7142857140625 0.23399999999999999 0.7030371203125 0.22000000000000003 0.790776153125 0.258 0.79415073125
0 0.438 0.7232845890624999 0.274 0.7109111359375 0.26 0.795275590625 0.418 0.8087739031250001 0.43 0.806524184375 0.438 0.7232845890624999
0 0.638 0.7075365578125 0.624 0.7086614171875001 0.5860000000000001 0.7289088859375 0.434 0.7232845890624999 0.43 0.805399325 0.602 0.820022496875 0.648 0.7829021375 0.638 0.7075365578125
0 0.35 0.8897637796875 0.36 0.805399325 0.22200000000000003 0.790776153125 0.21200000000000002 0.847019121875 0.25 0.8548931390625001 0.244 0.8807649046874999 0.35 0.8897637796875
0 0.6 0.8188976374999999 0.43 0.8031496062500001 0.422 0.8098987624999999 0.36 0.805399325 0.348 0.8886389203125 0.572 0.9066366703125001 0.606 0.8695163109375 0.6 0.8188976374999999
0 0.352 0.8875140609375001 0.242 0.8807649046874999 0.23399999999999999 0.9640045 0.382 0.980877390625 0.39 0.8908886390624999 0.352 0.8875140609375001
0 0.596 0.9437570296875 0.606 0.8695163109375 0.568 0.9066366703125001 0.39 0.8897637796875 0.378 0.983127109375 0.524 1 0.546 0.9988751406249999 0.596 0.9437570296875
0 0.648 0.7716535437500001 0.6519999999999999 0.7817772781250001 0.602 0.8188976374999999 0.608 0.8695163109375 0.662 0.81664791875 0.662 0.7604049500000001 0.648 0.7716535437500001
0 0.604 0.8683914515625 0.5980000000000001 0.9426321703125 0.638 0.8976377953125001 0.64 0.840269965625 0.604 0.8683914515625
0 0.636 0.8413948250000001 0.638 0.8976377953125001 0.6799999999999999 0.8605174359375001 0.678 0.80764904375 0.636 0.8413948250000001
0 0.658 0.752530934375 0.6639999999999999 0.81664791875 0.6839999999999999 0.802024746875 0.6900000000000001 0.7345331828125 0.658 0.752530934375
0 0.696 0.6985376828125001 0.688 0.7401574796875 0.74 0.7435320578125 0.742 0.7052868390625 0.696 0.6985376828125001
0 0.648 0.6242969625 0.624 0.6332958375 0.624 0.7075365578125 0.636 0.7075365578125 0.67 0.6962879640625 0.648 0.6242969625
0 0.638 0.7086614171875001 0.646 0.7559055125 0.688 0.7367829015625 0.6759999999999999 0.6974128234375 0.638 0.7086614171875001
0 0.686 0.7401574796875 0.6839999999999999 0.8031496062500001 0.734 0.8098987624999999 0.742 0.7446569171874999 0.686 0.7401574796875
0 0.6799999999999999 0.8042744656249999 0.6799999999999999 0.8593925765625 0.728 0.8683914515625 0.738 0.806524184375 0.6799999999999999 0.8042744656249999
0 0.8380000000000001 0.6535433078125 0.82 0.57705286875 0.6940000000000001 0.565804275 0.648 0.60854893125 0.674 0.6974128234375 0.796 0.7086614171875001 0.8380000000000001 0.6535433078125
0 1 0.5376827890625 0.9279999999999999 0.5376827890625 0.8380000000000001 0.5343082109374999 0.834 0.61079865 0.9179999999999999 0.619797525 1 0.619797525 1 0.5376827890625
0 1 0.619797525 0.9199999999999999 0.618672665625 0.842 0.6152980875 0.844 0.6704161984375 0.8619999999999999 0.6872890890625001 1 0.6884139484375 1 0.619797525
0 0.868 0.6884139484375 0.844 0.6704161984375 0.828 0.6704161984375 0.798 0.7075365578125 0.744 0.7041619796874999 0.74 0.761529809375 0.89 0.768278965625 0.9 0.6895388078125 0.868 0.6884139484375
0 1 0.6861642296875 0.898 0.6895388078125 0.8880000000000001 0.76715410625 1 0.77615298125 1 0.6861642296875
0 0.74 0.7604049500000001 0.736 0.8391451062499999 0.8859999999999999 0.8526434203125 0.892 0.768278965625 0.74 0.7604049500000001
0 1 0.77615298125 0.892 0.768278965625 0.8859999999999999 0.8503937015625 1 0.8627671546875 1 0.77615298125
0 0.882 0.8515185609374999 0.73 0.838020246875 0.724 0.9178852640624999 0.868 0.9325084359375 0.874 0.9280089984375 0.882 0.8515185609374999
0 1 0.8638920140625 0.8800000000000001 0.8515185609374999 0.874 0.9313835765625 1 0.9437570296875 1 0.8638920140625
0 0.876 0.5365579296874999 0.882 0.49943757031249997 0.722 0.49381327343750003 0.71 0.5523059625 0.836 0.55905511875 0.836 0.5354330703125 0.876 0.5365579296874999
0 1 0.5061867265625 0.882 0.4971878515625 0.876 0.5365579296874999 1 0.5365579296874999 1 0.5061867265625
0 0.836 0.557930259375 0.718 0.55455568125 0.718 0.564679415625 0.8160000000000001 0.575928009375 0.834 0.61304836875 0.836 0.557930259375
0 0.8539999999999999 0.435320584375 0.738 0.43307086562499997 0.73 0.4904386953125 0.8539999999999999 0.49943757031249997 0.868 0.44544431875 0.8539999999999999 0.435320584375
0 1 0.4431946 0.874 0.43419572500000003 0.8560000000000001 0.49606299218750005 1 0.5061867265625 1 0.4431946
0 1 0.381327334375 0.9179999999999999 0.37795275625 0.9119999999999999 0.43982002187499997 1 0.4431946 1 0.381327334375
0 0.762 0.38582677187500003 0.754 0.43194600625 0.906 0.43644544375 0.908 0.390326209375 0.762 0.38582677187500003
0 1 0.3183352078125 0.874 0.3160854890625 0.86 0.3757030375 1 0.38020247500000004 1 0.3183352078125
0 0.924 0.2542182234375 0.9119999999999999 0.3172103484375 1 0.3172103484375 0.998 0.2564679421875 0.924 0.2542182234375
0 0.9640000000000001 0.182227221875 0.9640000000000001 0.23172103437499997 0.998 0.23172103437499997 0.998 0.17660292500000002 0.9640000000000001 0.182227221875
0 1 0.23172103437499997 0.8880000000000001 0.22947131562499998 0.8720000000000001 0.28008998906250004 0.8720000000000001 0.2924634421875 0.914 0.2935883015625 0.9259999999999999 0.2530933640625 1 0.2530933640625 1 0.23172103437499997
0 0.9179999999999999 0.3183352078125 0.9179999999999999 0.2935883015625 0.774 0.2958380203125 0.774 0.3408323953125 0.868 0.3419572546875 0.874 0.3183352078125 0.9179999999999999 0.3183352078125
0 0.762 0.3442069734375 0.758 0.388076490625 0.858 0.38920135 0.868 0.3442069734375 0.762 0.3442069734375
0 0.658 0.3093363328125 0.654 0.37682789687499996 0.722 0.4296962875 0.724 0.38695163125 0.658 0.3093363328125
0 0.708 0.2519685046875 0.706 0.36445444375 0.748 0.3937007875 0.76 0.2935883015625 0.708 0.2519685046875
0 0.738 0.435320584375 0.72 0.42632170937499997 0.6799999999999999 0.394825646875 0.6839999999999999 0.47469066406250005 0.65 0.4668166484375 0.648 0.5500562437500001 0.71 0.5478065234375 0.732 0.4668166484375 0.738 0.435320584375
0 0.1 0.24634420625 0.002 0.245219346875 0 0.2969628796875 0.08 0.2969628796875 0.1 0.24634420625
0 0.15 0.2508436453125 0.10200000000000001 0.2519685046875 0.11000000000000001 0.2744656921875 0.098 0.2913385828125 0.146 0.2947131609375 0.15 0.2508436453125
0 0 0.3453318328125 0.074 0.35320585000000004 0.08199999999999999 0.2969628796875 0 0.2947131609375 0 0.3453318328125
0 0 0.4026996625 0.12 0.40944881874999994 0.13 0.3757030375 0.076 0.3757030375 0.078 0.352080990625 0 0.3442069734375 0 0.4026996625
0 0.118 0.406074240625 0.002 0.4026996625 0.004 0.4521934765625 0.10200000000000001 0.4589426328125 0.12 0.446569178125 0.118 0.406074240625
0 0.008 0.4544431953125 0.002 0.49381327343750003 0.096 0.5129358828125 0.10400000000000001 0.4589426328125 0.008 0.4544431953125