0 0.2080713234375 0 0.21072504531249997 0.056976484375000004 0.22907087812500002 0.0977908015625 0.520694225 0.09192466875000001 0.535382125 0.054201645312500005 0.53285764375 0 0.2080713234375 0
0 0.5414496921875 0 0.5351240703125 0.0927958765625 0.670787528125 0.0926504015625 0.738548840625 0 0.5414496921875 0
0 1 0 0.7355119828125 0 0.67057235625 0.088030559375 0.6744454640625 0.1711877421875 0.781105784375 0.1662199578125 1 0.16311305781250002 1 0
0 1 0.17039315 0.974703796875 0.17417915781249999 0.974848009375 0.3979492671875 1 0.3974777875 1 0.17039315
0 0.5784720531249999 0.4056077546875 0.9727251234375001 0.396504853125 0.9642328234375 0.1700369859375 0.584050975 0.1723113578125 0.5727481531249999 0.1944438328125 0.5784720531249999 0.4056077546875
0 0.367961928125 0.16694298125 0.146364921875 0.175720740625 0.1532364078125 0.411523828125 0.19256706875000001 0.41740841250000005 0.3734277734375 0.4167011328125 0.5762774421875 0.40262339375 0.5717440140625001 0.1728845625 0.367961928125 0.16694298125
0 1 0.399294125 0.7983765203125001 0.40462526875 0.8046024890625001 0.626568828125 1 0.6200232999999999 1 0.399294125
0 0.17828067187500002 0.41961710312499995 0.16420945 0.42644563281250003 0.155933084375 0.42528782343750005 0.162517675 0.65493111875 0.17525497968749998 0.6635976015625 0.8066536484375 0.6264732937499999 0.7942024765625 0.40327639218750005 0.17828067187500002 0.41961710312499995
0 1 0.67316405625 0.9975549796875001 0.620668496875 0.6139880546875001 0.6385334140625 0.6153656187500001 0.8005145421875 0.6320617953125 0.8059100578124999 1 0.7720057828125 1 0.67316405625
0 0.60168109375 0.63910661875 0.185725953125 0.6677397734375 0.1892264 0.8311653140624999 0.60313038125 0.8026276937500001 0.60168109375 0.63910661875
0 1 0.7736296484375 0.6463481921875001 0.8037013703125 0.644512203125 0.808416746875 0.739771846875 0.9566998859375 1 0.9400237078125 1 0.7736296484375
0 0.5335343890625001 0.8089557578125 0.3796973859375 0.8161208312499999 0.19354389375 0.8355940875 0.1035797484375 0.8459573890625001 0.05771266093750001 0.9005936015625 0.06352850625 0.99134863125 0.559719515625 0.9682381640625 0.73195065 0.957201090625 0.6361641140625001 0.8057189890625001 0.5335343890625001 0.8089557578125
0 0.5268477046875 0.091638065625 0.5303621921875 0.167095509375 0.68250665625 0.167725709375 0.6707158046874999 0.0911104546875 0.5268477046875 0.091638065625
0 0.5207659484375 0.0934646171875 0.2144975859375 0.0938396984375 0.22013495781249998 0.17074155468750002 0.5077994328125001 0.1681463875 0.5207659484375 0.0934646171875