0 1 0.2431591359375 0.967141271875 0.235204671875 0.85628609375 0.5700376640625 1 0.624997925 1 0.2431591359375
0 0.5606967093749999 0.47856391093750006 0.84304918125 0.5741494828125 0.95488584375 0.233920121875 0.7943166374999999 0.166863709375 0.6286578890625 0.1392349984375 0.5606967093749999 0.47856391093750006
0 0.42104410937500003 0.0676142453125 0.327936446875 0.053089190625000005 0.296727378125 0.384905159375 0.5533770437500001 0.47303069375 0.619964146875 0.141256696875 0.48983721406249997 0.078490928125 0.42104410937500003 0.0676142453125
0 0.2848645453125 0.3814620640625 0.2913848515625 0.3799457921875 0.3202241875 0.04971451875 0.20449283125 0.005950134375 0.11633650625 0.003385046875 0.0610410578125 0.3074090625 0.2848645453125 0.3814620640625
0 1 0.6284855484375 0.843245478125 0.573070209375 0.7605741046875 0.8444997593749999 0.9875808546875 0.9353841390625 1 0.8671015125 1 0.6284855484375
0 0.8288166140625 0.5722910859375 0.5462678453125 0.4777847859375 0.49026659375000003 0.7399114234375 0.7451495859375 0.83775041875 0.8288166140625 0.5722910859375
0 0.5468567359375001 0.474546965625 0.2706319765625 0.3796036671875 0.24270326562500003 0.6476056453125 0.484138878125 0.7392691484375 0.5468567359375001 0.474546965625
0 0.2605499859375 0.37781369374999996 0.0608447625 0.3084883359375 0.03798528125 0.4341737515625 0.04943154375 0.565005121875 0.23834222187499998 0.637249909375 0.2605499859375 0.37781369374999996
0 0.9744171515625 1 0.98540741875 0.9358895640625 0.808824803125 0.8653216328125 0.75990615625 1 0.9744171515625 1
0 0.7430734875 1 0.7955737187499999 0.8580668671874999 0.5351519015624999 0.7563477749999999 0.5326000453125 0.7703783328125 0.4854321453125 0.98393765625 0.5273552859375 1 0.7430734875 1
0 0.23853851874999998 0.636170634375 0.0493466703125 0.5640350203125 0.056753726562499995 0.6486980609375 0.22638229375000002 0.714452184375 0.23853851874999998 0.636170634375
0 0.20442540625 0.8580639984375 0.237644178125 0.869977984375 0.250110075 0.88154984375 0.2962015078125 0.9142437250000001 0.3248487671875 0.9055146609375001 0.341519815625 0.80240981875 0.3456278765625 0.7683784874999999 0.305075265625 0.7395647015625 0.055889428124999994 0.6388190859375 0.069112346875 0.7899577375 0.1688227296875 0.836368128125 0.20442540625 0.8580639984375
0 0.4726686375 0.73366750625 0.24013723593749997 0.6502696171875 0.231906946875 0.70696569375 0.35492468125 0.7744855562499999 0.3250308921875 0.8930688015625 0.41382002812499996 0.931337875 0.46676767343750003 0.9148905968750001 0.5033213796875 0.7482454625 0.4726686375 0.73366750625