0 0.8153845656250001 0.18116762656250002 0.8081282421875 0.288449053125 0.9481444031249999 0.299502290625 0.9594005265625001 0.1925937265625 0.8153845656250001 0.18116762656250002
0 0.675391675 0.16811733906249998 0.6661121796875 0.277209384375 0.8021285468749999 0.2878897546875 0.8094081421875 0.1786112765625 0.675391675 0.16811733906249998
0 0.537375409375 0.1572505359375 0.532142253125 0.2627213453125 0.6621123828125001 0.27683651875000004 0.6693454359375 0.17155214218749998 0.537375409375 0.1572505359375
0 0.40140558593750003 0.1425760640625 0.398125784375 0.25222740625 0.5281424578125 0.2623484796875 0.535352240625 0.15906115468749998 0.40140558593750003 0.1425760640625
0 0.26738911718749997 0.1320821265625 0.27010901249999997 0.2422927671875 0.3961258875 0.252040975 0.3993591453125 0.14638373124999998 0.26738911718749997 0.1320821265625
0 0.13741898749999998 0.1179669515625 0.140138884375 0.2281775921875 0.27010901249999997 0.2422927671875 0.26738911718749997 0.1320821265625 0.13741898749999998 0.1179669515625
0 0.011425384375 0.1062216921875 0.01616845 0.21462171562500001 0.14016215468749998 0.226180540625 0.13741898749999998 0.1179669515625 0.011425384375 0.1062216921875
0 1 0.3082835859375 0.8441264140625 0.2918048421875 0.8364744828124999 0.4330361265625 0.996466359375 0.4479507390625 1 0.3834566171875 1 0.3082835859375
0 0.684111265625 0.27888727812499997 0.674436165625 0.42192918125 0.8324281421874999 0.4366573625 0.8421497859375 0.289621359375 0.684111265625 0.27888727812499997
0 0.526142559375 0.262162046875 0.5204439843750001 0.40757386406249996 0.6704130968750001 0.423553365625 0.6741117734375 0.277955115625 0.526142559375 0.262162046875
0 0.37612690312499997 0.250176646875 0.37247476874999996 0.391780796875 0.5164674578125 0.40520395000000003 0.5241193890625 0.263972665625 0.37612690312499997 0.250176646875
0 0.23011104375000002 0.23856411249999998 0.23252841875 0.3747364109375 0.3724980390625 0.389783746875 0.374103734375 0.251987265625 0.23011104375000002 0.23856411249999998
0 0.09016469375 0.221519725 0.0926053390625 0.355694971875 0.23255168906249998 0.372739359375 0.23013431406249998 0.23656706249999998 0.09016469375 0.221519725
0 0.004586534375 0.349488984375 0.0885822703125 0.35731915625 0.0841649984375 0.22096042656249998 0.0061456875 0.215686603125 0.004586534375 0.349488984375
0 0.8544735687499999 0.4347140203125 0.8643101640624999 0.4496255359375 0.8593329875 0.533128790625 0.9553048437499999 0.544074609375 0.9851636953125 0.558853403125 0.9964896296875001 0.44595368906250005 0.8544735687499999 0.4347140203125
0 0.8284516171874999 0.434287446875 0.6964350484375 0.42397993906250003 0.6963652359375 0.42997109218749996 0.69499225 0.5477970703125 0.7451060671875 0.5424726328125 0.8030333093750001 0.5538703328125 0.8110561734375 0.5526190125 0.813312053125 0.530837890625 0.859356259375 0.5311317390625 0.8643101640624999 0.4496255359375 0.8544968390625 0.43271697031249995 0.8284516171874999 0.434287446875
0 0.6683575984375 1 0.6961790671875 0.44594749531250005 0.6964350484375 0.42397993906250003 0.5004682703125 0.4037124890625 0.48425964375 0.42019448125 0.4716044640625 0.9907916140624999 0.540301753125 1 0.6683575984375 1
0 0.3045247640625 0.3814479859375 0.278339915625 0.39500076562499997 0.277684125 0.9667164937500001 0.4716044640625 0.9907916140624999 0.4822597453125 0.42000804843750006 0.5024914390624999 0.4019018703125 0.3045247640625 0.3814479859375
0 0.12660361250000002 0.3588643265625 0.08639620625 0.37310912812499997 0.0978328890625 0.9379552515625 0.2757074984375 0.9645330109374999 0.2763167453125 0.3968113828125 0.3045247640625 0.3814479859375 0.12660361250000002 0.3588643265625
0 0.019000496875 0.830645421875 0.09890335312500001 0.84609093125 0.08639620625 0.37310912812499997 0.11255778125 0.36155339999999997 0.006586432812499999 0.34967541562500004 0.019000496875 0.830645421875
0 0.006586432812499999 0.34967541562500004 0.0032576390625 0.5599405671875 0.004824865625 0.8293239546875 0.019000496875 0.830645421875 0.006586432812499999 0.34967541562500004
0 1 0.5725247640625 0.9573047421875 0.5442610421875 0.81335859375 0.5268437875 0.811032903125 0.5546160625 0.8468216375000001 0.5759453046874999 0.8126254546875 1 0.966870675 1 1 0.6098399265625 1 0.5725247640625
0 0.5461000078125 1 0.0978328890625 0.9379552515625 0.0578814640625 0.930232496875 0.027813173437499998 0.933427159375 0.011627818750000001 0.9479121015624999 0.0055747015625 0.9582097234375 0.0057558609375 0.9893483265624999 0.12001837343749999 1 0.5461000078125 1