0 0.49342635625 0.0031007765625 0.046 0 0.09420155 0.2645994828125 0.0911007765625 0.28733850156249996 0.5066046515625 0.26149870937499997 0.49342635625 0.0031007765625
0 0.1182325578125 0.2832041328125 0.146914728125 0.5167958671874999 0.5174573640625 0.5012919890624999 0.5081550375 0.263565890625 0.1182325578125 0.2832041328125
0 0.41125581406249995 0.7018087859375 0.4066046515625 0.507493540625 0.14458914843749998 0.5157622749999999 0.139162790625 0.44444444531249994 0.134511628125 0.44444444531249994 0.046139534375 0.5147286828125 0.0771472859375 0.71627906875 0.41125581406249995 0.7018087859375
0 0.38257364374999997 0.7018087859375 0.0786976734375 0.71627906875 0.0755969 0.6894056859375 0.047689921875 0.7173126609375 0.07637209375000001 0.8899224796875 0.39342635625 0.8806201546875 0.38257364374999997 0.7018087859375
0 0.727534884375 0.90852713125 0.7360620156250001 0.7152454765625 0.4166821703125 0.727648578125 0.41513178125000005 0.7018087859375 0.39342635625 0.7028423765625 0.39032558125 0.7286821703124999 0.3980775203125 0.9147286828125001 0.727534884375 0.90852713125
0 0.78102325625 0.49715762343750003 0.5306356578125 0.504392765625 0.5190077515625 0.50232558125 0.41203100781249996 0.5054263578125 0.4058294578125 0.5126614984375 0.4174573640625 0.7286821703124999 0.7693953484375 0.7121447046875 0.78102325625 0.49715762343750003
0 0.6259844953125 0.0971576234375 0.49730232656249995 0.09405684843749999 0.5058294578125 0.2242894046875 0.6182325578125 0.225322996875 0.6259844953125 0.0971576234375
0 0.8112558140624999 0.1012919890625 0.6228837203124999 0.09405684843749999 0.6190077515625 0.22635658906249997 0.7973023265625 0.229457365625 0.8112558140624999 0.1012919890625
0 0.9035038765625 0.4919896640625 0.9290852718749999 0.24599483125 0.8709457359374999 0.2356589140625 0.655441859375 0.2325581390625 0.514356590625 0.23669250625 0.5135813953125 0.2894056859375 0.5259844953125 0.504392765625 0.9035038765625 0.4919896640625
0 0.7693953484375 0.6894056859375 0.998 0.6906666671874999 0.998 0.4266666671875 0.9445891484375 0.39896640781250003 0.9120310078125 0.4031007765625 0.9066046515625 0.490956071875 0.7802480625 0.495090440625 0.7693953484375 0.6894056859375
0 0.998 0.6933333328125 0.7678449625 0.6904392765625 0.7562170546875 0.8237726109375 0.7647441859375 0.8826873390625 0.998 0.8773333328125 0.998 0.6933333328125