0 0.72873840625 0.28083687031250004 0.9089727125 0.276806290625 0.903240853125 0.057882303125 0.823753353125 0.0527885140625 0.720751984375 0.0567509890625 0.72873840625 0.28083687031250004
0 0.547377965625 0.0662797765625 0.5482393171875 0.296247940625 0.72786649375 0.2849390890625 0.720751984375 0.0567509890625 0.547377965625 0.0662797765625
0 0.509738671875 0.0821330859375 0.37228419687500003 0.0829784171875 0.370187465625 0.30659447812499996 0.44544735312499995 0.30906548125 0.544313040625 0.29813641875 0.547377965625 0.0662797765625 0.509738671875 0.0821330859375
0 0.1872463328125 0.059856667187500004 0.17596242812500001 0.277866096875 0.18713949531250001 0.2980654125 0.35971381562500004 0.289535071875 0.36401707656250004 0.0712003859375 0.1872463328125 0.059856667187500004
0 0 0.2939743 0.1732504203125 0.2943111203125 0.1828145765625 0.08347154375 0.1700621875 0.0642345359375 0 0.061309054687499996 0 0.2939743
0 0 0.5442893390625 0.16599444375 0.539436734375 0.170779115625 0.300410240625 0 0.2969013015625 0 0.5442893390625
0 0.1708031859375 0.2993756484375 0.1723438828125 0.5335183156250001 0.3581520046875 0.523533178125 0.354164075 0.29445504218749996 0.1708031859375 0.2993756484375
0 0.3536104515625 0.31825061875 0.36060460625 0.5516116765625 0.54267901875 0.53523829375 0.5347888843749999 0.3070140484375 0.3536104515625 0.31825061875
0 0.5411623921875 0.3000610390625 0.54653308125 0.5364535859374999 0.735467784375 0.5255784171875 0.7269705140625 0.29007590156249996 0.5411623921875 0.3000610390625
0 0.7440959640625 0.5218375953125001 0.927601275 0.510709446875 0.9271759671875 0.4288683953125 0.908173015625 0.2778047421875 0.7270427265625 0.28697212968749997 0.7440959640625 0.5218375953125001
0 0.548012125 0.5396296375 0.56317711875 0.7889070874999999 0.755286540625 0.7750727093750001 0.737746525 0.5277560203125 0.548012125 0.5396296375
0 0.3590052140625 0.5536085765625 0.36394263125 0.8086237468749999 0.5529736187500001 0.7936102171875 0.548012125 0.5396296375 0.3590052140625 0.5536085765625
0 0.1729750859375 0.5397619953125 0.1711003578125 0.787209775 0.3600591296875 0.775300015625 0.3588554203125 0.5266730859375001 0.1729750859375 0.5397619953125
0 0 0.804451740625 0.160896853125 0.79191290625 0.16950096406249998 0.789206675 0.1721753875 0.540760446875 0 0.549232453125 0 0.804451740625
0 0 1 0.16746905 1 0.16310875 0.83033730625 0 0.8143089203124999 0 1
0 0.365383046875 1 0.3600109875 0.777369196875 0.16674081093749998 0.8077208796875001 0.1696375265625 1 0.365383046875 1
0 0.569979390625 1 0.557555165625 0.796930828125 0.3623432375 0.8106206468750001 0.369089046875 1 0.569979390625 1
0 0.7733229500000001 1 0.7590202515625 0.7814609515625001 0.5592508453125 0.7907955640625 0.571835884375 1 0.7733229500000001 1
0 0.9367643765624999 0.517350671875 0.740097475 0.5268298484375 0.762194971875 0.7785017421875 0.9519293687499999 0.7666281234375 0.9367643765624999 0.517350671875
0 0.9618643015625 1 0.96563283125 0.9075136625000001 0.953288059375 0.774977125 0.7637462234375 0.778574021875 0.7742451421875 1 0.9618643015625 1