0 0.5985621671875 0.3636603640625 0.6199368359374999 0.47882739687500003 0.6391103375 0.473816546875 0.6519668453125 0.5693215046875 0.7656486515625 0.5307367703125 0.7423335421874999 0.3456758453125 0.6264179046875 0.3592314671875 0.5985621671875 0.3636603640625
0 0.5601261562500001 0.2550674359375 0.6861353796875 0.2606701984375 0.6648823828125 0.168969028125 0.5393056015625 0.145319615625 0.5601261562500001 0.2550674359375
0 0.5959480421875 0.3667346984375 0.6986887578125 0.3484371484375 0.6853650484375 0.2642743109375 0.5761835671875 0.2577685046875 0.5959480421875 0.3667346984375
0 0.3531806625 0 0.33186424375 0.006815254687499999 0.3515244328125 0.0956678546875 0.5376780265625001 0.1357665140625 0.522977728125 0.0397317765625 0.4149375796875 0 0.3531806625 0
0 0.37813709218749997 0.257289003125 0.399335846875 0.23708007343749998 0.56064550625 0.2537821171875 0.5376780265625001 0.1357665140625 0.3528488765625 0.09748295312500001 0.37813709218749997 0.257289003125
0 0.42745440625000003 0.3847884640625 0.59857955 0.36701263125 0.5735520578125 0.257490571875 0.39647073437499997 0.2424732 0.42745440625000003 0.3847884640625
0 0.11157268125 0.07836583593749999 0.351126753125 0.1204190359375 0.3350151 0.0058078671875 0.11157268125 0.07836583593749999
0 0.04957133125 0.24369449375 0.3786564421875 0.25600368281249997 0.35218283437500003 0.12120066249999999 0.11159006093749999 0.081718103125 0.00067153125 0.11542653750000001 0.001520096875 0.261282459375 0.003685078125 0.2706771984375 0.04957133125 0.24369449375
0 0.015821296874999998 0.27798976875000003 0.048303228125 0.45564279374999994 0.10186778437499999 0.4385172078125 0.42680574375 0.4118584375 0.3960035296875 0.25381531874999996 0.0580025828125 0.2465952375 0.015821296874999998 0.27798976875000003
0 0.45555558593749995 0.5291445890625 0.616534996875 0.482153578125 0.59934988125 0.36340851875 0.42376681875 0.3837289078125 0.45555558593749995 0.5291445890625
0 0.044633025 0.45793549999999994 0.05552407031249999 0.5294448140625 0.10396466093750001 0.53858149375 0.12328695625 0.61299155625 0.4545168890625 0.5317152265625 0.4299566 0.4108510515625 0.1047850390625 0.4431808796875 0.044633025 0.45793549999999994
0 0.15260065 0.7882996999999999 0.105791071875 0.535759009375 0.054736353125000005 0.5296966609375 0.0031481625 0.5411232203125 0.0032179874999999996 0.55312515 0.0742071 0.8265038562499999 0.15260065 0.7882996999999999
0 0.474601875 0.6517716921875001 0.654598353125 0.5695994375 0.6341330703125 0.47764642031250004 0.452924078125 0.52886665625 0.474601875 0.6517716921875001
0 0.1520986828125 0.7929372875 0.470931671875 0.6540643984375001 0.45294146093750004 0.5322189203125001 0.11934838750000001 0.6142507921875 0.1520986828125 0.7929372875
0 0.6970445609375 0.792195496875 0.7923656 0.712471515625 0.7651119203125 0.5286698249999999 0.657749209375 0.56859205 0.6970445609375 0.792195496875
0 0.49092765 0.655506234375 0.543961771875 0.9418736031250001 0.6978496562500001 0.795295915625 0.6553860671875 0.569347590625 0.47327743125 0.64995659375 0.49092765 0.655506234375
0 0.49357653749999997 0.6591364328125 0.469338859375 0.6512158265625 0.1665111375 0.7827329828125 0.18052591406250001 0.7972798640625001 0.21724885 0.9852153031249999 0.516440428125 0.9642937890625 0.54473210625 0.938269490625 0.49357653749999997 0.6591364328125
0 0.1686232953125 0.7842962359375 0.0742071 0.8265038562499999 0.11723624375 0.9922088656250001 0.21599994531250002 0.9853026343750001 0.1807942796875 0.7983133359375 0.1686232953125 0.7842962359375
0 0.70951103125 0.8632011187499999 0.7543064421875 0.8287322546875 0.783486625 0.8261184546875 0.7761538546875 0.7814533499999999 0.8068399390625001 0.7649267937500001 0.7963041703125 0.71121228125 0.6965252125 0.7934808171875 0.70951103125 0.8632011187499999
0 0.7079356046874999 0.8637048125 0.696559975 0.8001853484374999 0.543979153125 0.9452258703125 0.5499596984374999 0.96194989375 0.55522718125 0.96158155625 0.6181111796875001 0.9383136015625 0.7079356046874999 0.8637048125
0 0.51990735 0.9640513593750001 0.5483511421875 0.962062375 0.5434424250000001 0.9431589265625 0.51990735 0.9640513593750001
0 1 0.74138920625 0.8666192984375 0.72902510625 0.7772099375 0.7822349796875 0.783486625 0.8261184546875 0.9011964593749999 0.8512085703125001 1 0.819619240625 1 0.74138920625
0 0.614691959375 0.9382875171875 0.90249333125 0.8507491671875 0.7537870953125 0.830017575 0.614691959375 0.9382875171875
0 0.038338954687499996 0.41069975468750003 0.0142632515625 0.28184572812500003 0.0052605046875 0.2701735046875 0.0015222375 0.261650365625 0.0021456875 0.3688123953125 0.011288309375 0.4182290734375 0.038338954687499996 0.41069975468750003
0 0.0333443046875 0.41117736406249994 0.0024093703125 0.4141354828125 0.0031645890624999997 0.5439465640625001 0.053411909375 0.5278815625 0.0333443046875 0.41117736406249994