0 0.654419615625 0.06916770156249999 0.65283465625 0.05329042656250001 0.5255671390625001 0.0429016703125 0.5273216265625 0.0781005125 0.654419615625 0.06916770156249999
0 0.411601109375 0.051905604687499995 0.39842846249999997 0.056682396875 0.39887155625 0.10097298125000001 0.5260087921875 0.1027398375 0.5258518125 0.059941184375 0.411601109375 0.051905604687499995
0 0.2405250921875 0.083396853125 0.251072065625 0.1278987109375 0.377597828125 0.1159820359375 0.36733696718750003 0.0729721109375 0.2405250921875 0.083396853125
0 0.0957158765625 0.083935190625 0.10454616718750001 0.11948544999999999 0.1118673984375 0.1261767171875 0.21004506875 0.11337009843750001 0.2285361484375 0.10484104062499999 0.23888689843750002 0.0958445828125 0.225310403125 0.067030453125 0.0957158765625 0.083935190625
0 0 0.1349667296875 0.1031548421875 0.122725446875 0.0937523234375 0.08419132343749999 0 0.0975128546875 0 0.1349667296875
0 0 0.2884932484375 0.11045327187500001 0.276228134375 0.0945486203125 0.22477887812500003 0 0.23443238437499997 0 0.2884932484375
0 0 0.3489027828125 0.122430815625 0.3281896546875 0.105134840625 0.2799803953125 0 0.2967436234375 0 0.3489027828125
0 0 0.40806162968750004 0.1414434765625 0.3853505109375 0.1280746078125 0.3366289890625 0.011366614062499999 0.3472650015625 0 0.350735121875 0 0.40806162968750004
0 0 0.4624118390625 0.014620201562499999 0.46918096093750006 0.16552770156250002 0.447966834375 0.152731059375 0.4022291765625 0.15269181406250001 0.39152951406250003 0.011315967187500001 0.40997104687499997 0 0.41706568437499997 0 0.4624118390625
0 0 0.4863806140625 0.007663575000000001 0.48538095312499996 0 0.460590390625 0 0.4863806140625
0 0.0196018734375 0.5266428109375 0.18118548437499998 0.5086238203125 0.1624589375 0.452954896875 0.020510862499999997 0.4684125640625 0.0081965578125 0.47766515624999994 0.0196018734375 0.5266428109375
0 0.5296105375 0.0900359765625 0.5398713984375 0.1330459 0.6616117125 0.117165690625 0.6516369656250001 0.0756477 0.5296105375 0.0900359765625
0 0.6669301437499999 0.113413428125 0.69949145625 0.11528304062500001 0.7392562609375 0.0917449328125 0.78887808125 0.07762582500000001 0.7863005078125 0.06418514843749999 0.763452703125 0.062320098437500006 0.6614547328125 0.0743670375 0.6669301437499999 0.113413428125
0 0.3921617984375 0.10796524375000001 0.39399621875 0.1490158328125 0.521133453125 0.150782684375 0.520976471875 0.10798403281249999 0.3921617984375 0.10796524375000001
0 0.25642974375 0.1348461109375 0.26497391875 0.16890443593749999 0.38642811718750003 0.15153229375 0.3820971625 0.1184536375 0.25642974375 0.1348461109375
0 0.11272573906250001 0.130652515625 0.12552238124999998 0.17639017343750002 0.25679434843750004 0.15773736875 0.23642960624999998 0.11451617656249999 0.11272573906250001 0.130652515625
0 0.252906484375 0.168949296875 0.2618152640625 0.22589888125000002 0.42086309375 0.2051521578125 0.4108491015625 0.1529345046875 0.252906484375 0.168949296875
0 0.1303470765625 0.191053371875 0.13095854843750002 0.20473689843749998 0.254987771875 0.2007921546875 0.251229046875 0.1706973640625 0.1303470765625 0.191053371875
0 0.0942232609375 0.2125872796875 0.1059146921875 0.26305686875 0.267784415625 0.24652981093749998 0.24795265781250003 0.19559281875 0.0942232609375 0.2125872796875
0 0.1302850296875 0.327165125 0.28090641562499996 0.304459065625 0.2669653171875 0.2527536765625 0.12894434999999999 0.267699078125 0.11241682500000001 0.2759720015625 0.1302850296875 0.327165125
0 0.156383453125 0.3268192703125 0.1317156 0.3346247890625 0.14115736406249998 0.3838585765625 0.2940284171875 0.36238831718750003 0.28712243437499996 0.3158822625 0.156383453125 0.3268192703125
0 0.1563328078125 0.389525315625 0.1702739046875 0.44123070468750003 0.3262137234375 0.41477237968749997 0.3069541921875 0.3668192546875 0.1563328078125 0.389525315625
0 0.31460078125 0.3857021171875 0.459617621875 0.3652563875 0.451853296875 0.3142745359375 0.3034815796875 0.33821639531250003 0.31460078125 0.3857021171875
0 0.32470466249999996 0.3859133890625 0.339750971875 0.43288684687499995 0.472700378125 0.41248597656249997 0.47998236250000004 0.40847758125 0.47307638281250003 0.361971528125 0.32470466249999996 0.3859133890625
0 0.49487169375000006 0.41265238593750003 0.631462090625 0.39024731875 0.6265196640624999 0.343485134375 0.6105251218750001 0.344042259375 0.477575715625 0.364443128125 0.484195584375 0.40945725 0.49487169375000006 0.41265238593750003
0 0.4688631609375 0.360991859375 0.6155574406250001 0.3387980640625 0.6041521234375 0.2898204078125 0.4832309078125 0.299476753125 0.45745784531250006 0.31201420468749996 0.46506518906250005 0.3201974046875 0.4688631609375 0.360991859375
0 0.5526287953125 0.16808389375 0.55623054375 0.15538003281249999 0.4279881 0.158345109375 0.42921104374999997 0.1857121671875 0.5526287953125 0.16808389375
0 0.589027325 0.221447625 0.57872721875 0.1677380375 0.4236064984375 0.187972496875 0.43390660312499996 0.241682084375 0.589027325 0.221447625
0 0.26717294062499997 0.23284628125 0.2861463578125 0.279307475 0.4350903046875 0.2583494796875 0.4259346546875 0.21060762500000002 0.26717294062499997 0.23284628125
0 0.28168626875 0.2875355375 0.2936638125 0.33949705625000004 0.45099495625 0.30979873593749996 0.4317354265625 0.261845609375 0.28168626875 0.2875355375
0 0.46339915 0.2485397625 0.46891380624999995 0.29828581249999997 0.6212518765625 0.28453135 0.6177007734375 0.234529165625 0.46339915 0.2485397625
0 0.5525110609375 0.1359849046875 0.55851945625 0.1673154953125 0.5784411046875 0.1662461046875 0.58379878125 0.1731935046875 0.6572693562499999 0.1574927421875 0.651872434375 0.13984567812499998 0.673718390625 0.1278204921875 0.6720017078125 0.1188688953125 0.5525110609375 0.1359849046875
0 0.6535498734375 0.13809761250000002 0.6611964625 0.1569804765625 0.73695595 0.15321517812500002 0.757124465625 0.14293805625 0.8981357093750001 0.10160526249999999 0.8926239296875 0.072864253125 0.82678406875 0.0674897921875 0.7395423765625 0.093236865625 0.6535498734375 0.13809761250000002
0 0.58604845 0.1744293046875 0.5921353328125 0.2271592234375 0.6174146578124999 0.23303723281250002 0.7593234890625 0.20687990312500001 0.7532366046875001 0.154149984375 0.6609103484375 0.15548854375 0.58604845 0.1744293046875
0 0.7732645859375 0.258585290625 0.7716770375 0.208326975 0.6255549874999999 0.2335046359375 0.6251789828125001 0.284019084375 0.7732645859375 0.258585290625
0 0.6100427828125 0.2890520109375 0.6197706609375 0.33977773125 0.629627671875 0.34919673281249997 0.771536503125 0.323039403125 0.766307959375 0.27478528281250003 0.742706075 0.2671592078125 0.6100427828125 0.2890520109375
0 0.7737861703125 0.324275203125 0.631591225 0.3489406015625 0.6356753125 0.39122698749999996 0.6519952124999999 0.40286145937500006 0.7907960328125 0.3709925265625 0.7822126125 0.3262345390625 0.7737861703125 0.324275203125
0 0.6567806625 0.406824990625 0.632320434375 0.39472311875 0.63272428125 0.428314040625 0.6628282999999999 0.448855246875 0.799132584375 0.424958246875 0.797298165625 0.38390765937500004 0.785763715625 0.37623672343750003 0.6567806625 0.406824990625
0 0.75352271875 0.15564191875 0.7756041437500001 0.20781470937500002 0.917434484375 0.1602580515625 0.8936756203125 0.1098333265625 0.75352271875 0.15564191875
0 0.7744989343750001 0.212546640625 0.787295575 0.258284296875 0.9288790468749999 0.21993537187499998 0.9096195171874999 0.17198224687500002 0.7744989343750001 0.212546640625
0 0.7789083781249999 0.2670246234375 0.7690906109375 0.2683052859375 0.7714972578125 0.3123397390625 0.7835646921875 0.3122948765625 0.9246151796875001 0.2816617484375 0.914887303125 0.230936028125 0.7789083781249999 0.2670246234375
0 0.8023811296875 0.31595741875 0.7903136953125001 0.3160022796875 0.794970009375 0.3612725328125 0.8067513296875 0.3597357390625 0.9421972703125 0.33136293906250003 0.9352912906249999 0.284856884375 0.8023811296875 0.31595741875
0 0 0.234071184375 0.0951208484375 0.22776274375 0.090010040625 0.21160761250000001 0.1292811078125 0.206484965625 0.12302584375 0.184362103125 0 0.19608343125 0 0.234071184375
0 0 0.19429298281250001 0.1238449421875 0.17813823906249998 0.11076218593750001 0.1309086484375 0 0.14535683593749998 0 0.19429298281250001
0 0.1694548078125 0.44745456875 0.1864646703125 0.49417189375000004 0.33733292656249997 0.46225810312500004 0.3189317375 0.418780775 0.1694548078125 0.44745456875
0 0.338359646875 0.43612684375 0.3296863375 0.4433752375 0.34162463593750003 0.48463709687499995 0.48439180937500004 0.462955565625 0.471595165625 0.41721790781249996 0.338359646875 0.43612684375
0 0.47748582656250005 0.41644951093750004 0.4863553625 0.462699434375 0.62994163125 0.43479403593750005 0.6219304375 0.3930199125 0.47748582656250005 0.41644951093750004
0 0.8029812015625 0.40304665625 0.8189757421875001 0.4024895296875 0.9504945781249999 0.3746289953125 0.9483740453125 0.332086475 0.7938647984375 0.3660044640625 0.8029812015625 0.40304665625
0 0.8276882984375 0.40594080000000005 0.8055169828125001 0.40577438906249996 0.8118507375 0.4492965765625 0.8253487421875001 0.45671138125 0.9594033578125 0.43157857968749996 0.9550331578125 0.38780025937499996 0.9440709343749999 0.383113190625 0.8276882984375 0.40594080000000005
0 0.95547625 0.43209084375 0.8275984093750001 0.4579471828125 0.8260779484375 0.5024938999999999 0.9570916453124999 0.566454534375 0.9915926171875 0.563287896875 0.9920608046874999 0.5364655015625 0.9768677140625 0.4491807828125 0.95547625 0.43209084375
0 0.6692911890625 0.45107071718749997 0.6321912984375 0.4360298375 0.6354170421875 0.47384042656250003 0.6770555125 0.50205256875 0.8105379015624999 0.47393590156250004 0.80224059375 0.430669846875 0.6692911890625 0.45107071718749997
0 0.8280807484375 0.51293743125 0.8183921156249999 0.472911371875 0.686587165625 0.49927997343749997 0.677341628125 0.5035445015625 0.6442080875 0.49869102343750005 0.69402613125 0.5380702296875 0.8280807484375 0.51293743125
0 0.48132304374999996 0.467943628125 0.49522489687500004 0.508949353125 0.6326343921875 0.48032042343750003 0.6167689859375 0.43957083125 0.48132304374999996 0.467943628125
0 0.33659231875 0.48988129375 0.342926071875 0.5334034812499999 0.483729690625 0.51197808125 0.47739593593749996 0.46845589218750006 0.33659231875 0.48988129375
0 0.1870368984375 0.497155759375 0.1831490375 0.5083676875 0.19173245781249998 0.553125675 0.34063716093749996 0.52146801875 0.3264491921875 0.47897035781249997 0.3202331734375 0.467547159375 0.1870368984375 0.497155759375
0 0.033918976562499994 0.52783375 0.01939425 0.546550203125 0.040617334375 0.5942471968749999 0.1976623625 0.5630569421875 0.1752948234375 0.5093922171874999 0.033918976562499994 0.52783375
0 0.20874232187500003 0.599843 0.19205781718749998 0.5653172734374999 0.044258328125 0.5922430000000001 0.066586621875 0.6352080625000001 0.20874232187500003 0.599843
0 0.198195346875 0.5553411453125 0.210419759375 0.5980949343749999 0.35568347031249997 0.5684414765625 0.3420677296875 0.5289276828125 0.198195346875 0.5553411453125
0 0.3530299515625 0.533614753125 0.36075503124999997 0.5738969421875 0.499595096875 0.5527276765625 0.48933423749999994 0.5097177515625 0.3530299515625 0.533614753125
0 0.4944057984375 0.51517321875 0.50409443125 0.5551992765625 0.6384351609375 0.531558409375 0.6262107484375 0.48880461875 0.4944057984375 0.51517321875
0 0.499348228125 0.5619354046875 0.5366050984374999 0.6197749359375 0.5491156265625 0.6640206609375 0.703338759375 0.6286107375000001 0.6972911203125001 0.5865804812500001 0.6311531765625 0.5355668046875001 0.499348228125 0.5619354046875
0 0.35375916093750004 0.5793972703125 0.3646707375 0.6467903859375 0.380822259375 0.6890319109374999 0.5378672890625 0.65784165625 0.5270342 0.6118478671875 0.48809989062500003 0.555756403125 0.35375916093750004 0.5793972703125
0 0.20874232187500003 0.599843 0.176416478125 0.662171365625 0.1959621234375 0.7116164265625 0.3628249203125 0.6791455078124999 0.3492091796875 0.639631715625 0.34615181562499997 0.5712140703124999 0.20874232187500003 0.599843
0 0.0620872875 0.6327364609374999 0.0184738625 0.678186159375 0.0308160125 0.753038940625 0.19121591875 0.7183525546875 0.1699928359375 0.6706555609375 0.196141903125 0.6076036593749999 0.0620872875 0.6327364609374999
0 0.017901634375 0.67520229375 0.0623341546875 0.6235287296875 0.0112817671875 0.630188171875 0.017901634375 0.67520229375
0 0.0067824328125 0.627716571875 0.048017053125 0.6223377921875 0.0360787546875 0.581075934375 0.0007347921875 0.5856863171875 0.0067824328125 0.627716571875
0 0.69402613125 0.5380702296875 0.664208225 0.51902095625 0.64485880625 0.5230742140625 0.6361854953125 0.5303226078125001 0.69839633125 0.5818485531250001 0.706407525 0.6236226734375 0.730009409375 0.6312487484375 0.7591765968749999 0.6259148296875 0.7539480562499999 0.577660709375 0.8621903625 0.5543656984374999 0.8036990078124999 0.52223488125 0.69402613125 0.5380702296875
0 0.5937051265625 0.6551457484375 0.5963978875 0.700672134375 0.7074785343750001 0.83910786875 0.905472071875 0.8010469 0.9038452781249999 0.740088921875 0.744040396875 0.6309477546875 0.5937051265625 0.6551457484375
0 0.38625842499999996 0.7173786390625 0.42228095000000004 0.8212568203125 0.46133299218749996 0.909447271875 0.47593620937500003 0.9121301453124999 0.6769592656250001 0.8583814515625001 0.6658008203125 0.8001960640625001 0.53483776875 0.673529384375 0.38625842499999996 0.7173786390625
0 0.2103184703125 0.723507028125 0.16185755156249998 0.9011049468750001 0.1901157515625 0.9540012750000001 0.41249102656250003 0.906642853125 0.37550382656250003 0.692784175 0.2103184703125 0.723507028125
0 0.0731608890625 0.9738450171874999 0.17522642187499998 0.9498264703125001 0.158463428125 0.8939014140625 0.19968160468750001 0.731011553125 0.0344962484375 0.7617344046875 0.0731608890625 0.9738450171874999
0 0.9107069703124999 0.5449785203124999 0.7561977234375 0.578896509375 0.7614262640625 0.6271506296875 0.9114133765625001 0.7375724578125 0.98876240625 0.725430590625 0.9913534765625001 0.5769882843749999 0.957377759375 0.56794646875 0.9107069703124999 0.5449785203124999
0 0.7142275375 0.8428152703125 0.6739803906249999 0.8113631296875001 0.6763870375 0.8553975828124999 0.650041746875 0.86495116875 0.68304615 0.91111136875 0.8798559875 0.8563830031249999 0.8740552156250001 0.80514501875 0.7142275375 0.8428152703125
0 0.91753950625 0.8010020390625 0.9876821140625 0.7873205343749999 0.988682859375 0.7299878390625001 0.9044175062500001 0.7430727859374999 0.91753950625 0.8010020390625
0 0.8837438484375 0.8451710765625 0.899530765625 0.8645213437500001 0.9866738484375001 0.8450839515625 0.987631209375 0.7902368421875 0.8771632265625 0.8108566187499999 0.8837438484375 0.8451710765625
0 0.46161910781250004 0.9109392046875 0.41025276093749996 0.83200134375 0.43609291250000004 0.9142689265625 0.44275202656249996 0.9699827125 0.6519154109375 0.91670141875 0.642473646875 0.86746763125 0.46161910781250004 0.9109392046875
0 0.1931696859375 1 0.1746934375 0.9575422671875 0.0748775734375 0.982796615625 0.07817673593749999 1 0.1931696859375 1
0 0.305202328125 1 0.43657525 0.969259175 0.41531292343750004 0.9108625187499999 0.19461508593750002 0.9564728765625 0.2083852484375 1 0.305202328125 1
0 0.443545678125 1 0.437147478125 0.97224304375 0.318692784375 1 0.443545678125 1
0 0.5366197265625 1 0.652111634375 0.9701997359375 0.645738634375 0.9159778828125 0.44275202656249996 0.9699827125 0.45337081875 1 0.5366197265625 1
0 0.6519154109375 0.91670141875 0.660824190625 0.9736510031250001 0.869168478125 0.9265935765625001 0.8468009375 0.8729288515625001 0.6519154109375 0.91670141875
0 0.8724841124999999 0.9123977812499999 0.9003384640625001 0.9317031874999999 0.98544019375 0.9157599828125 0.9866222296875 0.8480412375 0.8608319265625 0.8726278578125 0.8724841124999999 0.9123977812499999
0 0.8988180031249999 0.97624990625 0.927777565625 0.99082338125 0.984258559375 0.9834558124999999 0.9853106578125 0.9231811671875001 0.8942009343749999 0.9416793140624999 0.8988180031249999 0.97624990625
0 0.7939003234374999 1 0.9007815562499999 0.9759937734375 0.8851630187499999 0.9260364484375 0.672072528125 0.9798300078125 0.6891552109375 1 0.7939003234374999 1