0 0 0.4173589609375 0.09575404531250001 0.41976812187499996 0.106364271875 0.406974471875 0.1151098859375 0.004274953125 0.113023871875 0.0019728390625 0.0171556125 0.00029945156250000003 0 0.368562459375 0 0.4173589609375
0 0.563908559375 0.0438102265625 0.1208556421875 0.0099158515625 0.11186187656249999 0.4179422046875 0.529561571875 0.43715855000000003 0.5481636765625 0.4247836515625 0.563908559375 0.0438102265625
0 0.722235171875 0.4285646609375 0.7534802640625 0.1018017796875 0.6121207359375 0.083715271875 0.5676818578125 0.13478518125 0.5585860515625 0.2010565609375 0.55140240625 0.3982541640625 0.5801311874999999 0.42645865625 0.722235171875 0.4285646609375
0 0.722235171875 0.4285646609375 0.9950499734375 0.442859371875 0.9987791453125 0.1223750625 0.7533561875 0.1044652 0.722235171875 0.4285646609375
0 0.915790059375 0.4440462171875 0.8804121984375 0.7305437671874999 0.903022996875 0.76109761875 0.9833140031250001 0.7572948796875 0.99408041875 0.5261825953125 0.9950189249999999 0.4455276640625 0.9458836765624999 0.44295311875000004 0.915790059375 0.4440462171875
0 0.712086459375 0.732403659375 0.8781660765625 0.735765915625 0.9156659828124999 0.446709634375 0.725982959375 0.43410087031250005 0.5800071124999999 0.4291220765625 0.5512783296875 0.40091757968749997 0.552159615625 0.42499302656250004 0.53755345 0.437577303125 0.5567886890625 0.4546046875 0.54162591875 0.694102909375 0.552372978125 0.7213652125000001 0.712086459375 0.732403659375
0 0.6737173390625 1 0.6877385968749999 0.7391376578125 0.6841148859375 0.730938028125 0.5522489015625001 0.72402863125 0.54150184375 0.696766325 0.5365388078125 0.8033030359375 0.5275543234375 0.8241916249999999 0.5188562546875 0.9679114953125 0.5320810671875 1 0.6737173390625 1
0 0.9720075312500001 1 0.983189928125 0.7599582953125 0.9011491015624999 0.7583295125 0.882037940625 0.738638709375 0.6919826875 0.7340201984375 0.675815340625 1 0.9720075312500001 1
0 0 0.7976517515625 0.3549717375 0.78844960625 0.3714738328125 0.4342150453125 0 0.42005652031249996 0 0.7976517515625
0 0.36233048125 0.7594660734375 0.3752123390625 0.82688901875 0.5276783984375 0.821528209375 0.5322947171875 0.8084204953125 0.5566646140625 0.4572681046875 0.5336815859375 0.43470450937500005 0.37958978593750003 0.43197037812500005 0.36233048125 0.7594660734375
0 0.5193642515625 1 0.5274302468750001 0.82685504375 0.375336415625 0.8242256015624999 0.360084359375 0.764688221875 0.3549717375 0.78844960625 0.1423184421875 0.795996615625 0.127960428125 0.8032540546875 0.12726699375 0.990112046875 0.315978725 1 0.5193642515625 1
0 0 0.9834436234374999 0.12327105468749999 0.9899026734374999 0.12221467187499999 0.7976131546875 0.1021109015625 0.7992296953125 0 0.8005697203125001 0 0.9834436234374999