0 0.017138196875 0 0.00584011875 0.1942566453125 0.2967264234375 0.2113655375 0.497827990625 0.225401971875 0.508523790625 0.178995065625 0.515411328125 0.094945890625 0.5222988640625 0.010896715625000001 0.35443898906250004 0 0.017138196875 0
0 0.5194056421875 0.0950157109375 0.506526634375 0.17896015468749998 0.506253259375 0.2180341046875 0.5452813562500001 0.09697104375 0.5454674046875 0.059398596875 0.5177691890625 0.0544053515625 0.5194056421875 0.0950157109375
0 0.7013038500000001 0 0.6863163359375 0.0438242890625 0.9982799609375 0.056444828125 0.999593728125 0 0.7013038500000001 0
0 0.546416621875 0.077451525 0.5142418875 0.21817374531249997 0.53777113125 0.22610017343750002 0.54001888125 0.25620002343750004 0.5584299359375 0.24900670625000002 0.5758803796875 0.2583299078125 0.5979364359375 0.25721241875 0.8756285968749999 0.2605634234375 0.9935465546875 0.2598112828125 0.9982443859375 0.057973296875000004 0.590452796875 0.042148603125 0.546416621875 0.077451525
0 0 0.376148190625 0.218605684375 0.38585426875 0.23067595624999998 0.3845622296875 0.22482877031249998 0.21010877187500002 0.005578134375 0.19876115 0 0.2946703390625 0 0.376148190625
0 0.5122447296875 0.218138834375 0.497827990625 0.225401971875 0.3443088796875 0.21820938750000002 0.2764928671875 0.215520940625 0.2467974984375 0.21049278437500002 0.2263019578125 0.2191526921875 0.23050129843749997 0.3875652328125 0.2400504421875 0.3952472890625 0.4073749953125 0.4056872484375 0.515221478125 0.4075723953125 0.5328162078124999 0.24254686875 0.53777113125 0.22610017343750002 0.5122447296875 0.218138834375
0 0.6954478187500001 0.2649290203125 0.60140678125 0.266291246875 0.5699762374999999 0.2567236765625 0.53359076875 0.2636028015625 0.5234606984375 0.43777697499999996 0.804972515625 0.44420080625 0.8307191406250001 0.3108813640625 0.8414035500000001 0.2990439015625 0.8428881296874999 0.2735183765625 0.83750795625 0.2629031359375 0.6954478187500001 0.2649290203125
0 0.84723175625 0.2675821890625 0.8413162218749999 0.300545403125 0.834626125 0.312452684375 0.8091414875 0.44126762187499996 0.8267665875000001 0.4475878203125 0.9890752812500001 0.4519154 0.9934790484375 0.2627115953125 0.8655554828125 0.261890375 0.84723175625 0.2675821890625
0 0 0.5373416343749999 0.45430059062500006 0.5613193859375001 0.478353803125 0.56023680625 0.490993609375 0.41165797656249997 0.2400504421875 0.3952472890625 0.2205155140625 0.38739068125 0 0.37617865156249997 0 0.5373416343749999
0 0.8091414875 0.44126762187499996 0.80288803125 0.44566739687499995 0.5473392546875 0.4396973984375 0.542646315625 0.451639590625 0.5314037609375 0.5761943953124999 0.5447725640625001 0.5869492765625 0.9814513359375001 0.60660660625 0.9881592359375 0.4912724578125 0.989040596875 0.45340558125 0.830760903125 0.44765763906249995 0.8091414875 0.44126762187499996
0 0 0.6773141468749999 0.1233382484375 0.683291571875 0.1431351640625 0.6866436765625 0.2151201453125 0.686398940625 0.23857345312499997 0.661257425 0.2339146875 0.569491284375 0.227148653125 0.548330621875 0 0.5387007171875 0 0.6773141468749999
0 0.5031170328125001 0.51257276875 0.48332011875 0.5092206671875 0.47809181875 0.5647413109375 0.4521287765625 0.564287478125 0.24086676875 0.553079496875 0.23443865625 0.5604822734375 0.24099585937499998 0.688354275 0.24863517499999999 0.6944999203125 0.480218065625 0.700050996875 0.49446015 0.6957908640625 0.505778640625 0.6043040015625001 0.502232359375 0.5621572296874999 0.5031170328125001 0.51257276875
0 0.7589467734374999 0.7199534296875 0.7632904 0.7140172421875 0.7839947703125 0.5986459984375 0.5466823921875 0.5884856875 0.5314037609375 0.5761943953124999 0.5212547109375001 0.544453403125 0.5248883203125 0.5850986734375 0.5200966625000001 0.6331118109375 0.5151417375 0.6495585078125 0.5181754421875 0.6661448437499999 0.5214597390625 0.7127961218750001 0.5492452828125 0.716287865625 0.5653971953125 0.7135641421875001 0.7589467734374999 0.7199534296875
0 0.9739411109375 0.7357357359375001 0.9813640078124999 0.6081081078125 0.785991928125 0.5986809078124999 0.7652875578125 0.714052153125 0.782126703125 0.733885865625 0.9739411109375 0.7357357359375001
0 0 0.7973652640625 0.1301574359375 0.8066590671875 0.43693367031249997 0.8255487390624999 0.44309979843749997 0.8226504671875 0.46084640156249995 0.7237608296875 0.458336665625 0.698165484375 0.248722503125 0.69299841875 0.2390860296875 0.6868178625 0.23848612500000002 0.6627589281249999 0.2130356609375 0.6878655328125001 0.1431351640625 0.6866436765625 0.1213410921875 0.6832566625000001 0 0.6773237156249999 0 0.7973652640625
0 0.2461444203125 0.874819740625 0.24595837343750002 0.9123921875000001 0.2555075171875 0.9200742468750001 0.450530284375 0.93550745 0.46251322500000003 0.9357169109375001 0.46703150937500004 0.9267777234375 0.47670215625 0.8292499453125 0.484789503125 0.793318640625 0.48811936562499997 0.7016921390624999 0.46215632500000003 0.7012383078125 0.46475338749999995 0.7253321515625 0.4451842828125 0.8211838765625 0.43693367031249997 0.8255487390624999 0.2416489203125 0.8146200390624999 0.24433330937500003 0.8372123828125 0.2461444203125 0.874819740625
0 0 0.9141063578124999 0.22320369062499998 0.925521690625 0.23241491406249998 0.904640309375 0.242062778125 0.876251421875 0.24224882499999997 0.8386789734375 0.2256716640625 0.8143407578125 0.1301574359375 0.8066590671875 0 0.797263221875 0 0.9141063578124999
0 0.24197544999999998 0.8777529234375001 0.23241491406249998 0.904640309375 0.22302903437500002 0.92852469375 0.043721539062499995 0.9178752749999999 0.04458343125 0.9374297031250001 0.05186204062500001 0.9841508015624999 0.44929629843749996 0.9910979171875001 0.45252744062500005 0.9355423593750001 0.25542018906249997 0.9215757484375 0.2458710453125 0.913893690625 0.24197544999999998 0.8777529234375001
0 0.5673943515625 0.7135990546875 0.5350031984375 0.720548 0.5252680046875 0.7504383890625 0.5244820515625 0.7639519015625 0.538352040625 0.8348366640625 0.9677408078124999 0.8423423421875 0.9739411109375 0.7357357359375001 0.786033690625 0.7354571859375 0.7672847140625 0.7140870640625 0.7588594453125 0.72145493125 0.5673943515625 0.7135990546875
0 0.6001424078125 0.9411287140625 0.6162943203125 0.9384049921875001 0.6580599609375 0.94214110625 0.7081635453125 0.9400108578124999 0.7333748078125 0.8502698703125 0.73007911875 0.8381880359375 0.538352040625 0.8348366640625 0.525791975 0.74142938125 0.503823246875 0.74104536875 0.499969415625 0.8416808781249999 0.49804819375 0.8747139125000001 0.49474111406250004 0.897201525 0.492907221875 0.9287330562499999 0.49229592499999997 0.9392435671875001 0.5102703390625 0.9395577578125 0.6001424078125 0.9411287140625
0 0.7340734328125 0.83825785625 0.7101607015625 0.9400457671875 0.7178000171875001 0.9461914140625 0.93105918125 0.95743430625 0.9276761656250001 0.946853975 0.9666928718750001 0.8603603609375 0.9618366671875 0.8407361109375 0.7340734328125 0.83825785625
0 0.7176253609375001 0.9491944171875 0.7100733734375 0.9415472687499999 0.6580599609375 0.94214110625 0.6123873343749999 0.93683366875 0.6001424078125 0.9411287140625 0.4962029109375 0.9408148875 0.49089867500000006 0.963267590625 0.49316186875 0.9909855562500001 0.895203975 0.9839678859375001 0.9070932968750001 0.9570153843749999 0.7176253609375001 0.9491944171875