0 0.11078935781249999 0.9073693296875 0.2290124984375 0.978412271875 0.3890347609375 0.8797356000000001 0.32557665 0.5384701671875 0.0664428171875 0.5182341140625 0.043429115625 0.5268476484375 0.0449744328125 0.5509595421875 0.055608240625000006 0.6812290625 0.0610821421875 0.6941439593750001 0.11078935781249999 0.9073693296875
0 0.387110790625 0.8497155078124999 0.387653696875 0.8798160296875001 0.22756509062500002 0.9774575249999999 0.1857892578125 0.95287541875 0.18831209375 0.9835879656250001 0.4346250859375 0.9692433312500001 0.41690928437499997 0.8604485921875 0.387110790625 0.8497155078124999
0 0.4660350859375 0.5022361656250001 0.38607814375 0.53079055625 0.0705196671875 0.5169576484375 0.3269577125 0.5383897359375001 0.38283490468750003 0.84788644375 0.418091321875 0.857262634375 0.539654940625 0.7857626421874999 0.4660350859375 0.5022361656250001
0 0.64659860625 0.442885759375 0.6270702296875 0.3328458296875 0.3527148015625 0.3779166859375 0.094720971875 0.3970977390625 0.0942687203125 0.4116706296875 0.04067255 0.4189480875 0.0497373453125 0.51712891875 0.3832496703125 0.529916240625 0.64659860625 0.442885759375
0 0.629699671875 0.33061461875 0.61286708125 0.219378653125 0.33966937812500003 0.21762531406250002 0.09300159999999999 0.2621227515625 0.0949797578125 0.271358903125 0.064662665625 0.2741635328125 0.0959693484375 0.3949469578125 0.367840175 0.37599678281250004 0.629699671875 0.33061461875
0 0.625097634375 0.2155492578125 0.606419571875 0.09714749218749999 0.29682545312499997 0.046600859375 0.07832188749999999 0.1195902265625 0.08497399375 0.1368664953125 0.0640589828125 0.1349674125 0.091554190625 0.26116800625000003 0.3355925234375 0.2189017796875 0.625097634375 0.2155492578125
0 0.05714958437499999 0 0.0460985453125 0.0061334609375 0.0780565109375 0.11544952500000001 0.294063325 0.0467617171875 0.60490581875 0.0951575703125 0.6173354062499999 0.094433703125 0.609289303125 0 0.05714958437499999 0
0 0.5437317953125 0.7844861765625 0.5550456890625 0.7879834406249999 0.656888490625 0.733217528125 0.609906940625 0.45437394375 0.46748249687500004 0.503190909375 0.5437317953125 0.7844861765625
0 0.555112034375 0.7890186171875 0.5436654515625 0.7834510015625 0.41940604062500003 0.8561470296874999 0.43768604218749996 0.9683377406250001 0.6103192015625 0.9582840296875 0.5778603625 0.7762643812500001 0.555112034375 0.7890186171875
0 0.7295962328125001 0.6780702875 0.700978746875 0.42621128906249994 0.609906940625 0.45437394375 0.6518828265625001 0.7200015343749999 0.7295962328125001 0.6780702875
0 0.608321496875 0 0.61325855625 0.09571016875 0.60490581875 0.0951575703125 0.6057019453125 0.1075796796875 0.65074635 0.0966440953125 0.6740917703125 0.09320643906250001 0.8637742749999999 0.1112529203125 0.86174749375 0.0147402921875 0.784208253125 0 0.608321496875 0
0 0.870475003125 0.21580566406249999 0.8625922421875 0.1144388765625 0.6740917703125 0.09320643906250001 0.6083313875 0.10534846875 0.6277934234375 0.2143532234375 0.611353328125 0.21738872968749998 0.6121494546874999 0.22981084062499998 0.6821857203125 0.21949787031249998 0.870475003125 0.21580566406249999
0 0.6794899328125 0.22069390625000002 0.6122157984375 0.23084601562499998 0.6285176390625 0.33380057500000004 0.6869867859375 0.33766875937499996 0.8599395109374999 0.31097180625 0.8567970390624999 0.2186803125 0.6794899328125 0.22069390625000002
0 0.6869204421874999 0.3366335828125 0.6285839828124999 0.33483575 0.6451511984375 0.4419310125 0.7266882375 0.4164017203125 0.834929925 0.396590490625 0.8270593187499999 0.3170428234375 0.6869204421874999 0.3366335828125
0 0.6589871859375 0.7227049140624999 0.6595179359375 0.7309863171875 0.5778603625 0.7762643812500001 0.6088464703125 0.9590971265625001 0.6631709046875 0.9559334109375 0.704869021875 0.9527737171874999 0.6724661171874999 0.7167247375 0.6589871859375 0.7227049140624999
0 0.7614270796875 0.6772555796875 0.73768359375 0.6744821828124999 0.6532638921875 0.719921103125 0.6601692171875 0.7195189546874999 0.6685882984375 0.7211067296875 0.7028640187499999 0.952925646875 0.7183552640624999 0.9517517906249999 0.7827953640625 0.9025217296875001 0.7614270796875 0.6772555796875
0 0.9826431296875 0.2788889203125 0.8784782953124999 0.2974236828125 0.8577623187500001 0.298630128125 0.8613205734375 0.3108913765625 0.8269266296875 0.3149724703125 0.8357138953125001 0.387193478125 0.8718206234375 0.388207834375 0.9882702046875 0.3450597328125 0.9826431296875 0.2788889203125
0 0.87441916875 0.212458846875 0.8540349078125 0.218841171875 0.8549338421874999 0.2977558125 0.8783456078125 0.2953533328125 0.9784335937499999 0.2780950328125 0.9752369312500001 0.20658747968750002 0.894936115625 0.208146875 0.87441916875 0.212458846875
0 0.8611448328125 0.11348412968749999 0.8672484671875 0.2087202921875 0.8962508359375001 0.20703126875 0.9793137843749999 0.20531101562499998 0.9970022578125001 0.200124725 0.9904463734375 0.119461453125 0.890014515625 0.10972475625 0.8611448328125 0.11348412968749999
0 0.8651553406250001 0.11117248906249999 0.8858713203124999 0.10996604531250001 0.9943241921875 0.11507946250000001 0.9863209 0.03346144375 0.882596159375 0.0156041984375 0.8620128687499999 0.018880995312500003 0.8651553406250001 0.11117248906249999
0 0.8092878015625 0.6453751921875 0.7773895890625 0.40721476718750005 0.7005143421875 0.41896505937499995 0.7311099875 0.680060209375 0.8092878015625 0.6453751921875
0 0.8275070234375 0.6484703078125 0.891940528125 0.615624765625 0.87616285 0.3910720734375 0.838409684375 0.3859974453125 0.834929925 0.396590490625 0.7787706562500001 0.4071343359375 0.8121162734375 0.6462495109375 0.8275070234375 0.6484703078125
0 0.7601787015625 0.6794063625 0.780738703125 0.8704312828124999 0.8216277562500001 0.8379178703125 0.7971899312499999 0.6512749375 0.7403793796875 0.6732861453125001 0.7601787015625 0.6794063625
0 0.8745174312499999 0.6249517578125 0.823297484375 0.6476764234375 0.805144603125 0.64561648125 0.7986373421875 0.6522296828124999 0.8231415078125 0.839907790625 0.839714290625 0.8389426328124999 0.891971428125 0.789142540625 0.8745174312499999 0.6249517578125
0 0.8228097890624999 0.8347319125 0.7792249499999999 0.8684413624999999 0.7829822390625 0.8838081390625 0.8056763765625 0.8918378453125 0.8145030734375001 0.9444661453125001 0.8751824546875 0.9398681359375001 0.85635341875 0.8390126531250001 0.8228097890624999 0.8347319125
0 0.7800874203125 0.881898646875 0.7828617078125 0.9035569062500001 0.724407603125 0.951293171875 0.8171102937500001 0.94426858125 0.8069911 0.8907222390625 0.7800874203125 0.881898646875
0 0.8905240203125 0.788187796875 0.8409626687499999 0.836791853125 0.8564861046875001 0.8410830046875001 0.8749321625 0.939887103125 0.9286208406249999 0.9358188171874999 0.9086769 0.7902477359375 0.8905240203125 0.788187796875
0 0.9579419765624999 0.5639852000000001 0.9345535015624999 0.372085959375 0.91771534375 0.3689104140625 0.8785932640624999 0.3857353328125 0.8762291937500001 0.3921072484375 0.8954866296875 0.606066896875 0.9327632390625 0.582076175 0.9322988328124999 0.5748299453125 0.9579419765624999 0.5639852000000001
0 1 0.413244065625 0.9922143671875 0.3417129171875 0.920411128125 0.36771437812499996 0.9386966953125 0.37184467187500003 0.954848128125 0.5589701781249999 1 0.5343473546874999 1 0.413244065625
0 0.8932861515624999 0.7880269359375001 0.9086769 0.7902477359375 0.9581055640624999 0.7395733265625 0.936773746875 0.5797645359375 0.8718216453125001 0.6261477921874999 0.8932861515624999 0.7880269359375001
0 0.958437284375 0.7447492046875 0.9099252765625 0.78809695625 0.9315295203125 0.9355984109375 0.953138034375 0.933961015625 0.9817472593750001 0.9137941515625 0.958437284375 0.7447492046875
0 1 0.6751994531250001 0.982921684375 0.542788696875 0.933945271875 0.57889021875 0.9540950546875001 0.74188496875 1 0.6946015 1 0.6751994531250001
0 1 0.6963630734375 0.9596856609375 0.742598425 0.9809511343749999 0.9013720421875 1 0.866593059375 1 0.6963630734375