0 0.25178124999999996 0.40520833281249996 0.27912499999999996 0.3875 0.27209374999999997 0.38229166718749996 0.1400625 0.3802083328125 0.09709375 0.40729166718750004 0.10490625 0.51875 0.25959374999999996 0.5177083328125 0.25178124999999996 0.40520833281249996
0 0.4463125 0.275 0.44553125 0.2625 0.4681875 0.25625 0.32834375 0.234375 0.27599999999999997 0.265625 0.27209374999999997 0.3802083328125 0.4338125 0.40625 0.44709374999999996 0.3947916671875 0.4463125 0.275
0 0.626 0.390625 0.62365625 0.275 0.65334375 0.25833333281250004 0.6494375 0.246875 0.48224999999999996 0.253125 0.44553125 0.2677083328125 0.45099999999999996 0.4 0.6119375 0.4010416671875 0.626 0.390625
0 0.7970937499999999 0.378125 0.79396875 0.25833333281250004 0.6619375 0.2614583328125 0.626 0.2760416671875 0.6252187499999999 0.39895833281250004 0.7697499999999999 0.39791666718749996 0.7970937499999999 0.378125
0 0.998 0.264 0.835375 0.2697916671875 0.810375 0.296875 0.81428125 0.41875 0.998 0.41333333281250006 0.998 0.264
0 0.82209375 0.421875 0.82365625 0.5458333328125 0.998 0.5386666671875 0.998 0.41333333281250006 0.82209375 0.421875
0 0.998 0.5413333328125 0.8213125 0.5385416671875001 0.8150625 0.5458333328125 0.8166249999999999 0.6677083328125 0.998 0.6746666671875 0.998 0.5413333328125
0 0.998 0.6746666671875 0.8166249999999999 0.6708333328125 0.8166249999999999 0.646875 0.79553125 0.671875 0.79865625 0.8989583328125 0.998 0.9173333328125001 0.998 0.6746666671875
0 0.79475 0.38333333281250004 0.7650625 0.39895833281250004 0.622875 0.403125 0.610375 0.4010416671875 0.6119375 0.5229166671875001 0.760375 0.525 0.7963125 0.49583333281249997 0.79475 0.38333333281250004
0 0.7900625 0.5052083328125 0.7588125 0.5239583328124999 0.61115625 0.525 0.6150625 0.6447916671875 0.75959375 0.6489583328124999 0.7900625 0.6239583328125 0.7900625 0.5052083328125
0 0.79396875 0.6677083328125 0.8025625 0.6520833328125 0.7970937499999999 0.6145833328125 0.7619374999999999 0.653125 0.61896875 0.6489583328124999 0.6213124999999999 0.7677083328125 0.76428125 0.7697916671875 0.791625 0.7395833328125 0.79396875 0.6677083328125
0 0.7931874999999999 0.7427083328124999 0.7650625 0.7697916671875 0.62053125 0.7708333328125 0.622875 0.8958333328125001 0.7681875 0.896875 0.79240625 0.8572916671874999 0.7931874999999999 0.7427083328124999
0 0.616625 0.765625 0.454125 0.7635416671875 0.45646875 0.86875 0.6174062499999999 0.878125 0.616625 0.765625
0 0.45334375 0.65 0.45490624999999996 0.7583333328124999 0.616625 0.7645833328125 0.61271875 0.65 0.45334375 0.65
0 0.6134999999999999 0.6395833328125 0.6088125 0.5270833328125 0.44475 0.5302083328125 0.4463125 0.6447916671875 0.6134999999999999 0.6395833328125
0 0.43928124999999996 0.40416666718750005 0.43224999999999997 0.40833333281249995 0.4369375 0.51875 0.610375 0.5270833328125 0.60725 0.40625 0.43928124999999996 0.40416666718750005
0 0.42209375 0.5260416671875 0.4369375 0.5229166671875001 0.42834374999999997 0.40833333281249995 0.28381249999999997 0.38333333281250004 0.2588125 0.40416666718750005 0.26037499999999997 0.5145833328125 0.42209375 0.5260416671875
0 0.426 0.646875 0.44475 0.6364583328125 0.43771875 0.5229166671875001 0.42990625 0.5270833328125 0.26975 0.5208333328125 0.272875 0.6395833328125 0.426 0.646875
0 0.45021875 0.7604166671875 0.45725 0.7510416671875 0.44553125 0.6385416671875 0.429125 0.6458333328125 0.28225 0.6427083328125 0.28771874999999997 0.75625 0.45021875 0.7604166671875
0 0.45021875 0.7625 0.29084374999999996 0.759375 0.29240625 0.859375 0.454125 0.8729166671874999 0.45021875 0.7625
0 0.27053125 0.51875 0.254125 0.51875 0.10803125 0.5208333328125 0.1150625 0.6333333328124999 0.25646874999999997 0.6322916671875001 0.26740624999999996 0.6260416671875 0.27053125 0.51875
0 0.28381249999999997 0.64375 0.26975 0.63125 0.2588125 0.634375 0.116625 0.6333333328124999 0.12678125 0.7479166671875 0.27365625 0.7520833328125 0.28225 0.7416666671875001 0.28381249999999997 0.64375
0 0.28928125 0.753125 0.28615625 0.7416666671875001 0.272875 0.7520833328125 0.129125 0.75 0.135375 0.8583333328125 0.285375 0.8625 0.2900625 0.853125 0.28928125 0.753125