0 0.8475870171875 0 0.8503360484375 0.0512495359375 0.9827532250000001 0.0240181640625 0.9817739624999999 0 0.8475870171875 0
0 0.781277428125 0 0.7770772109374999 0.0018546875 0.7785654984375 0.0636823921875 0.854498384375 0.052039159375 0.84972608125 0 0.781277428125 0
0 0.9771368546874999 0.1222935578125 0.8954011828124999 0.1435617046875 0.8874437531250001 0.30293834375 0.9769357078124999 0.29463349375000003 0.9771368546874999 0.1222935578125
0 0.9852568703125 0.3467763203125 0.8975312859375 0.347755015625 0.89300341875 0.46462390156250005 0.9952761906250001 0.46589416406249995 0.9852568703125 0.3467763203125
0 0.9832438765625 0.575976528125 0.992430746875 0.5733779671875 0.9932160078125 0.4660140828125 0.8911531015625 0.4698911328125 0.8856178828125 0.5620529203125 0.9832438765625 0.575976528125
0 0.9130420515625 0.7028595859375 0.9771822421874999 0.680551821875 0.9761783953125001 0.6052811484375 0.9024123765625 0.5940963265625 0.889056159375 0.6970324156250001 0.9130420515625 0.7028595859375
0 1 0.6795026171874999 0.9802725140625 0.68037194375 0.9140721421875 0.702799625 0.8942066140625 0.69673261875 0.8918875843749999 0.7918029140625 0.9781406078125 0.805356609375 1 0.792235615625 1 0.6795026171874999
0 1 0.7970199625000001 0.9812308796875 0.8051767312500001 0.8930435921875001 0.7948313437500001 0.886604203125 0.8901414781250001 0.9801937796875 0.90636384375 1 0.8939402390625 1 0.7970199625000001
0 0.3300015265625 0 0.0001114640625 0.0191590640625 0.0015662421875 0.269214221875 0.033105240625 0.26701939375 0.453168796875 0.287972240625 0.456530053125 0 0.3300015265625 0
0 0.45761689843750003 0 0.4543667796875 0.2920301328125 0.7133164843750001 0.31204201249999997 0.72086119375 0.0412435953125 0.6177712734374999 0 0.45761689843750003 0
0 0.6164536 0 0.775475225 0.0638622703125 0.7782470953125 0 0.6164536 0
0 0.7220172046875 0.044272021875 0.7155445578124999 0.31603994375 0.8857385875 0.33709048125 0.89689648125 0.104262253125 0.7220172046875 0.044272021875
0 0.7237013343750001 0.31350134375 0.7163245171875 0.5884176140624999 0.8838515109375 0.5693790765625 0.8951353234375 0.3396392359375 0.7237013343750001 0.31350134375
0 0.45346260625 0.29517847812500003 0.4536287 0.6284743046875 0.713234246875 0.588597490625 0.7217251015625 0.31568018750000004 0.45346260625 0.29517847812500003
0 0.0394028921875 0.7000531546875 0.45156851875 0.6285942234374999 0.44900646093749996 0.287182615625 0.033105240625 0.26701939375 0.00157546875 0.2707999953125 0.0029596906249999997 0.508727534375 0.0092592328125 0.663235125 0.0394028921875 0.7000531546875
0 0.46998243281249996 0.9536045484375 0.719122684375 0.8596459 0.7291473078124999 0.5990221874999999 0.7164084625 0.5904765390625 0.4558148015625 0.631442775 0.45951363125 0.9500862906249999 0.46998243281249996 0.9536045484375
0 0.732237578125 0.5988423093749999 0.722170984375 0.8584365593750001 0.8848028703124999 0.79531101875 0.8881100156249999 0.6991512984375 0.897704390625 0.5799236921875 0.8931223265625 0.5688394421875 0.7164084625 0.5904765390625 0.732237578125 0.5988423093749999
0 0.7242731375 0.8593461031249999 0.7206494421875 0.9730666421875 0.8851736156250001 0.90570333125 0.889953321875 0.7950112203125 0.7242731375 0.8593461031249999
0 0.45963955156249997 0.953174678125 0.46106663281250004 0.9881764000000001 0.7196193515625 0.9731266015625 0.7192066296874999 0.861704825 0.45963955156249997 0.953174678125
0 0.4568448921875 0.631382815625 0.040600874999999995 0.704111046875 0.0094220890625 0.6672294390625 0.022973442187500002 0.9996006984375001 0.35900710468749997 0.991779428125 0.451398828125 0.9536543546875 0.4568448921875 0.631382815625
0 0.458525515625 0.9511757140625001 0.3595039921875 0.9917678625 0.42592561250000005 0.9902218828124999 0.46209672343749997 0.988116440625 0.458525515625 0.9511757140625001