0 0.058161503125 0 0.021171890625000002 0.3078242140625 0.026667025 0.3174152796875 0.18364157812499998 0.3431609046875 0.228182640625 0 0.058161503125 0
0 0 0.6317967390625 0.1575192328125 0.6529931421875 0.183008878125 0.347698278125 0.03004729375 0.3176734390625 0 0.630867409375 0 0.6317967390625
0 0.186389146875 0.3479564375 0.1602668 0.657788678125 0.315759190625 0.66966401875 0.35012424062499997 0.3742183828125 0.186389146875 0.3479564375
0 0.2248746734375 0 0.183008878125 0.347698278125 0.343363703125 0.3737020625 0.39947494687499996 0.0203032 0.288072721875 0 0.2248746734375 0
0 0.39820954375 0.029377948437500002 0.3494915390625 0.37875575625 0.5030858234375 0.40424321875 0.568072475 0.060693584375 0.39820954375 0.029377948437500002
0 0.35223910625 0.3835512890625 0.31850675625 0.6744595515625 0.469353475 0.6951514828125 0.5119612296875 0.4140924453125 0.35223910625 0.3835512890625
0 0.5159742015625 0.4098132328125 0.47210104218750004 0.6999470171875 0.6106920859375 0.7105315609375 0.6680863203125 0.4214304140625 0.5159742015625 0.4098132328125
0 0.6615425453125 0.443859125 0.6094266828125 0.7196063078125 0.747385025 0.7347282265625 0.8136546640625 0.45547630781250004 0.6615425453125 0.443859125
0 0.8149200671875001 0.44640155937500003 0.75076529375 0.7349863859375 0.8832285000000001 0.7405172359375001 0.9630192171875 0.46229795625000003 0.8149200671875001 0.44640155937500003
0 0.8155527687499999 0.44186418437499997 0.956891378125 0.4572442625 0.9932237796875001 0.34163362343750003 0.997100215625 0.11955278750000001 0.8995556328125 0.10893825625 0.8155527687499999 0.44186418437499997
0 0.73835134375 0.0645268171875 0.6625911828125 0.411839346875 0.8140706046874999 0.42799390156249995 0.9020864375000001 0.0907887578125 0.73835134375 0.0645268171875
0 0.5767311187499999 0.04759778125 0.5070987953125 0.39996400625 0.6585782140625 0.4161185609375 0.733705671875 0.0733434046875 0.5767311187499999 0.04759778125
0 0.8318917593749999 0.7411822156250001 0.7169626 0.732404790625 0.66873539375 0.968040165625 0.8003919203125 0.9619081640625 0.8485939265625 0.7929004484375 0.8318917593749999 0.7411822156250001
0 0.696680984375 0.73085583125 0.6054137125 0.723885521875 0.606679115625 0.7148107734375 0.576256690625 0.7124873375 0.5364756140625 0.9742002640624999 0.66851935 0.968050228125 0.710418825 0.7548335015625 0.696680984375 0.73085583125
0 0.5701288531250001 0.7074336453125001 0.44569159062499997 0.693344365625 0.4064641046875 0.9746615609375 0.45196362343749996 0.9781364734375 0.533184490625 0.97435355 0.5724604828125 0.7397115828125 0.5701288531250001 0.7074336453125001
0 0.25773225312500003 0.9633025390625001 0.4064641046875 0.9746615609375 0.44632429062499995 0.6888069921875 0.3089986515625 0.6691477 0.297176503125 0.7049303734375 0.25773225312500003 0.9633025390625001
0 0.1636470703125 0.6580468359375 0.1518249203125 0.693829509375 0.12843255468749998 0.9350848171875 0.25223711875 0.9537114703125 0.297176503125 0.7049303734375 0.30836595 0.6736850750000001 0.1636470703125 0.6580468359375
0 0 0.9206904078125 0.1223047171875 0.9300311234375 0.1518249203125 0.693829509375 0.16301436875 0.6625842109375 0.029701699999999998 0.6386457046875 0.0049911734375 0.668858365625 0 0.7551923140625 0 0.9206904078125