0 0.10600000000000001 0.1201201203125 0.10200000000000001 0.22522522500000003 0.20800000000000002 0.23123123125 0.21000000000000002 0.1321321328125 0.10600000000000001 0.1201201203125
0 0.21000000000000002 0.1321321328125 0.20800000000000002 0.234234234375 0.306 0.240240240625 0.306 0.14414414375 0.21000000000000002 0.1321321328125
0 0.308 0.14414414375 0.306 0.2612612609375 0.404 0.2672672671875 0.40199999999999997 0.15015015 0.308 0.14414414375
0 0.40199999999999997 0.15615615625 0.404 0.2672672671875 0.49400000000000005 0.27327327343749996 0.492 0.16216216249999998 0.40199999999999997 0.15615615625
0 0.5820000000000001 0.1741741734375 0.502 0.16216216249999998 0.49400000000000005 0.171171171875 0.49400000000000005 0.27327327343749996 0.584 0.2792792796875 0.5820000000000001 0.1741741734375
0 0.666 0.1801801796875 0.5820000000000001 0.1741741734375 0.584 0.2792792796875 0.666 0.2852852859375 0.666 0.1801801796875
0 0.742 0.1861861859375 0.666 0.1801801796875 0.666 0.2852852859375 0.742 0.2882882890625 0.742 0.1861861859375
0 0.82 0.1951951953125 0.742 0.18918918906249999 0.742 0.2882882890625 0.82 0.297297296875 0.82 0.1951951953125
0 0.8880000000000001 0.2102102109375 0.82 0.2012012015625 0.8220000000000001 0.297297296875 0.89 0.30630630625 0.8880000000000001 0.2102102109375
0 0.608 0.2822822828125 0.514 0.2762762765625 0.514 0.41741741718750003 0.61 0.41741741718750003 0.608 0.2822822828125
0 0.696 0.2882882890625 0.608 0.2792792796875 0.61 0.41741741718750003 0.6980000000000001 0.42042042031250004 0.696 0.2882882890625
0 0.782 0.29429429375 0.696 0.2882882890625 0.6980000000000001 0.42042042031250004 0.782 0.41741741718750003 0.782 0.29429429375
0 0.782 0.42042042031250004 0.8619999999999999 0.4234234234375 0.8619999999999999 0.303303303125 0.782 0.29429429375 0.782 0.42042042031250004
0 0.9339999999999999 0.309309309375 0.8619999999999999 0.303303303125 0.8619999999999999 0.4264264265625 0.9339999999999999 0.4294294296875 0.9339999999999999 0.309309309375
0 0.516 0.27327327343749996 0.41200000000000003 0.2672672671875 0.414 0.40540540468749997 0.42400000000000004 0.41141141093750005 0.514 0.41741741718750003 0.516 0.27327327343749996
0 0.304 0.402402403125 0.414 0.40540540468749997 0.414 0.2672672671875 0.306 0.2612612609375 0.304 0.402402403125
0 0.184 0.39939939999999996 0.304 0.402402403125 0.306 0.240240240625 0.188 0.23123123125 0.184 0.39939939999999996
0 0.054000000000000006 0.396396396875 0.182 0.39939939999999996 0.188 0.23123123125 0.057999999999999996 0.21921921875 0.054000000000000006 0.396396396875
0 0.18 0.5765765765624999 0.184 0.402402403125 0.052000000000000005 0.39939939999999996 0.05 0.5795795796875 0.172 0.5765765765624999 0.18 0.5765765765624999
0 0.306 0.40540540468749997 0.186 0.402402403125 0.18 0.5765765765624999 0.304 0.5735735734375 0.306 0.40540540468749997
0 0.306 0.402402403125 0.304 0.5735735734375 0.418 0.5705705703125 0.422 0.4084084078125 0.306 0.402402403125
0 0.422 0.4144144140625 0.42000000000000004 0.5735735734375 0.526 0.5735735734375 0.528 0.41741741718750003 0.422 0.4144144140625
0 0.528 0.41741741718750003 0.526 0.5735735734375 0.628 0.5735735734375 0.628 0.42042042031250004 0.528 0.41741741718750003
0 0.63 0.42042042031250004 0.63 0.5765765765624999 0.722 0.5735735734375 0.722 0.42042042031250004 0.63 0.42042042031250004
0 0.722 0.42042042031250004 0.722 0.5735735734375 0.8119999999999999 0.5675675671875 0.8119999999999999 0.42042042031250004 0.722 0.42042042031250004
0 0.8960000000000001 0.4294294296875 0.8119999999999999 0.42042042031250004 0.8119999999999999 0.5675675671875 0.8939999999999999 0.5675675671875 0.8960000000000001 0.4294294296875
0 0.978 0.4294294296875 0.8960000000000001 0.4264264265625 0.8939999999999999 0.5675675671875 0.978 0.5675675671875 0.978 0.4294294296875
0 0.9 0.5675675671875 0.9 0.7057057062500001 0.984 0.702702703125 0.984 0.5675675671875 0.9 0.5675675671875
0 0.9 0.708708709375 0.9 0.84984985 0.982 0.84384384375 0.986 0.702702703125 0.9 0.708708709375
0 0.8160000000000001 0.7117117109375 0.9 0.708708709375 0.898 0.5675675671875 0.818 0.5675675671875 0.8160000000000001 0.7117117109375
0 0.726 0.7207207203125 0.8160000000000001 0.7147147140625 0.818 0.5675675671875 0.728 0.5735735734375 0.726 0.7207207203125
0 0.9 0.708708709375 0.8160000000000001 0.7147147140625 0.8140000000000001 0.8618618625 0.9 0.852852853125 0.9 0.708708709375
0 0.8160000000000001 0.7147147140625 0.724 0.7207207203125 0.728 0.8708708703125 0.8140000000000001 0.858858859375 0.8160000000000001 0.7147147140625
0 0.726 0.8738738734375 0.724 0.7207207203125 0.632 0.7267267265624999 0.63 0.8828828828124999 0.726 0.8738738734375
0 0.632 0.7267267265624999 0.726 0.7207207203125 0.726 0.5735735734375 0.63 0.5765765765624999 0.632 0.7267267265624999
0 0.528 0.5735735734375 0.528 0.7327327328125001 0.632 0.7297297296874999 0.63 0.5765765765624999 0.528 0.5735735734375
0 0.53 0.7357357359375001 0.528 0.8978978984375001 0.628 0.8858858859375 0.63 0.7297297296874999 0.53 0.7357357359375001
0 0.422 0.7417417421875 0.42000000000000004 0.90690690625 0.528 0.8978978984375001 0.53 0.7357357359375001 0.422 0.7417417421875
0 0.42000000000000004 0.7417417421875 0.526 0.7357357359375001 0.528 0.5735735734375 0.42000000000000004 0.5735735734375 0.42000000000000004 0.7417417421875
0 0.306 0.5735735734375 0.306 0.7477477484375 0.42000000000000004 0.7447447453125 0.42000000000000004 0.5705705703125 0.306 0.5735735734375
0 0.42000000000000004 0.7447447453125 0.304 0.75075075 0.304 0.921921921875 0.42000000000000004 0.9129129125000001 0.42000000000000004 0.7447447453125
0 0.302 0.75075075 0.184 0.753753753125 0.182 0.93093093125 0.304 0.921921921875 0.302 0.75075075
0 0.182 0.753753753125 0.304 0.75075075 0.306 0.5735735734375 0.184 0.5765765765624999 0.182 0.753753753125
0 0.05 0.7627627625 0.18 0.753753753125 0.182 0.5795795796875 0.052000000000000005 0.5825825828125 0.05 0.7627627625
0 0.182 0.753753753125 0.054000000000000006 0.765765765625 0.052000000000000005 0.9459459453125 0.062 0.9489489484375 0.182 0.9369369375 0.182 0.753753753125