0 0.0737398765625 0 0.0566641765625 0.07193263125 0.131113409375 0.07707545 0.1371574484375 0 0.0737398765625 0
0 0.13865884687500002 0 0.1343022625 0.0804193078125 0.273451540625 0.0898312609375 0.2852114640625 0 0.13865884687500002 0
0 0.283919928125 0 0.273451540625 0.0898312609375 0.3026991015625 0.0924523171875 0.3147026515625 0 0.283919928125 0
0 0.31493557656250004 0 0.30285220625 0.133750196875 0.5783173171875 0.14773305 0.606752440625 0 0.31493557656250004 0
0 0.632351365625 0 0.5912553593750001 0.1519505953125 0.8645880078125 0.1749166015625 0.923712978125 0 0.632351365625 0
0 0.9337147328125001 0 0.869015878125 0.1814295828125 0.978768940625 0.1901643875 0.9940443546875001 0.0030328453125 0.9602017796875 0 0.9337147328125001 0
0 0.125263896875 0.0765512390625 0.0566641765625 0.07193263125 0.022016579687500003 0.20949959062499998 0.11241008125 0.2313617046875 0.125263896875 0.0765512390625
0 0.1265029140625 0.0797203609375 0.11276549218750001 0.2298645125 0.24925411249999999 0.2420961125 0.26724661875 0.0908042421875 0.1265029140625 0.0797203609375
0 0.2668912078125 0.092301434375 0.25279837656250004 0.243942778125 0.283995775 0.246738571875 0.3065987765625 0.09280179375 0.2668912078125 0.092301434375
0 0 0.360401434375 0.0001243984375 0.3604419859375 0.022081125 0.4021647828125 0.100276928125 0.366359196875 0.10656057031249999 0.23083749375 0.0239664171875 0.20967432812500003 0 0.30516849218750003 0 0.360401434375
0 0.11046024375 0.23118696718749998 0.10151594374999999 0.3695283171875 0.2305606234375 0.3795637765625 0.249609521875 0.2405989203125 0.11046024375 0.23118696718749998
0 0.247659684375 0.2404241828125 0.228966196875 0.377891846875 0.2679629453125 0.381386590625 0.2859456125 0.246913309375 0.247659684375 0.2404241828125
0 0.2989525328125 0.13340072187500002 0.261911128125 0.42365745 0.512911959375 0.44003503437499997 0.5740622328125 0.14888076875 0.2989525328125 0.13340072187500002
0 0.588239290625 0.1562674359375 0.51911688125 0.43906205312499996 0.769762303125 0.4569368296875 0.8681322734375 0.1767632671875 0.588239290625 0.1562674359375
0 0.7702904984375001 0.4631003359375 0.928227328125 0.47725404375 0.9623553499999999 0.3912391796875 0.9788578796875 0.18907484375 0.869015878125 0.1814295828125 0.7702904984375001 0.4631003359375
0 0.01162111875 0.4042854828125 0.0023115671875 0.5609426140625 0.0840614734375 0.5101651046875 0.09797167968750001 0.3676816515625 0.01162111875 0.4042854828125
0 0.2147301 0.471416721875 0.2286107875 0.3793890390625 0.09566643281250001 0.36900410625 0.0883264 0.4921987953125 0.19432844062500002 0.49864021718749996 0.2147301 0.471416721875
0 0.2225294484375 0.47211567031249996 0.21311599375 0.503381971875 0.2404137171875 0.5058282921874999 0.269557371875 0.3830585203125 0.227016359375 0.3777171109375 0.2134910828125 0.4682476015625 0.2225294484375 0.47211567031249996
0 0 0.675118834375 0.07070898125 0.60835629375 0.0837060625 0.511662296875 0.00107255 0.5577734921874999 0 0.5658645703125 0 0.675118834375
0 0.07070898125 0.60835629375 0.1536683859375 0.611203675 0.16504151875 0.5632935203125 0.20690123124999998 0.52117354375 0.21951338125 0.4764325109375 0.186701875 0.5056019671875001 0.0860211515625 0.49352125312500006 0.07070898125 0.60835629375
0 0.21318053906249998 0.696047165625 0.24111469687499998 0.5196525000000001 0.207256640625 0.5196763515625 0.16929660468750002 0.5621458015624999 0.1500749203125 0.6934499609375 0.21318053906249998 0.696047165625
0 0.2603167015625 0.42198552031250003 0.21940514218749999 0.661437003125 0.4528574359375 0.6762419515625 0.5038735921875 0.4361669640625 0.2603167015625 0.42198552031250003
0 0.5132673703124999 0.4385378421875 0.45551809375 0.67342230625 0.6868379265625 0.6972104078125 0.7694068921875 0.45843402343750006 0.5132673703124999 0.4385378421875
0 0.8332485171874999 0.71797639375 0.8442564000000001 0.6883820203125001 0.853131821875 0.6677708015625 0.926277490625 0.47707930625 0.768696071875 0.46142840625000003 0.6907376000000001 0.6975598828125 0.8332485171874999 0.71797639375
0 0.2190497328125 0.66293419375 0.1861398265625 0.86028955625 0.4022163703125 0.8811825687500001 0.44665251406250006 0.6772149328125 0.2190497328125 0.66293419375
0 0.45711252187499996 0.675094234375 0.40611604375 0.8815320421875 0.6244978359375 0.9011026015624999 0.6907376000000001 0.6975598828125 0.45711252187499996 0.675094234375
0 0.6907376000000001 0.6975598828125 0.624142425 0.9025997953125 0.7613418640625 0.9118370109375 0.8375036031249999 0.716828675 0.6907376000000001 0.6975598828125
0 0.17957949374999999 0.8627597281250001 0.1690702875 0.948973378125 0.3761084625 0.965998321875 0.397961284375 0.8823302875 0.17957949374999999 0.8627597281250001
0 0.401860959375 0.8826797609374999 0.375753053125 0.9674955140625 0.379170965625 0.9677777078125 0.6035262125 0.9520892609375 0.6209535703125 0.8992559359375001 0.401860959375 0.8826797609374999
0 0.6202427484374999 0.9022503203125 0.604867278125 0.951995484375 0.7521097140624999 0.941699290625 0.7632917015625 0.9120117484374999 0.6202427484374999 0.9022503203125