0 0 0.23988005937499998 0.094 0.24137931093749998 0.08399999999999999 0.0584707640625 0 0.0584707640625 0 0.238380809375 0 0.23988005937499998
0 0.33199999999999996 0.0479760125 0.086 0.0584707640625 0.096 0.24437781093750002 0.33399999999999996 0.260869565625 0.5660000000000001 0.25787106406250004 0.5780000000000001 0.09295352343749999 0.33199999999999996 0.0479760125
0 0 0.4017991 0.098 0.410794603125 0.094 0.24287856093750002 0 0.24137931093749998 0 0.4017991
0 0.32999999999999996 0.2593703140625 0.096 0.24437781093750002 0.10400000000000001 0.42128935468749995 0.32999999999999996 0.45427286406249995 0.562 0.4077961015625 0.5660000000000001 0.260869565625 0.32999999999999996 0.2593703140625
0 0.5519999999999999 0.5457271359375 0.558 0.410794603125 0.33799999999999997 0.4572713640625 0.11200000000000002 0.42428785625 0.118 0.5712143921874999 0.34199999999999997 0.62518740625 0.5519999999999999 0.5457271359375
0 0 0.40329835156250005 0.002 0.5427286359375 0.11599999999999999 0.5682158921875 0.10800000000000001 0.42278860625 0.096 0.4167916046875 0 0.40329835156250005
0 0.544 0.67466266875 0.544 0.5487256375 0.348 0.6281859078124999 0.12 0.5742128937500001 0.11599999999999999 0.7091454265625 0.32 0.7841079453125 0.544 0.67466266875
0 0 0.6671664171875 0.11000000000000001 0.7076461765625 0.11200000000000002 0.5712143921874999 0 0.5427286359375 0 0.6671664171875
0 0.134 0.7181409296875 0.002 0.6716641671875 0 0.7826086953125 0.13799999999999998 0.839580209375 0.134 0.7181409296875
0 0.544 0.7931034484375 0.544 0.67466266875 0.32599999999999996 0.785607196875 0.13999999999999999 0.7211394296875 0.144 0.839580209375 0.33599999999999997 0.9310344828125 0.544 0.7931034484375
0 0.15 0.9535232390624999 0.236 0.99850075 0.40199999999999997 1 0.534 0.9070464765624999 0.542 0.7976012 0.33799999999999997 0.9295352328125001 0.144 0.8425787109374999 0.15 0.9535232390624999
0 0 0.886056971875 0.148 0.9565217390624999 0.146 0.8440779609375 0 0.7841079453125 0 0.886056971875
0 0.576 0.1409295359375 0.5660000000000001 0.3673163421875 0.6980000000000001 0.37481259375 0.722 0.137931034375 0.702 0.134932534375 0.576 0.1409295359375
0 1 0.12293853125000001 0.72 0.137931034375 0.702 0.37481259375 1 0.40329835156250005 1 0.12293853125000001
0 0.992 0.614692653125 1 0.4077961015625 0.708 0.3793103453125 0.682 0.589205396875 0.96 0.6476761625 0.992 0.614692653125
0 0.6799999999999999 0.584707646875 0.704 0.37781109375 0.5660000000000001 0.3688155921875 0.554 0.5442278859375 0.548 0.562218890625 0.6799999999999999 0.584707646875
0 0.9560000000000001 0.836581709375 0.982 0.6671664171875 0.992 0.6161919046875 0.968 0.6476761625 0.706 0.5982008999999999 0.682 0.77511244375 0.9339999999999999 0.8485757125 0.9560000000000001 0.836581709375
0 0.6839999999999999 0.5937031484374999 0.6799999999999999 0.5817091453125001 0.548 0.565217390625 0.544 0.736131934375 0.6719999999999999 0.77211394375 0.6839999999999999 0.761619190625 0.704 0.60269865 0.6839999999999999 0.5937031484374999
0 0.686 0.77811094375 0.544 0.736131934375 0.54 0.901049475 0.658 0.9490254874999999 0.686 0.77811094375
0 0.9179999999999999 0.99850075 0.96 0.8410794609375 0.9359999999999999 0.8515742124999999 0.688 0.7796101953125001 0.662 0.9475262375 0.788 0.99850075 0.9179999999999999 0.99850075
0 1 0.698650675 0.984 0.6956521734375001 0.958 0.8200899546875 1 0.8290854578125 1 0.698650675
0 1 0.5967016484375 0.982 0.6956521734375001 1 0.698650675 1 0.5967016484375
0 1 0.8290854578125 0.96 0.8215892046875 0.9380000000000001 0.9310344828125 1 0.9520239875 1 0.8290854578125
0 1 0.9505247375 0.9359999999999999 0.9340329828125 0.914 1 1 1 1 0.9505247375