0 0.522412371875 0.0041237125 0.522412371875 0.0226804125 0.8203505156249999 0.0505154640625 0.8275670093749999 0.001030928125 0.522412371875 0.0041237125
0 0.998 0.08199999999999999 0.998 0.002 0.831690721875 0.001030928125 0.8244742265625 0.0484536078125 0.93065979375 0.058762885937499995 0.931690721875 0.076288659375 0.998 0.08199999999999999
0 0.93478350625 0.07835051562499999 0.9151958765625 0.30206185625000004 0.998 0.302 0.998 0.086 0.93478350625 0.07835051562499999
0 0.9285979375 0.06391752656250001 0.7131340203125001 0.0422680421875 0.6780824734374999 0.045360823437499996 0.6605567015625 0.29793814375 0.9121030921875001 0.30618556875 0.9337525781249999 0.0773195875 0.9285979375 0.06391752656250001
0 0.918288659375 0.308247421875 0.652309278125 0.3 0.63581443125 0.5288659796874999 0.6770515453125 0.5546391765625 0.9048865984375001 0.5474226796874999 0.918288659375 0.308247421875
0 0.998 0.306 0.91725773125 0.303092784375 0.9048865984375001 0.5175257734375001 0.998 0.518 0.998 0.306
0 0.909010309375 0.5185567015625 0.8956082484375001 0.719587628125 0.998 0.718 0.998 0.518 0.909010309375 0.5185567015625
0 0.8914845359375001 0.719587628125 0.8791134015625 0.912371134375 0.998 0.9119999999999999 0.998 0.718 0.8914845359375001 0.719587628125
0 0.6739587625000001 0.7907216499999999 0.8873608234375 0.7711340203125 0.8914845359375001 0.72061855625 0.9059175265625001 0.5515463921875 0.674989690625 0.5546391765625 0.633752578125 0.532989690625 0.633752578125 0.5556701046875 0.6605567015625 0.5680412375 0.65334020625 0.7690721640625 0.6739587625000001 0.7907216499999999
0 0.643030928125 0.9979381437500001 0.8718969078125 0.9969072156250001 0.8842680421875 0.7742268046875 0.6718969078125 0.791752578125 0.65127835 0.7721649484374999 0.64921649375 0.819587628125 0.642 0.82061855625 0.629628865625 0.99072165 0.643030928125 0.9979381437500001
0 0.365711340625 0.8350515453125 0.365711340625 0.9979381437500001 0.627567009375 0.9958762875 0.638907215625 0.82061855625 0.365711340625 0.8350515453125
0 0.3729278359375 0.567010309375 0.3729278359375 0.5721649484375 0.3822061859375 0.5804123718749999 0.3791134015625 0.8309278359375 0.6471546406249999 0.8164948453124999 0.65334020625 0.5690721640625 0.3729278359375 0.567010309375
0 0.4059175265625 0.2958762875 0.37705154531249996 0.3041237125 0.37602061875000004 0.5628865984375 0.6327216499999999 0.5639175265625 0.650247421875 0.3041237125 0.4059175265625 0.2958762875
0 0.409010309375 0.0164948453125 0.4059175265625 0.29278350625 0.6595257734375 0.30206185625000004 0.6770515453125 0.0360824734375 0.409010309375 0.0164948453125
0 0.0605567015625 0.005154640625 0.0584948453125 0.29278350625 0.14406185625 0.312371134375 0.3791134015625 0.303092784375 0.4059175265625 0.29278350625 0.40797938125 0.0175257734375 0.145092784375 0.00206185625 0.0605567015625 0.005154640625
0 0 0.282 0.0554020625 0.28453608125 0.061587628125 0.008247421874999999 0 0.016 0 0.282
0 0.145092784375 0.31340206249999997 0.1028247421875 0.308247421875 0.0801443296875 0.308247421875 0.07911340156249999 0.58865979375 0.374989690625 0.5865979375 0.3739587625 0.30618556875 0.145092784375 0.31340206249999997
0 0.3791134015625 0.589690721875 0.0801443296875 0.591752578125 0.0811752578125 0.8226804124999999 0.1028247421875 0.8597938140625001 0.3791134015625 0.8371134015624999 0.3791134015625 0.589690721875
0 0.10385567031250001 0.8587628859375 0.0780824734375 0.82474226875 0.0780824734375 0.8402061859375 0.0852989703125 0.994845359375 0.361587628125 0.9969072156250001 0.36261855625 0.8412371140625 0.10385567031250001 0.8587628859375
0 0 0.534 0.0739587625 0.5432989703125 0.0801443296875 0.30927835 0.10488659843749999 0.305154640625 0.056432990625 0.291752578125 0.052309278125000004 0.285567009375 0 0.282 0 0.534
0 0 0.9460000000000001 0.0595257734375 0.9371134015625 0.0770515453125 0.8443298953125 0.0822061859375 0.8257731953125 0.0739587625 0.5453608234375 0 0.536 0 0.9460000000000001
0 0 0.998 0.0883917515625 0.9979381437500001 0.07911340156249999 0.8360824734375001 0.0605567015625 0.9371134015625 0 0.9460000000000001 0 0.998