0 0.076295384375 0.0497092796875 0.064193453125 0.1999856 0.0887350359375 0.34285942187499996 0.3345125328125 0.3820856546875 0.3304948765625 0.08930794375 0.38283144999999996 0.0501169375 0.1533430734375 0.006326176562499999 0.076295384375 0.0497092796875
0 0.34189392343749997 0.38228316875 0.5965511578125 0.4282181125 0.627747828125 0.1319705625 0.6306901609375 0.0896930015625 0.389560815625 0.0460319609375 0.334657303125 0.09000760625000001 0.34189392343749997 0.38228316875
0 0.6018513359375001 0.4280657953125 0.8534838921875 0.47244909531249996 0.9334919390625 0.185449459375 0.8796866187499999 0.1284170875 0.6343948515625 0.084056384375 0.6389030703125 0.1369753125 0.6018513359375001 0.4280657953125
0 1 0.143651734375 0.8871651578125 0.1275877078125 0.940970475 0.1846200828125 0.8638899609375 0.47419825 1 0.5009024734375 1 0.143651734375
0 1 0.501955975 0.8499734906249999 0.47603192656250004 0.7996457453125 0.6616117906250001 0.8044733859375001 0.6999792874999999 1 0.7397207484375 1 0.501955975
0 0.84363270625 0.47600932656249995 0.593789928125 0.43505653750000006 0.56649385 0.6453722453124999 0.7838835265624999 0.6829564453125 0.84363270625 0.47600932656249995
0 0.5820798046875 0.42474240312499995 0.3374400640625 0.3846641890625 0.3439011390625 0.6069134671875 0.56308059375 0.6479281796875 0.5820798046875 0.42474240312499995
0 0.3321398828125 0.38481650625 0.0852246375 0.34644225 0.12498513124999999 0.57428881875 0.338115234375 0.6122002531249999 0.3321398828125 0.38481650625
0 0.0840868859375 0.34729423125 0.0482245453125 0.3401811859375 0.037243825 0.456255671875 0.0453502203125 0.5555631265625001 0.11942150468749999 0.5660510703125 0.0840868859375 0.34729423125
0 0.083143425 0.3460924203125 0.061280807812500004 0.2021666640625 0.04859758125 0.3362379140625 0.083143425 0.3460924203125
0 1 0.743533590625 0.8093849843750001 0.7039345453125 0.7961353453125 0.66519461875 0.7511769375 0.8610660171875001 0.7515375296875 0.8684291875 0.9581325578125 0.9083718109375001 1 0.79934935625 1 0.743533590625
0 0.7830372078125001 0.68072774375 0.566299559375 0.6474260328125 0.5433470093749999 0.823002265625 0.74473900625 0.8620703140625 0.7830372078125001 0.68072774375
0 0.756546275 0.871357553125 0.7254591359375 0.9962543078125 0.928732953125 0.9950716953125 0.95888173125 0.9116274093750001 0.756546275 0.871357553125
0 0.547315146875 0.8257557171875 0.5362538234375 0.9762069484375001 0.6706838109375 0.9965729812499999 0.7266909625 0.996247140625 0.7537158890625 0.8677521265625 0.547315146875 0.8257557171875
0 0.5312483078125 0.8167957093749999 0.3414001328125 0.7786248375 0.3489725859375 0.9332514421875 0.525001440625 0.9722290953125 0.5312483078125 0.8167957093749999
0 0.5617485546875 0.6508339453125 0.3466343796875 0.6115457875 0.3412058421875 0.7806786234375 0.5341758390625 0.819374240625 0.5617485546875 0.6508339453125
0 0.33470198125 0.6147561875 0.12157187656249999 0.5768447531249999 0.146709515625 0.746942559375 0.3365576921875 0.78511343125 0.33470198125 0.6147561875
0 0.3396795125 0.7856381765625 0.142352796875 0.7482966859375 0.16839272656249998 0.8976817015625 0.3454621875 0.9368342703125 0.3396795125 0.7856381765625
0 0.11477335156249999 0.5704858749999999 0.045408204687499995 0.5562734578125 0.059434248437500004 0.7280995906250001 0.1356514203125 0.7409109171875 0.11477335156249999 0.5704858749999999
0 0.1395224125 0.7446912593749999 0.05934858125 0.7270501265625 0.0698741015625 0.855993059375 0.15879180312500002 0.8762466515625 0.1395224125 0.7446912593749999