0 0.1134402828125 0 0.0904576859375 0.0807671375 0.3633151734375 0.136504565625 0.4047687 0 0.1134402828125 0
0 0.4061960765625 0 0.3688291921875 0.13131746875 0.73359185625 0.1975558328125 0.8015465234375 0 0.4061960765625 0
0 0.8035741703125 0 0.726057003125 0.22403537343750002 0.7386584203125001 0.22941790625 0.991434828125 0.2805060203125 0.9972922375 0.0288478421875 0.8384324031249999 0 0.8035741703125 0
0 0.014271939062499999 0.3485047265625 0.28545501562500003 0.4101264953125 0.3633151734375 0.136504565625 0.0904576859375 0.0807671375 0.014271939062499999 0.3485047265625
0 0.36498958593749997 0.130620221875 0.28545501562500003 0.4101264953125 0.649380471875 0.47930703281250003 0.73359185625 0.1975558328125 0.36498958593749997 0.130620221875
0 0.6462770390625 0.497308684375 0.9632900093749999 0.5610644375 0.9868302484375 0.4783375859375 0.9914227531250001 0.2810248015625 0.7263023937499999 0.23026834062499998 0.6462770390625 0.497308684375
0 0 0.629583415625 0.21202627812500002 0.6752705375 0.28545501562500003 0.4101264953125 0.014271939062499999 0.3485047265625 0 0.39866023125 0 0.629583415625
0 0.28545501562500003 0.4101264953125 0.21202627812500002 0.6752705375 0.5638411 0.751534471875 0.645540865625 0.47860978593750003 0.28545501562500003 0.4101264953125
0 0.6396804234375 0.49920498750000003 0.5604922765625 0.7633031578125 0.8876960765625 0.8196268906249999 0.9632900093749999 0.5610644375 0.6396804234375 0.49920498750000003
0 0 0.7976665484375001 0.1608123515625 0.8268689531250001 0.2062668671875 0.6742246671875 0 0.6296284703125 0 0.7976665484375001
0 0.20434706406249997 0.6738760453125 0.1608123515625 0.8268689531250001 0.51405619375 0.8910155796874999 0.5553246796875 0.75308215 0.20434706406249997 0.6738760453125
0 0.554732865625 0.7622572890625 0.51405619375 0.8910155796874999 0.7443728859375 0.932839490625 0.8599258656250001 0.9227299140625 0.8876960765625 0.8196268906249999 0.554732865625 0.7622572890625