0 0 0.172 0.158810809375 0.2086486484375 0.18259459375 0.1978378375 0.167459459375 0.0032432437500000003 0 0.002 0 0.172
0 0.22475675625 0.0032432437500000003 0.167459459375 0.00540540625 0.18259459375 0.20648648593750002 0.3793513515625 0.24972972968749999 0.35340540625 0.0648648640625 0.22475675625 0.0032432437500000003
0 0.3544864859375 0.0659459453125 0.3458378375 0.0021621624999999998 0.22799999999999998 0.0032432437500000003 0.3544864859375 0.0659459453125
0 0.34691891875 0.0064864859375 0.360972971875 0.1264864859375 0.47448648593750004 0.1481081078125 0.45502702812500007 0.00540540625 0.34691891875 0.0064864859375
0 0.5339459453125001 0.0032432437500000003 0.5934054062499999 0.0518918921875 0.617189190625 0.03675675625 0.6139459453125 0.0010810812499999999 0.5339459453125001 0.0032432437500000003
0 0.58691891875 0.04540540625 0.528540540625 0.0021621624999999998 0.457189190625 0.0021621624999999998 0.47448648593750004 0.147027028125 0.5934054062499999 0.17945945937500002 0.58691891875 0.04540540625
0 0.617189190625 0.0021621624999999998 0.617189190625 0.04108108125 0.6507027015625 0.063783784375 0.6582702703125001 0.0021621624999999998 0.617189190625 0.0021621624999999998
0 0.6982702703125 0.1578378375 0.9739459453125001 0.10810810781249999 0.98043243125 0.0378378375 0.964216215625 0.0118918921875 0.9436756765625001 0.0032432437500000003 0.7501621625 0 0.6507027015625 0.028108107812499998 0.644216215625 0.15459459375 0.697189190625 0.172972971875 0.6982702703125 0.1578378375
0 0.9350270281249999 0.23243243125 0.9339459453125001 0.2702702703125 0.9577297296875 0.269189190625 0.998 0.288 0.998 0.122 0.9717837843750001 0.1048648640625 0.6961081078125 0.1556756765625 0.6982702703125 0.1772972984375 0.806378378125 0.2248648640625 0.8636756765625 0.21297297187500003 0.9350270281249999 0.23243243125
0 0.648540540625 0.06270270156249999 0.6161081078125 0.03675675625 0.5934054062499999 0.0486486484375 0.5923243234375 0.1848648640625 0.644216215625 0.1935135140625 0.648540540625 0.06270270156249999
0 0.158810809375 0.20972972968749998 0.000972971875 0.1697297296875 0.004216215625 0.43243243124999997 0.16529729843750002 0.4335135140625 0.158810809375 0.20972972968749998
0 0.15772972968750001 0.20648648593750002 0.164216215625 0.43459459375 0.3782702703125 0.43243243124999997 0.358810809375 0.24324324375 0.15772972968750001 0.20648648593750002
0 0.360972971875 0.25837837812500003 0.404216215625 0.2702702703125 0.40529729843749995 0.25729729843750004 0.47340540625000005 0.24108108125 0.47448648593750004 0.147027028125 0.358810809375 0.1221621625 0.37610810781250004 0.24432432343750002 0.3620540546875 0.24216216250000003 0.360972971875 0.25837837812500003
0 0.5934054062499999 0.180540540625 0.47124324375000004 0.1459459453125 0.47340540625000005 0.2378378375 0.5923243234375 0.2043243234375 0.5934054062499999 0.180540540625
0 0.5934054062499999 0.180540540625 0.5934054062499999 0.20324324374999997 0.640972971875 0.1913513515625 0.5934054062499999 0.180540540625
0 0.8139459453125 0.416216215625 0.808540540625 0.22702702812500003 0.6939459453125 0.181621621875 0.404216215625 0.2627027015625 0.41070270156250005 0.43891891875000005 0.6939459453125 0.40324324375 0.8139459453125 0.416216215625
0 0.9328648640624999 0.23243243125 0.8625945937499999 0.2151351359375 0.811783784375 0.22702702812500003 0.817189190625 0.40756756875000005 0.9296216218750001 0.4021621625 0.9328648640624999 0.23243243125
0 0.998 0.43 0.998 0.286 0.9566486484375 0.2681081078125 0.937189190625 0.2681081078125 0.9307027015625 0.39891891875 0.9296216218750001 0.418378378125 0.998 0.43
0 0.17394594531250002 0.4335135140625 0.000972971875 0.4302702703125 0 0.6940000000000001 0.17394594531250002 0.6627027015625 0.17394594531250002 0.4335135140625
0 0.3793513515625 0.4313513515625 0.1707027015625 0.43567567656249995 0.17286486406249998 0.6551351359375001 0.3944864859375 0.6075675687500001 0.3793513515625 0.4313513515625
0 0.4020540546875 0.269189190625 0.360972971875 0.25729729843750004 0.3815135140625 0.4421621625 0.41070270156250005 0.43567567656249995 0.4020540546875 0.269189190625
0 0.808540540625 0.416216215625 0.686378378125 0.4 0.38908108124999996 0.44540540625 0.40097297187500003 0.619459459375 0.70475675625 0.618378378125 0.8204324312500001 0.5881081078125 0.808540540625 0.416216215625
0 0.9361081078125 0.5599999999999999 0.9296216218750001 0.4 0.809621621875 0.41297297187500004 0.8215135140625 0.5740540546874999 0.8485405406250001 0.5740540546874999 0.9361081078125 0.5599999999999999
0 0.998 0.426 0.9307027015625 0.41729729843749996 0.9328648640624999 0.56108108125 0.998 0.5559999999999999 0.998 0.426
0 0.20529729843750003 0.658378378125 0.000972971875 0.692972971875 0.0020540546875 0.8108108093749999 0.209621621875 0.76756756875 0.20529729843750003 0.658378378125
0 0.32854054062500004 0.783783784375 0.398810809375 0.8021621624999999 0.411783784375 0.8021621624999999 0.40097297187500003 0.6172972984375 0.21070270156249998 0.6518918921875 0.22151351406250003 0.8659459453125 0.2820540546875 0.850810809375 0.32854054062500004 0.783783784375
0 0.8398918921874999 0.76108108125 0.8225945937500001 0.587027028125 0.70691891875 0.6172972984375 0.406378378125 0.616216215625 0.42475675625 0.79891891875 0.7361081078125 0.8335135140625001 0.8398918921874999 0.76108108125
0 0.9296216218750001 0.5621621625000001 0.8236756765625 0.579459459375 0.8409729718750001 0.7578378375 0.9339459453125001 0.7113513515625 0.9296216218750001 0.5621621625000001
0 0.998 0.584 0.9977297296875 0.5513513515625 0.928540540625 0.56108108125 0.9393513515624999 0.72 0.998 0.686 0.998 0.584
0 0.531783784375 0.8486486484375 0.329621621875 0.7848648640625 0.247459459375 0.9124324312500001 0.22151351406250003 0.8702702703125 0.21070270156249998 0.7664864859375 0.0031351359374999998 0.8097297296875 0.000972971875 0.9935135140625 0.480972971875 0.9967567562499999 0.531783784375 0.8486486484375
0 0.4766486484375 0.9956756765625 0.7123243234375 0.9967567562499999 0.75556756875 0.9718918921874999 0.74043243125 0.8497297296875 0.4215135140625 0.79243243125 0.3998918921875 0.8021621624999999 0.529621621875 0.8497297296875 0.4766486484375 0.9956756765625
0 0.22475675625 0.8713513515625 0.244216215625 0.9135135140624999 0.286378378125 0.8464864859375 0.22475675625 0.8713513515625
0 0.8550270281250001 0.939459459375 0.8398918921874999 0.75891891875 0.735027028125 0.83675675625 0.75556756875 0.9978378375 0.809621621875 0.9978378375 0.8550270281250001 0.939459459375
0 0.9296216218750001 0.71459459375 0.8420540546874999 0.75891891875 0.8550270281250001 0.939459459375 0.9328648640624999 0.8778378375000001 0.9296216218750001 0.71459459375
0 0.9977297296875 0.68108108125 0.9274594593750001 0.7243243234375 0.9361081078125 0.8778378375000001 0.99556756875 0.823783784375 0.9977297296875 0.68108108125
0 0.8561081078124999 0.939459459375 0.8107027015625 0.9956756765625 0.89 0.998 0.884216215625 0.96 0.8561081078124999 0.939459459375
0 0.9501621625000001 0.9967567562499999 0.9458378375000001 0.8897297296875 0.9328648640624999 0.87891891875 0.857189190625 0.9383783781249999 0.8820540546875 0.9578378375 0.8907027015625 0.9978378375 0.9501621625000001 0.9967567562499999
0 0.9966486484375 0.8194594593750001 0.9361081078125 0.87459459375 0.952 0.998 0.9966486484375 0.9545945937500001 0.9966486484375 0.8194594593750001
0 0.9566486484375 0.9945945937499999 0.9966486484375 0.9945945937499999 0.99556756875 0.9556756765625 0.9566486484375 0.9945945937499999
0 0.998 0.12 0.998 0.03 0.9977297296875 0.0021621624999999998 0.966378378125 0.009729729687499999 0.9793513515625 0.0378378375 0.9739459453125001 0.1048648640625 0.998 0.12