0 0.5620153828125 0.22853320625 0.7875827484375 0.19120068437499999 0.7774476984375001 0.0362102078125 0.48361272031249997 0.022524625 0.4941890265625 0.17751751093749998 0.5620153828125 0.22853320625
0 0.2596745609375 0.21006765781249997 0.4943739734375 0.189693859375 0.4818677796875 0.022443353125000003 0.4630903625 0.0215687796875 0.224178225 0.058689175 0.2596745609375 0.21006765781249997
0 0.9301481562499999 0.1640746078125 0.9092953765624999 0.042351112499999996 0.7806064859374999 0.03635733125 0.7897242703125 0.1807151859375 0.9301481562499999 0.1640746078125
0 0.667468478125 0.398070215625 0.9669168750000001 0.355944196875 0.9344423187500001 0.16547528125 0.62587299375 0.2130142484375 0.6309514140625 0.3526069953125 0.667468478125 0.398070215625
0 0.565233225 0.2239907921875 0.512442 0.1890632859375 0.24125887812500002 0.231088871875 0.2280398515625 0.269649165625 0.2712442578125 0.4524339265625 0.6340176640624999 0.4030032421875 0.6183609875 0.2161559875 0.565233225 0.2239907921875
0 0.1458959125 0.2065073375 0.0952906828125 0.2505810109375 0.2888423296875 0.22610563125 0.293842921875 0.20909669062499997 0.25734809375 0.20837680781249998 0.25465173281250003 0.182333259375 0.1458959125 0.2065073375
0 0 0.2596458203125 0.0913552921875 0.25116136718750004 0.13480729062500002 0.2122104640625 0 0.22431999687499998 0 0.2596458203125
0 0 0.4962756265625 0.2594380875 0.45417499531249994 0.2124610015625 0.23940359843749998 0 0.2594547203125 0 0.4962756265625
0 0 0.5732459015625 0.018033164062500003 0.660625946875 0.10300281874999999 0.6501293218749999 0.1219511 0.6208938171875 0.08503079062499999 0.48396288906249996 0 0.498232046875 0 0.5732459015625
0 0.1321594671875 0.643795625 0.3616622234375 0.6058827484375 0.32830740937499997 0.444018765625 0.0853895625 0.48594391718749996 0.1321594671875 0.643795625
0 0.364880065625 0.6013403359375 0.583652971875 0.5711116109375001 0.561571728125 0.41572085468750003 0.332601571875 0.44541943906250003 0.364880065625 0.6013403359375
0 0.583652971875 0.5711116109375001 0.8027846515625001 0.5428639171875 0.8062834406249999 0.38370084531250004 0.5619305015625 0.4177018828125 0.583652971875 0.5711116109375001
0 0.80725264375 0.5340692687499999 0.9929335109374999 0.5107545984375 0.9669168750000001 0.355944196875 0.8082511359375 0.3834106671875 0.80725264375 0.5340692687499999
0 0.640716125 0.56269645 0.6520119281250001 0.613913015625 0.705727884375 0.709722265625 0.9927975359375001 0.6655540609374999 0.9945078687500001 0.5185684 0.993292284375 0.5127356265625 0.640716125 0.56269645
0 0.2931516765625 0.6180200046875 0.323277528125 0.76205473125 0.650632428125 0.7178472484375 0.629268728125 0.566418546875 0.2931516765625 0.6180200046875
0 0.020000859375 0.66033576875 0.0447673453125 0.81939840625 0.2817821078125 0.7783437875 0.293554921875 0.7094877125 0.28062795937499996 0.6157990156250001 0.020000859375 0.66033576875
0 0.41154285156250003 0.9036173796875 0.419032621875 0.8557323015625 0.39948502812500003 0.7589520828125 0.3236363 0.764035759375 0.3007192734375 0.7267366125 0.273019953125 0.7857377624999999 0.16837335 0.7991361671874999 0.2092290515625 0.9354867375 0.41154285156250003 0.9036173796875
0 0.06863133906249999 0.9623226359375 0.1777459328125 0.940129584375 0.1931176 0.9134554640625 0.166764428125 0.801407371875 0.04512611875 0.8213794343749999 0.06863133906249999 0.9623226359375
0 0.342111384375 1 0.34753365 0.9740749984375 0.3367704453125 0.9146441421875 0.30331963281249996 0.9195771687500001 0.206011209375 0.9400291515625 0.19508529531250002 0.9131652859375 0.17381054375 0.9407099406249999 0.0725667296875 0.9617422812499999 0.0788871609375 1 0.342111384375 1
0 0.6674137203125 1 0.6700506671875 0.9143094656249999 0.6544606984375 0.8616922296875 0.339096915625 0.9163349937499999 0.3493275171875 0.983980140625 0.35621000468749997 1 0.6674137203125 1
0 0.6827593296875001 0.9287068046875 0.717134871875 0.984655525 0.989682478125 0.93326139375 0.9911611484374999 0.8061847890625 0.6777142625 0.8562290656249999 0.6827593296875001 0.9287068046875
0 0.40342041718750005 0.7583717265625001 0.42853455937499996 0.897043721875 0.6269129703125 0.8657547203125 0.6073431390625 0.7242311640625 0.40342041718750005 0.7583717265625001
0 0.8229649125 0.83277486875 0.8139511031250001 0.6937624796875 0.6978571046875001 0.710882978125 0.6530882499999999 0.6198561 0.6509912 0.7198282765624999 0.6112785296875 0.72365080625 0.63478375 0.8645940078125 0.8229649125 0.83277486875
0 0.8288679968749999 0.8319043359375 0.9911791953125 0.8046338140625 0.992752453125 0.6694283999999999 0.8162775718749999 0.6954533296875 0.8288679968749999 0.8319043359375