0 0.6852154640625 0 0.7156672421875 0.212552259375 0.942462953125 0.16603906875000002 0.913988425 0 0.6852154640625 0
0 0.9421411875000001 0.164162809375 0.712366496875 0.21711370156249998 0.7362496015625 0.427805165625 0.9797877015625 0.38368505 0.9421411875000001 0.164162809375
0 0.7388652671875 0.43115322031250003 0.7654055843750001 0.633530725 0.98578910625 0.5989219078125 0.989482946875 0.440219425 0.9801094656249999 0.38556130781250003 0.7388652671875 0.43115322031250003
0 0.7828118421875 0.818359034375 0.9053645296875 0.8068206281249999 0.9229581796874999 0.7546561546875 0.9648194515625 0.7130526609375 0.983393496875 0.7018470531250001 0.9857043578125 0.6025630375000001 0.7614613109375 0.63433965 0.7828118421875 0.818359034375
0 0.7136951046875 0.21295672031250001 0.6941920734375 0.0635189140625 0.4897333953125 0.10933553437500002 0.5173636453125 0.282355775 0.7122834046875 0.240437728125 0.7136951046875 0.21295672031250001
0 0.28889722500000004 0.15246696875000001 0.32014998281249996 0.3228020265625 0.5127758421874999 0.2794121828125 0.487117728125 0.105987478125 0.28889722500000004 0.15246696875000001
0 0.3171294578125 0.340901740625 0.314877103125 0.32776793125000003 0.3184996109375 0.32508274843749996 0.2962978203125 0.195620915625 0.1901242078125 0.21933814843750002 0.210955846875 0.3646189765625 0.3171294578125 0.340901740625
0 0.1974726546875 0.3693264703125 0.2196328984375 0.5104503203124999 0.3386046265625 0.489935084375 0.3171294578125 0.340901740625 0.1974726546875 0.3693264703125
0 0.316527475 0.3254872109375 0.34254889843749997 0.48912615937500004 0.528573271875 0.4548592 0.5048872953125 0.2810300328125 0.316527475 0.3254872109375
0 0.5075029625 0.28437808750000004 0.5308671734375 0.4563309953125 0.73101826875 0.4211090546875 0.7129269359375 0.24419024375 0.5075029625 0.28437808750000004
0 0.5354549765625001 0.45927458750000005 0.559504265625 0.6233179984375 0.7530538734375 0.59721894375 0.73528430625 0.4221763890625 0.5354549765625001 0.45927458750000005
0 0.3405767625 0.489530621875 0.36792679375000004 0.6490125921875001 0.5568885984375 0.6199699453124999 0.533161075 0.4578027921875 0.3405767625 0.489530621875
0 0.2238989375 0.5115176531250001 0.24706602187499999 0.6466082625 0.3647091421875 0.6302500078125 0.3386046265625 0.489935084375 0.2238989375 0.5115176531250001
0 0.2477095515625 0.6503607796875001 0.27284877500000004 0.785046925 0.38260335 0.770306521875 0.363058771875 0.632530728125 0.2477095515625 0.6503607796875001
0 0.366276421875 0.6512933140625 0.38968217968749996 0.8115842093750001 0.579287515625 0.7862940765624999 0.5591825 0.621441740625 0.366276421875 0.6512933140625
0 0.5634485375 0.6225090734375 0.5829100234375 0.78360889375 0.7734806546875 0.7639475390625 0.7573199125000001 0.5982862765625 0.5634485375 0.6225090734375
0 0.9078140124999999 0.8568167375 0.9061220953125 0.870759471875 0.8903450015625 0.873995171875 0.8598392046875001 0.8627713218749999 0.8625795093749999 0.8311333359375 0.861977525 0.8157188046874999 0.8652782671875 0.8111573640625 0.7775389609375 0.8233249390624999 0.7929005921875001 0.936709371875 0.9644764796875 0.90152113125 0.954865071875 0.8335713640625 0.9420669578125 0.8303693640625 0.9351437062500001 0.8376159890625001 0.92918575 0.850491390625 0.913730421875 0.85560335 0.9078140124999999 0.8568167375
0 0.585203925 0.7850806890625 0.6014062140624999 0.9390799390625 0.7889978640625 0.9258562843749999 0.7762103546875 0.8274819171875001 0.7791893328125 0.8210442171875 0.77183028125 0.7662282593749999 0.585203925 0.7850806890625
0 0.7675845812500001 0.94384364375 0.7646886953124999 0.9269573156250001 0.574118065625 0.9466186734375001 0.5644545078125 0.9855032843749999 0.7675845812500001 0.94384364375
0 0.5685234203125 0.9497083171874999 0.41212264374999996 0.9662463265625 0.4158460328125 0.9948903609374999 0.5248692687500001 0.9936217609375 0.5605102359374999 0.9863122093750001 0.5685234203125 0.9497083171874999
0 0.5991538578125 0.9259461296874999 0.5835535546874999 0.7873614109375 0.39000394531250004 0.8134604671875 0.41180087812500005 0.9643700687500001 0.5981054703125 0.9436413796875 0.5991538578125 0.9259461296874999
0 0.271198403125 0.7873276484375 0.29569409375 0.918261278125 0.40150439687499995 0.9043297984375 0.3806312125 0.770710984375 0.271198403125 0.7873276484375
0 0.2943654890625 0.9224182578125 0.3083729734375 0.9961409234374999 0.411317525 0.9949430546875 0.3978818875 0.9070149828125 0.2943654890625 0.9224182578125
0 0.2068339109375 0.8762757671875001 0.2231608390625 0.995288975 0.30727763750000003 0.9858065828125 0.2866431265625 0.8773880546875 0.276948628125 0.8327623125000001 0.26084976875 0.8341217562500001 0.2068339109375 0.8762757671875001
0 0.258286253125 0.723939321875 0.2385648875 0.727983946875 0.2585558671875 0.8326499593750001 0.278599 0.8304815921875001 0.258286253125 0.723939321875
0 0.23994564375 0.616992590625 0.22022427812499998 0.621037215625 0.240215259375 0.7257032265625 0.260258390625 0.7235348593750001 0.23994564375 0.616992590625
0 0.2216050359375 0.51004585625 0.20188366875 0.51409048125 0.2218746484375 0.6187564937500001 0.2422395453125 0.618464384375 0.2216050359375 0.51004585625
0 0.1980330921875 0.396403015625 0.1802838625 0.40004317812499995 0.201561903125 0.5122142234375 0.21898936875000002 0.506697803125 0.1980330921875 0.396403015625
0 0.19968346406249998 0.3941222953125 0.1974726546875 0.3693264703125 0.2112776109375 0.366495234375 0.196839728125 0.270401590625 0.16198479999999998 0.28143443125 0.178311725 0.40044764062500005 0.19968346406249998 0.3941222953125
0 0.09617766875 0.3143532046875 0.1076365734375 0.41688454999999996 0.1789552546875 0.4042001578125 0.1632303140625 0.30060147812500004 0.09617766875 0.3143532046875
0 0.11846255000000001 0.4204910125 0.1358378640625 0.52180896875 0.20321227656250002 0.509933503125 0.1815709234375 0.40754821249999995 0.11846255000000001 0.4204910125
0 0.13615963125 0.523685228125 0.15091927656249998 0.62165513125 0.2189372171875 0.61353218125 0.20321227656250002 0.509933503125 0.13615963125 0.523685228125
0 0.15321317968749998 0.623126928125 0.173567471875 0.7180071828125001 0.2376411375 0.710693159375 0.2209093546875 0.61312771875 0.15321317968749998 0.623126928125
0 0.1738892359375 0.7198834421875 0.11367675 0.7497125703124999 0.13302419999999998 0.8506260625 0.1359616328125 0.8558503765625 0.251632615625 0.8398965859375 0.2562619671875 0.8311781625 0.2369560625 0.7186026562500001 0.2376411375 0.710693159375 0.1738892359375 0.7198834421875
0 0.2088060484375 0.8758713031250001 0.251632615625 0.8398965859375 0.136283396875 0.8577266359375001 0.1500777484375 0.9500677625 0.2151167109375 0.9483825124999999 0.2088060484375 0.8758713031250001