0 0.800189184375 0 0.7976004484375 0.0024385140625 0.61763384375 0.018357029687500002 0.5910104109375001 0.0481728765625 0.6081674671874999 0.239593259375 0.8965273609375 0.23584190624999998 0.9010715640625 0.0268506796875 0.8872097171875 0 0.800189184375 0
0 0.37573005312499996 0.034621989062500004 0.3261073375 0.07447446875 0.35433735624999996 0.2478559828125 0.592269996875 0.2459548625 0.6079592671875 0.23634403437499998 0.589594159375 0.051516725 0.6127605015625 0.0186409 0.5831040609375 0.013845659375 0.37573005312499996 0.034621989062500004
0 0.10622355624999999 0.10358930468750001 0.1503998703125 0.258648078125 0.35224768125 0.253413290625 0.3252951140625 0.0745217796875 0.3693016671875 0.036083556249999996 0.233056328125 0.0472811046875 0.10622355624999999 0.10358930468750001
0 0.14464490624999998 0.257896184375 0.10311345937500001 0.1059447015625 0.22337904531250002 0.0489319171875 0.1543400546875 0.0529533890625 0.1579565140625 0.0712237265625 0.07371404687500001 0.09243755000000001 0.032290653125 0.0948504359375 0.0042915328125 0.092140915625 0.013071928125000002 0.2806595265625 0.13004545625 0.271792 0.14464490624999998 0.257896184375
0 0.609514315625 0.2351663390625 0.622450884375 0.411612915625 0.89551733125 0.41092663125 0.899637453125 0.2334865125 0.609514315625 0.2351663390625
0 0.370790021875 0.25015897656249997 0.3658678515625 0.262403978125 0.39479955 0.4085666875 0.6208264375 0.41170753906249996 0.6097225140625 0.2384155625 0.370790021875 0.25015897656249997
0 0.148914221875 0.26090885468749997 0.1370290390625 0.2789950359375 0.1811642125 0.407965390625 0.3692941984375 0.41766217968749997 0.3967709953125 0.41388744062500005 0.3600229171875 0.247524803125 0.148914221875 0.26090885468749997
0 0.1789357421875 0.4113565484375 0.130392453125 0.27720737500000003 0.0130759609375 0.2807461375 0.0181536453125 0.3897660375 0.019024975 0.40336432968749997 0.1789357421875 0.4113565484375
0 0.8965377546875001 0.41412854218749995 0.62989969375 0.4133532625 0.6419828984375 0.563758734375 0.8974580281250001 0.568445603125 0.9078394828125 0.4123831078125 0.8982804281250001 0.40315586249999996 0.8965377546875001 0.41412854218749995
0 0.417976284375 0.5539775 0.63859520625 0.56178183125 0.627601825 0.41566135 0.39500775 0.4118159125 0.417976284375 0.5539775
0 0.2254381875 0.5391018953125 0.41878850781250004 0.5539301875 0.3921058546875 0.417420534375 0.1894946484375 0.41074149843749996 0.2254381875 0.5391018953125
0 0.05761379062500001 0.5282223171875 0.20675704687500002 0.5401900578125 0.221634096875 0.5306265390625 0.1913272921875 0.4138961 0.019195696875 0.4060286921875 0.05761379062500001 0.5282223171875
0 0.019537142187500002 0.41135742343750004 0.0234637671875 0.4726377984375 0.040870640624999996 0.47049325781249995 0.019537142187500002 0.41135742343750004
0 0.0284147296875 0.5499043578125 0.061507853125 0.5508249562499999 0.0410094390625 0.47265940625 0.0234637671875 0.4726377984375 0.0284147296875 0.5499043578125
0 0.8990824734375 0.5683509796874999 0.6570193171875001 0.5694055812500001 0.66377164375 0.6875080515625 0.9068963625 0.7157437828125001 0.9160209390625 0.578235496875 0.9021719984375001 0.5529513734375 0.8990824734375 0.5683509796874999
0 0.42373125 0.55472939375 0.44238932656249996 0.6677898953125 0.6444864796875 0.69189275 0.639615628125 0.5649837484375 0.42373125 0.55472939375
0 0.2273402328125 0.543339571875 0.2528225234375 0.6483927421875 0.4432015515625 0.6677425859375 0.42373125 0.55472939375 0.2273402328125 0.543339571875
0 0.21028354062500001 0.5443331109375 0.0591688375 0.5270446203125 0.09697328125 0.633554271875 0.2522184984375 0.6516892796875 0.22170349687500002 0.5317096140625 0.21028354062500001 0.5443331109375
0 0.03319496875 0.62450655625 0.095210034375 0.6314827453125 0.0647567453125 0.5506357093750001 0.028585451562500003 0.5525687234375 0.03319496875 0.62450655625
0 0.6654654875 0.6884965046875 0.6726136390625 0.800053215625 0.8975430187500001 0.8369586343750001 0.9081044109375 0.7091507109374999 0.6654654875 0.6884965046875
0 0.46538612187500006 0.7849461375 0.6701075703125 0.799112075 0.6647226640625 0.689626890625 0.44740146718749996 0.6696721765625 0.46538612187500006 0.7849461375
0 0.2527942671875 0.673398090625 0.2802274328125 0.7707278046875 0.4527863703125 0.7791573625 0.46088803437500003 0.7656400375 0.44489539687499996 0.6687310375 0.2522184984375 0.6516892796875 0.2527942671875 0.673398090625
0 0.1274471421875 0.727445515625 0.27139063281250003 0.747325959375 0.25300246406250004 0.6766473140625 0.2528919234375 0.6494758187499999 0.095210034375 0.6314827453125 0.1274471421875 0.727445515625
0 0.0376337625 0.6937800234375 0.11854094062500001 0.702960596875 0.0928427640625 0.6327077531249999 0.03319496875 0.62450655625 0.0376337625 0.6937800234375
0 0.5805863718750001 0 0.5813408156250001 0.011774134375 0.6160787953125 0.0195347296875 0.795906603125 0.0014500609375 0.7974606546875 0 0.5805863718750001 0
0 0.0125350640625 0.0155545015625 0.031409028125 0.0938146734375 0.0706733515625 0.095876021875 0.1532219734375 0.07367374531250001 0.1441152609375 0.007890046874999999 0.0125350640625 0.0155545015625
0 0.0125350640625 0.0155545015625 0.0008490390625 0.01822919375 0.00416506875 0.0894256984375 0.0304580046875 0.091695834375 0.0125350640625 0.0155545015625
0 0.5075530921875 0 0.44604649687500003 0.025090521875 0.5815490140625 0.015023357812499999 0.579323753125 0 0.5075530921875 0
0 0.3267884515625 0.034211453125 0.448621965625 0.027114737500000003 0.4934613125 0.0016734109375000001 0.38882328906249997 0.009942735937499999 0.3267884515625 0.034211453125
0 0.22648914062499997 0.046576521875 0.3247681765625 0.0408518359375 0.3744114625 0.014043568749999999 0.30653169375 0.023433103125 0.22648914062499997 0.046576521875
0 0.1566379234375 0.05064530625 0.22472589375 0.04450499375 0.3022623765625 0.0204204375 0.24236604062499997 0.0271707078125 0.1566379234375 0.05064530625