0 1 0.0078453828125 0.9448639125 0.0019293546875000002 0.91882231875 0.0973176453125 1 0.11917288749999999 1 0.0078453828125
0 0.6940993484375 0 0.6853336796875 0.0417168890625 0.9170615921874999 0.1002692390625 0.9448639125 0.0019293546875000002 0.927710621875 0 0.6940993484375 0
0 0.543924034375 0 0.5413478921875 0.0106784515625 0.6796086359375 0.043230714062499995 0.692084940625 0 0.543924034375 0
0 0.0838595265625 0 0.072505671875 0.08867395156249999 0.475373503125 0.1479496953125 0.49324915 0 0.0838595265625 0
0 0.072505671875 0.08867395156249999 0.034570979687499996 0.384945115625 0.44617517187500005 0.41918854687499996 0.47946960625 0.14835821093749998 0.072505671875 0.08867395156249999
0 0.4465705296875 0.41610078125000005 0.034171665625 0.3880637609375 0.022368028125 0.4802505484375 0.031012001562500002 0.6658401140625 0.40459351874999994 0.6683444062499999 0.4465705296875 0.41610078125000005
0 0.4028327921875 0.6712960015625 0.031149875 0.6688003 0.042516339062500005 0.91284285 0.377493040625 0.89079974375 0.4028327921875 0.6712960015625
0 0.3634915078125 0.90295451875 0.0425487734375 0.9135392437500001 0.0426809265625 0.9163766078125001 0.36050762187499996 0.94807424375 0.3634915078125 0.90295451875
0 0.41127938437499995 0.9077205218750001 0.384451665625 0.8904513453125 0.3648093703125 0.8926619656250001 0.3651786796875 0.9437763374999999 0.5348537328125 0.96300050625 0.7241462828125 0.9486567750000001 0.736837646875 0.8922389031250001 0.41127938437499995 0.9077205218750001
0 0.7886940390625 0.6816341234375 0.45009352343750003 0.6801790249999999 0.41533717187499997 0.6600343078125 0.3788584078125 0.8909359140625 0.41127938437499995 0.9077205218750001 0.74815595 0.890240509375 0.7886940390625 0.6816341234375
0 0.783364353125 0.68006018125 0.830681778125 0.46170593125000003 0.601373525 0.39505570625 0.45012875937499996 0.3883108859375 0.4119 0.6544795171875 0.45418962656249995 0.6805875390625 0.783364353125 0.68006018125
0 0.46883169062499996 0.209841190625 0.4487633921875 0.3881747140625 0.594678471875 0.39334559375 0.620698609375 0.23332644062500002 0.46883169062499996 0.209841190625
0 0.49433430156249997 0 0.47072420312499996 0.205860340625 0.6634203734375 0.234459990625 0.7024245312499999 0.0486333953125 0.4998651328125 0 0.49433430156249997 0
0 0.6703789984374999 0.23411159218750002 0.8887535812499999 0.2673570125 0.9263555953125 0.10328095 0.7024245312499999 0.0486333953125 0.6703789984374999 0.23411159218750002
0 1 0.12474100156250001 0.9338888703125001 0.10924425625 0.8918796765625 0.26454158906249997 1 0.29346433906249997 1 0.12474100156250001
0 1 0.294036278125 0.8929814703125001 0.26673627031249997 0.859685496875 0.2675851765625 0.8257367234374999 0.424728790625 0.8552476734375001 0.43184158437500003 1 0.4491104234375 1 0.294036278125
0 0.6701154265625 0.236170103125 0.6236929171875001 0.231540271875 0.6015053109374999 0.3940264515625 0.6174943671875 0.398748275 0.8213295421875 0.4159500609375 0.8598172828124999 0.266555921875 0.6701154265625 0.236170103125
0 0.6285490953124999 0.39880839218749997 0.8148245093750001 0.45595485 0.820934184375 0.4190378265625 0.6285490953124999 0.39880839218749997
0 0.8250410140625 0.4517617734375 0.8324425046874999 0.458754334375 0.8097062968750001 0.560726675 0.9690114812499999 0.56931778125 0.9914841171875001 0.46940394999999996 0.8250410140625 0.4517617734375
0 0.8113352375 0.5588043359375 0.7882143984375001 0.6961798703125 0.9534606968749999 0.690769915625 0.9735029453124999 0.566638528125 0.8113352375 0.5588043359375
0 0.7910769203125 0.695422959375 0.7643871234375 0.8282729609375 0.91078184375 0.81889809375 0.9476038656249999 0.6933129953125 0.7910769203125 0.695422959375