0 0.1200471375 0.18621369062499998 0.09311111250000001 0.1775525890625 0.0015286203125 0.19162688125 0.0022020203124999997 0.48718698437499997 0.109946128125 0.4806911546875 0.1200471375 0.18621369062499998
0 0.147656565625 0.2186928234375 0.2931111125 0.1927095171875 0.2937845125 0.15156928281249998 0.2850303046875 0.14074290625000002 0.1207205375 0.1710567625 0.109272728125 0.47094741406249996 0.13822895625 0.474195328125 0.147656565625 0.2186928234375
0 0.3779595953125 0.208949084375 0.38738720625 0.1840484140625 0.491090909375 0.1732220390625 0.491764309375 0.1299165265625 0.471562290625 0.11367696093749999 0.29917171875 0.1439908203125 0.29176430937500003 0.1894616046875 0.341595959375 0.1894616046875 0.3779595953125 0.208949084375
0 0.6230774421875 0.1883789671875 0.6405858578125 0.136412353125 0.710619528125 0.133164440625 0.7112929296875 0.10609849843750001 0.6843569015625001 0.0855283828125 0.4931111125 0.1234207015625 0.48907070781249995 0.1732220390625 0.61499663125 0.1602303859375 0.6230774421875 0.1883789671875
0 0.9860404046875001 0.2468414046875 0.9867138046875 0.15156928281249998 0.9375555562500001 0.049801334375 0.7112929296875 0.077949915625 0.709946128125 0.13749499375000002 0.9011919203125001 0.1201727875 0.9860404046875001 0.2468414046875
0 0.9900808078125 0.5553931609375 0.998 0.556270096875 0.998 0.20257234687499998 0.98738720625 0.2024532578125 0.9786329953124999 0.469864778125 0.9934478125 0.48285643125 0.9900808078125 0.5553931609375
0 0.1065791234375 0.8000692890625001 0.11465993125 0.4806911546875 0.003548821875 0.4839390703125 0 0.8006430874999999 0.0863771046875 0.7968213765625001 0.1065791234375 0.8000692890625001
0 0.1281279453125 0.607359771875 0.1362087546875 0.5878722921875 0.1402491578125 0.4763606046875 0.1126397296875 0.48177379374999996 0.10725252656249999 0.7924908234375 0.1247609421875 0.7968213765625001 0.1281279453125 0.607359771875
0 0.104558921875 0.8011519265624999 0.0022020203124999997 0.8011519265624999 0 0.9903536984375 0.10200000000000001 0.9967845656250001 0.104558921875 0.8011519265624999
0 0.1274545453125 0.7957387359375 0.1018653203125 0.7946561 0.10600000000000001 0.9967845656250001 0.12610774375 0.9949440796875001 0.1274545453125 0.7957387359375
0 0.3806531984375 0.216527546875 0.342269359375 0.1883789671875 0.147656565625 0.2176101859375 0.13822895625 0.59545075625 0.3355353546875 0.5835417390625001 0.3705521875 0.5922028421875 0.3806531984375 0.216527546875
0 0.3368821546875 0.5802938265625001 0.1341885515625 0.5932854828125 0.12543434375 0.9884482546875001 0.36381818125 0.9916961671875001 0.371225590625 0.59003756875 0.3368821546875 0.5802938265625001
0 0.6277912453125001 0.19487479375 0.6136498312499999 0.16131302187500002 0.3894074078125 0.178635228125 0.3799797984375 0.211114359375 0.3705521875 0.581376465625 0.6123030296875001 0.5824591031249999 0.6203838375 0.5640542609375 0.6277912453125001 0.19487479375
0 0.610282828125 0.5878722921875 0.371898990625 0.5846243796875 0.3617979796875 0.9927788078124999 0.6028754203125 0.99386144375 0.610282828125 0.5878722921875
0 0.9624713796875 0.216527546875 0.9025387203124999 0.12450334062499999 0.63789225625 0.14940400625 0.62509764375 0.5662195375 0.8776228953125 0.5662195375 0.9557373734375 0.6051944953125 0.9624713796875 0.216527546875
0 0.98738720625 0.245758765625 0.9617979796875 0.2219407359375 0.9557373734375 0.436303009375 0.9772861953125 0.4579557625 0.98738720625 0.245758765625
0 0.998 0.556270096875 0.992774409375 0.557558434375 0.9947946125 0.48177379374999996 0.9577575765624999 0.44388147343749995 0.9516969703125 0.6225167015624999 0.9947946125 0.6517479203125001 0.998 0.556270096875
0 0.95035016875 0.59869866875 0.8762760937499999 0.5683848140625 0.621057240625 0.5716327265625 0.604 0.9967845656250001 0.944 0.9967845656250001 0.95035016875 0.59869866875
0 0.997488215625 0.64850000625 0.9530437718749999 0.6214340609375 0.94900336875 0.8076477531249999 0.9860404046875001 0.8076477531249999 0.997488215625 0.64850000625
0 0.998 0.8070739546875 0.9476565656249999 0.8076477531249999 0.9449629625 0.9949440796875001 0.998 0.9871382640625 0.998 0.8070739546875