0 1 0.2290956203125 0.9206881656249999 0.2055025046875 0.843946653125 0.197268121875 0.843546515625 0.20018866562499998 0.903790496875 0.239095178125 0.8301617125 0.44745090625 1 0.49290798437500005 1 0.2290956203125
0 1 0.1871811390625 0.91597665625 0.165106946875 0.8866008578125 0.18507786406249999 0.8824174421875 0.20065517656249998 0.914940259375 0.20258515625 0.9920638828125 0.22298741562500002 1 0.191537390625 1 0.1871811390625
0 0.73153530625 0.1652028578125 0.6474453359375001 0.1657333078125 0.6400968781249999 0.17449814218749998 0.7634218609375 0.20169050156249999 0.7614572296875 0.1861163859375 0.73153530625 0.1652028578125
0 0.7172745859375 0.1496351359375 0.6520469140625 0.1321470296875 0.6512286125 0.1530765421875 0.7172745859375 0.1496351359375
0 0.6163230015625001 0.1535814171875 0.6197241671875 0.1287567765625 0.5150433890625 0.10009455468749999 0.5827998437499999 0.158952803125 0.6163230015625001 0.1535814171875
0 0.49481666406249997 0.09815818125 0.47499007656250003 0.09330126093749999 0.47533613125 0.13564598125 0.5665384343750001 0.1579878125 0.49481666406249997 0.09815818125
0 0.4743718421875 0.11277050156249999 0.41707480625000004 0.0972251609375 0.3793862625 0.10308543437499999 0.4598749984375 0.1288398984375 0.46958822343750006 0.13272863125 0.4743718421875 0.11277050156249999
0 0.4520345 0.0514550203125 0.45070390937499993 0.0394314828125 0.37669919531249996 0.032956909374999996 0.37649339843749996 0.034458996874999995 0.4520345 0.0514550203125
0 0.5194448984375 0.0679685484375 0.5184919546875 0.04536216875 0.45247843125 0.0395867328125 0.45381709062500003 0.053400984375 0.5194448984375 0.0679685484375
0 0.6695267609375 0.10926195937500001 0.6731279953125 0.08297704375 0.5801431015625 0.058689246875000003 0.5745592078125 0.084488471875 0.6320563124999999 0.0985735390625 0.6695267609375 0.10926195937500001
0 0.3939191625 0.0568391921875 0.3108475625 0.034979856250000003 0.3098111640625 0.0724580671875 0.3197244578125 0.07488652500000001 0.3939191625 0.0568391921875
0 0.15789263125 0.07448395625000001 0.277052225 0.10216520312499999 0.2814357078125 0.08512761875 0.2921492765625 0.0817149859375 0.293749825 0.0700328015625 0.30366311874999996 0.0724612625 0.3034991046875 0.0437446921875 0.1763002546875 0.0154242734375 0.1590564796875 0.013915639062499999 0.15181669375 0.014133465625 0.15789263125 0.07448395625000001
0 0.9260900187500001 0.16607513437500002 0.9332564328125 0.14368215 0.8579154000000001 0.125225853125 0.8481661203125 0.151513965625 0.9074458156249999 0.16754499843749998 0.9139939968749999 0.1646212546875 0.9260900187500001 0.16607513437500002
0 0.8081488625000001 0.11454382656249999 0.703067946875 0.0888021515625 0.70068515 0.0912370046875 0.6955013937500001 0.1141156828125 0.8065302859375001 0.141314434375 0.8081488625000001 0.11454382656249999
0 0.9033903609375 0.242015725 0.781920078125 0.15641564375 0.77062433125 0.149120671875 0.751179853125 0.1564316296875 0.7430491499999999 0.1559491328125 0.7377013796874999 0.15011123906249998 0.7295706765625 0.14962874375 0.5847825015625 0.15943849375000002 0.5384567203125 0.422779721875 0.8138462234375 0.49175118281249997 0.9033903609375 0.242015725
0 0.5841822953125 0.1638193140625 0.463912425 0.06945759375 0.4617296984375 0.0704321765625 0.5760515921875 0.16333681718749998 0.467005359375 0.1366237578125 0.3696730375 0.0991967015625 0.409344240625 0.09382211875 0.46389439687499995 0.084546015625 0.406615390625 0.053912253125 0.28560109375 0.0846387296875 0.278834815625 0.10411116875 0.2779461734375 0.349906740625 0.5366741296875001 0.42083375624999997 0.5841822953125 0.1638193140625
0 0.08473432343750001 0.05505307968749999 0.0660901203125 0.05652294375 0.0332788671875 0.296007715625 0.0326786609375 0.3003885375 0.264649740625 0.3572145 0.2779461734375 0.349906740625 0.2730869078125 0.10119382031249999 0.08473432343750001 0.05505307968749999
0 0.2660321921875 0.3620810109375 0.032878729687500004 0.2989282640625 0.026476534375 0.345657 0.052088853125 0.48776679375 0.103037775 0.5047756062500001 0.2673983859375 0.5465483140625 0.2660321921875 0.3620810109375
0 0.0467410828125 0.48192889843750003 0.0256762609375 0.3514980921875 0.010721728125 0.4606491484375 0.0111868921875 0.4806345328125 0.0439581484375 0.48728429999999995 0.0467410828125 0.48192889843750003
0 0.534691471875 0.4203480640625 0.2737807859375 0.35039562968750004 0.270397646875 0.3601318484375 0.270763496875 0.5519005171875 0.5005518484375 0.6097010609375 0.534691471875 0.4203480640625
0 0.8051153125000001 0.49564950625000004 0.7999676109375 0.48835133906249995 0.5362739921874999 0.42375430312500006 0.5017342328125001 0.6160278453125 0.740635603125 0.6820979421875 0.8051153125000001 0.49564950625000004
0 1 0.49315084374999996 0.8339269609375 0.44988256406250005 0.8182116781250001 0.48980202031250003 0.8088805640625001 0.4980811625 0.7736486921875 0.605665265625 0.80606334375 0.698125778125 0.9955983125 0.7505933031249999 1 0.7164232640625 1 0.49315084374999996
0 0.9905965968749999 0.7871001265625 0.9152555625 0.76864383125 0.8876262984375 0.8207375593749999 0.9802110562499999 0.8479459015625 0.9905965968749999 0.7871001265625
0 0.8760583734375 0.8752565499999999 0.9726084484375 0.903436275 0.9819936468750001 0.849891865625 0.895356865625 0.8241406 0.8760583734375 0.8752565499999999
0 0.726958828125 0.8417501953125001 0.852448509375 0.8830563953125001 0.8794955953124999 0.8202550640625 0.7538058453125001 0.7804091375 0.726958828125 0.8417501953125001
0 0.9110901765625 0.7691327203125 0.770921609375 0.7302677703125 0.7518231859375 0.7799234453125 0.8814782546875 0.82074075625 0.9110901765625 0.7691327203125
0 0.7401092734375 0.7906374421875 0.6853951031250001 0.771196975 0.6938538359375 0.8291126125 0.7214109890625 0.8373725750000001 0.7401092734375 0.7906374421875
0 0.6226223375 0.6909203234375 0.618985046875 0.7473820812499999 0.6507075875 0.755153153125 0.6779186875 0.7210683953125 0.6873777609375 0.7716826671875 0.744274659375 0.7901485546875 0.75902565625 0.7273536171874999 0.6226223375 0.6909203234375
0 0.620639678125 0.69043463125 0.537568078125 0.6685752953125 0.5349852140625 0.6724704218750001 0.5440982328125 0.680739975 0.54464435625 0.721624421875 0.619185115625 0.745921809375 0.620639678125 0.69043463125
0 0.9603445515625 1 0.972390353125 0.9199849703125 0.8250914234375 0.8733361609375001 0.8547973984375 1 0.9603445515625 1
0 0.8547155156249999 1 0.8248913546875001 0.8747964328125001 0.6952362890625 0.8339791249999999 0.7167192734375 0.9464009624999999 0.6793767859375001 0.9946059578125 0.67541146875 0.9936345734375 0.67302980625 1 0.8547155156249999 1
0 0.673090996875 1 0.67541146875 0.9936345734375 0.714936684375 0.9444549984374999 0.6799013453125 0.7215540859375 0.6487249296875001 0.7546674609374999 0.618985046875 0.7473820812499999 0.5424616296875 0.7225990015625 0.533058403125 0.7912318359375 0.5101045953125001 0.9138979640624999 0.476199328125 0.9071014734375 0.46883284375 0.9309547296874999 0.46077059687500005 1 0.673090996875 1
0 0.44998908125000003 1 0.45546430156250006 0.9986161765625001 0.47025135156250003 0.9056443968749999 0.2904296078125 0.85706560625 0.281898765625 0.85950365625 0.2782073953125 0.9612306828125 0.361679134375 0.9801694734374999 0.42210596562499997 1 0.44998908125000003 1
0 0.533058403125 0.7912318359375 0.5408791078124999 0.719192765625 0.5440982328125 0.680739975 0.513776171875 0.662746990625 0.46222704375 0.650119 0.4590439734375 0.6583949453125 0.4293040921875 0.651109565625 0.42297400625000003 0.6374846125 0.3815382390625 0.6258248078124999 0.34028451406250004 0.6277931531250001 0.2893914421875 0.7300314453125 0.2906296765625 0.8556053328125 0.5122873234374999 0.9129233828125001 0.533058403125 0.7912318359375
0 0.2898474296875 0.8463580046875 0.2874087828125 0.729545753125 0.33830185625000003 0.627307459375 0.26752634531249997 0.605441728125 0.259795778125 0.6020386890625 0.18028935937499999 0.58407128125 0.0800118578125 0.687795425 0.101876953125 0.8123851390624999 0.275950790625 0.85804658125 0.2844816328125 0.8556085296875 0.2898474296875 0.8463580046875
0 0.100094365625 0.810439175 0.07822926875 0.6858494578125 0.1763240421875 0.5830998968750001 0.02207679375 0.5422953749999999 0.0127315015625 0.546997215625 0.0184611984375 0.79316836875 0.0915635234375 0.812877225 0.100094365625 0.810439175
0 0.1104816734375 0.9141057703125 0.0933461140625 0.8148231906250001 0.018496875 0.7947011609375 0.020826025 0.8947709749999999 0.107698740625 0.9194611703125 0.1104816734375 0.9141057703125
0 0.2764248046875 0.9592847171875001 0.27971603906250003 0.8604782375 0.10167688593749999 0.8138454125000001 0.0933461140625 0.8148231906250001 0.1106817421875 0.912645496875 0.2764248046875 0.9592847171875001