0 0.38764468750000003 0.1247216703125 0.3983475546875 0.122603784375 0.40918685000000005 0.031006325 0.10414885468749999 0.007891928125 0.10285438124999999 0.017651275 0.38764468750000003 0.1247216703125
0 0.3769418203125 0.1268395578125 0.1004811453125 0.019606571875 0.068683965625 0.22894148281249999 0.351054425 0.32460528125 0.3645182984375 0.317979234375 0.38570583593749996 0.1374859953125 0.3769418203125 0.1268395578125
0 0.3175663265625 0.5040659749999999 0.328656965625 0.49939522500000005 0.3486811890625 0.326560578125 0.0702816625 0.2320919171875 0.039988953125 0.41785347812499996 0.3175663265625 0.5040659749999999
0 0.3195517921875 0.50466354375 0.039988953125 0.41785347812499996 0.0361644015625 0.44303219531250004 0.048855203125 0.598500925 0.303451884375 0.6653314359375 0.3195517921875 0.50466354375
0 0.29710771875 0.66609159375 0.0488723265625 0.59871069375 0.061042021875 0.7477956203125 0.280526815625 0.802588565625 0.29710771875 0.66609159375
0 0.2654969921875 0.9288740765625001 0.280526815625 0.802588565625 0.060843885937499995 0.745368365625 0.0730566703125 0.894981146875 0.254065196875 0.949459584375 0.2654969921875 0.9288740765625001
0 0.6827500921875 0.2322270453125 0.7167658 0.090299165625 0.5569678046875 0.042204496875000004 0.41524085 0.031465070312499996 0.40314063906250003 0.13205508593749998 0.6827500921875 0.2322270453125
0 0.3932599265625 0.142429134375 0.369311384375 0.3274305359375 0.638993509375 0.4246146515625 0.680811240625 0.24499136875 0.6561635031249999 0.2295643796875 0.3987819390625 0.1334128140625 0.3932599265625 0.142429134375
0 0.33146458437500004 0.50824895625 0.5911727703125 0.5890833359375 0.627902871875 0.429285403125 0.62708071875 0.4210292375 0.3633549875 0.3256378296875 0.3558475109375 0.3340565828125 0.33146458437500004 0.50824895625
0 0.3310768125 0.510801821875 0.30742281562499996 0.6665265734375 0.5583669859375 0.7367145140625 0.5903972296875 0.594189065625 0.3310768125 0.510801821875
0 0.308632740625 0.672229871875 0.2885152890625 0.8183407328125 0.5282755953125 0.8664756390624999 0.5540082843749999 0.738072240625 0.308632740625 0.672229871875
0 0.28575428281250004 0.82284889375 0.266365759375 0.950492134375 0.503318446875 0.9897733078125001 0.52629013125 0.8658780687500001 0.28575428281250004 0.82284889375
0 0.7247076625 0.092689440625 0.693406346875 0.2167472671875 0.9416827375000001 0.318167153125 0.9824303828125001 0.17292625156250002 0.7247076625 0.092689440625
0 0.6910331109375 0.2187025640625 0.64805206875 0.405984440625 0.8883399843750001 0.4916521578125 0.9421171203125001 0.32897618125 0.6910331109375 0.2187025640625
0 0.8864011328125001 0.5044164828125 0.8740539578125001 0.490022040625 0.643305596875 0.40989503125000004 0.6042022609375 0.5716482625 0.8369360859375 0.6523728390625 0.8864011328125001 0.5044164828125
0 0.5682476999999999 0.726340465625 0.7926052796875 0.7938657390625 0.8361605453125 0.6574785703125 0.835338390625 0.64922240625 0.6042022609375 0.5716482625 0.6050244140625 0.579904425 0.5682476999999999 0.726340465625
0 0.5642767703125 0.7251453265625 0.5373807671875 0.86120731875 0.7585429593749999 0.9224317281250001 0.794590746875 0.794463309375 0.5642767703125 0.7251453265625
0 0.7346990531250001 1 0.7545720296875 0.921236590625 0.533797609375 0.857459315625 0.5362174578125 0.8688659140625001 0.5049161421874999 0.9929237390625 0.5344199421875 1 0.7346990531250001 1
0 1 0.1755446359375 0.9887745484374999 0.1721660921875 0.94565366875 0.319362290625 1 0.340936659375 1 0.1755446359375
0 1 0.3453707203125 0.9428926609375001 0.3238704515625 0.8907132203125 0.4896968640625 1 0.5260625171875 1 0.3453707203125
0 1 0.5287222453125 0.8923109171875 0.49284729531249993 0.8527731953125001 0.643791496875 1 0.69025885625 1 0.5287222453125
0 1 0.69028536875 0.8428458687499999 0.640803653125 0.8516098828124999 0.6514500921875 0.812413321875 0.7864795359375 1 0.840445390625 1 0.69028536875
0 1 0.8426112796874999 0.8012760703125 0.7777883921875001 0.8056813843749999 0.789792559375 0.7700213671875 0.9152081109375001 0.9760753781249999 0.9665462390625 1 0.8888658749999999 1 0.8426112796874999
0 0.9767821515625 1 0.98483939375 0.977192678125 0.9780608421875 0.9671438078125 0.761303965625 0.9179235671875 0.7366562328125 1 0.9767821515625 1