0 0.036327459374999996 0 0.008236690625 0.20617982031249998 0.2938058796875 0.1706634484375 0.3003182125 0 0.036327459374999996 0
0 0.300333753125 0 0.29675716093750004 0.1718018578125 0.6542360640625 0.1294942953125 0.6717970015625 0.011099721875 0.3281012625 0 0.300333753125 0
0 0.6473804796875 0.160300046875 0.9438563078125 0.18725879843749998 0.9863073 0.1783596734375 0.9972049890625 0.02251545 0.6717970015625 0.011099721875 0.6473804796875 0.160300046875
0 0.64878405625 0.1572446609375 0.6039812640625 0.42267069218750003 0.8625955375000001 0.489696215625 0.9582764875 0.4485531984375 0.978074834375 0.2960894203125 0.9861959953125 0.179951390625 0.94590779375 0.1873307671875 0.64878405625 0.1572446609375
0 0.2705449859375 0.4958330796875 0.6071117171875 0.3886296359375 0.6267059578125 0.262027390625 0.28009733593749997 0.3502508015625 0.2705449859375 0.4958330796875
0 0.6267059578125 0.262027390625 0.6493592421875001 0.1272534609375 0.2979088484375 0.1708073859375 0.28560388125 0.347339353125 0.6267059578125 0.262027390625
0 0 0.40878893125 0.2827785453125 0.3451704859375 0.29675716093750004 0.1718018578125 0.0140133078125 0.209487096875 0 0.3195471671875 0 0.40878893125
0 0 0.589200571875 0.265164384375 0.49771407187500005 0.2794494296875 0.347123446875 0 0.41268009218749996 0 0.589200571875
0 0 0.6640595671875 0.2610990890625 0.5731173375 0.2652903296875 0.496683615625 0 0.5904601328125 0 0.6640595671875
0 0.5918541578125 0.5050352640625 0.610063 0.3897680421875 0.2682416125 0.49782202499999995 0.261225034375 0.5720868796875 0.5341061687499999 0.48024213906249996 0.5918541578125 0.5050352640625
0 0.6041072093750001 0.42164023593750005 0.591332196875 0.5008774546875 0.6937272359375 0.53965535625 0.80963609375 0.5437215875 0.8416678125000001 0.53449655 0.9501796296875 0.49794315468750006 0.9581505421875001 0.4495836546875 0.8645210734375001 0.490798640625 0.6041072093750001 0.42164023593750005