0 0.932666078125 0.14954709375 0.8939579453125001 0.24907283750000003 0.9363529249999999 0.25628699843749997 0.9826163593749999 0.2617728109375 0.9883427843750001 0.15250609843750002 0.9840679390625 0.1518436265625 0.932666078125 0.14954709375
0 0.8822642953125 0.1233114625 0.864633475 0.121738828125 0.8146367671875 0.1127024015625 0.8004555234374999 0.11372587187500001 0.5675077953125001 0.1112546703125 0.5410219265625 0.20958220624999999 0.768263596875 0.2298517140625 0.8958314843749999 0.24008631249999998 0.9307070984375001 0.14937235468750001 0.9354763859374999 0.136067309375 0.8822642953125 0.1233114625
0 0.8947459625 0.25486415 0.8605729265625 0.3422081609375 0.8718584203124999 0.3455032140625 0.890979834375 0.34949721718750004 0.97786558125 0.352423053125 0.982448515625 0.26497545312500004 0.9393341156250001 0.261129734375 0.8947459625 0.25486415
0 0.5398509640625 0.2151987828125 0.5174318078125 0.30359121875 0.7355178437500001 0.33906293125000003 0.8571233515625 0.33961205625 0.886590409375 0.24612725625 0.7692858078125 0.23451971249999998 0.5398509640625 0.2151987828125
0 0.959759275 0.4311497234375 0.973838396875 0.42926632500000006 0.9768493984375001 0.3718129671875 0.9487079734374999 0.4267313546875 0.959759275 0.4311497234375
0 0.861829328125 0.34575284375000004 0.8327452140625 0.427829753125 0.85312303125 0.4353684390625 0.9462806078125 0.4288032484375 0.9774091453124999 0.356062334375 0.88440031875 0.3523429515625 0.861829328125 0.34575284375000004
0 0.7428853796875 0.34200850781250003 0.52456515 0.30766011249999997 0.5050417421875 0.3917340234375 0.518520409375 0.39408049843750004 0.7107567625 0.4386885171875 0.8303178484375 0.429901646875 0.8561865828125 0.34410531718750004 0.848819046875 0.3411597375 0.7428853796875 0.34200850781250003
0 0.9367008515625 0.50346626875 0.965063340625 0.501419328125 0.9717338203124999 0.469424040625 0.9737182546875 0.4315587734375 0.9654020234375 0.43279724999999997 0.9367008515625 0.50346626875
0 0.8693486953124999 0.4436809640625 0.8390081796875 0.5222131906249999 0.9294187578124999 0.5096819499999999 0.9590566984375 0.43451967031249994 0.9501985671875 0.429152721875 0.8626837390625001 0.4373654390625 0.8693486953124999 0.4436809640625
0 0.710522571875 0.43981183125 0.5347460749999999 0.40239302343750005 0.5151372249999999 0.4773056765625 0.719766725 0.53903800625 0.8348560265625 0.5229870328125 0.86347175625 0.44315675312499997 0.8585315859374999 0.43813928124999996 0.8259315046875001 0.4317988046875 0.710522571875 0.43981183125
0 0.9645949546875 0.5036659593749999 0.9342734859374999 0.5055381640625 0.9043159140625001 0.5726625000000001 0.9517143750000001 0.5654483015625 0.9645949546875 0.5036659593749999
0 0.818013225 0.5272057109375 0.7882898421875 0.5932067328125 0.8020027031250001 0.59442989375 0.904635546875 0.58070044375 0.9287161796875001 0.5130518953125 0.8285107015625 0.5247094515625 0.818013225 0.5272057109375
0 0.7156145734375 0.539811846875 0.5112192656250001 0.47695620156249996 0.5099628625 0.47341151718749996 0.49578161875 0.47443498906250003 0.4766411546875 0.5471010093750001 0.6739885625 0.61504901875 0.7858624796875 0.5952786265625 0.8116679015624999 0.5289281296875 0.7156145734375 0.539811846875
0 0.906360334375 0.581998496875 0.899780815625 0.58484423125 0.8739753953125 0.6511947250000001 0.934532890625 0.6382890578125 0.949287009375 0.5675201953125 0.9077654875000001 0.5752586046875 0.906360334375 0.581998496875
0 0.7895462453125 0.596751415625 0.7962112046875001 0.603066940625 0.770639975 0.668294121875 0.77847589375 0.6689930703125 0.872016415625 0.6510199890624999 0.89586285625 0.5844947578124999 0.7973821671875 0.597450365625 0.7895462453125 0.596751415625
0 0.8510214609375 0.6560125109375 0.8362452109375 0.6981742796875 0.851448665625 0.7018188078125001 0.925867771875 0.679851725 0.9342986984375001 0.6394123734375 0.873741203125 0.652318040625 0.8510214609375 0.6560125109375
0 0.762889496875 0.6767564328125 0.75584159375 0.681848796875 0.7377012109375001 0.730575721875 0.7540756265625 0.7286036734375 0.8318588671875 0.7000714359375 0.8468693093749999 0.6567863515625 0.771896378125 0.6718388046875 0.762889496875 0.6767564328125
0 0.8431443625 0.7033664890625 0.813101346875 0.7613295671875 0.8300295890625 0.766272146875 0.9085154062499999 0.7343699625 0.91375308125 0.7188182859375 0.9253993875000001 0.68209835625 0.85098028125 0.7040654390625 0.8431443625 0.7033664890625
0 0.7514140703125001 0.73179888125 0.735273846875 0.732647615625 0.71675051875 0.79278243125 0.7280360140625 0.796077484375 0.8106739828125 0.763401459375 0.8350742500000001 0.7037908546875 0.8313904828125 0.7023180671875 0.7514140703125001 0.73179888125
0 0.870785225 0.7813495171875 0.881602334375 0.7868912 0.9061956125 0.774210209375 0.915094925 0.731524228125 0.8909700296875 0.7419585875 0.870785225 0.7813495171875
0 0.8258774359375 0.7670459890625 0.8102055984375 0.7656480906249999 0.7939387531250001 0.8053884921875 0.7918310203125001 0.8154983296875 0.86593049375 0.785493303125 0.8861152999999999 0.7461023734375 0.8258774359375 0.7670459890625
0 0.9074520156249999 0.77775489375 0.8920998109375 0.784394940625 0.8867133859375 0.8102311921875 0.9025339765625 0.8013445156250001 0.9074520156249999 0.77775489375
0 0.8428499390624999 0.8292027546874999 0.8862450000000001 0.8124778234375001 0.8896724453125 0.786466834375 0.8630347437499999 0.7898118281250001 0.8428499390624999 0.8292027546874999
0 0.77173165625 0.86405051875 0.8404225750000001 0.8312746484375 0.8566894203125001 0.791534246875 0.788935271875 0.8198168546875 0.77173165625 0.86405051875
0 0.7074682640625001 0.8468763031250001 0.78963785 0.8164469078125001 0.8104397890625 0.764524775 0.7231812828125 0.8002212703125 0.7074682640625001 0.8468763031250001
0 0.7044237640625 0.8614794015625 0.6978442453125 0.8643251359375 0.68930575 0.866996134375 0.6775106906249999 0.9140006390625001 0.7700923109375 0.871913725 0.7719658500000001 0.862927203125 0.78478311875 0.8205906953125 0.704338321875 0.85231814375 0.7044237640625 0.8614794015625
0 0.6696022171875 0.616946175 0.48745826562500005 0.55264269375 0.48158132499999995 0.55211848125 0.46486822656250004 0.622712609375 0.6456924640625 0.70291724375 0.73899879375 0.6860674765625 0.756544171875 0.6784788515625 0.7660194390624999 0.67131459375 0.7922932453125 0.6027174671875 0.78539409375 0.5975252578125 0.6696022171875 0.616946175
0 0.6434992921875 0.7038658203125 0.46439984062499995 0.624959240625 0.4476013015625 0.6863921078125 0.6323435 0.7669462140625 0.7357422296875 0.730400984375 0.7538826140625 0.6816740609374999 0.7407235812499999 0.6873655296875001 0.6434992921875 0.7038658203125
0 0.44344915 0.687165946875 0.42907797187499996 0.7465269234374999 0.6084970578125 0.8334714468750001 0.7165163265625 0.7939057453125 0.73112169375 0.73342145625 0.6301503265624999 0.76789479375 0.44344915 0.687165946875
0 0.608262865625 0.8345947625000001 0.44311046562499995 0.7557880265625 0.42505552187499995 0.8136762093750001 0.5993856859375 0.9058878375000001 0.69831263125 0.8620785062499999 0.719497515625 0.7987484828125 0.7118957875 0.7969262171875 0.608262865625 0.8345947625000001
0 0.6851535984375 0.8677699734375001 0.5969583218750001 0.9079597312500001 0.4228623515625 0.8146247875 0.4020604109375 0.8665469218749999 0.5599181718749999 0.9571819984375001 0.58465228125 0.9554524203125 0.67163375 0.9134764265624999 0.6851535984375 0.8677699734375001
0 0.503801309375 0.20626220156250002 0.537338159375 0.20810941718749998 0.563824028125 0.10978188281250001 0.5161059328125 0.10895813593749999 0.503801309375 0.20626220156250002
0 0.3408832609375 0.0784539578125 0.18386736406249998 0.0850441390625 0.1798670453125 0.1808005203125 0.329217903125 0.1918339109375 0.4998833484375 0.20591272656249998 0.5111657625 0.1039406640625 0.428568971875 0.0885637609375 0.3408832609375 0.0784539578125
0 0.06743622187500001 0.08838916875 0.055213956249999994 0.0895873765625 0.039842699999999995 0.1728874453125 0.151972940625 0.18060083124999998 0.1757148921875 0.181574359375 0.1794810203125 0.08694129375000001 0.1576980484375 0.0861425015625 0.06743622187500001 0.08838916875
0 0.5021619609375 0.2141254109375 0.4963071515625 0.242208290625 0.49975672812500005 0.244804396875 0.495712146875 0.283346590625 0.4860026890625 0.2916341640625 0.49000608906250004 0.3011448984375 0.5157070203125 0.30229316562499997 0.5359330046874999 0.2148493078125 0.5085072859374999 0.21240298906250002 0.5021619609375 0.2141254109375
0 0.175246509375 0.1838209921875 0.1706923640625 0.27266274375 0.3152739328125 0.2970011828125 0.47778382500000005 0.30234310625 0.4947944265625 0.2111798296875 0.32828113281250004 0.19632717187499998 0.175246509375 0.1838209921875
0 0.042823892187500004 0.17773018125 0.0406116703125 0.2553387796875 0.15478633125000002 0.27238816250000003 0.16458123125 0.27326185000000003 0.17258495000000001 0.1870162015625 0.1569131125 0.1856183046875 0.042823892187500004 0.17773018125
0 0.4925188953125 0.30823426249999997 0.48547099375 0.3133266296875 0.4807871453125 0.3357929359375 0.48470510468750005 0.3361424109375 0.48159729375 0.37019134375 0.4724416609375 0.38539354531250003 0.476125428125 0.386866334375 0.5040195328125 0.387066025 0.520647190625 0.3073106375 0.4929872796875 0.3059876328125 0.4925188953125 0.30823426249999997
0 0.169989784375 0.276032690625 0.1607296625 0.35873365625 0.18008526875 0.36160434375 0.3110394203125 0.3938808796875 0.46366897187499995 0.389187859375 0.4770812484375 0.3057130515625 0.326559428125 0.3002962375 0.169989784375 0.276032690625
0 0.03818430625 0.2574106734375 0.0388678328125 0.3307007515625 0.048896925 0.33045112187500003 0.14701680156250002 0.357510496875 0.1550869140625 0.3570861296875 0.1636444609375 0.27775510937500003 0.1503999875 0.27428531875 0.03818430625 0.2574106734375
0 0.48129979062499995 0.39076049375 0.4695459125 0.3897120703125 0.4573045984375 0.4675703015625 0.4668653046875 0.46956730156250004 0.4827713375 0.4698418828125 0.49742096562500004 0.46657178125 0.5054910765625 0.46614741562499995 0.525419559375 0.3992727078125 0.5011237828125 0.3913845484375 0.48129979062499995 0.39076049375
0 0.168097196875 0.3616792359375 0.164628571875 0.43574315468749997 0.2984151625 0.4831470015625 0.4602857875 0.47241303593749995 0.46100741406249995 0.3923830671875 0.31033684375 0.3972508265625 0.168097196875 0.3616792359375
0 0.0221928328125 0.2479748328125 0.0380988640625 0.2482494140625 0.0377349703125 0.1829972828125 0.0221928328125 0.2479748328125
0 0.008460925 0.3234116953125 0.0365892203125 0.32248806874999997 0.0354373078125 0.251444621875 0.02149025625 0.251344778125 0.008460925 0.3234116953125
0 0.04623536875 0.33364632968749997 0.0387633421875 0.3981995140625 0.15068152031249998 0.43564330937499995 0.16071061250000002 0.43539367812499996 0.165904025 0.3626278140625 0.15023218437500002 0.361229915625 0.04623536875 0.33364632968749997
0 0 0.3866385921875 0.014467565625000001 0.3903113546875 0.0362505359375 0.3911101484375 0.040678060937499996 0.3411600625 0.033459278125000005 0.327929909375 0.00822673125 0.3245350109375 0.0053309828125 0.328853534375 0 0.35442385781249997 0 0.3866385921875
0 0.45566525156250004 0.4754335078125 0.44380688125 0.5418838484374999 0.4531333953125 0.5450041640625 0.46927362031250003 0.5441554296875 0.49358844687500003 0.47538356718749997 0.4683559 0.47198866875 0.45566525156250004 0.4754335078125
0 0.1641601875 0.437989784375 0.1578148625 0.43971220312500003 0.15285564375 0.511354753125 0.29503197812500004 0.566372178125 0.30748843593749997 0.56405065625 0.4389521515625 0.546027634375 0.43942053750000004 0.5437810046875 0.4517472921875 0.4750840328125 0.3018647375 0.48574310625 0.1641601875 0.437989784375
0 0.45681716406249995 0.5464769546875 0.44310430468749995 0.5452537937499999 0.4263912046875 0.615847921875 0.43986987187500004 0.618194396875 0.457969075 0.6175204 0.47766336562499995 0.5517690078124999 0.47076421562500004 0.5465767984375 0.45681716406249995 0.5464769546875
0 0.2928388078125 0.5673207578125 0.15042827812499998 0.513426646875 0.144915234375 0.5781545671874999 0.2810658765625 0.6429323578125 0.4217706671875 0.6188683937499999 0.43605640156250003 0.550346159375 0.2928388078125 0.5673207578125
0 0.433524546875 0.619916815625 0.4272234828125 0.678853421875 0.43286623124999996 0.6805009484375 0.44289532343750004 0.68025131875 0.45507332500000003 0.621838925 0.433524546875 0.619916815625
0 0.284515453125 0.6455284609375 0.1572229390625 0.5861176171875 0.15577660468750001 0.6409104390625 0.290990478125 0.7101814906249999 0.42064396718749997 0.68169915625 0.4296065875 0.619567340625 0.284515453125 0.6455284609375
0 0.41559930625 0.744180446875 0.4273531859375 0.7452288703125001 0.441958553125 0.68474458125 0.424327734375 0.6831719453125 0.41559930625 0.744180446875
0 0.2942058609375 0.7139009109375001 0.1587577953125 0.6457531750000001 0.15288085468749998 0.6452289640625 0.1458772140625 0.7075355171875 0.28649964375 0.7795774078125 0.411681346875 0.7438309734375 0.419941390625 0.685069103125 0.2942058609375 0.7139009109375001
0 0.414747978125 0.7578349671875 0.4015477640625 0.8115793640625 0.42473589062499995 0.805638265625 0.4322933546875 0.7502463421875001 0.4072950015625 0.745728128125 0.414747978125 0.7578349671875
0 0.28407227968750004 0.7816493015625 0.1505831921875 0.7136763046875 0.1405983609375 0.771140121875 0.2754292921875 0.8518190625000001 0.40084518593749996 0.8149493109374999 0.4098078078125 0.7528174953125 0.40463344531249995 0.7489233375000001 0.28407227968750004 0.7816493015625
0 0.15439666093749999 0.781524540625 0.14722213906249998 0.825508575 0.259184578125 0.920166559375 0.3955663328125 0.8785539171875 0.400142609375 0.81831925625 0.2727677359375 0.8550142703124999 0.15439666093749999 0.781524540625
0 0.029202634374999998 0.3962025125 0.025838501562499998 0.40276766718749996 0.0229870125 0.4643003796875 0.1335000375 0.5084840671874999 0.1459564921875 0.50616254375 0.15170373125 0.4403113078125 0.13892764062500002 0.43459488593750006 0.029202634374999998 0.3962025125
0 0.02494599375 0.464475115625 0.023116714062499998 0.5306758265625 0.12924339375 0.57675666875 0.139506678125 0.5753837234375 0.145253915625 0.5095324906250001 0.1354590171875 0.5086588046875 0.02494599375 0.464475115625
0 0.03025005625 0.5347447203125 0.029740492187500002 0.5850442796875 0.1290534625 0.6350941734375 0.1508364328125 0.6358929671875 0.1481306171875 0.5818739875000001 0.133161353125 0.57710614375 0.03025005625 0.5347447203125
0 0.023629359375 0.5856433859375 0.0232052359375 0.6451042015625 0.12792676249999999 0.6979249375000001 0.1418738140625 0.6980247828125 0.14966547187499998 0.6415095421875 0.130309865625 0.6386388578125 0.023629359375 0.5856433859375
0 0.03159498125 0.6527177796875 0.0293606296875 0.7017192859375 0.12680006093750001 0.7607557015624999 0.136829153125 0.760506071875 0.14289602343750002 0.70269278125 0.133101125 0.701819096875 0.03159498125 0.6527177796875
0 0.032341820312500005 0.7065620218750001 0.0295536421875 0.7486488984374999 0.1229263609375 0.817620415625 0.1432187375 0.8159978421874999 0.1487539140625 0.7798770140625 0.13691459374999998 0.7696673328125 0.13808555625000002 0.7640507546875 0.032341820312500005 0.7065620218750001
0 0 0.7410837140625001 0.011454437500000001 0.7493228968750001 0.025869874999999997 0.747176109375 0.023164056250000002 0.69315713125 0.012900771875 0.6945300765625 0 0.6877084328125 0 0.7410837140625001
0 0 0.6886439125 0.0072580234374999995 0.69288255 0.021907653125000003 0.6896124484375 0.0252496578125 0.6544401984375 0.018265065625 0.6400867296875 0.004318015624999999 0.6399868843750001 0 0.6374283703125 0 0.6886439125
0 0 0.637234996875 0.004318015624999999 0.6399868843750001 0.015049682812500001 0.636367309375 0.018648009375 0.6286788390625 0.023075534375 0.5787287562500001 0.0064669265625 0.5818241203125 0 0.5786754515625 0 0.637234996875
0 0 0.5784804890624999 0.0010583703125 0.5790532765624999 0.013280634375 0.5778550703125 0.02354391875 0.5764821234374999 0.0295474796875 0.538114665625 0.01817654375 0.5256583546875 0.000545725 0.52408571875 0 0.523799521875 0 0.5784804890624999
0 0 0.521257425 0.017388525 0.519867040625 0.0224331875 0.45738575 0.0084861359375 0.4572859046875 0 0.454079209375 0 0.521257425
0 0 0.45328462968750005 0.006761346875 0.4559878515625 0.01874941875 0.455912959375 0.027712040625 0.3937811453125 0.014233373437499999 0.3914346703125 0 0.388619959375 0 0.45328462968750005