0 0.06177578593750001 0 0.056031512500000005 0.10374314375 0.06462911875 0.1933927421875 0.38295771875 0.1907379765625 0.3876775984375 0 0.06177578593750001 0
0 0.0879439953125 0.1960539078125 0.1023128390625 0.4662770765625 0.11476709062499998 0.4733582828125 0.6767951921875001 0.42349728750000004 0.69708669375 0.18675491093750002 0.67428695625 0.1882715296875 0.6563135484375 0.1776990796875 0.6541262734375 0.1941140265625 0.0879439953125 0.1960539078125
0 0.38876326875 0 0.3861752734375 0.1826785984375 0.39838848437499996 0.1949203296875 0.65539759375 0.197309075 0.667214746875 0 0.38876326875 0
0 0.12247493437500001 0.7493297890624999 0.39454153281250004 0.703066075 0.398549671875 0.4651882921875 0.3920966546875 0.451277271875 0.10187896562500001 0.4755660203125 0.1157808765625 0.74057929375 0.12247493437500001 0.7493297890624999
0 0.4216524640625 0.68528260625 0.3942495265625 0.663697990625 0.3960538953125 0.7011005953125 0.12044743437500001 0.7471174828125 0.116440640625 0.741660765625 0.10221642187499999 0.46834128281250004 0.08649640625 0.4703515578125 0.08331056406250001 0.736244271875 0.0979539796875 0.9412832625 0.210153434375 0.9491067109375001 0.6175128953125 0.8563304531249999 0.62267668125 0.8370166515624999 0.6359876390625 0.643277125 0.4216524640625 0.68528260625
0 0.42377638125 0.6854307015625001 0.6380151406250001 0.6454894328125 0.6515340796875 0.43209054374999994 0.42485621562500003 0.44941966874999995 0.3951695859375 0.4463142109375 0.3928817890625 0.66256715625 0.42377638125 0.6854307015625001
0 0.2175801625 0.9485580296875 0.569724634375 0.9741132218749999 0.5930946875 0.9728884484375 0.603015990625 0.8625678765625 0.2175801625 0.9485580296875
0 0.667213021875 0 0.65650638125 0.1735706640625 0.6770706375 0.18950109531249998 0.8767670453124999 0.202390065625 0.8848894375 0.150147640625 0.889408609375 0.11422143124999999 0.9075032109375 0.0005463656249999999 0.8996675421875 0 0.667213021875 0
0 0.8802738484375 0.18813806093750002 0.8796953500000001 0.2005233171875 0.8668554328125 0.20169894843749997 0.6932575859375001 0.1927007140625 0.6781298703124999 0.4101292890625 0.704632003125 0.4357929578125 0.8951068609374999 0.418010403125 0.9079894671875 0.32468124062500003 0.9155485109375 0.269293134375 0.922318315625 0.2003889359375 0.9183597296875 0.193900109375 0.8802738484375 0.18813806093750002
0 0.6537062031249999 0.43120653437499995 0.6426155812500001 0.6230299515625 0.6650145046875 0.6453011125 0.8489881374999999 0.6146396421875 0.8700867890625 0.42144313593750005 0.7045355859375 0.4378571671875 0.6787414265625 0.412242865625 0.6794824546875 0.4267910625 0.6537062031249999 0.43120653437499995
0 0.6649662968750001 0.6463332171875 0.6403470390625 0.6259781703125 0.627226153125 0.770028565625 0.684173859375 0.8433756640625001 0.8618873062500001 0.7946747546874999 0.880524584375 0.6085548843749999 0.875150053125 0.6019673328125 0.8502263984375 0.603335853125 0.849792525 0.6126248000000001 0.693011090625 0.6389695265625 0.6649662968750001 0.6463332171875
0 0.6820499421874999 0.8432275671875 0.6265663890625001 0.7689470953125 0.6241890437500001 0.8350511734375001 0.6188324234375 0.8584933953125 0.6045283515625 0.8606024 0.5970665015625001 0.9726802953125 0.7800726078125 0.9630893515625001 0.79706100625 0.8139702734375 0.6820499421874999 0.8432275671875
0 1 0.407701090625 0.896152290625 0.4108350328125 0.8966192218750001 0.4160449234375 0.8709875953124999 0.417364078125 0.851642340625 0.6034345859375 1 0.5815185875 1 0.407701090625
0 1 0.5855367828125 0.892044971875 0.6052163140625 0.8739269406249999 0.5977401796875 0.8818923218749999 0.6096857203125 0.8626916921875001 0.7926599125 1 0.7493210921875 1 0.5855367828125
0 1 0.7488534046875001 0.8085813984374999 0.8106317000000001 0.797913603125 0.8109233218749999 0.7815354046875 0.9630126890625 0.8451828453125 0.9596770687499999 1 0.8988514593750001 1 0.7488534046875001
0 1 0.015997475 0.979571765625 0.008677959374999999 0.9683406250000001 0.00582390625 0.9073585859375 0.003642678125 0.881174653125 0.1840590046875 0.907932978125 0.1890312109375 1 0.19745271874999998 1 0.015997475
0 1 0.1992860953125 0.9277079953125 0.19144555000000002 0.9177481734375 0.1917865390625 0.9222219 0.20245314531249997 0.8962004984374999 0.40980292656249995 1 0.407338853125 1 0.1992860953125