0 0.47156535 0 0.45892511875 0.0785995578125 0.8340838906249999 0.089269540625 0.9928481921874999 0.09951655312499999 0.99743771875 0.020717412499999997 0.6562666390625 0 0.47156535 0
0 0.04463200625 0 0.036395306249999995 0.0501825171875 0.3718996921875 0.079233640625 0.45512415624999997 0.0762706 0.468649425 0 0.04463200625 0
0 0.0359599921875 0.053175689062499996 0.00505264375 0.2656909890625 0.1827307625 0.2983076265625 0.2015533015625 0.292229759375 0.21727181093749998 0.07029541875 0.0359599921875 0.053175689062499996
0 0.45208981875000004 0.07815839062499999 0.371749584375 0.08026576875 0.218338653125 0.0724479078125 0.20793827656250002 0.295767309375 0.5072225421875001 0.3442546796875 0.5299800703125 0.330096246875 0.58424430625 0.0898133953125 0.45208981875000004 0.07815839062499999
0 0.583627790625 0.0845645171875 0.5309128875 0.34265825625 0.9359110953125 0.39484319375 0.983796725 0.2549242234375 0.9927503421875 0.10119655937500001 0.8311996640625001 0.0901252046875 0.583627790625 0.0845645171875
0 0.52787855 0.3445460484375 0.52694573125 0.3319840375 0.502821146875 0.3460542359375 0.354095746875 0.3249951734375 0.31950645 0.5248752062500001 0.8473363328125 0.6433297359375 0.9096742671875001 0.5942205 0.97574510625 0.3931651828125 0.978623934375 0.343737615625 0.9353106609375 0.398971709375 0.52787855 0.3445460484375
0 0 0.4455483578125 0.317522871875 0.5195380968750001 0.3534792296875 0.3197462953125 0.20262014375 0.2943822484375 0.181363703125 0.29821939531249997 0.0043996703125 0.2701807484375 0 0.300432365625 0 0.4455483578125
0 0 0.6109326562499999 0.29413810625000003 0.69930495625 0.30522469218750004 0.6989786921875 0.32770881093750004 0.5254046046874999 0 0.44721089843749995 0 0.6109326562499999
0 0.3015899234375 0.7049949984375 0.7757023937499999 0.8512369937500001 0.8569647234375 0.7668855859375 0.904672434375 0.6001485718749999 0.845518946875 0.646337890625 0.32907587031249996 0.5254928390625 0.3015899234375 0.7049949984375
0 0.1744051 0.6686571390625 0.1547569640625 0.8132433906250001 0.40142282500000004 0.9104254984375 0.42506492187499995 0.8806969015625 0.44959694531250005 0.7499694906250001 0.1744051 0.6686571390625
0 0 0.7495983578125001 0.1523230609375 0.811002665625 0.1744051 0.6686571390625 0 0.6143898812499999 0 0.7495983578125001
0 0.8548471203125001 0.7719579953125 0.775402175 0.8533012531249999 0.44792966874999995 0.7519455140625 0.42162850937499996 0.913813253125 0.6058460984375 0.984543146875 0.7661924359375 0.98081104375 0.7889012234375 0.931266971875 0.8548471203125001 0.7719579953125
0 0.42294731875 0.8857693125000001 0.4012727171875 0.9114576265625001 0.28334101562499997 0.8684242671875 0.2648454953125 0.9766213140625 0.4416425390625 0.9883650265625 0.604745365625 0.984568765625 0.421328290625 0.9158775125 0.42294731875 0.8857693125000001
0 0 0.8741408328125001 0.266362665625 0.9756774171875 0.2806068921875 0.8682477984375 0 0.752710528125 0 0.8741408328125001
0 0 0.9584857609374999 0.16793435 0.969324628125 0.177155303125 0.9438743437499999 0 0.8769403453125 0 0.9584857609374999
0 0.1652002296875 0.9691481609375 0.2607443171875 0.9763566125 0.17593835156249998 0.9427539828124999 0.1652002296875 0.9691481609375