0 0.7594528828125 0.2828957078125 0.855597515625 0.24873326406250001 0.8329839015625 0.17073083125 0.7448002218750001 0.2029567234375 0.7594528828125 0.2828957078125
0 0.67723991875 0.31366918125 0.751491928125 0.28483226250000004 0.737527796875 0.2101131 0.6672562625 0.237981740625 0.67723991875 0.31366918125
0 0.5797611125000001 0.275427453125 0.5890562390625 0.3458950703125 0.6556915578125 0.32160461875 0.666524853125 0.29472644375 0.6480424046875 0.2480429515625 0.5797611125000001 0.275427453125
0 0.52207665625 0.3675756109375 0.587066 0.346379209375 0.5777708734375 0.2759115921875 0.51511603125 0.2992337671875 0.52207665625 0.3675756109375
0 0.46072352343749995 0.385193821875 0.5177519140625 0.365933975 0.5107912890625 0.29759213125 0.45410716406249996 0.3194618890625 0.46072352343749995 0.385193821875
0 0.449782421875 0.3178202546875 0.39076379375000003 0.3375642421875 0.391452321875 0.34278406562499997 0.42096163437499995 0.332912071875 0.42688946874999995 0.39342418125 0.45674304687499995 0.3861620984375 0.449782421875 0.3178202546875
0 0.29829825468750004 0.3061839703125 0.2953076859375 0.3769465078125 0.3563165546875 0.35671838437500003 0.3924097671875 0.33447018906250003 0.35498238125000003 0.2843142125 0.29829825468750004 0.3061839703125
0 0.236633321875 0.3993004046875 0.29132721093749997 0.3779147859375 0.2939735140625 0.3045423359375 0.2412698640625 0.32544381875 0.236633321875 0.3993004046875
0 0.18090664218750002 0.4128562890625 0.2339545546875 0.39456471875 0.23962389062499997 0.3285378671875 0.1849300015625 0.3499234859375 0.18090664218750002 0.4128562890625
0 0.1272884296875 0.38010711875 0.1792606671875 0.41595034062499997 0.1842414734375 0.3447036625 0.1378956875 0.30479811562500003 0.1272884296875 0.38010711875
0 0.026140946874999998 0.267335446875 0.0141566328125 0.332204803125 0.06521430781250001 0.314397371875 0.129203321875 0.3634793703125 0.140843371875 0.2960001 0.0781560671875 0.24121414218749998 0.026140946874999998 0.267335446875
0 0 0.41376452812500003 0.04802315 0.40208257812500003 0.1136581390625 0.448070525 0.127557346875 0.3665734203125 0.06356833125 0.31749142343750003 0.01052041875 0.3357829921875 0 0.3872203828125 0 0.41376452812500003
0 0.36231973281249996 0.43337410312499997 0.42566310312500005 0.41527175156249996 0.41931566093750006 0.336006121875 0.3563165546875 0.35671838437500003 0.36231973281249996 0.43337410312499997
0 0.2966418609375 0.44935067812499996 0.36197546875 0.430764190625 0.354326315625 0.3572025234375 0.29331744843749996 0.377430646875 0.2966418609375 0.44935067812499996
0 0.23762323125 0.46909466406250006 0.293005646875 0.45292886875000005 0.2916714734375 0.380524696875 0.236633321875 0.3993004046875 0.23762323125 0.46909466406250006
0 0.1742798609375 0.48719701562499995 0.233642753125 0.470062940625 0.2342988203125 0.39717463125 0.1792606671875 0.41595034062499997 0.1742798609375 0.48719701562499995
0 0.11270069375 0.45638440156250004 0.1512791 0.4685491953125 0.17228962187500002 0.48768115312500004 0.1792606671875 0.41595034062499997 0.125298190625 0.38059125781250003 0.11270069375 0.45638440156250004
0 0 0.47047505312500004 0.029186018749999997 0.49286183437500003 0.100791725 0.537397365625 0.1136581390625 0.448070525 0.0463771765625 0.4051766296875 0 0.416458184375 0 0.47047505312500004
0 0.7637776234375 0.28453734218750004 0.77774175625 0.3592565046875 0.8722404156250001 0.3281881125 0.85594178125 0.2513431765625 0.7637776234375 0.28453734218750004
0 0.6891813499999999 0.3107643484375 0.7011552437499999 0.38596765 0.77609578125 0.3623505546875 0.761787384375 0.28502148125 0.6891813499999999 0.3107643484375
0 0.6129391015625 0.34008540468750004 0.6225784937500001 0.413162934375 0.69552879375 0.390029978125 0.6835548984375001 0.314826675 0.6129391015625 0.34008540468750004
0 0.5379985640625 0.3637025 0.5456477171875 0.4372641671875 0.6166077765625 0.41461535156249996 0.6069683875 0.341537821875 0.5379985640625 0.3637025
0 0.45907755000000006 0.38828787187499997 0.4643922 0.459723765625 0.53405055 0.4427789125 0.526401396875 0.36921724375 0.45907755000000006 0.38828787187499997
0 0.352368540625 0.4357947953125 0.353476678125 0.45976814062500004 0.42279076406250005 0.440213371875 0.44399485937499994 0.42966802499999995 0.42168262656250005 0.416240028125 0.352368540625 0.4357947953125
0 0.2850446921875 0.4548654234375 0.28649709375 0.48144867812500003 0.30838971875 0.476123153125 0.309766775 0.4865628015625 0.35156178437499996 0.4763958875 0.3483880625 0.436763071875 0.2850446921875 0.4548654234375
0 0.2351705 0.5127898078124999 0.26536834374999996 0.5081376375 0.265292996875 0.491994028125 0.2851953828125 0.487152640625 0.28339871875 0.4579594734375 0.233642753125 0.470062940625 0.2351705 0.5127898078124999
0 0.029530282812500003 0.49547174531250004 0.02336599375 0.52660146875 0.094627434375 0.5685270890624999 0.100791725 0.537397365625 0.029530282812500003 0.49547174531250004
0 0.780076259375 0.3613822765625 0.78998456875 0.420926109375 0.8868177312500001 0.39198348906249997 0.8745749187499999 0.3303138859375 0.780076259375 0.3613822765625
0 0.703489746875 0.38809342343750003 0.712440609375 0.455951128125 0.7797644578125 0.4368805 0.7780431375 0.4238309421875 0.7879943296875 0.4214102484375 0.7787745484374999 0.3670862390625 0.703489746875 0.38809342343750003
0 0.6269032359375 0.41480456875 0.632486803125 0.472706765625 0.6523891890625 0.46786537812500006 0.65342198125 0.4756951140625 0.7107946359375 0.45904517968749997 0.69950926875 0.38906170156250003 0.6269032359375 0.41480456875
0 0.54798221875 0.43938994062500003 0.551424859375 0.46548905781250005 0.5812784390625 0.4582269765625 0.5830751046875 0.48742014375 0.6308408296875 0.47580081406249997 0.625257259375 0.41789861874999995 0.54798221875 0.43938994062500003
0 0.5018195859375 0.50987974375 0.581429128125 0.490514196875 0.5796324625 0.461321028125 0.498376946875 0.4837806265625 0.5018195859375 0.50987974375
0 0.46638243749999997 0.4592396265625 0.4761400578125 0.486496240625 0.5374931890625 0.46887802812499996 0.5324045765625 0.4458729609375 0.46638243749999997 0.4592396265625
0 0.3514864390625 0.46025227968750004 0.3517449375 0.586791240625 0.46587706406249996 0.56441515625 0.48577945 0.55957376875 0.4875436515625 0.510658803125 0.45264434218750005 0.43295129218749995 0.3514864390625 0.46025227968750004
0 0.2639912859375 0.49769799218750005 0.2602693078125 0.6252052296875 0.352164546875 0.6055447609375 0.349915809375 0.4794899390625 0.2639912859375 0.49769799218750005
0 0.1713321765625 0.495995028125 0.14963312499999998 0.471643246875 0.1099790453125 0.5136132390625 0.10239481718750001 0.5962678390625 0.14020935 0.5870692046875 0.1958178015625 0.6193342359375 0.2231433046875 0.6396236890625 0.2516198265625 0.6219219625 0.25193162812500003 0.546423740625 0.20153001874999998 0.491342859375 0.1713321765625 0.495995028125
0 0 0.5248389687499999 0.0147165109375 0.5233182000000001 0.0228710390625 0.49170433906250005 0 0.4726995453125 0 0.5248389687499999
0 0 0.5824211578125 0.048658375 0.609339584375 0.0907976484375 0.601782584375 0.0933257265625 0.5742310500000001 0.017051015625 0.5254439734374999 0 0.52732324375 0 0.5824211578125
0 0.7780431375 0.4238309421875 0.7988925499999999 0.5507483390625 0.915628096875 0.51696433125 0.8947786843750001 0.39004693437500004 0.7780431375 0.4238309421875
0 0.6537662453124999 0.47830502499999994 0.669258125 0.595751053125 0.798279365625 0.5616721234375001 0.7781184828125001 0.43997454999999996 0.6537662453124999 0.47830502499999994
0 0.5512312859375 0.49516636406250003 0.558686865625 0.5984053390625 0.5670674296875 0.6152223046875 0.6665793578125 0.5910153671875 0.652733453125 0.47047529062500004 0.5512312859375 0.49516636406250003
0 0.48845821562499997 0.5643094546875 0.5302532265625 0.5541425421875 0.556696628125 0.5988894765625 0.55157555 0.4977762765625 0.485897678125 0.5137528546875 0.48845821562499997 0.5643094546875
0 0.8155029859375 0.552095053125 0.8380737171874999 0.6920620078125 0.9427351640625 0.6666024203124999 0.9524196999999999 0.5479619640625 0.9335402453125001 0.5126070828125 0.8155029859375 0.552095053125
0 0.6815438203124999 0.5954561328125 0.6947765421875001 0.726919996875 0.8324472671875001 0.6961243374999999 0.8122110375 0.558283153125 0.6815438203124999 0.5954561328125
0 0.56741169375 0.617832215625 0.5746737000000001 0.750748496875 0.6848253484375 0.7293406890624999 0.6709040984375 0.5926570015625 0.56741169375 0.617832215625
0 0.41646536406249995 0.579128534375 0.4207796859375 0.720842828125 0.53690205 0.69798260625 0.5726081171875 0.735089025 0.5647329265625001 0.61309653125 0.5282629875 0.55462668125 0.41646536406249995 0.579128534375
0 0.3133068015625 0.74698631875 0.4171434703125 0.72442101875 0.4131734140625 0.5853166375 0.3113269828125 0.6073978 0.3133068015625 0.74698631875
0 0.21509658437499998 0.7654892921875 0.3113165640625 0.7474704578125 0.3076907703125 0.6109759890625 0.22211051249999997 0.6317939546875 0.21509658437499998 0.7654892921875
0 0.049002640624999996 0.611949496875 0.030735807812499998 0.7537694921875 0.12661152343749998 0.733140746875 0.2134506109375 0.76858334375 0.22115306562499998 0.640107828125 0.138563375 0.5901632546875 0.049002640624999996 0.611949496875
0 0 0.6920536359375 0.006777601562500001 0.743435546875 0.026755331249999997 0.7547377703125 0.050992878124999995 0.6114653578125 0 0.58447559375 0 0.6920536359375
0 0.861408325 0.8533923984375 0.9287099421875 0.8384184734375 0.9425108281250001 0.669350646875 0.8384179828124999 0.6946719203125 0.861408325 0.8533923984375
0 0.6891500890625 0.7309823234375 0.70245815625 0.8785897968749999 0.8531031046875001 0.852719040625 0.8308012921874999 0.6992183875 0.6891500890625 0.7309823234375
0 0.5750179625 0.7533584078125 0.5816667875 0.8971984734375 0.7008121828125 0.8816838468749999 0.6855138765625 0.7345605125 0.5750179625 0.7533584078125
0 0.4171434703125 0.72442101875 0.4175526625 0.8832471984374999 0.541022796875 0.8693742062500001 0.5806339953124999 0.8893687375000001 0.5729523796875 0.7376989359375 0.5332658359375 0.7015607953125 0.4171434703125 0.72442101875
0 0.3106929609375 0.8984669015625 0.413572184375 0.8842154750000001 0.41549749687500004 0.72751506875 0.313651065625 0.74959623125 0.3106929609375 0.8984669015625
0 0.20781373906249997 0.91271833125 0.3070567484375 0.9020450921875 0.311660828125 0.7500803703125001 0.21544084843750003 0.7680992046874999 0.20781373906249997 0.91271833125
0 0.0310800734375 0.7563794046875 0.020967768749999997 0.8665855375 0.027508784375 0.916173859375 0.1094528296875 0.898934084375 0.20452178906250001 0.9189064312499999 0.2137948734375 0.7711932546875 0.12496555000000001 0.736234796875 0.0310800734375 0.7563794046875
0 0.5453475390625 0.871015840625 0.41590668593749996 0.8863412484375001 0.4192310984375 0.9582612812500001 0.542970153125 0.9308545921875 0.5824306609375001 0.9185619062500001 0.5809782609374999 0.8919786500000001 0.5453475390625 0.871015840625
0 0.41391644687499995 0.8868253875000001 0.308702721875 0.898951040625 0.304264521875 0.986524290625 0.31729083281250003 0.986069403125 0.41593915 0.96444938125 0.41391644687499995 0.8868253875000001
0 0.20781373906249997 0.91271833125 0.20311657656249998 0.9900564546874999 0.304167465625 0.9865276812499999 0.305066509375 0.9025292296874999 0.20781373906249997 0.91271833125
0 0.10979709374999999 0.901543996875 0.0278530484375 0.918783771875 0.0380148734375 0.9958219343750001 0.200289475 0.9901551796874999 0.204866053125 0.9215163421874999 0.10979709374999999 0.901543996875