0 0.8907371812499999 0.5608363859375001 0.8283310531250001 0.5452028484375 0.8186698921875 0.5458091125 0.755714903125 0.528820165625 0.7104400156249999 0.5125639468750001 0.7104717234375 0.541722621875 0.65990630625 0.6541105671875 0.6753258953125 0.7194231421875 0.8919338953124999 0.7724317859375 0.9583255359375 0.6178861718750001 0.944823496875 0.5960828125 0.9277088078125001 0.5759746812500001 0.909752753125 0.5581975625 0.8907371812499999 0.5608363859375001
0 0.8923554265625 0.7725495640625 0.6751886796875 0.7190842875000001 0.6596318734375 0.6534328625 0.6395926703125 0.66856923125 0.6256238 0.7148520171875 0.630565359375 0.816604246875 0.8611376140625 0.87501715 0.8687076859375 0.853091184375 0.903495153125 0.7912887703125 0.89494390625 0.7678635546875 0.8923554265625 0.7725495640625
0 0.63021738125 0.8162065046875 0.625633684375 0.7139532375 0.5935794859375 0.7963532375 0.5929862265625 0.9079785203125 0.8130103625 0.9643457625 0.851926478125 0.8859666171875 0.8529814578125 0.8733393015625 0.63021738125 0.8162065046875
0 0.45988570781250004 0.70761063125 0.46201427500000003 0.6934802015625 0.4568823734375 0.69234683125 0.4500225109375 0.7201809921875 0.41852475 0.828881140625 0.42044576562499997 0.8336250734374999 0.5594472890625 0.8754680125000001 0.5717914015625001 0.8551764515625001 0.5993558734375 0.7709209718750001 0.5999640359375 0.76688370625 0.45988570781250004 0.70761063125
0 0.4835817109375 0.6354968750000001 0.4629407671875 0.6925370125 0.46023368906249995 0.7080083734375 0.599890484375 0.7671636687500001 0.6080082625000001 0.759514875 0.6260650953125 0.7131722359375 0.6396662171874999 0.6682892703125 0.649342784375 0.6598739546875 0.6488389734375 0.6480131578125 0.5024179359375001 0.588770975 0.50404590625 0.5817130015624999 0.49778111249999996 0.5874754203125 0.4835817109375 0.6354968750000001
0 0.7283532125 0.42801595312499996 0.6892442859375 0.4149851046875 0.681823621875 0.4105076203125 0.5735498484375 0.3748460796875 0.562002590625 0.418800340625 0.56087521875 0.41878586249999994 0.54893171875 0.453914515625 0.5256868921875 0.5234497109375 0.5038450250000001 0.5807553328124999 0.5024179359375001 0.588770975 0.6601906203125 0.6538894921875 0.7103981765625 0.5420025828124999 0.7106606656250001 0.5117240562500001 0.717096690625 0.5096156421875 0.7264089671875 0.463834859375 0.7160913796874999 0.460050528125 0.730210559375 0.43214106875 0.7283532125 0.42801595312499996
0 0.3789811375 0.304254765625 0.37613799531250003 0.306465509375 0.3697952875 0.30649640312500004 0.37093690625 0.3116235953125 0.35118638125 0.3325503828125 0.343350609375 0.3658216234375 0.3410662140625 0.3684889984375 0.30893821718750003 0.508867496875 0.3184578 0.5019108859375 0.31335324062500003 0.5239247 0.470510184375 0.5681357421875 0.48434183593749996 0.5215141062499999 0.521297653125 0.3842876125 0.5279104296875 0.37892293125 0.524631509375 0.37590318906250003 0.526971996875 0.348909884375 0.3789811375 0.304254765625
0 0.4702994171875 0.568076853125 0.318548809375 0.5256768859375 0.30602795 0.5492247078125 0.2776695859375 0.6864492703125 0.43895402656250004 0.727005340625 0.4556924859375 0.6787917765625 0.477757309375 0.5948027406249999 0.4903760984375 0.5174903578125 0.486361684375 0.5172702453125 0.4702994171875 0.568076853125
0 0.4388804765625 0.72728530625 0.2866589203125 0.6892614546875 0.2759448390625 0.7343500484375001 0.2711629734375 0.7654694375 0.263386503125 0.7933480015625001 0.2584345609375 0.80789161875 0.41230270312500006 0.8499816984375 0.44593339375 0.7331626046874999 0.456893409375 0.6785262921874999 0.4388804765625 0.72728530625
0 0.066477803125 0.6343529203125 0.0592371 0.6455524234375 0.049560035937500004 0.76936480625 0.210183684375 0.7995187890625 0.26101801875 0.694718815625 0.2848843484375 0.5814822921875 0.2187234921875 0.6765907015625 0.066477803125 0.6343529203125
0 0.22822059218750002 0.5371013296875 0.06883855312500001 0.49016499218750004 0.0663335078125 0.493672259375 0.055189823437499994 0.6290954015625 0.218512725 0.6765318125 0.27937918125 0.5886590093749999 0.3041435046875 0.464253875 0.2989578203125 0.461602909375 0.22822059218750002 0.5371013296875
0 0.06821137187500001 0.3229042171875 0.0562223203125 0.483935325 0.22787261406249998 0.53670359375 0.29825197812500004 0.46170620625 0.3223258625 0.32959532187499996 0.3202478640625 0.3263100953125 0.17127673125 0.28108056718749996 0.06821137187500001 0.3229042171875