0 0.4234382015625 0.0406525984375 0.4234382015625 0.0344334328125 0.2537752796875 0.0344334328125 0.08973033750000001 0.048944815625 0.10770786562500001 0.2355197140625 0.3009662921875 0.24070235 0.2874831453125 0.056200506250000004 0.4234382015625 0.0406525984375
0 0.5335505625 0.04479870625 0.532426965625 0.038579542187499996 0.427932584375 0.0396160703125 0.2886067421875 0.056200506250000004 0.29871910156250003 0.244848459375 0.49422472031250003 0.2531406765625 0.5414157296875 0.2147891703125 0.5335505625 0.04479870625
0 0.7481573046875 0.038579542187499996 0.5897303375 0.0365064890625 0.5582696625 0.04479870625 0.5582696625 0.2116795890625 0.7391685406249999 0.224117915625 0.7470337078125 0.049981343750000004 0.7481573046875 0.038579542187499996
0 0.9436629218749999 0.053090925 0.9234382015625 0.0375430171875 0.75040449375 0.0406525984375 0.751528090625 0.0479082875 0.7414157296874999 0.2230813875 0.92568539375 0.2303370796875 0.9436629218749999 0.053090925
0 0.920067415625 0.24381193125 0.9122022484375 0.22722749687500002 0.7290561796875 0.224117915625 0.7133258421875001 0.38374310624999997 0.9009662921875 0.3972179609375 0.9122022484375 0.3723413078125 0.920067415625 0.24381193125
0 0.7166966296874999 0.38374310624999997 0.7234382015625 0.22515444218749997 0.5593932578125 0.2116795890625 0.49422472031250003 0.2531406765625 0.4987191015625 0.4272772515625 0.691977528125 0.43867905 0.7166966296874999 0.38374310624999997
0 0.89085393125 0.3992910140625 0.715573034375 0.3827065796875 0.6998426953125 0.42624072343749997 0.69759550625 0.4490443203125 0.9065842703125 0.460446121875 0.89085393125 0.3992910140625
0 0.939168540625 0.556843153125 0.9065842703125 0.46355570312500005 0.6931011234375 0.4511173765625 0.6863595499999999 0.537149134375 0.679617978125 0.7154318171875 0.9054606734374999 0.7434180515625 0.939168540625 0.556843153125
0 0.67849438125 0.5298934453124999 0.6942247203125 0.442825159375 0.503213484375 0.4293503046875 0.44703370781249996 0.510199428125 0.45826966249999995 0.6832994734375 0.6751235953125 0.706103071875 0.67849438125 0.5298934453124999
0 0.46164045 0.6843359999999999 0.4537752796875 0.6915916921874999 0.4346741578125 0.6905551640625001 0.439168540625 0.828413284375 0.6369213484375 0.8481073 0.6436629218750001 0.706103071875 0.46164045 0.6843359999999999
0 0.6807415734375 0.7195779265625 0.6762471921875 0.706103071875 0.6425393265625 0.706103071875 0.6425393265625 0.847070775 0.8504044937499999 0.8688378453125001 0.868382021875 0.7382354171875 0.6807415734375 0.7195779265625
0 0.43242696562500005 0.6915916921874999 0.243662921875 0.6687880921875 0.24029213437500002 0.6480575484375 0.2290561796875 0.656349765625 0.25040449374999996 0.801463575 0.43579775156249995 0.828413284375 0.43242696562500005 0.6915916921874999
0 0.44703370781249996 0.5164185906250001 0.22680898749999998 0.49568804687499995 0.24928089843749998 0.6698246203125 0.45040449374999997 0.6905551640625001 0.45489887656250005 0.685372528125 0.44703370781249996 0.5164185906250001
0 0.29871910156250003 0.24381193125 0.20208988749999998 0.3018574578125 0.2290561796875 0.4936149921875 0.44703370781249996 0.5164185906250001 0.5009662921875 0.431423359375 0.49197752812499995 0.2541772046875 0.29871910156250003 0.24381193125
0 0 0.3376383765625 0.027932584375000003 0.4739209765625 0.2234382015625 0.48532277500000004 0.19759550625 0.3049670390625 0.2953483140625 0.24381193125 0.10770786562500001 0.23344666093750002 0.003213484375 0.2769808046875 0 0.2988929890625 0 0.3376383765625
0 0.03804494375 0.4749575015625 0.0706292140625 0.6366557484375 0.2414157296875 0.649094075 0.2245617984375 0.48739582812500004 0.03804494375 0.4749575015625
0 0.22568539375 0.650130603125 0.06950561875 0.637692275 0.0650112359375 0.6159252046875 0.043662921874999996 0.6408018578125 0.06950561875 0.78073303125 0.2459101125 0.8045731593750001 0.22568539375 0.650130603125
0 0.5593932578125 0.0365064890625 0.532426965625 0.038579542187499996 0.543662921875 0.215825696875 0.5582696625 0.209606534375 0.5593932578125 0.0365064890625