0 1 0.3342918078125 0.956320621875 0.3224100515625 0.8657599749999999 0.318388434375 0.8053607703125 0.472129309375 0.8912778546875 0.547948990625 1 0.571842115625 1 0.3342918078125
0 0.3864526828125 0.239996515625 0.38901651406250004 0.4343977703125 0.75994276875 0.4982519890625 0.7957242234375 0.309071021875 0.75976319375 0.29299044375 0.3864526828125 0.239996515625
0 0.34193294375 0.22622567968750001 0.0306599 0.17619361875 0.018090260937499998 0.370543553125 0.348687278125 0.43384828437499995 0.37239704375 0.405313221875 0.3648245109375 0.2363462359375 0.34193294375 0.22622567968750001
0 0.12671335156250002 0.615381540625 0.1204842796875 0.4516469359375 0.1873879109375 0.40537368906250004 0.021097425 0.376056725 0.0115400765625 0.495808734375 0.013970435937500001 0.6002268828124999 0.11474716874999999 0.618367596875 0.12671335156250002 0.615381540625
0 0.1257155796875 0.44877561562499996 0.124649340625 0.6212902390624999 0.3819632546875 0.6734780781249999 0.40274591718749997 0.6381919468749999 0.3966593828125 0.4982581890625 0.4239543296875 0.440294375 0.3822816328125 0.43451250625000004 0.3850661984375 0.417462728125 0.37033303281249996 0.41122191875 0.347023571875 0.4335674921875 0.1942028546875 0.40402105781250003 0.1257155796875 0.44877561562499996
0 0.40205080625 0.49291107343749996 0.40533519218749997 0.676171246875 0.646972790625 0.7106964078125 0.6718913343749999 0.5334475703125 0.65679303125 0.4808429671875 0.4204667953125 0.44220858906249993 0.40205080625 0.49291107343749996
0 0.6732347953125 0.5386799515625 0.645309084375 0.7104156171875 0.6590815125 0.731511196875 0.9186195625 0.77531454375 0.9611359 0.586018840625 0.9325502453125001 0.5599203484374999 0.8978526140625 0.55031005 0.8101917625 0.47544747656249997 0.766775296875 0.4706227140625 0.75994276875 0.4982519890625 0.6518819765625 0.47876269687499995 0.6732347953125 0.5386799515625
0 1 0.573791671875 0.93786160625 0.555811128125 0.970477640625 0.5976067640625 0.9223472812500001 0.7696866359375 0.9331125421875001 0.78526904375 0.9998208843749999 0.7940248765625 1 0.7903834296875 1 0.573791671875
0 0.9872512453125 0.9883748109375 0.9997408234374999 0.7952627734375 0.9998208843749999 0.7940248765625 0.9432548984375 0.7844779921875 0.8994126859374999 0.9422646718750001 0.9256941421875 0.9779855546875 0.9872512453125 0.9883748109375
0 0.6524266921875 0.7303880359375 0.6311733859374999 0.8769702203125 0.655150646875 0.9223134937499999 0.9048665874999999 0.9619563 0.9350789109375001 0.8068748875 0.9456215734375 0.799894346875 0.9155323359375 0.77103926875 0.6524266921875 0.7303880359375
0 0.405575375 0.67245755625 0.3894987515625 0.660984365625 0.376644034375 0.8077326062499999 0.398734990625 0.830232140625 0.6269028203125 0.8649867703125 0.6333429015625 0.7134016734374999 0.405575375 0.67245755625
0 0.146037325 0.6286542109375 0.144828546875 0.777367984375 0.3756832984375 0.8225873781249999 0.3870344328125 0.67308255 0.146037325 0.6286542109375
0 0.1413664546875 0.6228602484375 0.014080635937499999 0.6049615390625 0.01771990625 0.7613194421875 0.1476755890625 0.785356953125 0.1413664546875 0.6228602484375
0 0.2408977140625 0.9562652859374999 0.2371954390625 0.805471240625 0.0177261078125 0.7615858984375 0.022203506249999998 0.9539531703125 0.21552424218750002 0.9845195562500001 0.2408977140625 0.9562652859374999
0 0.6169493984375001 1 0.630070109375 0.8680241453124999 0.3903364015625 0.8300660859375 0.39269521875 0.9756277484375 0.5371026078125001 1 0.6169493984375001 1
0 0.8885330015624999 1 0.8974912125 0.971974215625 0.8883095937500001 0.9579104968750001 0.6552307078124999 0.921075596875 0.6310933234375 0.8782081171874999 0.6151732937500001 1 0.8885330015624999 1
0 0.9864993828124999 1 0.9872512453125 0.9883748109375 0.9207830875 0.9759052859375 0.9025799734375 0.9453020484374999 0.8940119515625 1 0.9864993828124999 1
0 0.23829085625 0.944562625 0.38295316874999996 0.9702293109375001 0.382258059375 0.8249484375 0.2360921625 0.7965251656250001 0.23829085625 0.944562625