0 0.41504040625 0 0.4436267984375 0.1787914296875 0.8770609140625 0.139636965625 0.8758770359374999 0 0.41504040625 0
0 0.4046060015625 0 0.048561678125 0.0450241984375 0.0652827375 0.10835527812500001 0.422579846875 0.07482222031249999 0.41632792500000004 0 0.4046060015625 0
0 0.0656452078125 0.1104210984375 0.08777956718749999 0.22058776406249997 0.43146787656249996 0.1814202921875 0.424494678125 0.0777436203125 0.0656452078125 0.1104210984375
0 0.448827590625 0.18445690312500002 0.473151834375 0.4189894890625 0.883276765625 0.3828496015625 0.879803171875 0.139282309375 0.448827590625 0.18445690312500002
0 0.4637351703125 0.4212636953125 0.42872561875 0.1817749484375 0.016153221875000002 0.2310018265625 0.027490659374999997 0.3931347375 0.046652106250000006 0.46569791718750003 0.4637351703125 0.4212636953125
0 0.4637351703125 0.4212636953125 0.0516716640625 0.47033048125 0.10866674843749999 0.6752853812499999 0.5026218578125 0.6348986437499999 0.4637351703125 0.4212636953125
0 0.4905115484375 0.42202609999999996 0.51012369375 0.6297030390625 0.8961120140625001 0.5998537859375 0.8961606265625001 0.3843523796875 0.4905115484375 0.42202609999999996
0 0.5113135843750001 0.6284928 0.5334080015625 0.82634156875 0.8998380562499999 0.7969090890625 0.8998629296875 0.5972559828125 0.5113135843750001 0.6284928
0 0.48854810625 0.6346061062499999 0.099250084375 0.6775595859375 0.14638728437499998 0.87428226875 0.52590616875 0.831537175 0.48854810625 0.6346061062499999
0 0.14793964531249998 0.8751378484375 0.18323320625 0.9973627640625 0.54383970625 0.9889695546875 0.5231639140625 0.8318918312499999 0.14793964531249998 0.8751378484375
0 0.9066936984374999 0.7960224484375 0.5349603671875001 0.8271971484374999 0.55623146875 0.9886811328125 0.5817877171875 0.9880863046874999 0.9060557484375 0.9461487156249999 0.9066936984374999 0.7960224484375