0 1 0.48425787031249995 0.768 0.5067466265625 0.782 0.6476761625 1 0.637181409375 1 0.48425787031249995
0 1 0.640179909375 0.784 0.6491754125 0.8 0.7976012 1 0.8035982015625001 1 0.640179909375
0 1 0.8035982015625001 0.792 0.8005997 0.818 0.9580209890625 1 0.9730134937500001 1 0.8035982015625001
0 0.8119999999999999 1 0.8140000000000001 0.9505247375 0.806 0.87706146875 0.696 0.8710644671875001 0.5599999999999999 0.9175412296875001 0.5599999999999999 1 0.8119999999999999 1
0 0.748 0.5547226390625 0.508 0.5712143921874999 0.51 0.661169415625 0.768 0.6551724140624999 0.762 0.563718140625 0.748 0.5547226390625
0 0.78 0.6551724140624999 0.768 0.6551724140624999 0.512 0.6656671671875001 0.518 0.7571214390625001 0.774 0.761619190625 0.788 0.760119940625 0.78 0.6551724140624999
0 0.79 0.8020989500000001 0.788 0.760119940625 0.774 0.763118440625 0.518 0.7586206890625 0.52 0.8575712140625 0.776 0.87406296875 0.798 0.8710644671875001 0.79 0.8020989500000001
0 0.696 0.8695652171875 0.52 0.8590704640625001 0.528 0.9655172406249999 0.558 0.9670164921875 0.558 0.9160419796875001 0.696 0.8695652171875
0 0.324 0.6806596703125 0.21200000000000002 0.6821589203125 0.044 0.685157421875 0.028000000000000004 0.8830584703125 0.196 0.901049475 0.316 0.87406296875 0.324 0.6806596703125
0 0.42000000000000004 0.6791604203125 0.32599999999999996 0.6806596703125 0.316 0.87256371875 0.414 0.8500749624999999 0.42000000000000004 0.6791604203125
0 0.516 0.760119940625 0.514 0.6806596703125 0.422 0.6791604203125 0.418 0.8515742124999999 0.516 0.8320839578125 0.516 0.760119940625
0 0.506 0.5682158921875 0.514 0.5682158921875 0.514 0.539730134375 0.42000000000000004 0.5202398796875001 0.41600000000000004 0.67766116875 0.514 0.67766116875 0.51 0.661169415625 0.506 0.5682158921875
0 0.32799999999999996 0.502248875 0.32799999999999996 0.6791604203125 0.41200000000000003 0.6791604203125 0.41600000000000004 0.5157421296875 0.32799999999999996 0.502248875
0 0.32799999999999996 0.500749625 0.21800000000000003 0.48275862031249994 0.057999999999999996 0.502248875 0.048 0.6836581703125 0.21200000000000002 0.6806596703125 0.32599999999999996 0.6791604203125 0.32799999999999996 0.500749625
0 0.63 0.4572713640625 0.5700000000000001 0.43778110937500003 0.5700000000000001 0.5547226390625 0.608 0.562218890625 0.636 0.560719640625 0.63 0.4572713640625
0 0.568 0.5547226390625 0.568 0.43178410781250004 0.48600000000000004 0.40029985 0.484 0.5322338828125 0.516 0.539730134375 0.516 0.5472263875000001 0.568 0.5547226390625
0 0.42400000000000004 0.37331334374999997 0.42000000000000004 0.5187406296875 0.48200000000000004 0.5307346328125 0.484 0.3988006 0.42400000000000004 0.37331334374999997
0 0.42000000000000004 0.3703148421875 0.33199999999999996 0.335832084375 0.322 0.34482758593749996 0.32 0.499250375 0.41600000000000004 0.5142428781249999 0.42000000000000004 0.3703148421875
0 0.32 0.340329834375 0.21800000000000003 0.30434782656250003 0.074 0.338830584375 0.062 0.499250375 0.22000000000000003 0.4797601203125 0.32 0.4962518734375 0.32 0.340329834375
0 0.606 0.34482758593749996 0.612 0.44827586249999996 0.646 0.46026986562500005 0.64 0.3583208390625 0.606 0.34482758593749996
0 0.5660000000000001 0.3208395796875 0.5700000000000001 0.434782609375 0.612 0.44827586249999996 0.604 0.3433283359375 0.5660000000000001 0.3208395796875
0 0.564 0.31934032968750004 0.48600000000000004 0.27286356875 0.47400000000000003 0.27736131875000003 0.48200000000000004 0.3988006 0.568 0.43178410781250004 0.564 0.31934032968750004
0 0.418 0.2458770609375 0.422 0.3718140921875 0.48200000000000004 0.39730135 0.472 0.27286356875 0.418 0.2458770609375
0 0.33799999999999997 0.187406296875 0.33799999999999997 0.337331334375 0.42000000000000004 0.3703148421875 0.41600000000000004 0.2308845578125 0.33799999999999997 0.187406296875
0 0.33599999999999997 0.3313343328125 0.33599999999999997 0.17691154375 0.23199999999999998 0.12443778125 0.094 0.17841079531249998 0.088 0.33283358281250003 0.21800000000000003 0.302848575 0.32 0.338830584375 0.33599999999999997 0.3313343328125
0 0 0.3538230890625 0.088 0.33433283281250004 0.092 0.17841079531249998 0 0.21289355312499997 0 0.3538230890625
0 0 0.512743628125 0.06 0.502248875 0.074 0.340329834375 0.068 0.338830584375 0 0.3553223390625 0 0.512743628125
0 0.5 0.0584707640625 0.442 0.0089955015625 0.318 0.0554722640625 0.316 0.164917540625 0.44000000000000006 0.12743628125 0.502 0.1694152921875 0.5 0.0584707640625
0 0.5 0.059970015625 0.504 0.1709145421875 0.5599999999999999 0.2068965515625 0.554 0.098950525 0.5 0.059970015625
0 0.606 0.1439280359375 0.554 0.100449775 0.5599999999999999 0.20839580156249998 0.606 0.24137931093749998 0.606 0.1439280359375
0 0.33999999999999997 0.17691154375 0.33799999999999997 0.187406296875 0.41600000000000004 0.22938530781250002 0.418 0.2458770609375 0.476 0.27286356875 0.488 0.2713643171875 0.51 0.284857571875 0.502 0.17241379375000002 0.438 0.1289355328125 0.316 0.1664167921875 0.33999999999999997 0.17691154375
0 0.562 0.3178410796875 0.558 0.20839580156249998 0.504 0.17241379375000002 0.51 0.286356821875 0.562 0.3178410796875
0 0.624 0.3493253375 0.622 0.25787106406250004 0.562 0.20989505312499998 0.5660000000000001 0.31934032968750004 0.624 0.3493253375
0 0.316 0.164917540625 0.316 0.053973014062500005 0.21000000000000002 0.101949025 0.21000000000000002 0.1304347828125 0.22999999999999998 0.12293853125000001 0.316 0.164917540625
0 0.754 0.10494752656249999 0.632 0.1424287859375 0.638 0.19790105 0.756 0.164917540625 0.754 0.10494752656249999
0 0.882 0.0689655171875 0.756 0.1034482765625 0.758 0.164917540625 0.892 0.1334332828125 0.882 0.0689655171875
0 1 0.07496251875 0.99 0.0419790109375 0.89 0.0674662671875 0.898 0.1304347828125 1 0.10644677656249998 1 0.07496251875
0 1 0.1079460265625 0.8880000000000001 0.1334332828125 0.8960000000000001 0.1994003 1 0.17691154375 1 0.1079460265625
0 0.754 0.1679160421875 0.758 0.22938530781250002 0.8960000000000001 0.20089955 0.8880000000000001 0.134932534375 0.754 0.1679160421875
0 0.632 0.20089955 0.634 0.25787106406250004 0.754 0.22938530781250002 0.752 0.1679160421875 0.632 0.20089955
0 1 0.17841079531249998 0.898 0.20089955 0.906 0.26836581718749997 1 0.2503748125 1 0.17841079531249998
0 0.758 0.2308845578125 0.764 0.298350825 0.9039999999999999 0.2698650671875 0.8939999999999999 0.20239880000000002 0.758 0.2308845578125
0 0.636 0.2593703140625 0.64 0.32383808125 0.76 0.299850075 0.756 0.2323838078125 0.636 0.2593703140625
0 1 0.2518740625 0.906 0.2698650671875 0.916 0.340329834375 1 0.32683658125 1 0.2518740625
0 0.764 0.299850075 0.77 0.364317840625 0.914 0.340329834375 0.906 0.2698650671875 0.764 0.299850075
0 0.64 0.32383808125 0.64 0.38830584687499997 0.766 0.3658170921875 0.762 0.299850075 0.64 0.32383808125
0 1 0.32683658125 0.916 0.3418290859375 0.924 0.4167916046875 1 0.4077961015625 1 0.32683658125
0 0.766 0.3658170921875 0.772 0.43328335781250005 0.9199999999999999 0.415292353125 0.9119999999999999 0.3418290859375 0.766 0.3658170921875
0 0.642 0.38830584687499997 0.646 0.45427286406249995 0.77 0.434782609375 0.764 0.3673163421875 0.642 0.38830584687499997
0 1 0.4092953515625 0.924 0.4182908546875 0.93 0.4662668671875 1 0.4572713640625 1 0.4092953515625
0 0.9279999999999999 0.464767615625 0.9199999999999999 0.415292353125 0.776 0.434782609375 0.782 0.5037481265625 0.818 0.499250375 0.8160000000000001 0.47676161875 0.9279999999999999 0.464767615625
0 0.648 0.45427286406249995 0.65 0.5157421296875 0.78 0.5037481265625 0.774 0.434782609375 0.648 0.45427286406249995
0 0 0.6836581703125 0.044 0.685157421875 0.062 0.499250375 0 0.511244378125 0 0.6836581703125
0 0 0.8815592203125 0.03 0.886056971875 0.052000000000000005 0.685157421875 0 0.6836581703125 0 0.8815592203125
0 0.376 1 0.39 0.8590704640625001 0.194 0.9025487249999999 0.01 0.8800599703125 0 0.9205397296875001 0 1 0.376 1
0 0.422 1 0.49800000000000005 0.9730134937500001 0.49800000000000005 0.839580209375 0.382 0.8575712140625 0.374 1 0.422 1
0 0.522 0.8335832078125 0.492 0.836581709375 0.496 0.9730134937500001 0.528 0.9655172406249999 0.522 0.8335832078125
0 0.768 0.6566716640625 0.78 0.6566716640625 0.768 0.5037481265625 0.648 0.5157421296875 0.654 0.5577211390625 0.75 0.5577211390625 0.762 0.563718140625 0.768 0.6566716640625
0 1 0.4572713640625 0.8160000000000001 0.47376311875 0.8220000000000001 0.502248875 1 0.48425787031249995 1 0.4572713640625
0 0.242 0.02548725625 0.242 0.08545727187499999 0.314 0.0554722640625 0.312 0.0029985000000000003 0.242 0.02548725625
0 0.312 0 0.314 0.0554722640625 0.39 0.0299850078125 0.39 0.0014992500000000001 0.312 0
0 0.546 0 0.392 0.0014992500000000001 0.39 0.0314842578125 0.44400000000000006 0.010494753125 0.544 0.089955021875 0.546 0
0 0.558 0.010494753125 0.614 0.061469265625000005 0.61 0.0014992500000000001 0.546 0 0.546 0.010494753125 0.558 0.010494753125
0 0.618 0.1514242875 0.616 0.06446776562499999 0.562 0.011994003125 0.546 0.011994003125 0.544 0.09295352343749999 0.618 0.1514242875
0 0.612 0 0.616 0.062968515625 0.6639999999999999 0.11244377812499999 0.658 0.0314842578125 0.628 0 0.612 0