0 0.7829302515625 0.7739584328125 0.9763779828124999 0.761477078125 0.9636209984375 0.44903537812499994 0.95056991875 0.45700231718750006 0.941737265625 0.4044803734375 0.788257046875 0.41300399375 0.7829302515625 0.7739584328125
0 0.46972703437499996 0.638108675 0.7828058734375001 0.6071064171875 0.7783386921875 0.3338912671875 0.471649678125 0.35758620625000004 0.45248019843750004 0.37950816249999997 0.46972703437499996 0.638108675
0 0.1457911859375 0.4032030984375 0.168884996875 0.6412009015625 0.4694556078125 0.631460978125 0.45465159999999993 0.4326897265625 0.464988428125 0.3582458296875 0.171621915625 0.380621521875 0.1457911859375 0.4032030984375
0 0.294261371875 0.1081689375 0.187409915625 0.1120752 0.14798525468749998 0.12932832656249998 0.171621915625 0.380621521875 0.471649678125 0.35758620625000004 0.45440284374999995 0.09898569375 0.294261371875 0.1081689375
0 0.7783386921875 0.3338912671875 0.7802613359375 0.05336880000000001 0.6337137953124999 0.0678804953125 0.46079266875 0.091678375 0.464988428125 0.3582458296875 0.7783386921875 0.3338912671875
0 0.3137813203125 0.9138593703125 0.5069576265625 0.89473031875 0.5030332921875 0.6348105609375 0.3157039640625 0.633336903125 0.29041608281250003 0.6692138703125 0.3137813203125 0.9138593703125
0 0.7406442921874999 0.8849389234375 0.7530281421875 0.6968245734375 0.7428383609375 0.6110641515624999 0.5030332921875 0.6348105609375 0.5069576265625 0.89473031875 0.7406442921874999 0.8849389234375
0 0.16222374374999998 0.6418605234375 0.1605951921875 0.60197435 0.0964255015625 0.6683998359375 0.11312948593750001 0.9137049578124999 0.3137813203125 0.9138593703125 0.29041608281250003 0.6692138703125 0.3157039640625 0.633336903125 0.16222374374999998 0.6418605234375
0 0.520280128125 0.8934110734375 0.3204425703125 0.9131997484375001 0.329238759375 0.9792742453125 0.514545359375 0.967399259375 0.5299270593750001 0.9658761046875 0.520280128125 0.8934110734375
0 0.11312948593750001 0.9137049578124999 0.116363665625 0.9929159015625 0.3286467234375 0.9793121843750001 0.3137813203125 0.9138593703125 0.11312948593750001 0.9137049578124999
0 0.7403728671875001 0.8782912265625 0.520280128125 0.8934110734375 0.5299270593750001 0.9658761046875 0.74281569375 0.9381204890625 0.7403728671875001 0.8782912265625
0 0.74308711875 0.9447681859375001 0.9562471796875001 0.9236602671874999 0.92947779375 0.7594467390624999 0.7829302515625 0.7739584328125 0.7511281656250001 0.6502907046875 0.74308711875 0.9447681859375001
0 0.283801353125 0 0.293989946875 0.10152124062500001 0.6337137953124999 0.0678804953125 0.6351842984375 0 0.283801353125 0