0 0.548 0.2132132125 0.6679999999999999 0.20720720781250002 0.6679999999999999 0.1861861859375 0.528 0.18918918906249999 0.526 0.375375375 0.55 0.375375375 0.548 0.2132132125
0 0.798 0.37837837812499997 0.808 0.1951951953125 0.6679999999999999 0.18918918906249999 0.6980000000000001 0.2132132125 0.696 0.37837837812499997 0.798 0.37837837812499997
0 0.49400000000000005 0.36936936875000004 0.526 0.37837837812499997 0.528 0.18918918906249999 0.384 0.1861861859375 0.386 0.2102102109375 0.49000000000000005 0.21921921875 0.49400000000000005 0.36936936875000004
0 0.344 0.2102102109375 0.386 0.1861861859375 0.244 0.1861861859375 0.252 0.37837837812499997 0.346 0.372372371875 0.344 0.2102102109375
0 0.16799999999999998 0.37837837812499997 0.18 0.5585585578125001 0.314 0.5615615609375 0.308 0.375375375 0.254 0.37837837812499997 0.25 0.3603603609375 0.196 0.3573573578125 0.16799999999999998 0.37837837812499997
0 0.45199999999999996 0.37837837812499997 0.31 0.37837837812499997 0.314 0.5615615609375 0.45199999999999996 0.5555555562500001 0.45199999999999996 0.37837837812499997
0 0.5940000000000001 0.375375375 0.45 0.37837837812499997 0.45199999999999996 0.5555555562500001 0.5900000000000001 0.5615615609375 0.5940000000000001 0.375375375
0 0.73 0.37837837812499997 0.5940000000000001 0.375375375 0.5900000000000001 0.5615615609375 0.726 0.5615615609375 0.73 0.37837837812499997
0 0.866 0.3873873875 0.842 0.36336336406249997 0.8 0.36636636562499997 0.8 0.38138138125 0.732 0.38138138125 0.726 0.5585585578125001 0.86 0.5615615609375 0.866 0.3873873875
0 0.998 0.2672672671875 0.844 0.2672672671875 0.844 0.36336336406249997 0.898 0.384384384375 0.9960000000000001 0.38138138125 0.998 0.2672672671875
0 0.998 0.49549549531250003 0.998 0.38138138125 0.8960000000000001 0.3873873875 0.8460000000000001 0.36636636562499997 0.868 0.39339339375 0.8619999999999999 0.47447447499999995 0.8960000000000001 0.49549549531250003 0.998 0.49549549531250003
0 0.9019999999999999 0.60660660625 0.99 0.60660660625 1 0.4924924921875 0.892 0.4924924921875 0.8619999999999999 0.47447447499999995 0.8720000000000001 0.5285285281250001 0.9039999999999999 0.5675675671875 0.9019999999999999 0.60660660625
0 0.9019999999999999 0.609609609375 0.892 0.702702703125 0.984 0.702702703125 0.9880000000000001 0.609609609375 0.9019999999999999 0.609609609375
0 0.762 0.7297297296874999 0.89 0.7267267265624999 0.9019999999999999 0.5615615609375 0.8720000000000001 0.53153153125 0.86 0.5375375375 0.8400000000000001 0.5645645640625 0.766 0.5615615609375 0.762 0.7297297296874999
0 0.766 0.5645645640625 0.632 0.5645645640625 0.628 0.7417417421875 0.76 0.7327327328125001 0.766 0.5645645640625
0 0.628 0.5645645640625 0.49800000000000005 0.5645645640625 0.49800000000000005 0.7357357359375001 0.628 0.7417417421875 0.628 0.5645645640625
0 0.496 0.5615615609375 0.358 0.5615615609375 0.368 0.7417417421875 0.49800000000000005 0.7387387390625 0.496 0.5615615609375
0 0.36 0.5615615609375 0.22599999999999998 0.5645645640625 0.22999999999999998 0.7387387390625 0.368 0.7387387390625 0.36 0.5615615609375
0 0.096 0.5585585578125001 0.10200000000000001 0.7357357359375001 0.23199999999999998 0.7387387390625 0.22599999999999998 0.5675675671875 0.16999999999999998 0.5555555562500001 0.174 0.53153153125 0.13 0.525525525 0.096 0.5585585578125001
0 0.10400000000000001 0.7357357359375001 0.11599999999999999 0.9009009015625 0.242 0.903903903125 0.23399999999999999 0.7357357359375001 0.10400000000000001 0.7357357359375001
0 0.368 0.7417417421875 0.236 0.7417417421875 0.244 0.90690690625 0.37 0.903903903125 0.368 0.7417417421875
0 0.502 0.7357357359375001 0.366 0.7417417421875 0.372 0.90690690625 0.502 0.8978978984375001 0.502 0.7357357359375001
0 0.632 0.7387387390625 0.5 0.7417417421875 0.502 0.9009009015625 0.626 0.8978978984375001 0.632 0.7387387390625
0 0.762 0.7357357359375001 0.63 0.7417417421875 0.626 0.9009009015625 0.756 0.903903903125 0.762 0.7357357359375001
0 0.892 0.7267267265624999 0.762 0.7417417421875 0.754 0.90690690625 0.882 0.9009009015625 0.892 0.7267267265624999
0 0.628 0.9009009015625 0.624 0.996996996875 0.746 0.996996996875 0.752 0.90690690625 0.628 0.9009009015625
0 0.8800000000000001 0.9009009015625 0.752 0.90690690625 0.746 0.99399399375 0.8720000000000001 1 0.8800000000000001 0.9009009015625
0 0.626 0.9009009015625 0.502 0.8948948953125001 0.5 0.996996996875 0.622 0.996996996875 0.626 0.9009009015625
0 0.502 0.8978978984375001 0.368 0.90690690625 0.376 1 0.502 0.99399399375 0.502 0.8978978984375001
0 0.37 0.90690690625 0.244 0.90690690625 0.246 0.996996996875 0.376 0.996996996875 0.37 0.90690690625
0 0.24 0.903903903125 0.11399999999999999 0.9009009015625 0.11599999999999999 0.996996996875 0.246 0.996996996875 0.24 0.903903903125