0 0.0200492359375 0.1442966953125 0.0108686296875 0.3057887546875 0.1584457453125 0.280955 0.16055036875 0.12085783125 0.0200492359375 0.1442966953125
0 0.189251028125 0.1194582515625 0.19099525 0.2745385 0.331793940625 0.25423462343750003 0.320341715625 0.1031972140625 0.189251028125 0.1194582515625
0 0.456894815625 0.08373027499999999 0.33176246875 0.10201038437500001 0.339068290625 0.254929725 0.47259262968750004 0.2339307484375 0.456894815625 0.08373027499999999
0 0.5844608171875 0.06071222187500001 0.45962602343750003 0.0821273203125 0.4754230234375 0.233372790625 0.61036255625 0.21209483750000002 0.5844608171875 0.06071222187500001
0 0.6301753 0.2081891421875 0.7675484890625001 0.18217324375 0.736382703125 0.036086528125 0.6187230734375 0.0571517328125 0.6003255296875001 0.06077845 0.6301753 0.2081891421875
0 0.861118315625 0.0136264328125 0.747704271875 0.0338547015625 0.7717940750000001 0.181336309375 0.897746509375 0.15650724375 0.861118315625 0.0136264328125
0 0.9058603078124999 0.196425159375 0.7899134296875 0.220346375 0.7758606546875 0.22418115312500003 0.8065039078125 0.3799518140625 0.939829875 0.3568628453125 0.9058603078124999 0.196425159375
0 0.6580075203125 0.41028952968750004 0.8037727 0.381554765625 0.7683879359375 0.2213960625 0.6482946515625 0.24719920625 0.63823588125 0.2779249078125 0.6580075203125 0.41028952968750004
0 0.4610388375 0.309662203125 0.47373449843750004 0.443421715625 0.4877872703125 0.43958693593750003 0.6324348078125 0.4142661421875 0.5940212828125 0.2525753984375 0.47191769531250005 0.272387546875 0.4610388375 0.309662203125
0 0.43400496093749996 0.283054946875 0.3017966296875 0.30272994999999997 0.3134206203125 0.4707662734375 0.45665296250000004 0.44572445937499994 0.43400496093749996 0.283054946875
0 0.2960366640625 0.30280086562499997 0.1580683671875 0.32254678281250004 0.160381090625 0.49880593749999996 0.31220379375 0.4731352453125 0.2960366640625 0.30280086562499997
0 0.15220921406250001 0.3215727078125 0.0086793171875 0.343479534375 0.0049079125 0.5315835375 0.15774907031250002 0.5014538843749999 0.15220921406250001 0.3215727078125
0 0.17718443281250001 0.539139975 0.0271736671875 0.5687116718749999 0.0197251734375 0.7788315124999999 0.17549590937499998 0.7491888999999999 0.17718443281250001 0.539139975
0 0.3489190625 0.5106085859375 0.2032530671875 0.5403883453125 0.204619915625 0.737060378125 0.3605890203125 0.7095077546875 0.3489190625 0.5106085859375
0 0.4949817953125 0.4850088125 0.354778215625 0.511582665625 0.3645370515625 0.705535834375 0.5189917765625001 0.6772171953125 0.4949817953125 0.4850088125
0 0.6376190296875001 0.4536970171875 0.5047889828125001 0.4820109671875 0.5248509296874999 0.6781912734375 0.6602138125 0.64618438125 0.6376190296875001 0.4536970171875
0 0.6809458265624999 0.636774725 0.7071136484375 0.6390680890625 0.85218453125 0.6030183546875 0.8078392781250001 0.42439961249999997 0.6719804703125 0.45118152499999997 0.656909240625 0.45947526875 0.6809458265624999 0.636774725
0 0.8134008749999999 0.42223870156250004 0.859062140625 0.5995334703124999 0.9607707046874999 0.5714178078125001 0.966673053125 0.47931293124999996 0.949061315625 0.3933667953125 0.8134008749999999 0.42223870156250004
0 0.639256821875 0.6684129671875 0.6811611765625 0.9124503468749999 0.9427241093750001 0.8530310218749999 0.9541501015625 0.6747308765625 0.9344376562500001 0.60383653125 0.639256821875 0.6684129671875
0 0.475735171875 0.7379072703125 0.49636561874999996 0.9552664765625 0.6531548109374999 0.9211649015625 0.61837240625 0.7065954765625 0.475735171875 0.7379072703125
0 0 0.90350309375 0.0088767453125 0.997027121875 0.163036575 0.990745590625 0.1614624953125 0.79879545 0.008522153125 0.82788010625 0 0.88660013125 0 0.90350309375
0 0.17005285625 0.7981665765625 0.166773253125 0.9905933328125001 0.32813990937500004 0.9840181453125 0.32098289375 0.76309091875 0.17005285625 0.7981665765625
0 0.47158876875000005 0.7397891999999999 0.32562522031249996 0.7664339703125 0.3310531796875 0.9838994375000001 0.3765797984375 0.9820443703124999 0.487676075 0.9548503546875 0.47158876875000005 0.7397891999999999