0 0.2640792515625 0.044453909375 0.26079277031250003 0.2432998015625 0.49353856562500004 0.22927624062500002 0.47217312187499993 0.0448278046875 0.2640792515625 0.044453909375
0 0.47229340625000005 0.0427605078125 0.4945110265625 0.23035803281249997 0.710675084375 0.216597834375 0.6631337859374999 0.0371477234375 0.47229340625000005 0.0427605078125
0 0.663984546875 0.036847059375000005 0.7122698578125 0.2221019703125 0.9108197125 0.20722662343749998 0.842837478125 0.035935 0.663984546875 0.036847059375000005
0 0.2627676 0.5830584953125 0.51365650625 0.5504784093749999 0.530175859375 0.4801064078125 0.49446291249999996 0.231184953125 0.259044790625 0.2455814171875 0.24712757187499998 0.5101921265625 0.2627676 0.5830584953125
0 0.5152926796874999 0.5565246671875 0.744551171875 0.5284085796875 0.7758533625 0.46021829218750004 0.7109598078125 0.21739881562500002 0.49589212031249996 0.23224658437499998 0.532014109375 0.48267960312499997 0.5152926796874999 0.5565246671875
0 1 0.4342384109375 0.9107827703125 0.2083077609375 0.7126825875 0.221956615625 0.7790919515625 0.464349265625 0.7447292703125 0.53388935625 0.9474586078125 0.5090138828125 1 0.44563223125 1 0.4342384109375
0 0.246659790625 0.5077612874999999 0.25008413749999997 0.43895776093750005 0.1503061 0.442419115625 0.10888421875000001 0.7563276765625 0.13975426875000002 0.8128215703125001 0.3987621328125 0.7791150390625 0.397438721875 0.72226013125 0.398468715625 0.56525755 0.2625969265625 0.5821036875 0.246659790625 0.5077612874999999
0 0.15162705 0.8475669453125001 0.38964791249999997 0.8163590734374999 0.3876576328125 0.7809154046875 0.13975426875000002 0.8128215703125001 0.1291821203125 0.7955225125000001 0.12762954531249998 0.8122562796875 0.15162705 0.8475669453125001
0 0.15679115937500002 0.849705559375 0.1877171875 0.8904283875000001 0.3837444953125 0.866238490625 0.38580883125 0.8171343390624999 0.15679115937500002 0.849705559375
0 0.18606690625 0.8915417781249999 0.20678025 0.9238529124999999 0.382858265625 0.9019071375 0.38288481875 0.8673887406249999 0.18606690625 0.8915417781249999
0 0.40049796718749997 0.5646752187499999 0.3975672625 0.7240430921875001 0.399832121875 0.780491075 0.6254380140625 0.7588705515624999 0.6556761203125 0.6956056312500001 0.633660646875 0.5426134640625 0.5143141390625 0.55688803125 0.5115201015624999 0.5504093234375 0.40049796718749997 0.5646752187499999
0 0.39629742968750004 0.7799294984375 0.39589859843749997 0.8140337578124999 0.608202359375 0.7894123859375 0.624647409375 0.7588336906250001 0.39629742968750004 0.7799294984375
0 0.391694890625 0.8144111109375001 0.38915535156250003 0.846953440625 0.586267521875 0.8238060640624999 0.6015030890624999 0.7895920484375 0.391694890625 0.8144111109375001
0 0.3893837 0.8485809546875 0.387353975 0.8779133187499999 0.5654580453125 0.8538797265625 0.5806592609375001 0.82580820625 0.3893837 0.8485809546875
0 0.8901653890624999 0.67495599375 0.8468126421875001 0.522206528125 0.7454859875000001 0.5340163312499999 0.7444222140625001 0.5258920093749999 0.6344223421875 0.5415270546875 0.657427171875 0.6940968578125 0.6319732390625 0.7486641828125 0.845825146875 0.7240286515625 0.8901653890624999 0.67495599375
0 0.633438628125 0.7498860359374999 0.6114248671875 0.7915403828125 0.805538834375 0.7694452046875 0.8460966703125001 0.7259638609375 0.633438628125 0.7498860359374999
0 0.6043062890625001 0.7950536015624999 0.5903966140625 0.822858884375 0.7698419390625 0.8020023640625 0.8007856765625 0.7719151703125 0.6043062890625001 0.7950536015624999
0 0.5874696125 0.8269520375000001 0.577952321875 0.851886025 0.744239021875 0.8327230734375 0.769819628125 0.802385834375 0.5874696125 0.8269520375000001
0 1 0.446594275 0.947324590625 0.5091817578125 0.8471734124999999 0.5226078609375 0.8928246468750001 0.6754644875 0.85046674375 0.7234760359375 0.9985924484375 0.7061579359375 1 0.6810691046875 1 0.446594275
0 0.9946005046874999 0.740600490625 0.9988706078125 0.70593250625 0.8488252749999999 0.726047803125 0.805808734375 0.7687895046875 0.9797460750000001 0.7500506421875001 0.9946005046874999 0.740600490625
0 0.805808734375 0.7687895046875 0.77240078125 0.800046584375 0.9423849609375001 0.7775436328125 0.9817024109375 0.7471587046875 0.805808734375 0.7687895046875
0 0.773451121875 0.8024820734375 0.74420405 0.8339331484375 0.9018845484375 0.8180161234375 0.9417905484375 0.7775159203124999 0.773451121875 0.8024820734375
0 0.2567579484375 0.21755985 0.179836484375 0.21814994531249998 0.1490214265625 0.44044957656249994 0.2498924625 0.43799293125 0.2567579484375 0.21755985
0 0.199698615625 0.040683546875 0.179940346875 0.2163648953125 0.2586104234375 0.21645295625 0.2632314359375 0.0448389046875 0.199698615625 0.040683546875
0 1 0.3794703890625 0.9299121343750001 0.2065624171875 0.91311318125 0.2066639421875 0.9905073765625 0.403146275 1 0.40039293281250005 1 0.3794703890625
0 0.8757998499999999 0.0580569421875 0.8532714546875001 0.057891339062500005 0.9122830687500001 0.2057404953125 0.93004048125 0.204356546875 0.8757998499999999 0.0580569421875