0 0.068 0.20600000000000002 0.33599999999999997 0.22400000000000003 0.33199999999999996 0.052000000000000005 0.057999999999999996 0.012 0.068 0.20600000000000002
0 0.33599999999999997 0.22400000000000003 0.5519999999999999 0.22599999999999998 0.548 0.068 0.33599999999999997 0.054000000000000006 0.33599999999999997 0.22400000000000003
0 0.554 0.22400000000000003 0.718 0.22999999999999998 0.724 0.09 0.55 0.072 0.554 0.22400000000000003
0 0.722 0.22799999999999998 0.8720000000000001 0.236 0.8720000000000001 0.10600000000000001 0.726 0.092 0.722 0.22799999999999998
0 1 0.12 0.874 0.10800000000000001 0.8720000000000001 0.236 1 0.242 1 0.12
0 1 0.244 0.97 0.242 0.96 0.356 1 0.356 1 0.244
0 0.9640000000000001 0.242 0.874 0.24 0.8720000000000001 0.36 0.958 0.362 0.9640000000000001 0.242
0 0.8699999999999999 0.236 0.786 0.236 0.78 0.37 0.8720000000000001 0.362 0.8699999999999999 0.236
0 0.78 0.23199999999999998 0.6799999999999999 0.22999999999999998 0.678 0.372 0.778 0.368 0.78 0.23199999999999998
0 0.6759999999999999 0.374 0.6799999999999999 0.22999999999999998 0.5519999999999999 0.22400000000000003 0.5519999999999999 0.376 0.6759999999999999 0.374
0 0.55 0.22599999999999998 0.41200000000000003 0.22599999999999998 0.42000000000000004 0.39 0.5519999999999999 0.382 0.55 0.22599999999999998
0 0.41200000000000003 0.22599999999999998 0.252 0.22200000000000003 0.264 0.394 0.418 0.39 0.41200000000000003 0.22599999999999998
0 0.252 0.22200000000000003 0.068 0.20800000000000002 0.076 0.396 0.26 0.396 0.252 0.22200000000000003
0 0.994 0.472 0.998 0.36 0.868 0.362 0.866 0.418 0.866 0.488 0.994 0.472
0 0.8640000000000001 0.366 0.718 0.374 0.722 0.504 0.8640000000000001 0.488 0.8640000000000001 0.366
0 0.714 0.374 0.548 0.382 0.55 0.522 0.718 0.506 0.714 0.374
0 0.546 0.38 0.33399999999999996 0.394 0.34199999999999997 0.554 0.5519999999999999 0.524 0.546 0.38
0 0.33399999999999996 0.394 0.068 0.398 0.08 0.584 0.34199999999999997 0.554 0.33399999999999996 0.394
0 1 0.484 0.994 0.476 0.9560000000000001 0.48200000000000004 0.954 0.592 1 0.5820000000000001 1 0.484
0 0.954 0.47800000000000004 0.8720000000000001 0.488 0.874 0.608 0.954 0.592 0.954 0.47800000000000004
0 0.868 0.48600000000000004 0.78 0.5 0.784 0.622 0.8699999999999999 0.606 0.868 0.48600000000000004
0 0.782 0.624 0.78 0.5 0.67 0.512 0.666 0.638 0.678 0.642 0.782 0.624
0 0.67 0.514 0.55 0.526 0.5519999999999999 0.6599999999999999 0.666 0.638 0.67 0.514
0 0.55 0.528 0.422 0.54 0.42400000000000004 0.6940000000000001 0.5519999999999999 0.6679999999999999 0.55 0.528
0 0.42000000000000004 0.546 0.262 0.5660000000000001 0.272 0.724 0.42400000000000004 0.696 0.42000000000000004 0.546
0 0.26 0.5660000000000001 0.086 0.5860000000000001 0.098 0.754 0.274 0.726 0.26 0.5660000000000001
0 0 0.998 0.10200000000000001 1 0.098 0.9259999999999999 0.088 0.792 0 0.8099999999999999 0 0.998
0 0.35 0.714 0.094 0.758 0.10200000000000001 0.9259999999999999 0.354 0.8720000000000001 0.35 0.714
0 0.358 0.8640000000000001 0.5559999999999999 0.806 0.548 0.67 0.35 0.71 0.358 0.8640000000000001
0 0.5519999999999999 0.8019999999999999 0.722 0.76 0.718 0.636 0.55 0.6679999999999999 0.5519999999999999 0.8019999999999999
0 0.73 0.756 0.876 0.716 0.8699999999999999 0.604 0.72 0.636 0.73 0.756
0 0.8779999999999999 0.716 0.986 0.6940000000000001 0.986 0.588 0.868 0.608 0.8779999999999999 0.716
0 0.9880000000000001 0.692 0.998 0.6900000000000001 1 0.5820000000000001 0.986 0.588 0.9880000000000001 0.692
0 0.866 0.73 0.776 0.752 0.776 0.8640000000000001 0.86 0.8320000000000001 0.866 0.73
0 0.868 0.8300000000000001 0.9480000000000001 0.808 0.958 0.706 0.866 0.728 0.868 0.8300000000000001
0 1 0.6980000000000001 0.96 0.706 0.9560000000000001 0.806 1 0.788 1 0.6980000000000001
0 1 0.794 0.9800000000000001 0.8019999999999999 0.982 0.8400000000000001 1 0.8320000000000001 1 0.794
0 0.974 0.8 0.8640000000000001 0.834 0.8619999999999999 0.882 0.9800000000000001 0.8400000000000001 0.974 0.8
0 0.858 0.834 0.724 0.882 0.724 0.9339999999999999 0.8619999999999999 0.882 0.858 0.834
0 0.722 0.884 0.5559999999999999 0.942 0.558 0.9880000000000001 0.722 0.9339999999999999 0.722 0.884
0 0.554 0.944 0.40199999999999997 1 0.53 0.998 0.558 0.99 0.554 0.944
0 0.774 0.752 0.674 0.776 0.6759999999999999 0.8939999999999999 0.772 0.8619999999999999 0.774 0.752
0 0.6759999999999999 0.8960000000000001 0.6719999999999999 0.776 0.558 0.806 0.564 0.8119999999999999 0.564 0.9359999999999999 0.6759999999999999 0.8960000000000001
0 0.562 0.9400000000000001 0.5559999999999999 0.8099999999999999 0.43 0.844 0.42800000000000005 0.852 0.43600000000000005 0.984 0.562 0.9400000000000001
0 0.286 0.998 0.4 0.998 0.43600000000000005 0.984 0.42400000000000004 0.8480000000000001 0.358 0.8640000000000001 0.354 0.874 0.282 0.89 0.286 0.998
0 0.27799999999999997 0.89 0.10600000000000001 0.932 0.11200000000000002 1 0.284 0.998 0.27799999999999997 0.89