0 0.512145190625 0.065818409375 0.5212469375000001 0.22461899062500001 0.5496783984375 0.2992475203125 0.94114156875 0.28044019375 0.97063105 0.0338951828125 0.8789248359374999 0.03069273125 0.5467389140625001 0.0467057859375 0.512145190625 0.065818409375
0 0.5168957984375 0.22469491874999997 0.4646694546875 0.22451749062499998 0.4496021921875 0.300993825 0.4689899921875 0.5957103 0.951877771875 0.579662690625 0.9793431671875 0.451645721875 0.9771051046875 0.25936566875 0.9508634421875 0.2432526046875 0.9382281406249999 0.2794022703125 0.5438642078125 0.29826021406250003 0.5168957984375 0.22469491874999997
0 0.009237528125 0.2313759015625 0.0827641578125 0.44131291250000004 0.44520706250000003 0.42192321875000005 0.4452890625 0.3043353765625 0.459184690625 0.251832275 0.4450289640625 0.157356903125 0.1738839640625 0.1686208921875 0.009237528125 0.2313759015625
0 0.14560597656250002 0.6057083234375 0.46309977968749994 0.5881917421875 0.45102125312499997 0.422910525 0.0987056640625 0.4399459734375 0.14560597656250002 0.6057083234375
0 0.9576792921875 0.5795614546875 0.49368445781250003 0.598545678125 0.5078088640625 0.8149630578125 0.9342458656250001 0.8096993687499999 0.9769824109374999 0.5998128828125 0.9779029859374999 0.5772203515625 0.9558868171875 0.5501961328125 0.9576792921875 0.5795614546875
0 0.115420053125 0.50498009375 0.026674831249999996 0.607783640625 0.10597763906249999 0.8154423328125 0.49455272343749995 0.797774165625 0.46163673125000004 0.587128509375 0.14120415625 0.6014300796875001 0.115420053125 0.50498009375
0 0.4279352875 1 0.6142947609375 0.8653655328125 0.5905058546874999 0.81569754375 0.5107096234374999 0.8149124406249999 0.497415471875 0.7944579218750001 0.21625718593749998 0.8178730359375 0.317232975 0.893413209375 0.33808392187499997 1 0.4279352875 1
0 0.6100449828125 0.87414979375 0.7007347203125 0.8137740765625001 0.591968903125 0.816760775 0.6100449828125 0.87414979375
0 0 1 0.342768196875 1 0.3143448859375 0.8945523703125 0.22057031249999998 0.8145314828125001 0.1016265 0.815518259375 0.0596348140625 0.6975758328125 0.0025125140625 0.650667025 0 0.651645509375 0 1
0 0 0.48729769375 0.0232039140625 0.5588498703125 0.0652776 0.5592044578124999 0.11684509218750001 0.5027777046875 0.0957415546875 0.4345538828125 0.0813137765625 0.441338221875 0.043711240624999995 0.3265854921875 0.0028978828125 0.30987746562499996 0 0.31281631718749997 0 0.48729769375
0 0 0.5913814953125 0.0277831171875 0.5783676984375 0 0.48726354687500006 0 0.5913814953125