0 0 0 0 0.0866807609375 0.068 0.0887949265625 0.06999999999999999 0.012684989062499999 0.012 0 0 0
0 0.072 0.084566596875 0.24 0.090909090625 0.238 0.019027484375 0.074 0.0147991546875 0.072 0.084566596875
0 0.238 0 0.24 0.084566596875 0.41600000000000004 0.090909090625 0.42000000000000004 0 0.238 0
0 0.422 0 0.41600000000000004 0.0887949265625 0.614 0.0972515859375 0.618 0.010570825 0.536 0 0.422 0
0 0.62 0.010570825 0.614 0.09936575 0.8119999999999999 0.101479915625 0.8160000000000001 0.0507399578125 0.8119999999999999 0.0211416484375 0.62 0.010570825
0 1 0.046511628124999996 0.916 0.0401691328125 0.8939999999999999 0.0613107828125 0.898 0.118393234375 1 0.12684989375 1 0.046511628124999996
0 0.908 0 0.9179999999999999 0.0147991546875 1 0.0211416484375 1 0 0.908 0
0 1 0.1331923890625 0.906 0.13742071875 0.8859999999999999 0.31289640625000004 1 0.321353065625 1 0.1331923890625
0 1 0.3255813953125 0.884 0.3150105703125 0.866 0.49682875312499997 1 0.51162790625 1 0.3255813953125
0 1 0.5898520078125 0.86 0.57716701875 0.8619999999999999 0.65327695625 1 0.6765327703125 1 0.5898520078125
0 1 0.6976744187499999 0.8560000000000001 0.6744186046875 0.8460000000000001 0.7547568703125 1 0.7780126843749999 1 0.6976744187499999
0 1 0.7822410140625 0.8400000000000001 0.7547568703125 0.8240000000000001 0.9386892171874999 1 0.96194503125 1 0.7822410140625
0 1 0.964059196875 0.8300000000000001 0.9450317125 0.8240000000000001 1 1 1 1 0.964059196875
0 0.8119999999999999 0.799154334375 0.82 0.7949260046875 0.834 0.7040169140625 0.826 0.6575052859375 0.808 0.6575052859375 0.8119999999999999 0.6997885828125 0.8019999999999999 0.799154334375 0.8119999999999999 0.799154334375
0 0.8539999999999999 0.5623678640625001 0.858 0.5285412265625 0.8400000000000001 0.5264270609375 0.834 0.6088794921875 0.86 0.6109936578124999 0.858 0.57716701875 0.858 0.5729386890625 0.8539999999999999 0.5623678640625001
0 0.866 0.4947145875 0.868 0.448202959375 0.8380000000000001 0.45031712500000004 0.8400000000000001 0.5264270609375 0.858 0.5264270609375 0.86 0.5158562375 0.866 0.4947145875
0 0.852 0.6701902750000001 0.86 0.613107821875 0.834 0.6109936578124999 0.834 0.65327695625 0.8400000000000001 0.6680761093750001 0.852 0.6701902750000001
0 0.874 0.403805496875 0.8560000000000001 0.403805496875 0.8560000000000001 0.44397462968749996 0.868 0.44397462968749996 0.874 0.403805496875
0 0.8140000000000001 0.4270613109375 0.8400000000000001 0.4270613109375 0.842 0.35729386875 0.818 0.3551797046875 0.8140000000000001 0.4270613109375
0 0.8320000000000001 0.43551797031249995 0.8140000000000001 0.43551797031249995 0.8099999999999999 0.4947145875 0.828 0.49682875312499997 0.8320000000000001 0.43551797031249995
0 0.8220000000000001 0.1162790703125 0.8099999999999999 0.1057082453125 0.8140000000000001 0.10359407968750001 0.62 0.09936575 0.612 0.2959830859375 0.8160000000000001 0.3002114171875 0.8160000000000001 0.2896405921875 0.8220000000000001 0.1162790703125
0 0.42000000000000004 0.2875264265625 0.614 0.2980972515625 0.62 0.09936575 0.42400000000000004 0.09302325624999999 0.42000000000000004 0.2875264265625
0 0.23399999999999999 0.2748414375 0.42000000000000004 0.2875264265625 0.42400000000000004 0.09302325624999999 0.23399999999999999 0.0887949265625 0.23399999999999999 0.2748414375
0 0.064 0.26215644843749997 0.23199999999999998 0.2748414375 0.23399999999999999 0.0887949265625 0.068 0.0866807609375 0.064 0.26215644843749997
0 0 0.2600422828125 0.064 0.266384778125 0.066 0.090909090625 0 0.0866807609375 0 0.2600422828125
0 0 0.4376321359375 0.064 0.43974630000000003 0.06999999999999999 0.2642706125 0 0.2642706125 0 0.4376321359375
0 0.072 0.26215644843749997 0.064 0.44186046562500003 0.236 0.45454545468749996 0.24 0.2811839328125 0.23199999999999998 0.276955603125 0.072 0.26215644843749997
0 0.242 0.429175475 0.242 0.45877378437500005 0.42000000000000004 0.475687103125 0.426 0.2854122625 0.242 0.2790697671875 0.242 0.429175475
0 0.422 0.4799154328125 0.604 0.4904862578125 0.62 0.2959830859375 0.43 0.2854122625 0.422 0.4799154328125
0 0.61 0.486257928125 0.808 0.4989429171875 0.8160000000000001 0.30443974687500003 0.622 0.2959830859375 0.61 0.486257928125
0 0.002 0.6701902750000001 0.05600000000000001 0.678646934375 0.06999999999999999 0.5179704015625 0 0.51162790625 0.002 0.6701902750000001
0 0.068 0.5179704015625 0.05600000000000001 0.6871035937500001 0.238 0.70824524375 0.24 0.695560253125 0.246 0.5369978859375 0.068 0.5179704015625
0 0.25 0.54334038125 0.246 0.551797040625 0.24 0.7103594078125 0.414 0.733615221875 0.422 0.551797040625 0.274 0.5391120500000001 0.25 0.54334038125
0 0.426 0.5539112046875 0.42400000000000004 0.5539112046875 0.418 0.733615221875 0.6 0.75264270625 0.61 0.568710359375 0.5980000000000001 0.568710359375 0.426 0.5539112046875
0 0.808 0.579281184375 0.794 0.5813953484375001 0.612 0.570824525 0.6 0.75264270625 0.792 0.7758985203125001 0.798 0.76321353125 0.8019999999999999 0.7145877375 0.808 0.579281184375
0 0.596 0.7547568703125 0.5900000000000001 0.9344608875 0.788 0.953488371875 0.798 0.9175475687500001 0.794 0.7780126843749999 0.596 0.7547568703125
0 0.788 1 0.79 0.9556025375000001 0.5900000000000001 0.9344608875 0.584 1 0.788 1
0 0.6 0.7547568703125 0.41200000000000003 0.7378435515625 0.40800000000000003 0.9069767437499999 0.588 0.9281183937499999 0.6 0.7547568703125
0 0.58 1 0.584 0.9302325578125 0.404 0.9090909093749999 0.40199999999999997 1 0.58 1
0 0.40199999999999997 1 0.40800000000000003 0.9027484140625001 0.22599999999999998 0.8773784359375 0.22200000000000003 1 0.40199999999999997 1
0 0.22599999999999998 0.8752642703125 0.404 0.9006342500000001 0.41200000000000003 0.7357293874999999 0.236 0.7124735734375001 0.22599999999999998 0.8752642703125
0 0.05 0.689217759375 0.038 0.860465115625 0.21200000000000002 0.8858350953125 0.22400000000000003 0.87315010625 0.236 0.7103594078125 0.05 0.689217759375
0 0 0.8456659625 0.036 0.854122621875 0.05 0.6828752640625 0 0.6744186046875 0 0.8456659625
0 0 0.9450317125 0.036 0.9450317125 0.036 0.8583509515625 0 0.8456659625 0 0.9450317125
0 0.21800000000000003 1 0.22400000000000003 0.8773784359375 0.21200000000000002 0.8900634249999999 0.04 0.86257928125 0.038 0.947145878125 0.152 0.964059196875 0.158 1 0.21800000000000003 1
0 0.036 1 0.041999999999999996 0.964059196875 0 0.9513742078125 0 1 0.036 1
0 0.156 1 0.152 0.964059196875 0.036 0.9492600421875 0 0.9492600421875 0.046 0.96194503125 0.04 1 0.156 1