0 0.08489747812500001 0.24929163281250002 0.1830273109375 0.2405923640625 0.21478442812499998 0.1091428546875 0.2022000375 0.10134484375 0.11764566875 0.11399255156250002 0.08489747812500001 0.24929163281250002
0 0.313630584375 0.24340694375 0.3557083765625 0.088063340625 0.339245284375 0.07913720625000001 0.2197397890625 0.08989499375 0.1815834953125 0.23810351562499998 0.313630584375 0.24340694375
0 0.5713187640624999 0.08456863437499999 0.3557511703125 0.0798001359375 0.3150744 0.24589579218750002 0.526720496875 0.25779937343750003 0.6166649859375 0.32947591875 0.66018659375 0.1766211640625 0.5713187640624999 0.08456863437499999
0 0.6636125546875 0.17141086875 0.6186043375 0.33003998125 0.69551169375 0.38758009531250004 0.735607340625 0.2399356375 0.6636125546875 0.17141086875
0 0.7351118046875 0.2418604234375 0.6925812703124999 0.3908656046875 0.7603301984375 0.4353974140625 0.79402666875 0.3045119671875 0.7351118046875 0.2418604234375
0 0.814503665625 0.4759807859375 0.84716626875 0.3572081171875 0.792540059375 0.3102863265625 0.7598346625 0.4373222 0.814503665625 0.4759807859375
0 0.2053512515625 0.24294747968750002 0.0834536640625 0.24680278437499997 0.048766123437499996 0.3815378046875 0.192363734375 0.4067520203125 0.22862347187499998 0.24971623125 0.2053512515625 0.24294747968750002
0 0.22961454374999998 0.245866659375 0.195294159375 0.4034665109375 0.3277511984375 0.42337156875000004 0.3713583921875 0.2539904 0.22961454374999998 0.245866659375
0 0.47477477031250004 0.4433754890625 0.61473245625 0.515116034375 0.65342708125 0.3567195203125 0.520902440625 0.25610718593750004 0.3713583921875 0.2539904 0.325316309375 0.424732290625 0.47477477031250004 0.4433754890625
0 0.6543753609375 0.36113315468749996 0.61473245625 0.515116034375 0.7125627328124999 0.5642592093750001 0.7463019953125001 0.42511055468750003 0.6543753609375 0.36113315468749996
0 0.7929816375 0.600062615625 0.8237048874999999 0.4807258859375 0.7477458109375 0.42759940468749996 0.7149976203125 0.5628984859374999 0.7929816375 0.600062615625
0 0.7050261156250001 0.70689110625 0.75400544375 0.7190678828125 0.786668046875 0.6002952140625 0.7348438796875 0.5748775328125 0.7050261156250001 0.70689110625
0 0.6660610859375 0.5424585015625001 0.632774565625 0.6879455765625 0.7050261156250001 0.70689110625 0.7348438796875 0.5748775328125 0.6660610859375 0.5424585015625001
0 0.586633253125 0.5028055234375 0.5508262578124999 0.666179734375 0.6303396765625 0.6893062999999999 0.6660610859375 0.5424585015625001 0.586633253125 0.5028055234375
0 0.4815411046875 0.44948131093750004 0.2792246125 0.417533209375 0.23272978593750002 0.5819366796875001 0.44511019375 0.6395699265625 0.5464520171875 0.6669763953125 0.589068140625 0.5014448 0.4815411046875 0.44948131093750004
0 0.144828221875 0.3970640921875 0.1129427234375 0.5533032203125 0.2302948984375 0.583297403125 0.280215684375 0.4136836375 0.144828221875 0.3970640921875
0 0.038573828125 0.3806422765625 0.005782843750000001 0.5242045656250001 0.1110033734375 0.5527391578125 0.15064627656250001 0.3987562796875 0.038573828125 0.3806422765625
0 0 0.6747085765625 0.11497448437499999 0.7235450484375 0.1531735734375 0.5670733203125 0.0111053625 0.527821540625 0 0.5709575265625 0 0.6747085765625
0 0.155112925 0.5676373828125 0.1169138359375 0.7241091109375 0.25163458906249997 0.77570626875 0.29429350468750004 0.60191146875 0.155112925 0.5676373828125
0 0.44560572968749995 0.637645140625 0.292354153125 0.60134740625 0.2545222203125 0.780683965625 0.403313971875 0.8343047765625 0.55042313125 0.8377822859374999 0.584743515625 0.6801824328125 0.44560572968749995 0.637645140625
0 0 0.8448692546875 0.0355962671875 0.8618330421874999 0.0766829859375 0.7103390109375 0 0.6806951953125 0 0.8448692546875
0 0.07717852343750001 0.7084142250000001 0.038979434375 0.8648859515625 0.1527772671875 0.92488005 0.19106194375000002 0.751881909375 0.07717852343750001 0.7084142250000001
0 0.469041746875 1 0.503793103125 0.840771196875 0.4013746203125 0.8337407140625 0.19106194375000002 0.751881909375 0.1493941 0.9218271375 0.29941057187500003 1 0.469041746875 1
0 0.5301327312499999 1 0.568550828125 0.994085415625 0.5999407890625 0.8397710703125 0.5072190625 0.8355609015625 0.472784190625 1 0.5301327312499999 1
0 0.5999407890625 0.8397710703125 0.5690463640625001 0.9921606281249999 0.6370948484375 0.9788499921874999 0.672277925 0.8421901875 0.5999407890625 0.8397710703125
0 0.672277925 0.8421901875 0.640025271875 0.9755644828125 0.701264628125 0.9644112312500001 0.7276136390625 0.8458711593749999 0.672277925 0.8421901875
0 0.5857345890625 0.6763328609375 0.55042313125 0.8377822859374999 0.6620856296875 0.8412946609375 0.6890157640625 0.704303390625 0.5857345890625 0.6763328609375
0 0.6890157640625 0.704303390625 0.662581165625 0.8393698734375 0.742675709375 0.844045240625 0.76952025625 0.723580384375 0.6890157640625 0.704303390625