0 0.5019616515624999 0 0.7580542125 0.031468512500000004 0.7638887703125 0 0.5019616515624999 0
0 0.77791945625 0 0.777735671875 0.0009912359375 1 0.0367235796875 1 0.000288584375 0.9972971578125 0 0.77791945625 0
0 0.08640706718749999 0 0.0571977953125 0.1575393296875 0.3810164078125 0.1839690640625 0.40818193125 0.01583145625 0.3024530421875 0 0.08640706718749999 0
0 0.0246205390625 0.3332437921875 0.32583174062500003 0.36268949375 0.3613527578125 0.19272911875 0.0576913921875 0.15487714218749998 0.0246205390625 0.3332437921875
0 0.3272858109375 0.387278759375 0.022152564062499998 0.34655473593749997 0.0026288187500000003 0.4518554734375 0.0030776328125 0.5290000375 0.28979931875 0.5570292765625 0.3272858109375 0.387278759375
0 0.288318534375 0.56501584375 0.003124965625 0.5371359890625 0.0041847140625 0.719291165625 0.2527886125 0.745834828125 0.288318534375 0.56501584375
0 0.2144485015625 0.7580305625 0.004292128125 0.73775424375 0.005306839062500001 0.9121681921875 0.1843303125 0.931282690625 0.2144485015625 0.7580305625
0 0.41136792031249997 0 0.3824882875 0.18684110781250002 0.722524290625 0.212287496875 0.7289321171875 0.18853765312499998 0.7531360734375 0.036373178125 0.47481920625 0 0.41136792031249997 0
0 0.36331823281250003 0.19293897499999998 0.3253381453125 0.36535168125 0.68110685 0.3816183046875 0.70188235625 0.2155133203125 0.36331823281250003 0.19293897499999998
0 1 0.038821428125 0.7841167859375 0.0098172234375 0.757067021875 0.0367928890625 0.724983359375 0.20983516406249997 0.7598950203125 0.18369891875 1 0.20933514375 1 0.038821428125
0 1 0.2129490421875 0.7564487609375 0.1914756296875 0.70187345 0.22637192968750003 0.68109794375 0.392476915625 1 0.4108416828125 1 0.2129490421875
0 0.3400747515625 0.3723549046875 0.30799109062499996 0.5453971765625 0.6573608703125 0.5745550328125 0.677158090625 0.40291581406250004 0.3400747515625 0.3723549046875
0 0.2922583875 0.55457694375 0.2577067515625 0.7409301593750001 0.6110074812499999 0.7705077265625 0.6431089531249999 0.5757482328125 0.2922583875 0.55457694375
0 0.21495100156250002 0.7445097625 0.1823648390625 0.931072834375 0.4576733046875 0.9604677687500001 0.570952840625 0.95055709375 0.5982274453125 0.7745729734375 0.21495100156250002 0.7445097625
0 0.6001929171875 0.774782828125 0.5711751328125 0.9505376453125001 0.9179860234375001 0.9201956234375 0.9387481375 0.8082157828125001 0.6001929171875 0.774782828125
0 0.9767549390625 0.6032272453124999 0.6436025484375001 0.5730860437499999 0.6124793609375 0.7733797703125 0.9412161109375001 0.7949048390625 0.9767549390625 0.6032272453124999
0 1 0.4186504109375 0.68306341875 0.392686771875 0.6558889906250001 0.5716829875 0.9762613421875 0.6058894328125 1 0.47785569531250005 1 0.4186504109375
0 1 0.2160257078125 0.7495651484375 0.1961704421875 0.70137985625 0.22903411875000002 0.6806043500000001 0.395139103125 1 0.40835821875 1 0.2160257078125