0 0.0631335734375 0.20598215625 0.046527076562500005 0.1918886390625 0.0024837546875 0.178879240625 0 0.37837837812499997 0.038584837500000004 0.384861396875 0.0631335734375 0.20598215625
0 0.2385848375 0.40003902656249996 0.236418771875 0.2081503875 0.0681877265625 0.1951409875 0.0494151625 0.3696837625 0.2255884484375 0.378356696875 0.2385848375 0.40003902656249996
0 0.41548014375 0.2092345046875 0.2479711203125 0.1962251046875 0.237862815625 0.380524928125 0.41042599218750003 0.380524928125 0.41548014375 0.2092345046875
0 0.5880433218750001 0.39787079531249997 0.5880433218750001 0.3881137453125 0.5844332125 0.21248685625000002 0.4190902515625 0.21357097343749998 0.4125920578125 0.3816090453125 0.42414440468750003 0.4022072609375 0.5880433218750001 0.39787079531249997
0 0.788043321875 0.3664314140625 0.77504693125 0.1842998234375 0.6039277984375 0.18538394062500002 0.58587725625 0.22766448593750002 0.5923754515625 0.38702962812499997 0.6024837546875 0.3751043453125 0.788043321875 0.3664314140625
0 0.0263104703125 0.555067703125 0.038584837500000004 0.3859455140625 0.0010397125 0.3772725796875 0.000317690625 0.5702453359375 0.029920578125000003 0.5767500359375 0.0263104703125 0.555067703125
0 0.2248664265625 0.586507084375 0.239306859375 0.40329137812500004 0.22125631875 0.3816090453125 0.043638990625 0.374020228125 0.027032490625 0.555067703125 0.0306426 0.5767500359375 0.2248664265625 0.586507084375
0 0.41836823125 0.3902819796875 0.2385848375 0.391366096875 0.2342527078125 0.5810865015625 0.42053429531250003 0.5810865015625 0.41836823125 0.3902819796875
0 0.594541515625 0.4022072609375 0.42197834062500006 0.40329137812500004 0.4227003625 0.5810865015625 0.5988736453125 0.5854229671875 0.594541515625 0.4022072609375
0 0.794541515625 0.5691612187499999 0.7909314078125 0.3816090453125 0.6104259921875 0.3816090453125 0.5981516234375001 0.40762784375 0.5981516234375001 0.5875912015625 0.6133140796875 0.5789182671875001 0.794541515625 0.5691612187499999
0 0.050137184375 0.5767500359375 0.0335306859375 0.5756659187500001 0.00176173125 0.5680771015625 0 0.765765765625 0.0320866421875 0.7762274921875 0.050137184375 0.5767500359375
0 0.2306426 0.5875912015625 0.0494151625 0.577834153125 0.0335306859375 0.7675545578125 0.2241444046875 0.7849004234375 0.2306426 0.5875912015625
0 0.41548014375 0.5897594359375 0.2328086640625 0.584338853125 0.22631047031249998 0.77731160625 0.41403610156250004 0.79032100625 0.41548014375 0.5897594359375
0 0.5974296015625 0.5897594359375 0.42053429531250003 0.59518001875 0.41042599218750003 0.77731160625 0.59670758125 0.7849004234375 0.5974296015625 0.5897594359375
0 0.8039277984375 0.7740592578125 0.795985559375 0.5724135671874999 0.6104259921875 0.58217061875 0.59670758125 0.593011784375 0.5952635374999999 0.7664704421875 0.6111480140625 0.779479840625 0.8039277984375 0.7740592578125
0 0.040750901562500004 0.7783957234375001 0.0306426 0.7783957234375001 0.0010397125 0.7664704421875 0.0024837546875 0.9963031625 0.026000000000000002 0.996996996875 0.040750901562500004 0.7783957234375001
0 0.236418771875 0.7870686578125 0.229920578125 0.7870686578125 0.042194945312499996 0.7783957234375001 0.026000000000000002 0.996996996875 0.22400000000000003 0.996996996875 0.236418771875 0.7870686578125
0 0.42414440468750003 0.7892368890625 0.2400288796875 0.7827321890625 0.229920578125 0.9897984624999999 0.42053429531250003 0.9963031625 0.42414440468750003 0.7892368890625
0 0.6097039718749999 0.7892368890625 0.4263104703125 0.7924892406249999 0.41836823125 0.9897984624999999 0.6125920578125 0.987630228125 0.6097039718749999 0.7892368890625
0 0.8032057765625 0.77731160625 0.6111480140625 0.78381630625 0.6241444046875 0.9952190453125 0.814758121875 0.9767890625 0.8032057765625 0.77731160625
0 0.9974296015625 0.7697227921875001 0.8097039718750001 0.77731160625 0.8169241875000001 0.9822096453125001 0.9974296015625 0.972452596875 0.9974296015625 0.7697227921875001
0 0.85230325 0.333907915625 0.788043321875 0.327403215625 0.7902093859375 0.4650860234375 0.8566353796874999 0.46074955781250004 0.85230325 0.333907915625
0 0.86674368125 0.468338375 0.794541515625 0.468338375 0.7988736453125 0.6125258828125 0.8782960281250001 0.6125258828125 0.86674368125 0.468338375
0 0.8782960281250001 0.61361 0.7988736453125 0.61361 0.8053718421875 0.7697227921875001 0.89418050625 0.7675545578125 0.8782960281250001 0.61361
0 0.998 0.3603603609375 0.998 0.1861861859375 0.935335740625 0.19297275625000002 0.8530252703125001 0.3198144 0.8689097484375001 0.45532897656250004 0.958440434375 0.3642631796875 0.998 0.3603603609375
0 0.998 0.5555555562500001 0.998 0.3603603609375 0.9606064984374999 0.3642631796875 0.8732418781250001 0.45858132500000004 0.8905703984375 0.598432365625 0.9829891703125 0.5572359375 0.998 0.5555555562500001
0 0.998 0.615615615625 0.9967075812499999 0.555067703125 0.978657040625 0.5572359375 0.88840433125 0.5940959015625 0.8985126359375 0.7697227921875001 0.998 0.759759759375 0.998 0.615615615625