0 0.48 0.1484257875 0.48200000000000004 0.26836581718749997 0.77 0.25787106406250004 0.766 0.1319340328125 0.48 0.1484257875
0 0.47800000000000004 0.26836581718749997 0.48 0.37481259375 0.764 0.3718140921875 0.764 0.260869565625 0.47800000000000004 0.26836581718749997
0 0.47800000000000004 0.37781109375 0.48200000000000004 0.48425787031249995 0.758 0.4812593703125 0.76 0.37631184375000004 0.47800000000000004 0.37781109375
0 0.48 0.48425787031249995 0.48200000000000004 0.587706146875 0.764 0.587706146875 0.758 0.4812593703125 0.48 0.48425787031249995
0 0.48200000000000004 0.589205396875 0.48600000000000004 0.6941529234375 0.762 0.6941529234375 0.764 0.5907046484375 0.48200000000000004 0.589205396875
0 0.476 0.6956521734375001 0.48 0.79910045 0.76 0.8020989500000001 0.754 0.697151425 0.476 0.6956521734375001
0 0.48200000000000004 0.79910045 0.484 0.9040479765624999 0.762 0.9130434781250001 0.758 0.8035982015625001 0.48200000000000004 0.79910045
0 0.764 1 0.758 0.914542728125 0.48200000000000004 0.9055472265625 0.48200000000000004 1 0.764 1
0 0.67 0.0014992500000000001 0.454 0.0014992500000000001 0.458 0.12743628125 0.46799999999999997 0.1484257875 0.6679999999999999 0.136431784375 0.67 0.0014992500000000001
0 0.47800000000000004 1 0.476 0.9085457265624999 0.21600000000000003 0.9085457265624999 0.21800000000000003 1 0.47800000000000004 1
0 0.20600000000000002 0.8020989500000001 0.21200000000000002 0.9085457265624999 0.47800000000000004 0.9040479765624999 0.476 0.809595203125 0.20600000000000002 0.8020989500000001
0 0.20400000000000001 0.698650675 0.20600000000000002 0.79910045 0.476 0.8065967015625001 0.47400000000000003 0.7001499250000001 0.20400000000000001 0.698650675
0 0.20800000000000002 0.5922038984375 0.20400000000000001 0.698650675 0.48 0.697151425 0.47800000000000004 0.5922038984375 0.20800000000000002 0.5922038984375
0 0.20800000000000002 0.48725637187500004 0.20600000000000002 0.587706146875 0.48 0.589205396875 0.476 0.48575712187500003 0.20800000000000002 0.48725637187500004
0 0.202 0.37781109375 0.202 0.4797601203125 0.47800000000000004 0.4812593703125 0.47400000000000003 0.37631184375000004 0.202 0.37781109375
0 0.202 0.2698650671875 0.202 0.37481259375 0.476 0.3718140921875 0.47400000000000003 0.265367315625 0.202 0.2698650671875
0 0.198 0.160419790625 0.2 0.265367315625 0.48 0.26236881562500003 0.47800000000000004 0.1544227890625 0.198 0.160419790625
0 0.45199999999999996 0.038980509375 0.19 0.053973014062500005 0.194 0.1589205390625 0.46799999999999997 0.1514242875 0.45599999999999996 0.12743628125 0.45199999999999996 0.038980509375
0 0 0.9790104953125001 0.21600000000000003 0.9910044984375 0.21200000000000002 0.9130434781250001 0.21000000000000002 0.890554721875 0 0.8875562218749999 0 0.9790104953125001
0 0 0.886056971875 0.21000000000000002 0.889055471875 0.202 0.790104946875 0 0.785607196875 0 0.886056971875
0 0.202 0.685157421875 0.002 0.685157421875 0 0.7841079453125 0.202 0.788605696875 0.202 0.685157421875
0 0 0.67466266875 0.20400000000000001 0.6821589203125 0.202 0.584707646875 0 0.5817091453125001 0 0.67466266875
0 0 0.5787106453125 0.2 0.5787106453125 0.202 0.4812593703125 0 0.4797601203125 0 0.5787106453125
0 0.2 0.37781109375 0.002 0.37781109375 0 0.4782608703125 0.202 0.4782608703125 0.2 0.37781109375
0 0 0.37631184375000004 0.198 0.37631184375000004 0.198 0.26836581718749997 0 0.27436281875 0 0.37631184375000004
0 0.194 0.161919040625 0.002 0.1709145421875 0 0.27286356875 0.198 0.265367315625 0.194 0.161919040625
0 0 0.1694152921875 0.188 0.1589205390625 0.188 0.0509745125 0 0.062968515625 0 0.1694152921875