0 1 0.7107287906249999 0.8269136218750001 0.04333670625 0.551985234375 0.0289283203125 0.74021438125 0.8419744375 0.764238359375 0.8664584484375 1 0.8385382328125001 1 0.7107287906249999
0 1 0.4806774546875 0.9014028 0.04724051875 0.8260413671875 0.04329099375 1 0.7115452437500001 1 0.4806774546875
0 0.20444675 0.2303487875 0.318030153125 0.207969253125 0.2877941359375 0.17102442812500002 0.26371355625000004 0.053168592187499995 0.1422705734375 0.0751490875 0.167559753125 0.19431874843750002 0.20444675 0.2303487875
0 0.31920123125 0.2071871984375 0.4355830140625 0.1749542 0.3975999125 0.035971440625000003 0.2649609765625 0.05596238437499999 0.28773490156250003 0.1705509328125 0.31920123125 0.2071871984375
0 0.436365471875 0.1723273609375 0.5763876765625 0.1451311109375 0.550144115625 0.028831831250000002 0.45281020937500005 0.023730778124999997 0.3982597296875 0.031992259375 0.436365471875 0.1723273609375
0 0.1915234796875 0.23568196718749998 0.2637045921875 0.5449949765625 0.3945310453125 0.5202765671875 0.32039303750000003 0.20635986874999998 0.1915234796875 0.23568196718749998
0 0.43819205937500005 0.1763581859375 0.3211666 0.20586489062500002 0.39602075000000003 0.5142500265625001 0.5212394687499999 0.4974496765625 0.43819205937500005 0.1763581859375
0 0.43785253125 0.17502895937500001 0.521271771875 0.5017269828125 0.6560120265625 0.48621594687499997 0.57893546875 0.1459930625 0.43785253125 0.17502895937500001
0 0.39334201874999997 0.5372954890625 0.47449017812500005 0.85771969375 0.6009856421875 0.8408387656249999 0.5160581296875 0.5165968828125 0.5209610437500001 0.49814118125 0.3988037453125 0.5170015218749999 0.39334201874999997 0.5372954890625
0 0.7362327484375 0.8242527734375 0.6569679453124999 0.4877984984375 0.522111771875 0.5016842390625 0.516838946875 0.51790995625 0.6037487109375 0.8408606203125 0.7362327484375 0.8242527734375
0 0.33270880625 0.873028928125 0.472993921875 0.8590032375 0.3921581828125 0.535991159375 0.3974643 0.52235153125 0.26337845625 0.5474570421875 0.257681884375 0.5640009296875 0.33270880625 0.873028928125
0 0.16356385 0.5115306203125 0.22558660156250002 0.49439146718750004 0.2526311390625 0.503358590625 0.22778511406250002 0.3914864328125 0.2063180421875 0.37970753125 0.132542753125 0.4018084015625 0.16356385 0.5115306203125
0 0.1626081015625 0.51066006875 0.20717361093750003 0.663269221875 0.2596367921875 0.650739278125 0.27403181875 0.6474011640625 0.256050975 0.568356703125 0.261058625 0.54706805 0.25381165 0.505217203125 0.22552989375000002 0.49747313593750003 0.1626081015625 0.51066006875
0 0.1592118515625 0.655616071875 0.0451733671875 0.7005760140625 0.0889449671875 0.8963285546875 0.3093635140625 0.8793326640625001 0.33090038125 0.87074979375 0.27453805 0.64629560625 0.26069688750000003 0.6513523765625 0.208129359375 0.664139775 0.1592118515625 0.655616071875
0 0.1635977875 0.6549110546875 0.208129359375 0.664139775 0.1785114640625 0.57057895625 0.1597304984375 0.5746220906249999 0.1408907578125 0.5950616328125 0.1635977875 0.6549110546875