0 0.199942028125 0.0789530609375 0.0666086953125 0.0843608046875 0.057913043750000004 0.179537096875 0.199942028125 0.177374 0.199942028125 0.0789530609375
0 0.3332753625 0.0659744765625 0.20428985625 0.061648281250000006 0.2028405796875 0.1730478046875 0.33762318750000003 0.1719662546875 0.3332753625 0.0659744765625
0 0.470956521875 0.0659744765625 0.34052174062499996 0.0627298296875 0.3361739140625 0.1665585125 0.47530434843749997 0.1676400609375 0.470956521875 0.0659744765625
0 0.6158840578125 0.07030067031250001 0.47820289843749997 0.07246376875 0.4796521734375 0.174129353125 0.6187826078125 0.1698031578125 0.6158840578125 0.07030067031250001
0 0.7550144921874999 0.0681375734375 0.6158840578125 0.0659744765625 0.6187826078125 0.1719662546875 0.75791304375 0.1676400609375 0.7550144921874999 0.0681375734375
0 0.894144928125 0.061648281250000006 0.75936231875 0.0681375734375 0.7651594203125 0.168721609375 0.8912463765625 0.1622323171875 0.894144928125 0.061648281250000006
0 0.2013913046875 0.179537096875 0.06371014375 0.1784555484375 0.06515942031250001 0.2866104265625 0.0796521734375 0.29418126718750004 0.20428985625 0.2887735234375 0.2013913046875 0.179537096875
0 0.343420290625 0.279039584375 0.34052174062499996 0.1730478046875 0.199942028125 0.1708847078125 0.21008695624999998 0.296344365625 0.34921739218750003 0.296344365625 0.343420290625 0.279039584375
0 0.48689855 0.2801211328125 0.48689855 0.2638979015625 0.48110145 0.1665585125 0.34052174062499996 0.1676400609375 0.34921739218750003 0.27038719375000003 0.35066666562500004 0.2866104265625 0.48689855 0.2801211328125
0 0.484 0.177374 0.4926956515625 0.279039584375 0.6289275359375 0.2779580359375 0.6303768125 0.17521090156250002 0.484 0.177374
0 0.7666086953125 0.1708847078125 0.6303768125 0.17521090156250002 0.627478259375 0.2747133890625 0.7666086953125 0.279039584375 0.7666086953125 0.1708847078125
0 0.899942028125 0.163313865625 0.768057971875 0.1708847078125 0.7666086953125 0.2768764859375 0.9071884062500001 0.2725502921875 0.899942028125 0.163313865625
0 0.2013913046875 0.29418126718750004 0.05646376875 0.296344365625 0.0695072453125 0.39909149843749997 0.2013913046875 0.3969284015625 0.2013913046875 0.29418126718750004
0 0.34921739218750003 0.2920181703125 0.2028405796875 0.296344365625 0.197043478125 0.3958468515625 0.34921739218750003 0.4001730484375 0.34921739218750003 0.2920181703125
0 0.48834782656250003 0.28228423125 0.346318840625 0.2920181703125 0.35066666562500004 0.39043910937500004 0.48834782656250003 0.39043910937500004 0.48834782656250003 0.28228423125
0 0.6347246375 0.3817867171875 0.6303768125 0.27579493906249997 0.494144928125 0.2779580359375 0.48544927656250003 0.3958468515625 0.617333334375 0.39260220625 0.6347246375 0.3817867171875
0 0.768057971875 0.2779580359375 0.6289275359375 0.2779580359375 0.6303768125 0.3839498171875 0.76371014375 0.3871944625 0.768057971875 0.2779580359375
0 0.9057391296875 0.27146874374999996 0.7695072453125 0.2801211328125 0.770956521875 0.3807051703125 0.9086376812499999 0.37962362031249997 0.9057391296875 0.27146874374999996
0 0.197043478125 0.39800995 0.06226087031250001 0.39800995 0.06226087031250001 0.5050832796875 0.199942028125 0.5018386328125 0.197043478125 0.39800995
0 0.34052174062499996 0.405580790625 0.197043478125 0.40666234062499995 0.19559420156250001 0.506164828125 0.34052174062499996 0.5040017296875 0.34052174062499996 0.405580790625
0 0.4796521734375 0.3958468515625 0.35211594218750003 0.3969284015625 0.344869565625 0.49534934062499997 0.4767536234375 0.49534934062499997 0.4796521734375 0.3958468515625
0 0.6158840578125 0.39476530468750004 0.47820289843749997 0.3969284015625 0.47530434843749997 0.49534934062499997 0.6158840578125 0.49426779062500004 0.6158840578125 0.39476530468750004
0 0.75356521875 0.389357559375 0.620231884375 0.3958468515625 0.6158840578125 0.48777849843750004 0.75791304375 0.48886004843749997 0.75356521875 0.389357559375
0 0.9057391296875 0.3828682671875 0.75936231875 0.3871944625 0.75791304375 0.48128920624999993 0.899942028125 0.483452303125 0.9057391296875 0.3828682671875
0 0.19559420156250001 0.5050832796875 0.06226087031250001 0.5072463765624999 0.06226087031250001 0.6078304140624999 0.194144928125 0.6078304140624999 0.19559420156250001 0.5050832796875
0 0.344869565625 0.5050832796875 0.197043478125 0.506164828125 0.19559420156250001 0.6078304140624999 0.346318840625 0.6035042171875 0.344869565625 0.5050832796875
0 0.48110145 0.49643088906250005 0.344869565625 0.49643088906250005 0.35356521875 0.6035042171875 0.47530434843749997 0.6035042171875 0.48110145 0.49643088906250005
0 0.6187826078125 0.49318624375000003 0.48255072343750005 0.49426779062500004 0.48110145 0.598096475 0.617333334375 0.598096475 0.6187826078125 0.49318624375000003
0 0.7695072453125 0.49318624375000003 0.621681159375 0.49643088906250005 0.627478259375 0.594851828125 0.773855071875 0.5926887296875 0.7695072453125 0.49318624375000003
0 0.9057391296875 0.5872809859375 0.9028405796874999 0.483452303125 0.7666086953125 0.48994159687499994 0.7695072453125 0.5937702796875 0.8854492765625 0.600259571875 0.9057391296875 0.5872809859375
0 0.199942028125 0.6067488640625001 0.0666086953125 0.611075059375 0.06371014375 0.7203114859374999 0.2028405796875 0.72463768125 0.199942028125 0.6067488640625001
0 0.347768115625 0.6089119609375 0.2028405796875 0.61431970625 0.20573912968750002 0.7127406453125 0.346318840625 0.7105775484375 0.347768115625 0.6089119609375
0 0.48544927656250003 0.6035042171875 0.347768115625 0.6067488640625001 0.346318840625 0.70841445 0.48689855 0.71382219375 0.48544927656250003 0.6035042171875
0 0.6231304343749999 0.594851828125 0.4796521734375 0.598096475 0.4897971015625 0.704088253125 0.6231304343749999 0.699762059375 0.6231304343749999 0.594851828125
0 0.75791304375 0.594851828125 0.621681159375 0.594851828125 0.6231304343749999 0.7008436078125 0.7651594203125 0.7008436078125 0.75791304375 0.594851828125
0 0.91153623125 0.5970149250000001 0.75646376875 0.598096475 0.7651594203125 0.6986805109375 0.9158840578125 0.699762059375 0.91153623125 0.5970149250000001
0 0.20428985625 0.7257192296875 0.06515942031250001 0.7203114859374999 0.068057971875 0.8295479125 0.20573912968750002 0.8327925578125001 0.20428985625 0.7257192296875
0 0.344869565625 0.705169803125 0.20718840625 0.7127406453125 0.2028405796875 0.8327925578125001 0.3361739140625 0.8327925578125001 0.344869565625 0.705169803125
0 0.4897971015625 0.715985290625 0.35066666562500004 0.70841445 0.3361739140625 0.82414016875 0.48544927656250003 0.8284663640625001 0.4897971015625 0.715985290625
0 0.627478259375 0.7224745828125 0.6245797093750001 0.6986805109375 0.4912463765625 0.70841445 0.48544927656250003 0.82414016875 0.6245797093750001 0.82414016875 0.627478259375 0.7224745828125
0 0.7506666656250001 0.7008436078125 0.627478259375 0.70300670625 0.640521740625 0.8284663640625001 0.7796521734375 0.8295479125 0.7782028984375 0.7311269734375 0.7506666656250001 0.7008436078125
0 0.91153623125 0.7094959984375 0.7622608703125 0.70300670625 0.78110145 0.7289638765625 0.78110145 0.820895521875 0.9216811593750001 0.8133246812499999 0.91153623125 0.7094959984375
0 0.073855071875 0.83495565625 0.0782028984375 0.93013195 0.21443478124999998 0.9279688500000001 0.21298550781249997 0.837118753125 0.073855071875 0.83495565625
0 0.35936231875 0.8317110109374999 0.21443478124999998 0.83495565625 0.22313043437500002 0.9431105343749999 0.35936231875 0.9441920828124999 0.3550144921875 0.84144495 0.35936231875 0.8317110109374999
0 0.5013913046875 0.8306294609375 0.36371014375 0.8327925578125001 0.35936231875 0.8436080468749999 0.35936231875 0.942028984375 0.5057391296875 0.9387843390624999 0.5013913046875 0.8306294609375
0 0.6347246375 0.8263032656249999 0.50428985625 0.8273848156250001 0.50428985625 0.937702790625 0.640521740625 0.9387843390624999 0.6347246375 0.8263032656249999
0 0.7825507234375 0.8317110109374999 0.6347246375 0.8295479125 0.6419710140625 0.9409474375 0.78110145 0.9441920828124999 0.7825507234375 0.8317110109374999
0 0.9245797093749999 0.8122431328124999 0.7782028984375 0.8252217171874999 0.78110145 0.9279688500000001 0.9245797093749999 0.93013195 0.9245797093749999 0.8122431328124999
0 0.068057971875 0.9593337656250001 0.070956521875 0.9820462890625 0.05356521875 0.9917802296874999 0.9245797093749999 0.9928617781250001 0.9289275359375001 0.9766385468750001 0.98689855 0.9961064234375 0.9955942015625 0 0.9274782593750001 0.0205494265625 0.9158840578125 0.003244646875 0.0521159421875 0.0043261953125 0.0521159421875 0.0378542078125 0.00428985625 0.0237940734375 0.0057391296875 0.9614968640624999 0.068057971875 0.9593337656250001