0 0.6064122843749999 0 0.0493959375 0.12364052968749999 0.1960719421875 0.4497463609375 0.777367896875 0.3243280109375 0.758629096875 0 0.6064122843749999 0
0 1 0.37576787500000003 0.9622967640625 0.2076286234375 0.9534496000000001 0.203661034375 0.7726119 0.2437656359375 0.7780364390625001 0.324185584375 0.7179800546874999 0.33750630937500004 0.7617841875 0.3829088546875 0.770104475 0.5106046625 1 0.46374826406249997 1 0.37576787500000003
0 0.3041762578125 0.4851344375 0.344804696875 0.6038421296875 0.770217109375 0.511106959375 0.7624527296875 0.382766428125 0.7178674203125001 0.3370040109375 0.321758340625 0.4229700921875 0.3041762578125 0.4851344375
0 0.3411168078125 0.59989115 0.3036203484375 0.4857791625 0.321758340625 0.4229700921875 0.1948474890625 0.4505335125 0.16178734687500002 0.374948475 0.040675390625 0.4033816734375 0.012502662500000001 0.42968863281249997 0.015644390624999997 0.537662840625 0.0447432484375 0.6674304828125 0.3411168078125 0.59989115
0 1 0.4639837578125 0.7685421156250001 0.5098849203125 0.7655372953125 0.5121039484375001 0.7698937296875 0.5159125015625 0.7781631828125 0.621514784375 0.7824069796875001 0.6248210375000001 1 0.5828864125 1 0.4639837578125
0 0.34565239999999997 0.6026089453125001 0.3801222546875 0.709471309375 0.779806590625 0.6269539078124999 0.7730849734375 0.5157589328125 0.7683906328125001 0.5104434859375 0.34565239999999997 0.6026089453125001
0 0.0495633734375 0.6664036015625 0.073572540625 0.77347354375 0.3813005984375 0.706588803125 0.3449304828125 0.5974998015625 0.0495633734375 0.6664036015625
0 0.37709954687499997 0.707063990625 0.068752415625 0.7745004265625 0.0888148703125 0.8639698296875 0.40611430625 0.7960354328125 0.4182099078125 0.7718805203125 0.397212621875 0.706356665625 0.3778248265625 0.7104870484375 0.37709954687499997 0.707063990625
0 0.0888148703125 0.8639698296875 0.108556821875 0.9451598734375001 0.4310075828125 0.8782587703125 0.435786053125 0.83568195625 0.42321776250000004 0.7956047625 0.424332396875 0.78460386875 0.4193620453125 0.7713115109375 0.40631066093749996 0.7965158 0.0888148703125 0.8639698296875
0 0.45278804375000004 0.8760105296875 0.8025242374999999 0.80479145 0.7904204406249999 0.7188707140624999 0.42340972343749994 0.796460821875 0.45278804375000004 0.8760105296875
0 0.7829216734375 0.6250922828125 0.77885951875 0.6211739390625 0.7783042640625 0.6275709 0.3973009625 0.7066470687499999 0.4240165875 0.784970134375 0.42359755625 0.79552385 0.8008627625000001 0.7157491234375 0.79727124375 0.696183334375 0.7927963671875 0.6229885765625001 0.7829216734375 0.6250922828125
0 1 0.58293949375 0.7922885953125001 0.6224987828125 0.797083409375 0.69712030625 0.8013065453125 0.7159535671875 0.8121575421875 0.7253022515625 1 0.681956103125 1 0.58293949375
0 1 0.6823198609375 0.8120935546875 0.7250168984375 0.8012425578125001 0.7156682125 0.790292465625 0.7183000078124999 0.79905656875 0.7840033390625 0.8156891203125 0.80138883125 1 0.7633615203125 1 0.6823198609375