0 0.284 0.02398800625 0.012 0.040479759375 0.024 0.07646176875 0.26 0.059970015625 0.292 0.086956521875 0.284 0.02398800625
0 0 0.2173913046875 0.284 0.1964017984375 0.306 0.20239880000000002 0.292 0.086956521875 0.266 0.061469265625000005 0 0.0824587703125 0 0.2173913046875
0 0.29 0.1994003 0.004 0.22338830625 0 0.3523238375 0.314 0.32983508281249996 0.29 0.1994003
0 0.314 0.337331334375 0.302 0.3313343328125 0.002 0.3538230890625 0 0.4797601203125 0.32799999999999996 0.45577211406249996 0.314 0.337331334375
0 0.32599999999999996 0.4572713640625 0.002 0.4797601203125 0.004 0.5172413796875001 0.026000000000000002 0.5937031484374999 0.33599999999999997 0.5667166421875 0.32599999999999996 0.4572713640625
0 0.022 0.59970015 0.052000000000000005 0.7031484265625 0.352 0.67616191875 0.33599999999999997 0.5667166421875 0.022 0.59970015
0 0.35 0.6791604203125 0.052000000000000005 0.7061469265625 0.076 0.7961019484375 0.34199999999999997 0.7796101953125001 0.34199999999999997 0.6956521734375001 0.35 0.6791604203125
0 0.068 0.7961019484375 0.088 0.87706146875 0.296 0.87406296875 0.322 0.7826086953125 0.068 0.7961019484375
0 0.294 0.886056971875 0.298 0.87406296875 0.088 0.8800599703125 0.08 0.8605697156250001 0.06999999999999999 0.884557721875 0.08399999999999999 0.9685157421874999 0.31 0.959520240625 0.294 0.886056971875
0 0.288 0.0044977515625 0.3 0.1679160421875 0.616 0.161919040625 0.616 0.0029985000000000003 0.288 0.0044977515625
0 0.31 0.1694152921875 0.32599999999999996 0.31934032968750004 0.626 0.3163418296875 0.622 0.160419790625 0.31 0.1694152921875
0 0.624 0.313343328125 0.318 0.31934032968750004 0.32599999999999996 0.461769115625 0.618 0.4587706140625 0.624 0.313343328125
0 0.63 0.439280359375 0.62 0.439280359375 0.62 0.46026986562500005 0.352 0.463268365625 0.364 0.5832083953125 0.64 0.5772113937500001 0.64 0.4467766109375 0.63 0.439280359375
0 0.358 0.586206896875 0.368 0.688155921875 0.638 0.6671664171875 0.634 0.5787106453125 0.358 0.586206896875
0 0.7 0.87256371875 0.696 0.760119940625 0.64 0.6671664171875 0.344 0.6926536734375001 0.33999999999999997 0.7841079453125 0.364 0.8965517234375 0.7 0.87256371875
0 0.644 0.9790104953125001 0.644 0.87706146875 0.364 0.8965517234375 0.344 0.7826086953125 0.318 0.7826086953125 0.296 0.889055471875 0.312 0.8965517234375 0.32 0.9970015 0.644 0.9790104953125001
0 0.626 0.1994003 0.866 0.190404796875 0.868 0.0809595203125 0.618 0.089955021875 0.616 0.161919040625 0.622 0.1574212890625 0.626 0.1994003
0 0.8480000000000001 0.1949025484375 0.624 0.1994003 0.626 0.27286356875 0.844 0.2668665671875 0.8480000000000001 0.1949025484375
0 0.924 0.2803598203125 0.8800000000000001 0.2668665671875 0.626 0.27286356875 0.618 0.39730135 0.906 0.3928035984375 0.924 0.2803598203125
0 0.9279999999999999 0.3928035984375 0.64 0.39730135 0.644 0.5067466265625 0.916 0.502248875 0.9279999999999999 0.3928035984375
0 0.642 0.509745128125 0.638 0.60269865 0.908 0.6071964015625 0.9179999999999999 0.502248875 0.642 0.509745128125
0 0.916 0.6056971515625 0.638 0.6071964015625 0.64 0.664167915625 0.6639999999999999 0.7031484265625 0.9 0.7031484265625 0.916 0.6056971515625
0 0.892 0.787106446875 0.9039999999999999 0.7031484265625 0.666 0.7031484265625 0.696 0.760119940625 0.7 0.787106446875 0.892 0.787106446875
0 0.644 0.8965517234375 0.8880000000000001 0.8965517234375 0.898 0.787106446875 0.7 0.790104946875 0.702 0.87256371875 0.644 0.8785607203125 0.644 0.8965517234375
0 0.8880000000000001 0.034482759375 0.8779999999999999 0.1694152921875 0.9640000000000001 0.1589205390625 0.9720000000000001 0.0089955015625 0.8880000000000001 0.034482759375
0 0.95 0.30434782656250003 0.9640000000000001 0.160419790625 0.8880000000000001 0.17391304375 0.884 0.265367315625 0.924 0.2803598203125 0.924 0.30434782656250003 0.95 0.30434782656250003
0 1 0.0839580203125 0.966 0.088455771875 0.958 0.21439280312500003 1 0.2173913046875 1 0.0839580203125
0 0.998 0.2173913046875 0.958 0.2173913046875 0.952 0.33283358281250003 1 0.34482758593749996 0.998 0.2173913046875
0 1 0.3433283359375 0.954 0.32983508281249996 0.942 0.436281859375 1 0.4662668671875 1 0.3433283359375
0 0.9400000000000001 0.439280359375 0.9179999999999999 0.5592203890625 0.998 0.6206896546875 1 0.463268365625 0.9400000000000001 0.439280359375
0 0.9279999999999999 0.563718140625 0.9099999999999999 0.6596701656249999 0.998 0.7526236875000001 0.998 0.6161919046875 0.9279999999999999 0.563718140625
0 0.9099999999999999 0.662668665625 0.898 0.787106446875 0.9960000000000001 0.9025487249999999 1 0.7541229390625 0.9099999999999999 0.662668665625
0 1 0.9040479765624999 0.8960000000000001 0.790104946875 0.8880000000000001 0.898050975 0.952 0.9955022484375 1 1 1 0.9040479765624999