0 0.7447228890625001 0.27646805625000004 0.9986217546875 0.26017546875 0.9995224593750001 0.1053574171875 0.7794694390625 0.059755365625 0.7447228890625001 0.27646805625000004
0 0.4850276203125 0.10008129218749999 0.4570076109375 0.2685592296875 0.747223821875 0.2780695109375 0.7756076968750001 0.06559426406249999 0.4850276203125 0.10008129218749999
0 0.6958126874999999 0.4980629953125 0.997026975 0.5342949515625001 0.9986220046875 0.2601324109375 0.7330601734375 0.28295176093749996 0.6958126874999999 0.4980629953125
0 0.6432220078124999 0.732143553125 0.9504639890625001 0.80895721875 0.9969063484375 0.5550287203125001 0.9970269234375 0.5343038359375 0.691575284375 0.49831808281249995 0.6432220078124999 0.732143553125
0 0.916945746875 1 0.9504639890625001 0.80895721875 0.641964971875 0.735197640625 0.6003763109375 0.954950228125 0.6975220765625 1 0.916945746875 1
0 0.692454578125 1 0.5959445062500001 0.9562682203125 0.5875507359375 1 0.692454578125 1
0 0.4502561328125 0.2749224859375 0.417972440625 0.4590747640625 0.6903182453125 0.5013721671875 0.731712503125 0.28268248906250004 0.4502561328125 0.2749224859375
0 0.7795600703125001 0.0630787234375 0.5416266624999999 0.012606500000000001 0.5097376859375 0.0118642765625 0.48773609531249995 0.0929102140625 0.7795600703125001 0.0630787234375
0 0.4183612421875 0.45694895 0.378561609375 0.6440064890625 0.642548175 0.732008915625 0.6961108578124999 0.4926138203125 0.4183612421875 0.45694895
0 0.34039467343749996 0.8335937546875 0.6007651140625 0.9528244125 0.6398528375 0.7314703671875 0.3788466390625 0.6462669421875 0.34039467343749996 0.8335937546875
0 0.5879255921875 1 0.602786615625 0.9532283218750001 0.3323086671875 0.8319781125000001 0.30432807031250003 0.977327171875 0.42013405937500004 1 0.5879255921875 1
0 0.481943484375 0.10166855781249999 0.5063929218750001 0.0117864265625 0.3194696703125 0.0074357390625 0.29575644687499997 0.1305720625 0.481943484375 0.10166855781249999
0 0.29297048124999997 0.126710153125 0.2619832421875 0.28467946875 0.450346765625 0.27824584531249996 0.487917359375 0.09955692968749999 0.29297048124999997 0.126710153125
0 0.26400474375 0.28508337968749997 0.233510075 0.4365406078125 0.416417234375 0.467578025 0.44678319375 0.27863556875 0.26400474375 0.28508337968749997
0 0.231099771875 0.4382625125 0.20560697343749998 0.5929226546875 0.3815551140625 0.6390958640625 0.4153677359375 0.461859578125 0.231099771875 0.4382625125
0 0.1679851640625 0.7451593296875 0.3406928421875 0.8281445796875 0.3820345484375 0.64029340625 0.1929985296875 0.5893016453125 0.1679851640625 0.7451593296875
0 0.12834185468749998 0.8969920984374999 0.23165777968749998 0.958400121875 0.3031748046875 0.97599499375 0.341366678125 0.8282792171875 0.160572990625 0.7436783250000001 0.12834185468749998 0.8969920984374999
0 0.1187334609375 0.9411254328125 0.2304007421875 0.9614542109374999 0.127953053125 0.8991179140625001 0.1187334609375 0.9411254328125
0 0.21198412656249999 0.5236848390625 0.3126049734375 0.019356490625 0.2992547296875 0.0069652312499999995 0.17080943125 0.003975634375 0.06616411093749999 0.48463319531250004 0.21198412656249999 0.5236848390625
0 0 0.47464240156250004 0.064337009375 0.48316637812499996 0.16633046406250002 0.0209787953125 0.085702871875 0.0379213296875 0.034459859375 0.27227116093750003 0 0.4680796390625 0 0.47464240156250004
0 0 0.9174016328124999 0.11676586562499999 0.9407322921875 0.2132280234375 0.5283403796874999 0.07531275312499999 0.4842576625 0 0.8198025484375 0 0.9174016328124999
0 0 0.8260184421875 0.07511835312500001 0.48532056875 0.009847096875 0.47558415312499996 0 0.5211983484375 0 0.8260184421875
0 0 0.516149971875 0.0095620625 0.4733236984375 0 0.47141312968750004 0 0.516149971875