0 0.8572618249999999 0.22329390624999998 0.8440182015625 0.0491584625 0.7377821796874999 0.042970918749999996 0.7578225093750001 0.2411591203125 0.8572618249999999 0.22329390624999998
0 0.7570138671875 0.23052658906249998 0.7378322828125 0.0429738375 0.638132490625 0.037166984375 0.6591711453125 0.2428777234375 0.7570138671875 0.23052658906249998
0 0.6535313421875 0.19522915937500002 0.6380775 0.037163782812500004 0.5408151609375 0.031498896875 0.56169136875 0.2069868421875 0.6535313421875 0.19522915937500002
0 0.4535177765625 0.0569940875 0.4742575484375 0.22366515625 0.5618935296875 0.20964497343750002 0.5405472765625 0.034999507812500004 0.4535177765625 0.0569940875
0 0.366286115625 0.07633053749999999 0.384034859375 0.2566879 0.47367175625 0.2424699 0.4535177765625 0.0569940875 0.366286115625 0.07633053749999999
0 0.27905445625 0.095666984375 0.2968031984375 0.2760243484375 0.384034859375 0.2566879 0.366286115625 0.07633053749999999 0.27905445625 0.095666984375
0 0.195824628125 0.1146078 0.21618076875 0.30274174375 0.29740968125 0.2839987453125 0.281055371875 0.09546916875 0.195824628125 0.1146078
0 0.118193228125 0.1276389015625 0.13034354374999998 0.313905978125 0.208379265625 0.3061911421875 0.1956224671875 0.11194966718749999 0.118193228125 0.1276389015625
0 0.75582159375 0.2413569359375 0.7697292859375 0.371209784375 0.8689664421875 0.350686440625 0.859262740625 0.223096090625 0.75582159375 0.2413569359375
0 0.6591711453125 0.2428777234375 0.6758883984375 0.383165284375 0.7693249671875 0.365893521875 0.7568117062499999 0.22786845625000002 0.6591711453125 0.2428777234375
0 0.5618935296875 0.20964497343750002 0.5764490828125 0.4010304984375 0.67408964375 0.386021234375 0.653733503125 0.197887290625 0.5618935296875 0.20964497343750002
0 0.4724587921875 0.2265211078125 0.48541775156250005 0.4234207125 0.5752568078125 0.4118608453125 0.5618935296875 0.20964497343750002 0.4724587921875 0.2265211078125
0 0.3838326984375 0.2540297671875 0.3945885796875 0.4484690578125 0.480627965625 0.4399629546875 0.46366717656249995 0.2434589828125 0.3838326984375 0.2540297671875
0 0.2948022828125 0.2762221640625 0.309559996875 0.4702658234375 0.3949929 0.45378532343750005 0.3780321109375 0.2572813484375 0.2948022828125 0.2762221640625
0 0.20637835 0.3063889578125 0.21972094062499997 0.4818256890625 0.3093578359375 0.46760768906249994 0.29140693125 0.2845921953125 0.20637835 0.3063889578125
0 0.1243407953125 0.314499428125 0.1400886234375 0.495054609375 0.2199231 0.48448382187499994 0.20637835 0.3063889578125 0.1243407953125 0.314499428125
0 0.7697292859375 0.371209784375 0.7948959015625 0.5695806250000001 0.8949416984375 0.5596898078125 0.8689664421875 0.350686440625 0.7697292859375 0.371209784375
0 0.67388748125 0.3833631015625 0.6972553421875001 0.5845898921875 0.7948959015625 0.5695806250000001 0.7693249671875 0.365893521875 0.67388748125 0.3833631015625
0 0.5752568078125 0.4118608453125 0.5976138640624999 0.5997969734375 0.695254425 0.5847877078125 0.6746961234375 0.39399563125000003 0.5752568078125 0.4118608453125
0 0.4836189953125 0.42627666093750005 0.5005797859375 0.622780634375 0.5982203453125 0.6077713703125001 0.57545896875 0.41451897656250003 0.4836189953125 0.42627666093750005
0 0.3943864203125 0.4458109265625 0.41494472031249996 0.6366030031250001 0.50098410625 0.6280969 0.48262888281249994 0.4397651390625 0.3943864203125 0.4458109265625
0 0.309559996875 0.4702658234375 0.325509984375 0.653479134375 0.41314596562499994 0.6394589500000001 0.3949929 0.45378532343750005 0.309559996875 0.4702658234375
0 0.2199231 0.48448382187499994 0.2394705984375 0.6619852374999999 0.325509984375 0.653479134375 0.309559996875 0.4702658234375 0.2199231 0.48448382187499994
0 0.136086790625 0.495450240625 0.1524410984375 0.6839798171875 0.23407433125 0.6705530828125 0.2199231 0.48448382187499994 0.136086790625 0.495450240625
0 0.798897734375 0.56918499375 0.824064346875 0.7675558328125 0.9179052375 0.755600334375 0.8949416984375 0.5596898078125 0.798897734375 0.56918499375
0 0.6972553421875001 0.5845898921875 0.720421040625 0.7831585484375 0.824064346875 0.7675558328125 0.797098978125 0.5720409421875 0.6972553421875001 0.5845898921875
0 0.59961478125 0.59959915625 0.6289853875 0.8002324968750001 0.7206232 0.7858166796875 0.6992562578125 0.584392075 0.59961478125 0.59959915625
0 0.5087856093750001 0.6246475015625 0.533547903125 0.8177020781250001 0.6291875484375 0.8028906265625 0.5982203453125 0.6077713703125001 0.5087856093750001 0.6246475015625
0 0.415551203125 0.6445773984375001 0.437908259375 0.8325135265625001 0.5277473140625 0.820953659375 0.5051880984375 0.6303593984375 0.415551203125 0.6445773984375001
0 0.32791522031250003 0.65859758125 0.3482713609375 0.846731525 0.437908259375 0.8325135265625001 0.4115493703125 0.6449730312499999 0.32791522031250003 0.65859758125
0 0.238480484375 0.6754737140625 0.25863446562500003 0.8609495265625 0.3442695296875 0.847127159375 0.32811738125 0.6612557156250001 0.238480484375 0.6754737140625
0 0.1544420140625 0.6837820015625 0.1643892546875 0.8675887624999999 0.2448302140625 0.8649923734374999 0.23688388906250002 0.68098779375 0.1544420140625 0.6837820015625
0 0.8290769812500001 0.7804508625000001 0.8562445125 0.9786238875000001 0.9255783546874999 0.9699461296875 0.9369893375 0.8301558375000001 0.92651538125 0.762783465625 0.8290769812500001 0.7804508625000001
0 0.72462503125 0.785421046875 0.75239904375 0.99156846875 0.8542435953125 0.9788217031249999 0.8260652640625 0.767358015625 0.72462503125 0.785421046875
0 0.6349881359375 0.7996390484375 0.6617513453125 0.99249580625 0.7475885703125 0.9813315734374999 0.724422871875 0.782762915625 0.6349881359375 0.7996390484375
0 0.65380705625 1 0.6291875484375 0.8028906265625 0.49593482031249997 0.826776853125 0.51803058125 1 0.65380705625 1
0 0.5143797328125 1 0.49593482031249997 0.826776853125 0.40609576406250003 0.8383367203125 0.4267169875 1 0.5143797328125 1
0 0.42336185156250006 1 0.4062979234375 0.8409948515625001 0.3382667828125 0.8477206078125 0.35467525 1 0.42336185156250006 1
0 0.353006775 1 0.3384689421875 0.850378740625 0.2530360375 0.8668592390625 0.2646268625 1 0.353006775 1
0 0.2634969140625 1 0.24923636718750003 0.86991300625 0.1647935765625 0.872905025 0.17721948437499999 1 0.2634969140625 1