0 0 0.42278860625 0.076 0.4407796109375 0.088 0.436281859375 0.078 0.1814092953125 0.064 0.1814092953125 0 0.1814092953125 0 0.42278860625
0 0.322 0.2818590703125 0.314 0.1829085453125 0.244 0.17241379375000002 0.076 0.17841079531249998 0.094 0.43778110937500003 0.246 0.4587706140625 0.262 0.45427286406249995 0.256 0.2818590703125 0.322 0.2818590703125
0 0.258 0.2818590703125 0.272 0.565217390625 0.46399999999999997 0.584707646875 0.472 0.584707646875 0.472 0.28335832031249997 0.258 0.2818590703125
0 0.47400000000000003 0.284857571875 0.47000000000000003 0.586206896875 0.71 0.6086956515625 0.712 0.5817091453125001 0.73 0.2818590703125 0.47400000000000003 0.284857571875
0 1 0.2818590703125 0.734 0.2818590703125 0.712 0.6071964015625 1 0.635682159375 1 0.2818590703125
0 0.772 0 0.756 0.2818590703125 1 0.2788605703125 1 0 0.772 0
0 0.5519999999999999 0 0.512 0.0059970015625 0.518 0.284857571875 0.748 0.2788605703125 0.762 0 0.5519999999999999 0
0 0.32599999999999996 0.2818590703125 0.514 0.2818590703125 0.508 0.0059970015625 0.31 0.02548725625 0.32599999999999996 0.2818590703125
0 0.396 0.0179910046875 0.54 0.0014992500000000001 0.396 0 0.396 0.0179910046875
0 0 0.511244378125 0.016 0.5142428781249999 0.018 0.49475262343750004 0.018 0.43028485781250003 0 0.42428785625 0 0.511244378125
0 0.03 0.5937031484374999 0.02 0.5187406296875 0.002 0.511244378125 0 0.5952023984375 0.02 0.59970015 0.03 0.5937031484374999
0 0.032 0.67466266875 0.03 0.5967016484375 0.018 0.6011993999999999 0.002 0.5952023984375 0 0.67466266875 0.018 0.6821589203125 0.032 0.67466266875
0 0 0.7481259375 0.014000000000000002 0.7556221890625 0.036 0.7511244375 0.032 0.67766116875 0.018 0.6836581703125 0 0.67616191875 0 0.7481259375
0 0 0.8200899546875 0.024 0.82758620625 0.044 0.82458770625 0.036 0.7541229390625 0.016 0.7586206890625 0 0.7481259375 0 0.7556221890625 0 0.8200899546875
0 0 0.8875562218749999 0.02 0.9025487249999999 0.05 0.8935532234375 0.046 0.82608695625 0.024 0.8305847078124999 0 0.8215892046875 0 0.8875562218749999
0 0 0.9520239875 0.028000000000000004 0.9745127437500001 0.057999999999999996 0.9655172406249999 0.052000000000000005 0.8965517234375 0.022 0.9040479765624999 0 0.889055471875 0 0.9520239875
0 0.06 1 0.06 0.9670164921875 0.03 0.9745127437500001 0 0.9520239875 0 1 0.06 1
0 1 0.635682159375 0.714 0.6056971515625 0.71 0.610194903125 0.614 0.6011993999999999 0.61 0.7061469265625 1 0.7541229390625 1 0.635682159375
0 1 0.7571214390625001 0.612 0.7076461765625 0.606 0.8080959515625 1 0.8710644671875001 1 0.7571214390625001
0 1 0.8710644671875001 0.606 0.809595203125 0.602 0.9055472265625 1 0.9730134937500001 1 0.8710644671875001
0 0.604 0.8080959515625 0.282 0.7556221890625 0.284 0.839580209375 0.602 0.9040479765624999 0.604 0.8080959515625
0 0.282 0.7556221890625 0.604 0.8065967015625001 0.608 0.7076461765625 0.27599999999999997 0.6596701656249999 0.282 0.7556221890625
0 0.27599999999999997 0.6581709140625 0.608 0.7061469265625 0.612 0.5982008999999999 0.274 0.5667166421875 0.27599999999999997 0.6581709140625
0 0.268 0.5517241375 0.264 0.45577211406249996 0.242 0.46026986562500005 0.088 0.43778110937500003 0.078 0.4407796109375 0.032 0.43328335781250005 0.02 0.436281859375 0.018 0.5187406296875 0.24 0.560719640625 0.268 0.5517241375
0 0.274 0.6506746625 0.274 0.5787106453125 0.268 0.5682158921875 0.268 0.5532233890625 0.24 0.560719640625 0.022 0.5247376312500001 0.03 0.6086956515625 0.24 0.6551724140624999 0.274 0.6506746625
0 0.27999999999999997 0.7421289359375 0.272 0.6536731640625 0.242 0.6566716640625 0.032 0.6086956515625 0.034 0.697151425 0.254 0.7511244375 0.27999999999999997 0.7421289359375
0 0.282 0.82308845625 0.27999999999999997 0.7466266859374999 0.256 0.7526236875000001 0.034 0.698650675 0.038 0.7706146921875 0.262 0.8335832078125 0.282 0.82308845625
0 0.284 0.9040479765624999 0.27999999999999997 0.82608695625 0.264 0.8350824593749999 0.04 0.7736131937499999 0.046 0.8455772109374999 0.262 0.914542728125 0.284 0.9040479765624999
0 0.286 0.9055472265625 0.266 0.914542728125 0.05 0.8500749624999999 0.054000000000000006 0.9190404796875 0.266 0.9955022484375 0.292 0.9820089953125001 0.286 0.9055472265625
0 0.292 1 0.292 0.9865067468750001 0.266 0.9970015 0.054000000000000006 0.9220389812500001 0.06 0.9670164921875 0.13 1 0.292 1
0 0.132 1 0.06 0.9685157421874999 0.057999999999999996 1 0.132 1
0 0.284 0.8425787109374999 0.288 0.886056971875 0.466 0.9205397296875001 0.506 0.8875562218749999 0.462 0.8755622187500001 0.284 0.8425787109374999
0 0.516 0.9205397296875001 0.506 0.889055471875 0.466 0.9220389812500001 0.286 0.8875562218749999 0.29 0.9325337328125001 0.46399999999999997 0.962518740625 0.516 0.9205397296875001
0 0.48200000000000004 1 0.522 0.9550224890625 0.518 0.9220389812500001 0.46399999999999997 0.962518740625 0.29 0.9370314843750001 0.292 0.9700149921874999 0.43 1 0.48200000000000004 1
0 0.42400000000000004 1 0.294 0.9730134937500001 0.296 1 0.42400000000000004 1
0 0.736 1 0.742 0.9310344828125 0.602 0.9055472265625 0.53 0.890554721875 0.524 0.9835082453125 0.5599999999999999 1 0.736 1
0 1 0.9745127437500001 0.758 0.935532234375 0.754 1 1 1 1 0.9745127437500001
0 0.5559999999999999 1 0.524 0.985007496875 0.52 1 0.5559999999999999 1