0 0.9052543765625 0.047582028124999995 0.90908879375 0.1192087546875 0.9552157140625 0.09467703125 0.9502020218749999 0.0331817859375 0.8666936984375001 0.0302656109375 0.868932275 0.0447994484375 0.9052543765625 0.047582028124999995
0 0.8671542296875 0.04758671875 0.8651092625000001 0.03021028125 0.82093385 0.0286676421875 0.822640625 0.0427148609375 0.8671542296875 0.04758671875
0 0.7745709296875 0.043417540625 0.7685892 0.043836334375 0.7876874968750001 0.228894134375 0.919933125 0.2276236828125 0.9052543765625 0.047582028124999995 0.7745709296875 0.043417540625
0 0.9692468703125 0.2667756703125 0.9552157140625 0.09467703125 0.90908879375 0.1192087546875 0.9221428984375001 0.2301317546875 0.9262443140625001 0.2804375109375 0.9692468703125 0.2667756703125
0 0.7876874968750001 0.228894134375 0.8052236109375001 0.4193868765625 0.9346118734375001 0.40766533593750004 0.9219270343750001 0.22748408437499998 0.7876874968750001 0.228894134375
0 0.9837097546875 0.4441696515625 0.9672529593749999 0.26691526875 0.926460178125 0.2830851828125 0.9326179640625 0.4078049328125 0.9376339687499999 0.44473273593749996 0.9837097546875 0.4441696515625
0 0.8052236109375001 0.4193868765625 0.8196864953125 0.5967808578125 0.9486430296874999 0.579763975 0.9326179640625 0.4078049328125 0.8052236109375001 0.4193868765625
0 0.9376339687499999 0.44473273593749996 0.9486430296874999 0.579763975 0.9872272546874999 0.58369001875 0.9887604515625 0.5178175765625 0.9817158453125 0.44430925 0.9376339687499999 0.44473273593749996
0 0.6809762765625 0.6171434031249999 0.8196864953125 0.5967808578125 0.8032297015625 0.41952647499999995 0.6652182078125 0.42386339375000004 0.6809762765625 0.6171434031249999
0 0.8052236109375001 0.4193868765625 0.7876874968750001 0.228894134375 0.6452564546875 0.22821490625 0.6652182078125 0.42386339375000004 0.8052236109375001 0.4193868765625
0 0.7879033609375 0.23154180625 0.7683733359375 0.0411886625 0.6314922968750001 0.034795296875 0.64547231875 0.230862578125 0.7879033609375 0.23154180625
0 0.7701513828125 0.03840139375 0.7686599875 0.0268421984375 0.6304503890625 0.022015812500000002 0.6314922968750001 0.034795296875 0.7701513828125 0.03840139375
0 0.6314922968750001 0.034795296875 0.6304503890625 0.022015812500000002 0.48364617968749996 0.016889296875 0.4848575734375 0.031747593750000004 0.6314922968750001 0.034795296875
0 0.6474662296875 0.23072298125000001 0.63348620625 0.0346557 0.4846417109375 0.0290999234375 0.501263234375 0.23297061874999997 0.6474662296875 0.23072298125000001
0 0.5145956640625 0.421094884375 0.5192310765625 0.42875870312500003 0.6652182078125 0.42386339375000004 0.6476820937500001 0.23337065156249998 0.501263234375 0.23297061874999997 0.5155102546875 0.40771692968749995 0.5145956640625 0.421094884375
0 0.53789764375 0.6085211609375001 0.613450346875 0.6005687656250001 0.627140715625 0.62091255 0.678982365625 0.6172830015625 0.66721211875 0.42372379687499995 0.51745303125 0.43154597343749995 0.5374147828125 0.6271944578124999 0.53789764375 0.6085211609375001
0 0.5170213015625 0.42625062812500003 0.359502440625 0.43727886875 0.37434591875 0.6439368359375 0.531433053125 0.6276132515625 0.5170213015625 0.42625062812500003
0 0.5150273921874999 0.426390228125 0.49905345937499995 0.2304625453125 0.3430967796875 0.23605584687499997 0.3592865765625 0.4346312 0.5150273921874999 0.426390228125
0 0.323135028125 0.040407359375 0.3276681703125 0.096008459375 0.342880915625 0.23340817343750003 0.4972754140625 0.23324981562499997 0.4828636640625 0.0318871921875 0.323135028125 0.040407359375
0 0.3171532984375 0.0408261546875 0.4868514828125 0.0316079953125 0.48377802187499996 0.0168939015625 0.4737961140625 0.016545325 0.3180678890625 0.0274482 0.3171532984375 0.0408261546875
0 0.5363069828125 0.8349692078125001 0.5414252546875 0.823959728125 0.525678515625 0.7292019515625 0.5416297921875 0.7280851671875 0.52943914375 0.62775285 0.37456178281249997 0.64658450625 0.3927454890625 0.8450202640625 0.5363069828125 0.8349692078125001
0 0.5616188765625 1 0.5499462171875 0.8792816312499999 0.5639035859375 0.8783044453125 0.5383008921875 0.834829609375 0.5063983375000001 0.837063178125 0.3927454890625 0.8450202640625 0.4071084390625 1 0.5616188765625 1
0 0.6061878125 1 0.6006574140625001 0.88638236875 0.613967190625 0.8774621671875 0.551940128125 0.8791420343749999 0.5636262859375 1 0.6061878125 1
0 0.7617178953125 1 0.77829143125 0.999096690625 0.765453190625 0.8908213609375 0.76000545625 0.8485982171875 0.7378565874999999 0.8474861234375 0.7358115421875 0.8715943625 0.7014322171875 0.892640825 0.6617698875 0.8980804546875 0.6159611 0.87732256875 0.5986635046875 0.886521965625 0.6060490890625 1 0.7617178953125 1
0 0.77829143125 0.999096690625 0.9694908921875 0.9830476140625001 0.951256053125 0.8085804984375 0.9466717765625001 0.7769480390625 0.9048508078124999 0.7559109562499999 0.787045409375 0.7375309265625 0.7668904484375 0.7362792359375 0.8146931453124999 0.7568975234375 0.7725540453125 0.78115005 0.7519162234375 0.79857165625 0.7604371859375 0.8538935593750001 0.77829143125 0.999096690625
0 0.7353060265625 0.69322319375 0.72781325 0.6751082875 0.6549020484375 0.6908640984375001 0.6487044546875 0.6886352203125 0.5968628046875 0.69226476875 0.5943860328125 0.7110776640625 0.6110984968750001 0.7684888453125 0.6159611 0.87732256875 0.659775978125 0.8982200546874999 0.699654171875 0.89542809375 0.7302615421875001 0.8773085 0.735862678125 0.8476257203124999 0.731164803125 0.7654083109375 0.7353060265625 0.69322319375
0 0.8456073203125 0.5949660859375 0.9040271578124999 0.6228293984375 0.9068447171875 0.755771359375 0.9490974140624999 0.7821037859375 0.95363055625 0.8377048828125 0.9660257421875 0.8421626375000001 0.9812550718749999 0.840279334375 0.9872168046875001 0.584138965625 0.94885889375 0.5824116484374999 0.8456073203125 0.5949660859375
0 0.9060210671875 0.6226898000000001 0.84539145625 0.5923184125 0.678982365625 0.6172830015625 0.6512834953125 0.6218850453125 0.646926409375 0.691422490625 0.7280291140624999 0.677755959375 0.7350901624999999 0.6905755203124999 0.731164803125 0.7654083109375 0.735862678125 0.8476257203124999 0.7604371859375 0.8538935593750001 0.7519162234375 0.79857165625 0.8166870562499999 0.7567579249999999 0.766674584375 0.7336315640625 0.9048508078124999 0.7559109562499999 0.9060210671875 0.6226898000000001
0 0.9538464203125001 0.8403525546875 0.968195709375 0.9671615859375 0.9783740249999999 0.9640608281249999 0.9812115562500001 0.842148915625 0.96624160625 0.8448103093749999 0.9538464203125001 0.8403525546875
0 0.3180678890625 0.0274482 0.1804881234375 0.0370804609375 0.1841066765625 0.1060595140625 0.3276681703125 0.096008459375 0.323135028125 0.040407359375 0.3180678890625 0.0274482
0 0.3515154734375 0.33931502812500003 0.327884034375 0.09865613125 0.17214321875 0.10689710156250001 0.1851575171875 0.3403109765625 0.3515154734375 0.33931502812500003
0 0.368301728125 0.5698020374999999 0.3515154734375 0.33931502812500003 0.1851575171875 0.3403109765625 0.20523286562499998 0.5865444156249999 0.368301728125 0.5698020374999999
0 0.3879453484375 0.8107401328125 0.368301728125 0.5698020374999999 0.2054487296875 0.5891920859375 0.22466062031249998 0.8248348390625001 0.3879453484375 0.8107401328125
0 0.40691956406249996 1 0.3879453484375 0.8107401328125 0.2244447578125 0.82218716875 0.24227135312499998 1 0.40691956406249996 1
0 0.2423953078125 1 0.2205592046875 0.774529084375 0.2185652953125 0.7746686828125 0.20693129687499998 0.8287388921875 0.0139537890625 0.8475752406250001 0.026380940624999998 1 0.2423953078125 1
0 0 0.6606468171875 0.0139537890625 0.8475752406250001 0.20693129687499998 0.8287388921875 0.2185652953125 0.7746686828125 0.20113145000000002 0.536238659375 0 0.5554471296875 0 0.6606468171875
0 0 0.5554009796875 0.20312535937499998 0.5360990625000001 0.1853733828125 0.3429586484375 0.182783015625 0.3111865921875 0.156368 0.2331524296875 0 0.24192730624999997 0 0.5554009796875
0 0 0.060437760937499994 0.15165879843750002 0.0524127859375 0.18168104062499998 0.1009037703125 0.1804881234375 0.0370804609375 0 0.049716829687500005 0 0.060437760937499994
0 0 0.21653521250000002 0.0006271828125 0.24139340312500002 0.156368 0.2331524296875 0.182783015625 0.3111865921875 0.1719273546875 0.10424942968749999 0.185884721875 0.10327224374999999 0.15165879843750002 0.0524127859375 0 0.0630307515625 0 0.21653521250000002
0 0.5359037343749999 0.608660759375 0.543612375 0.6294233359375 0.531648915625 0.630260925 0.5398517468749999 0.7308724375 0.5560188875 0.7324033234375 0.5981068546875 0.7321194375 0.5943860328125 0.7110776640625 0.59486889375 0.6924043671875 0.6347470875 0.68961240625 0.6317761265625 0.6285763671875 0.61544425625 0.6004291671875001 0.5359037343749999 0.608660759375
0 0.5398517468749999 0.7308724375 0.525678515625 0.7292019515625 0.5412093921875 0.8213120578125 0.5383008921875 0.834829609375 0.5681072687500001 0.8806729203125 0.6179550093749999 0.8771829703125 0.6110984968750001 0.7684888453125 0.5981068546875 0.7321194375 0.5560188875 0.7324033234375 0.5398517468749999 0.7308724375