0 0.0491387890625 0.2067779359375 0.0004272953125 0.2067779359375 0.0008545874999999999 0.3253048515625 0.058539253125 0.3240165171875 0.0491387890625 0.2067779359375
0 0.07392183125 0.340120715625 0.0653759546875 0.32594902187499997 0.0017091749999999998 0.32723735625 0.0004272953125 0.475396003125 0.08374958906249999 0.46573348281250004 0.07392183125 0.340120715625
0 0.08374958906249999 0.46637765 0 0.475396003125 0.0004272953125 0.6061621125000001 0.09229546562499999 0.5939229187499999 0.08374958906249999 0.46637765
0 0.0918681703125 0.5939229187499999 0.0004272953125 0.6074504468749999 0.00128188125 0.7324190453125 0.0961411109375 0.7163148421875001 0.0918681703125 0.5939229187499999
0 0.09101358281250001 0.7227565234375 0.0004272953125 0.7362840515625 0.0008545874999999999 0.8599643140625 0.09699569687500001 0.8438601125 0.09101358281250001 0.7227565234375
0 0.0008545874999999999 0.9862212453125 0.10853263124999998 0.968184540625 0.1063961609375 0.8438601125 0.09699569687500001 0.8007008546875 0.097850284375 0.8432159453124999 0 0.8631851546875 0.0008545874999999999 0.9862212453125
0 0.3784820828125 0.0880571578125 0.3742081328125 0.0007159124999999999 0.2402910078125 0.0014318249999999999 0.2217705546875 0.0128864140625 0.22746915625000003 0.1016594828125 0.340016525 0.09951175 0.3784820828125 0.0880571578125
0 0.3442904765625 0.20904626249999997 0.34096629218749996 0.1016594828125 0.2070491703125 0.10094357031250001 0.1852045328125 0.113114071875 0.1894784828125 0.21620538125 0.2117980046875 0.21262582187499998 0.3442904765625 0.20904626249999997
0 0.346190009375 0.3221603359375 0.34381559375 0.21548946875000002 0.2070491703125 0.2219326765625 0.18377988125 0.2176372046875 0.18377988125 0.3128534796875 0.21274777031249997 0.330751278125 0.346190009375 0.3221603359375
0 0.34951419375000004 0.43384258593749997 0.3457151265625 0.32717171875 0.210373353125 0.3364785734375 0.1833049984375 0.31500121718749996 0.177606396875 0.31786486406250003 0.1823552328125 0.419524346875 0.2141724203125 0.447444909375 0.34951419375000004 0.43384258593749997
0 0.184254765625 0.5254793015625 0.208948703125 0.5541157765625 0.3414411765625 0.5433771000000001 0.338591875 0.43813805781250004 0.2146473046875 0.447444909375 0.18093058125 0.420240259375 0.184254765625 0.5254793015625
0 0.1856794140625 0.609240990625 0.2146473046875 0.66150255625 0.34761466093750004 0.6521957015625001 0.34666489375 0.5483884828125001 0.2146473046875 0.559843071875 0.18377988125 0.5261952140624999 0.1856794140625 0.609240990625
0 0.1852045328125 0.7109004750000001 0.22556962343750003 0.77103706875 0.354263028125 0.7524233625 0.35093884375 0.653627525 0.2146473046875 0.6636502906249999 0.18472965 0.61282055 0.1852045328125 0.7109004750000001
0 0.191378015625 0.8139917828125001 0.2222454390625 0.8827193203125001 0.35378814375 0.8612419640625 0.351413728125 0.75886656875 0.22556962343750003 0.7717529812499999 0.1856794140625 0.7137641203125 0.191378015625 0.8139917828125001
0 0.202300334375 0.845491903125 0.20467475156249998 0.93999226875 0.22082078749999998 0.992969746875 0.3523634953125 0.96934465625 0.35093884375 0.86911699375 0.34761466093750004 0.8633897015625 0.2222454390625 0.8820034078125 0.202300334375 0.845491903125
0 0.37551201875 0.002310628125 0.3774278953125 0.0970464375 0.500044065625 0.089536890625 0.4992777140625 0 0.37551201875 0.002310628125
0 0.3444748 0.0982017515625 0.3475402046875 0.20853431093750002 0.47437130468750005 0.20044710625 0.47283860312500003 0.09473580937500001 0.3444748 0.0982017515625
0 0.47743670937499993 0.30846903281250004 0.47475448125 0.19986945 0.34370844843750004 0.2091119671875 0.34677385312500003 0.31713389375 0.47743670937499993 0.30846903281250004
0 0.34983925781249997 0.4263111390625 0.4801189375 0.4188015921875 0.47896941093749995 0.3159785796875 0.45981063593749993 0.3107796640625 0.3483065546875 0.319444525 0.34983925781249997 0.4263111390625
0 0.482417990625 0.6383113921875 0.48165163906249997 0.53548838125 0.3525214875 0.5458862140625 0.35060560937499996 0.6423549937499999 0.3525214875 0.650442196875 0.482417990625 0.6383113921875
0 0.48280116562500003 0.64293265 0.3567364171875 0.65217516875 0.3586522953125 0.7538428671874999 0.48433386718750004 0.7399790875 0.48280116562500003 0.64293265
0 0.4801189375 0.742867375 0.35328783750000003 0.7584641234375 0.3536710140625 0.8607094765625 0.48203481562499995 0.8416467859375001 0.4801189375 0.742867375
0 0.48088528906250005 0.9427368250000001 0.47973576093750003 0.8428020999999999 0.3517551359375 0.86244245 0.3536710140625 0.9664207765624999 0.48088528906250005 0.9427368250000001
0 0.48739927187500004 0.9282953890625001 0.49889453906250003 0.945047453125 0.62074435625 0.9288730484375 0.6192116546875 0.8295159812499999 0.495829134375 0.8451127312500001 0.4831843421875 0.8324042687500001 0.48739927187500004 0.9282953890625001
0 0.48471704375 0.7382461171875 0.48471704375 0.8295159812499999 0.49506278281249994 0.8439574140625 0.6180621281249999 0.8272053500000001 0.6146135484374999 0.72553765625 0.4942964328125 0.7382461171875 0.48471704375 0.7382461171875
0 0.48433386718750004 0.7290035984375 0.4954459578125 0.73535783125 0.61614625 0.7232270234375 0.6153799 0.6209816703125 0.49199737812500005 0.6342677921875 0.48356751718749996 0.633112475 0.48433386718750004 0.7290035984375
0 0.482417990625 0.534910721875 0.48395069375000005 0.6267582453125 0.49046467812500005 0.6313795046874999 0.6142303734375 0.61693806875 0.612697671875 0.5164256859374999 0.4851002203125 0.5256682046875001 0.482417990625 0.534910721875
0 0.6100154421874999 0.5112267703125 0.6069500375 0.41129204531249997 0.48356751718749996 0.41995690625000004 0.48433386718750004 0.524512890625 0.6100154421874999 0.5112267703125
0 0.6061836875 0.407826103125 0.6096322671875 0.40378250156249995 0.6058005109375 0.30442543125 0.48088528906250005 0.3113573203125 0.482417990625 0.41302501875 0.48471704375 0.4159133046875 0.6061836875 0.407826103125
0 0.47935258750000004 0.3026924625 0.48088528906250005 0.307891378125 0.6061836875 0.2986488578125 0.604650984375 0.19409287656250002 0.47552083125 0.20102476406249997 0.47935258750000004 0.3026924625
0 0.47437130468750005 0.0930028375 0.4751376546875 0.19929179218749998 0.5966042984375 0.1917822484375 0.595454771875 0.0941581515625 0.47437130468750005 0.0930028375
0 0.5142215593749999 0.0918475234375 0.6322396234375 0.0872262625 0.6307069203125 0.0011553140625 0.4992777140625 0 0.500044065625 0.0912698640625 0.5142215593749999 0.0918475234375
0 0.6422021859375 0.0872262625 0.7594538984375 0.0739401421875 0.757921196875 0.0011553140625 0.6307069203125 0 0.6322396234375 0.0872262625 0.6422021859375 0.0872262625
0 0.59737065 0.19120458906249999 0.603501459375 0.19120458906249999 0.6058005109375 0.195248190625 0.63837043125 0.1969811625 0.758687546875 0.182539728125 0.7571548453125 0.0791390609375 0.6341555015625 0.0906922046875 0.595071596875 0.0930028375 0.59737065 0.19120458906249999
0 0.6065668625 0.202180078125 0.6111649671875 0.305003090625 0.735697015625 0.29229462812499996 0.732248434375 0.18947161562499998 0.6065668625 0.202180078125
0 0.7391455953125 0.40378250156249995 0.7353993703125 0.2947931453125 0.6093820296875 0.30442690625 0.6124493890625 0.41463715468749995 0.7391455953125 0.40378250156249995
0 0.613464021875 0.4188015921875 0.6165294265625 0.517581003125 0.73876241875 0.5071831687499999 0.7341643125 0.4084037578125 0.613464021875 0.4188015921875
0 0.61614625 0.5239352328125 0.6180621281249999 0.622136984375 0.7399119453125 0.61000618125 0.73876241875 0.509493796875 0.61614625 0.5239352328125
0 0.6195948296875 0.62560293125 0.6176789515625 0.722071709375 0.73876241875 0.71282919375 0.7383792437500001 0.61289446875 0.6195948296875 0.62560293125
0 0.6203611796875 0.7266929703125 0.621893884375 0.82547238125 0.7410614734375 0.8104532875 0.739528771875 0.7139845078125 0.6203611796875 0.7266929703125
0 0.6234265859375 0.8272053500000001 0.6253424625 0.9265624203125 0.74757545625 0.915009271875 0.74680910625 0.81276391875 0.6234265859375 0.8272053500000001
0 0.8724906796875 0.87457325625 0.8705748015625 0.799477796875 0.7502576859375 0.8139192328125 0.7517903875 0.9138539578125 0.8422198109375 0.9057667515625001 0.8418366374999999 0.8751509125 0.8724906796875 0.87457325625
0 0.744893228125 0.7116738796875001 0.7479586328125001 0.8098756312500001 0.867509396875 0.7942788828125 0.8659766953125001 0.69723244375 0.744893228125 0.7116738796875001
0 0.749491334375 0.6163604109375 0.7410614734375 0.6134721234375 0.7437437015625 0.707630275 0.8606122390625 0.6966547859375 0.8598458875 0.599608346875 0.749491334375 0.6163604109375
0 0.8655935187500001 0.499673621875 0.74680910625 0.51700334375 0.7399119453125 0.5146927156250001 0.740678296875 0.607695553125 0.749874509375 0.6117391546875 0.8655935187500001 0.5961424046875 0.8655935187500001 0.499673621875
0 0.7353138390625 0.40898141718750003 0.7391455953125 0.5066055109375001 0.74719228125 0.512382084375 0.8632944671875 0.495630021875 0.863677640625 0.39569529531250003 0.74297735 0.4118697046875 0.7353138390625 0.40898141718750003
0 0.74297735 0.4084037578125 0.8655935187500001 0.3933846671875 0.8663598718750001 0.30038183125 0.8586963609374999 0.2882510265625 0.7379671625 0.305824984375 0.740678296875 0.40378250156249995 0.74297735 0.4084037578125
0 0.8495001484375001 0.1732972109375 0.8495001484375001 0.181962071875 0.8257432640625 0.1888939609375 0.8004536796874999 0.18947161562499998 0.7847434828125001 0.18773864375 0.7793790265625 0.18080675468750002 0.7326316109375 0.1929375625 0.7376128937499999 0.3038477765625 0.863677640625 0.2836297671875 0.862911290625 0.1842727015625 0.8495001484375001 0.1732972109375
0 0.9157895125 0.30153714531250003 0.9238362 0.42977708124999997 0.9979959921875 0.43806646562499996 0.9979959921875 0.302114803125 0.9157895125 0.30153714531250003
0 0.8529487281250001 0.1709865796875 0.86482716875 0.1831173859375 0.8655935187500001 0.2836297671875 0.9874433390625 0.26514473125000004 0.9870601625000001 0.1640546921875 0.9790134765625 0.1588557765625 0.965985509375 0.1709865796875 0.8529487281250001 0.1709865796875
0 0.77899585 0.17214189375 0.7908742921874999 0.16809829375000002 0.7878088875 0.144992 0.812715296875 0.1363271390625 0.81041624375 0.0831826609375 0.7590707234375 0.0808720296875 0.7609866015625 0.179651440625 0.7797622 0.17560784062499998 0.77899585 0.17214189375
0 0.8667430453125 0.39049638125 0.921920321875 0.3835644921875 0.9146399875 0.3009594890625 0.9874433390625 0.2836297671875 0.9874433390625 0.2663000453125 0.8598458875 0.289406340625 0.867509396875 0.302114803125 0.8667430453125 0.39049638125
0 0.9246025515625 0.4315100546875 0.9207707953125001 0.385297465625 0.8663598718750001 0.392807009375 0.867126221875 0.492741734375 0.9238362 0.4881204765625 0.9246025515625 0.4315100546875
0 0.9979959921875 0.44108761406249997 0.9970227250000001 0.43959725625 0.9238362 0.430354740625 0.9280511296875 0.5632159328124999 0.9979959921875 0.5830815703125001 0.9979959921875 0.44108761406249997
0 0.92766795625 0.59036583125 0.92843430625 0.5661042203125 0.924985728125 0.49158642031250005 0.868275746875 0.49678533593749996 0.867126221875 0.5915211453125 0.87287385625 0.594987090625 0.92766795625 0.59036583125
0 0.9318828859374999 0.6874122687499999 0.9269016046875 0.5920988031250001 0.8713411515624999 0.5961424046875 0.8625281156250001 0.60018600625 0.8602290625 0.692611184375 0.8717243281249999 0.695499471875 0.9318828859374999 0.6874122687499999
0 0.9979959921875 0.592145015625 0.9974059015625001 0.592676459375 0.9288174828125 0.565526565625 0.9334155890625 0.6960771296875 0.9979959921875 0.725075528125 0.9979959921875 0.592145015625
0 0.9970227250000001 0.7266929703125 0.930350184375 0.6983877578125 0.9372473421875 0.824894721875 0.9979959921875 0.8640483390625 0.9970227250000001 0.7266929703125
0 0.8809205406249999 0.7971671687499999 0.9337987640625001 0.7885023078125 0.929583834375 0.687989925 0.8724906796875 0.695499471875 0.8667430453125 0.6943441578125 0.867126221875 0.7885023078125 0.8809205406249999 0.7971671687499999
0 0.9979959921875 0.9969788515625 0.9979959921875 0.8670694859375001 0.9360978171875001 0.8260500359374999 0.9292006578124999 0.8295159812499999 0.934181940625 0.952557 0.9919839671874999 0.9969788515625 0.9979959921875 0.9969788515625
0 0.9081260046875 0.8907476609374999 0.930733359375 0.8884370328125 0.929583834375 0.8289383234375001 0.93686416875 0.82547238125 0.934948290625 0.79023528125 0.880154190625 0.7971671687499999 0.8698084515625 0.7913905953125 0.8713411515624999 0.799477796875 0.87402338125 0.8739955984375 0.9065932999999999 0.8734179390625 0.9081260046875 0.8907476609374999
0 0.47505864531249997 0.4248343046875 0.35295397031250003 0.4313918375 0.3498469796875 0.4356073921875 0.3386618203125 0.4374809734375 0.34239020625 0.5297547953125 0.35512886250000003 0.5424014625 0.4812726234375 0.5320967703124999 0.483136815625 0.5246024499999999 0.48158332187499997 0.42717628124999996 0.47505864531249997 0.4248343046875