0 0.7189187031250001 0.576735196875 0.7432227171875 0.6324517609375 0.8819113296875001 0.6304775296875 0.8489519015625 0.36252346874999997 0.7758046265625 0.346218746875 0.6888641843750001 0.3647155359375 0.7189187031250001 0.576735196875
0 0.882414575 0.6339525765625 0.76772618125 0.6402172687500001 0.7962136890625 0.8593538359374999 0.82080000625 0.881144646875 0.9475723828125 0.877604359375 0.9189191687499999 0.6304171859375 0.8781104015625001 0.5862934375 0.882414575 0.6339525765625
0 0.6365524859375 0.7703188875 0.6753718125 0.859002053125 0.7971649421875 0.8569537359374999 0.7640060640625 0.63695073125 0.7417682203125 0.6313768171875 0.7153387171875 0.5699519093750001 0.6129296703125 0.58477445625 0.6365524859375 0.7703188875
0 0.9743647531249999 1 0.9662282015624999 0.9032872421875 0.9486913843749999 0.876362603125 0.824184625 0.8820944859375001 0.8054439140625 0.8692785531249999 0.8291380671875 1 0.9743647531249999 1
0 0.82727874375 1 0.797332690625 0.8581120828125 0.6679591968749999 0.8571440812500001 0.68492936875 0.9788124796875 0.6928161609375 1 0.82727874375 1
0 0.45399157656250005 0.1823409625 0.48544535624999996 0.38608536718750003 0.58547626875 0.377263084375 0.60186850625 0.37386211875 0.5683424328125 0.2006518265625 0.550302375 0.1702521421875 0.45399157656250005 0.1823409625
0 0.3959334578125 0.3778567140625 0.4805510046875 0.3747103859375 0.45754394375 0.1844491515625 0.3690385375 0.1831705890625 0.3959334578125 0.3778567140625
0 0.5838816421875 0.3797048890625 0.4861163484375 0.3907187671875 0.51726225 0.5968215765625 0.6119508015624999 0.5824994578125 0.632092815625 0.560147878125 0.6026520140625 0.3703036671875 0.5838816421875 0.3797048890625
0 0.42551439062499996 0.564184171875 0.5132086796875 0.5643460874999999 0.48315211874999997 0.379218678125 0.398982584375 0.37648985 0.42551439062499996 0.564184171875
0 0.32948385468749997 0.569239490625 0.4240598953125 0.563109228125 0.40074495624999995 0.3752063921875 0.3882702421875 0.3608150875 0.3071754078125 0.38828675625 0.32948385468749997 0.569239490625
0 0.5629551609375001 0.786781571875 0.6419224671875 0.7804938203125 0.6333356140624999 0.7705274 0.6132375515625 0.5824160546875 0.530717875 0.586595621875 0.5629551609375001 0.786781571875
0 0.416029484375 0.5928603156250001 0.4448821484375 0.7920964296874999 0.5401291765625 0.7905995640625 0.5516587656249999 0.7267142109375 0.5323677390625 0.593504015625 0.5162833796874999 0.594546578125 0.5096563109375001 0.5622378984374999 0.42663339375 0.5629424171874999 0.416029484375 0.5928603156250001
0 0.35727479687499997 0.752175309375 0.44027009687499996 0.7467956890624999 0.41670047656250003 0.5974937125 0.423919765625 0.5666259796875 0.3354419734375 0.57002251875 0.35727479687499997 0.752175309375
0 0.6409712125 0.782893925 0.5645774046875001 0.7890148703125 0.54928063125 0.73271446875 0.5490535671875 0.775990425 0.5772076203125 0.96591804375 0.6750281484375 0.96425436875 0.6483265515625 0.802293946875 0.6409712125 0.782893925
0 0.44362301562499995 0.796854934375 0.442421159375 0.7840713859374999 0.4336645203125 0.799838871875 0.465063065625 0.994233078125 0.56047784375 0.9938945625000001 0.5359610531250001 0.793208178125 0.44362301562499995 0.796854934375
0 0.38791949375 0.927910815625 0.45242468437500005 0.9248989156249999 0.42913328125000005 0.7954556890625 0.44404340781249996 0.7863046828125 0.436745346875 0.74936260625 0.3574149265625 0.748658559375 0.38791949375 0.927910815625