0 0.1898992546875 0.0386048984375 0.219328990625 0.17195450625 0.3750461859375 0.14552298125000002 0.3552138375 0.0154093828125 0.1898992546875 0.0386048984375
0 0.49257937500000004 0 0.3552138375 0.0154093828125 0.3732009234375 0.1549471546875 0.529498346875 0.1330168484375 0.5183430453125 0 0.49257937500000004 0
0 0.5213618515625 0 0.5355097859375 0.13217337499999998 0.6918072093750001 0.11024306875 0.682402590625 0 0.5213618515625 0
0 0.6853529953125 0 0.693652471875 0.10081889375 0.7152727375000001 0.10236795624999999 0.7336781296875 0.1501944125 0.7511322203125 0.14316277500000002 0.762574871875 0.136974609375 0.75221579375 0 0.6853529953125 0
0 0.7908194421875 0 0.7943154078125 0.027120535937500002 0.8116649218750001 0.043016725 0.8531647687499999 0.0326111921875 0.8524105593750001 0 0.7908194421875 0
0 0.8531821624999999 0 0.8549054546875 0.0461148484375 0.9147061187500001 0.106463603125 0.9255685375 0.09577421875 0.9224014453124999 0 0.8531821624999999 0
0 0.9224927828125 0 0.924988309375 0.0912730015625 0.9483492609375 0.10632571875 0.9307162421875 0 0.9224927828125 0
0 0.9255685375 0.09577421875 0.9147061187500001 0.106463603125 0.9435657390625 0.49652054999999995 0.9935606515625001 0.55339625625 0.99433545 0.4868102203125 0.945923771875 0.11124867187500001 0.9255685375 0.09577421875
0 0.8645129546874999 0.310559415625 0.8716848515625 0.3187183796875 0.8761175265625001 0.40058378437500003 0.9354425375 0.433503490625 0.9111201703124999 0.10238412187499998 0.8554856828125 0.0506160671875 0.8645129546874999 0.310559415625
0 0.9426245468750001 0.7028710125 0.952221934375 0.7061070218750001 0.9354425375 0.433503490625 0.879703475 0.4046632671875 0.882452809375 0.59216538125 0.9426245468750001 0.7028710125
0 0.948055759375 0.6975263203125001 0.9909169796875 0.78059283125 0.993576946875 0.5519958734375 0.941140246875 0.50144350625 0.948055759375 0.6975263203125001
0 0.7841377921875 0.0193833078125 0.7998613078125001 0.260056571875 0.83804170625 0.3188562640625 0.867518675 0.310137678125 0.85131950625 0.0420353671875 0.808659203125 0.0434384609375 0.7841377921875 0.0193833078125
0 0.841047425 0.31843452656250004 0.8040274843749999 0.26863727187499997 0.79791146875 0.29240857343750004 0.8138441390625 0.48722617812499996 0.837576165625 0.5526357734375 0.88382241875 0.5553121609375 0.867518675 0.310137678125 0.841047425 0.31843452656250004
0 0.529498346875 0.1330168484375 0.5460584765625 0.1902674796875 0.734258359375 0.15469563125000002 0.7164331953125 0.11137039374999999 0.529498346875 0.1330168484375
0 0.3720404671875 0.14594471874999998 0.34614944687500004 0.1587427859375 0.3525319609375 0.2082561890625 0.5394668078125 0.186609734375 0.532504065625 0.1325951125 0.3767868703125 0.15902663749999998 0.3720404671875 0.14594471874999998
0 0.342563496875 0.154663303125 0.17424319531250002 0.17828055625 0.142711809375 0.242278975 0.341089309375 0.21444435468749998 0.342563496875 0.154663303125
0 0.60128476875 0.5949554078125 0.8111049187500001 0.5609326218749999 0.7814559171875 0.21223011406249997 0.7378443078125 0.1587751140625 0.5466387046875 0.1947686984375 0.5613535734374999 0.26144350312500003 0.60128476875 0.5949554078125
0 0.3884589 0.6293999296874999 0.5928478390625 0.6007218359375 0.5481702375 0.2541280125 0.5364610890625 0.1870314703125 0.34952624062500004 0.20867792500000001 0.33233864999999996 0.2889942703125 0.3884589 0.6293999296874999
0 0.17747829531249998 0.654420278125 0.38787867187499997 0.6248987109375 0.32875270156249997 0.2849147890625 0.341089309375 0.21444435468749998 0.1457175296875 0.24185723750000002 0.1044841828125 0.3255474765625 0.17747829531249998 0.654420278125
0 0.1756330328125 0.6638444515625 0.2397145609375 0.9710546328125 0.436931603125 0.9342175781250001 0.3848729515625 0.6253204484375 0.1756330328125 0.6638444515625
0 0.3884589 0.6293999296874999 0.436931603125 0.9342175781250001 0.63588933125 0.910884175 0.5922676109375 0.5962206171875 0.3884589 0.6293999296874999
0 0.5964337875 0.60480131875 0.63588933125 0.910884175 0.837852778125 0.8871290359374999 0.8092596562500001 0.5703567953124999 0.5964337875 0.60480131875