0 1 0.0614043453125 0.595568075 0.0061357390625 0.590334440625 0.0788660671875 1 0.135738525 1 0.0614043453125
0 1 0.1391465890625 0.59000095625 0.0822105359375 0.5837578328124999 0.1853079125 1 0.2390492203125 1 0.1391465890625
0 1 0.24445514375 0.5774487140625 0.18785190937500001 0.572984178125 0.2731121140625 0.708431875 0.29125613125 0.7126198875 0.33022741093749997 1 0.3667128296875 1 0.24445514375
0 1 0.36998272656250003 0.7123975625 0.3324570578125 0.7110636234375 0.345834934375 0.5493880296875 0.327566678125 0.5408014796875 0.47440897968750007 1 0.5337520109375 1 0.36998272656250003
0 1 0.537193190625 0.5264136859375 0.4770005046875 0.5092857484375 0.66901690625 0.5171420984374999 0.6711990234375 0.51657725625 0.6971067796875 0.8777741234375 0.7387129453125 0.8893738375 0.7843256359375 0.9950545265624999 0.7973524734375 1 0.7477551124999999 1 0.537193190625
0 0.9947210421875001 0.8006969421875001 0.89092106875 0.7890517515625 0.8927927515625 0.8107670406249999 0.9923866468749999 0.8241082296875 0.9947210421875001 0.8006969421875001
0 0.10912255312500001 0.653822959375 0.052250153125 0.8800553390625 0.045042706249999995 0.9118515640625 0.053779317187499995 0.9254487375 0.0707057625 0.9378835593750001 0.5091213203125 0.9972750765624999 0.9180653890625001 0.9948959109375 0.8733457203125001 0.7426385890625 0.10912255312500001 0.653822959375
0 0.10735299843749999 0.651326490625 0.4866990890625 0.6931044234375 0.4910253625 0.6699599625 0.50286546875 0.6726757265625001 0.5078198140625 0.4812880296875 0.025340721875 0.4211759671875 0.0195343453125 0.4794071875 0.029162495312499998 0.715698896875 0.0841924640625 0.721655403125 0.10735299843749999 0.651326490625
0 0.45576976875 0.3150259609375 0.45477834687499996 0.3047257296875 0.042459628124999996 0.24949320625000002 0.02578536875 0.416716675 0.52010456875 0.47954450312499997 0.5301841515625 0.459430159375 0.539428640625 0.326232559375 0.45576976875 0.3150259609375
0 0.05535438593749999 0.12017372500000001 0.044673828124999995 0.247530384375 0.4571037109375 0.301648084375 0.4586599734375 0.286040559375 0.4630974109375 0.26178127500000004 0.5651278296875 0.27092999687499997 0.5674893234375 0.186517790625 0.05535438593749999 0.12017372500000001
0 0.105418821875 0.0229464734375 0.0698623734375 0.09613373593749999 0.07152076562500001 0.099745028125 0.07107611875 0.10420432187499999 0.07063147343750001 0.108663615625 0.06830610937500001 0.1117412609375 0.0700756640625 0.11423772968749998 0.0716228953125 0.1189638453125 0.5697035265625 0.18455496875 0.571295921875 0.087612884375 0.105418821875 0.0229464734375
0 0.1156028890625 0 0.10829999374999999 0.0142947125 0.10785534687500001 0.0187540046875 0.11161677968749999 0.0215172984375 0.5657649359375 0.0823531203125 0.5697848234375 0.0015522078125 0.557963546875 0 0.1156028890625 0