0 0.1637530609375 0.14809912187500002 0.00556299375 0.15930330937499998 0.0096345359375 0.275897021875 0.18568299375 0.2615081 0.1637530609375 0.14809912187500002
0 0.19025375312499998 0.2636707265625 0.009654270312500001 0.276462115625 0.0141454625 0.405073046875 0.2121836875 0.37707970625 0.19025375312499998 0.2636707265625
0 0.21903982656249998 0.38032364687500003 0.014255157812499999 0.40821429218749994 0.018868253125 0.540316053125 0.2456033046875 0.5050544625 0.21903982656249998 0.38032364687500003
0 0.16798836718750002 0.14879881718750002 0.1918682296875 0.26182617812500003 0.40231334687500003 0.246626128125 0.37553998437499997 0.1387507984375 0.16798836718750002 0.14879881718750002
0 0.18796837500000002 0.26258941406249997 0.21903982656249998 0.38032364687500003 0.4333220171875 0.3552011546875 0.40002796875 0.24554481562500002 0.18796837500000002 0.26258941406249997
0 0.218704375 0.378860715625 0.24950315937499998 0.5042912265624999 0.4686287796875 0.47363508281250005 0.437221875 0.35443791875 0.218704375 0.378860715625
0 0.4042632765625 0.2462445109375 0.5841176671875 0.230917003125 0.5547862546875 0.1296566375 0.379439840625 0.1379875625 0.4042632765625 0.2462445109375
0 0.7555014421874999 0.21419010468750002 0.9086649625 0.19797190625 0.8768382859375 0.11248570937499999 0.7223329578125 0.12285218281250002 0.7555014421874999 0.21419010468750002
0 0.5811613828125 0.22690982656249997 0.7535515140625 0.21457172343750003 0.7226684109375 0.124315115625 0.5577425390624999 0.1336638140625 0.5811613828125 0.22690982656249997
0 0.40231334687500003 0.246626128125 0.43365747031249996 0.3566640859375 0.6176843859375001 0.332877065625 0.5818322874999999 0.229835690625 0.40231334687500003 0.246626128125
0 0.47024325625 0.4717905328125 0.6613989796874999 0.4435511765625 0.6238696218750001 0.33319514375 0.4333220171875 0.3552011546875 0.47024325625 0.4717905328125
0 0.6196343140625 0.332495446875 0.7900117343749999 0.3113797546875 0.7535515140625 0.21457172343750003 0.5811613828125 0.22690982656249997 0.6196343140625 0.332495446875
0 0.66173443125 0.445014109375 0.8369552812500001 0.4183647671875 0.7939115890624999 0.31061651874999996 0.625484096875 0.33135059375 0.66173443125 0.445014109375
0 0.7926325656250001 0.313924 0.963953559375 0.28803789375 0.91256481875 0.19720866875 0.7535515140625 0.21457172343750003 0.7926325656250001 0.313924
0 0.8369552812500001 0.4183647671875 0.9991347546875 0.38815340625 0.9558183953125001 0.2881014328125 0.7926325656250001 0.313924 0.8369552812500001 0.4183647671875
0 0.1942324453125 0.6542092046875 0.16565625625 0.5207008 0.019078515625 0.5463372093750001 0.019141628124999997 0.548144525 0.049937775000000004 0.6824489359375 0.1942324453125 0.6542092046875
0 0.0858311203125 0.8389826296875 0.2268340546875 0.8052727875000001 0.1942324453125 0.6542092046875 0.049937775000000004 0.6824489359375 0.0858311203125 0.8389826296875
0 0.1942324453125 0.6542092046875 0.3684469375 0.623171065625 0.33274194218750003 0.49411499687499993 0.1653208046875 0.5192378671875 0.1942324453125 0.6542092046875
0 0.332406490625 0.492652065625 0.3684469375 0.623171065625 0.52182034375 0.59009738125 0.48879896250000004 0.47274476718749997 0.332406490625 0.492652065625
0 0.1968532765625 0.6567534484374999 0.230733909375 0.8045095515625 0.4048856203125 0.76431220625 0.3684469375 0.623171065625 0.1968532765625 0.6567534484374999
0 0.406500096875 0.7624676578125 0.560146171875 0.7216976953125 0.5224912484375 0.59302324375 0.37234679375 0.6224078296875 0.406500096875 0.7624676578125
0 0.4884635109375 0.47128183437500004 0.5205413203125 0.5934048625 0.6612715859375 0.5673912999999999 0.622735871875 0.4526464703125 0.4884635109375 0.47128183437500004
0 0.526391103125 0.5922600078125 0.560146171875 0.7216976953125 0.7037699390625 0.6905321 0.6632215140625 0.56700968125 0.526391103125 0.5922600078125
0 0.6224004203125 0.45118353750000006 0.6612715859375 0.5673912999999999 0.7938666875 0.5414412765625001 0.7443023109375 0.43191201718750005 0.6224004203125 0.45118353750000006
0 0.7919167593750001 0.54182289375 0.92713269375 0.5184171156249999 0.870774959375 0.414803125 0.7443023109375 0.43191201718750005 0.7919167593750001 0.54182289375
0 1 0.4218051625 0.9838707828125001 0.39266928125 0.8704395078125 0.41334019375000003 0.925182765625 0.5187987328125 1 0.5041563453125 1 0.4218051625
0 0.6632215140625 0.56700968125 0.7034344859375 0.68906916875 0.84120846875 0.659048428125 0.7961520671875 0.5425225890625 0.6632215140625 0.56700968125
0 0.9747471437499999 0.628327990625 0.9248473140625 0.5173358015625 0.7935312359375 0.53997834375 0.84120846875 0.659048428125 0.9747471437499999 0.628327990625
0 1 0.5045662734375 0.9274681453125 0.5198800484375 0.9744116921874999 0.626865059375 1 0.62285160625 1 0.5045662734375
0 0.13887376406250002 1 0.3322539015625 0.945142371875 0.296696009375 0.790071609375 0.0881165 0.8400639421875 0.122805846875 1 0.13887376406250002 1
0 0.3325893546875 0.946605303125 0.43977261093750003 0.9164571046875001 0.4048856203125 0.76431220625 0.2986459375 0.789689990625 0.3325893546875 0.946605303125
0 0.3520869296875 1 0.33877459062500004 0.9469233812500001 0.13983170625000002 1 0.3520869296875 1
0 0.469622853125 1 0.443672465625 0.91569386875 0.336153759375 0.9443791359375 0.35241718906249997 1 0.469622853125 1
0 0.49193810937500004 0.9307051812499999 0.7423468984375 0.8587692499999999 0.686891490625 0.6968925265625 0.560146171875 0.7216976953125 0.40522107343749997 0.7657751390625 0.43977261093750003 0.9164571046875001 0.49193810937500004 0.9307051812499999
0 0.9836769484375001 0.7916672703125001 0.925055371875 0.6426388546874999 0.6924058234375 0.694284740625 0.7471903265625001 0.8532356 0.9836769484375001 0.7916672703125001
0 1 0.6233424734375 0.9744116921874999 0.626865059375 0.925055371875 0.6426388546874999 0.9817270203125 0.7920488875 1 0.7874177234374999 1 0.6233424734375
0 0.5830652953125 1 0.7898985656249999 0.9595209171875 0.7563318453125001 0.8575608546875 0.4938880375 0.9303235624999999 0.4495850328125 0.9237082234375 0.47189259687499996 1 0.5830652953125 1
0 1 0.830283996875 0.9843478515624999 0.7945931328125 0.7563318453125001 0.8575608546875 0.7918484921875 0.9591392984375 1 0.918402225 1 0.830283996875