0 0.24867021406249998 0.0008865234374999999 0 0 0.00044326406250000004 0.027039006249999997 0.20434397031249998 0.010638296875 0.21099290625 0.012411346875 0.2491134765625 0.0097517734375 0.24867021406249998 0.0008865234374999999
0 0.00044326406250000004 0.232269503125 0.19769503593749999 0.228723403125 0.2047872328125 0.2273936171875 0.21099290625 0.2273936171875 0.2101063828125 0.014627659375 0.20434397031249998 0.010638296875 0.0013297859375 0.0274822703125 0.00044326406250000004 0.232269503125
0 0.228723403125 0.45700354687500006 0.22783687968750002 0.29565602968750004 0.2273936171875 0.2898936171875 0.212322696875 0.27615248281250004 0.2114361703125 0.2273936171875 0.2047872328125 0.2273936171875 0.198138296875 0.228723403125 0 0.231826240625 0.0008865234374999999 0.46764184374999995 0.1742021265625 0.4703014203125 0.1755319140625 0.47384751718749996 0.195035459375 0.47251772968749994 0.228723403125 0.45700354687500006
0 0.695551703125 0.2541883296875 0.6955319140625 0.2502836859375 0.6981382968750001 0.00044326406250000004 0.3328900703125 0.0008865234374999999 0.2118794328125 0.012411346875 0.2101063828125 0.0155141828125 0.2118794328125 0.27659574375 0.2273936171875 0.28368794375 0.22828014375 0.2832446796875 0.6507092203125 0.264184396875 0.695551703125 0.2541883296875
0 0.6955319140625 0.2556028359375 0.6511524828125 0.264184396875 0.2273936171875 0.2828014203125 0.230496453125 0.5416666671875 0.6502659562499999 0.5456560296874999 0.6919858171875 0.5357446796875001 0.6955319140625 0.2556028359375
0 0.6937056734375 0.1919326234375 0.6928191499999999 0.2898936171875 0.71409574375 0.2898936171875 0.71453900625 0.28413120625 0.9966666671875 0.2733333328125 0.9966666671875 0 0.7446808500000001 0.0008865234374999999 0.6994680859375 0.005762409375 0.6954787234375 0.114361703125 0.7007978734375 0.1148049640625 0.6994680859375 0.18927305 0.6937056734375 0.1919326234375
0 0.9966666671875 0.27999999999999997 0.6919326234375001 0.2903368796875 0.6923758859375 0.574911346875 0.9966666671875 0.58 0.9966666671875 0.27999999999999997
0 0.7065602828124999 0.576684396875 0.7114361703125 0.8209219859375001 0.9966666671875 0.8433333328125 0.9966666671875 0.58 0.7065602828124999 0.576684396875
0 0.71099290625 0.821365246875 0.7065602828124999 0.5757978734375 0.6914893640625001 0.5753546093749999 0.6919858171875 0.5375177296875 0.6511524828125 0.5456560296874999 0.23625886718750003 0.542553190625 0.2384751765625 0.81072695 0.6768617031249999 0.8421985796874999 0.71099290625 0.821365246875
0 0.237588653125 0.7061170203125 0.237588653125 0.5421099296875 0.22828014375 0.5421099296875 0.228723403125 0.4565602828125 0.1937056734375 0.47296099375 0.175088653125 0.47473404375 0.1742021265625 0.4707446796875 0.0008865234374999999 0.46941489374999995 0.0008865234374999999 0.7167553203125 0.178634753125 0.731826240625 0.237588653125 0.7061170203125
0 0.2460106359375 0.97163120625 0.2460106359375 0.8200354593749999 0.25 0.8116134765625 0.23803191406250002 0.8102836859375 0.237588653125 0.7061170203125 0.1777482265625 0.7327127671875 0.00177305 0.71764184375 0 0.9516843968750001 0.22650709375 0.9835992906250001 0.2460106359375 0.97163120625
0 0.2460106359375 0.9711879437500001 0.22650709375 0.984042553125 0.0008865234374999999 0.9525709234375 0 0.9966666671875 0.24666666718750002 0.9966666671875 0.2460106359375 0.9711879437500001
0 0.7203014203125 0.8226950359374999 0.710549646875 0.821808509375 0.676418440625 0.8426418437500001 0.2504432640625 0.81072695 0.2455673765625 0.8200354593749999 0.24666666718750002 0.9966666671875 0.72 0.9966666671875 0.7203014203125 0.8226950359374999
0 0.9966666671875 0.8433333328125 0.7207446796875 0.821808509375 0.72 0.9966666671875 0.9966666671875 0.9966666671875 0.9966666671875 0.8433333328125