0 1 0.3179773 0.9166137843750001 0.275924709375 0.7832040140625 0.2580580265625 0.778714015625 0.2956855640625 0.745769065625 0.5252393296875 0.75840935 0.5416355609375 0.9583233421875 0.565699321875 1 0.37726953281250003 1 0.3179773
0 0.5886570343749999 0 0.5756668421875 0.022400764062500002 0.5672733734375 0.28359203125 0.7765267578125 0.29222066562500004 0.8215067749999999 0.0224813609375 0.591765034375 0 0.5886570343749999 0
0 0.33602318593749997 0 0.3327226515625 0.2639098953125 0.551699975 0.2843149046875 0.5780347531250001 0.001967909375 0.5558453921875001 0 0.33602318593749997 0
0 0.0830111578125 0 0.106200259375 0.24606289218750002 0.3319200109375 0.2529648390625 0.3301021921875 0 0.0830111578125 0
0 0.5637014984375 0.2876072984375 0.549410175 0.5188992703124999 0.7434095390625 0.5348026984375001 0.7745769375 0.29638708281250004 0.5637014984375 0.2876072984375
0 0.3405871 0.267903809375 0.33674879999999996 0.5121271187499999 0.5388584359374999 0.528786290625 0.5581881921875 0.2849194984375 0.3405871 0.267903809375
0 0.0970331375 0.24846975312500003 0.11922126250000001 0.504901525 0.3316451984375 0.5040423625 0.32866751562499996 0.263532025 0.0970331375 0.24846975312500003
0 0.7610882546875 0.5386241109375 0.7477924421875 0.5308630062499999 0.7192471625 0.7347381078125 0.7313957984375 0.7576106890625 0.9130658734375 0.7745392890625 0.95913436875 0.565774896875 0.7610882546875 0.5386241109375
0 0.529376490625 0.72900264375 0.7144545546875001 0.7440747578125 0.744949653125 0.5360332375 0.5419470468750001 0.5203778812500001 0.529376490625 0.72900264375
0 0.3339105671875 0.72165876875 0.5260504375 0.7297797375 0.5360975890625 0.53287713125 0.33415183593750003 0.514059178125 0.3339105671875 0.72165876875
0 0.1326855125 0.7148652625 0.329044403125 0.7212053234375 0.3318006953125 0.512753065625 0.1225473109375 0.5041244296875 0.1326855125 0.7148652625
0 0.718681959375 0.7314243625 0.6898256875000001 0.917878059375 0.6968623375 0.9435353703124999 0.8673419156250001 0.95724715 0.9131478156249999 0.7734598984375001 0.73204294375 0.7598450453125001 0.718681959375 0.7314243625
0 0.5095234578125 0.9152082671875 0.6874661609375 0.9274414312499999 0.710964621875 0.747010634375 0.5299416921875 0.7323163890625 0.5095234578125 0.9152082671875
0 0.3330995390625 0.72158319375 0.326706203125 0.9133911390625 0.5070903765625 0.91498154375 0.5191525171875 0.7345720984375 0.3330995390625 0.72158319375
0 0.1334965390625 0.7149408359375 0.1420294578125 0.9037915546875 0.323625978125 0.9109300609375 0.3268571453125 0.717740425 0.1334965390625 0.7149408359375