0 0.8779352734374999 0.0486665359375 0.835328565625 0.0457745953125 0.83016269375 0.0848574203125 0.8687388781250001 0.08579102968749999 0.9400391546875 0.09040578125 0.9466812171875001 0.0556274921875 0.8779352734374999 0.0486665359375
0 0.8667994203125 0.0867841453125 0.831600303125 0.08420655 0.8050240875 0.230515259375 0.8407064328124999 0.24925425625000003 0.9910396171875 0.2565918046875 0.9966099984375001 0.0970769515625 0.9404470875 0.09046617031250001 0.8667994203125 0.0867841453125
0 0.6921955265624999 0.071970590625 0.6774393296875 0.1636536375 0.7093256046875 0.1820846265625 0.7246427234375 0.1889857125 0.713132584375 0.23314211875000002 0.8034643546875 0.2329146921875 0.8304854609375001 0.0852192703125 0.76143294375 0.0722879671875 0.6921955265624999 0.071970590625
0 0.9112485265625001 0.3970673375 0.9150817765625 0.40250598593750003 0.9856989890625 0.4095273875 0.9910163031250001 0.2572594375 0.9449636703125 0.25699437812500003 0.9112485265625001 0.3970673375
0 0.8399839296874999 0.24821419687500001 0.805121784375 0.229116409375 0.805322428125 0.23122682343749998 0.8309561578125001 0.264827225 0.7998735328125 0.39317328906250004 0.8133109828125 0.39682588281250003 0.9119296546875001 0.40239577656250003 0.9464369874999999 0.2570458890625 0.9443824812500001 0.2547425921875 0.8399839296874999 0.24821419687500001
0 0.717036625 0.2648064390625 0.749056775 0.274153553125 0.788377740625 0.30761590625 0.7773088734375 0.404698509375 0.795408525 0.4057699265625 0.8294862671875001 0.26397321875 0.80453035 0.23260139687499998 0.712231828125 0.233581121875 0.7192395234375 0.2566558796875 0.717036625 0.2648064390625
0 0.6117000546875 0.1879982171875 0.599154928125 0.273498453125 0.620238290625 0.2873997265625 0.6203979453125 0.273418425 0.6742097015625 0.251439884375 0.7175228875 0.26282735625 0.7184084484375 0.2565414640625 0.712256253125 0.233231409375 0.7247322984375 0.189145678125 0.7099444140625 0.18161731406249998 0.675454225 0.163448296875 0.574942984375 0.1640478703125 0.6117000546875 0.1879982171875
0 0.5465360875 0.148792190625 0.574918559375 0.1643975828125 0.6760505671875 0.16360508125 0.6428814328125 0.15031863750000002 0.5465360875 0.148792190625
0 0.4697186125 0.16585232187500001 0.5749256625 0.1638041359375 0.5458588203125 0.1477491546875 0.448606915625 0.1484626859375 0.4697186125 0.16585232187500001
0 0.6117244796875 0.1876485046875 0.574714765625 0.1635677 0.4686461546875 0.1656184859375 0.49072863906249997 0.18860502968749998 0.48146394062500003 0.26733951875 0.599302471875 0.271385903125 0.6117244796875 0.1876485046875
0 0.28072260312499997 0.22486867500000002 0.2973755453125 0.2320329828125 0.3139588453125 0.2284990015625 0.330799259375 0.2634850578125 0.325349628125 0.4935863140625 0.3327369859375 0.26371138437499997 0.4810941625 0.2680756984375 0.48991380625 0.188576540625 0.4690380421875 0.1658285265625 0.286691603125 0.1738686828125 0.28072260312499997 0.22486867500000002
0 0.28719496875 0.173411428125 0.469702653125 0.1660808265625 0.44751733125 0.14835446875 0.29001314218749996 0.15032252968749998 0.28719496875 0.173411428125
0 0.7876063484375 0.3063740078125 0.74698755625 0.273899271875 0.7155481015625 0.2630202046875 0.673766884375 0.25220555624999996 0.62088460625 0.27257107812500003 0.61942924375 0.287260890625 0.643794240625 0.30710515156249996 0.61681515625 0.49457344687499993 0.7620849671875 0.49636154218749995 0.778474053125 0.4047392484375 0.7876063484375 0.3063740078125
0 0.6159505375000001 0.49698998281250006 0.6426325546875 0.30704532812499996 0.5973435046875 0.273053053125 0.48029307968749996 0.2682482921875 0.49438155781250004 0.31290233437500004 0.474554275 0.4965507734375 0.6144467828125 0.496750471875 0.6159505375000001 0.49698998281250006
0 0.332550634375 0.2624201703125 0.3263079875 0.49587206406249995 0.47379903749999996 0.4970874296875 0.4956568671875 0.3108167671875 0.48197069062500003 0.2659664984375 0.332550634375 0.2624201703125
0 0.844637721875 0.45438835156249996 0.9392731546875 0.4560516109375 0.9792943093750001 0.49118396249999996 0.98447258125 0.4446470953125 0.9856714890625 0.41031486250000004 0.8561328125 0.40116873750000004 0.844637721875 0.45438835156249996
0 0.7949408828125 0.40575357656250005 0.7778293578125 0.4051553 0.77135995 0.45100355 0.8439375312499999 0.45271835312500003 0.8541248593749999 0.40041802656250003 0.8015618828125 0.39282093906250004 0.7949408828125 0.40575357656250005
0 0.93921583125 0.4568723640625 0.7689154453125 0.4509180828125 0.76407570625 0.49682331562500004 0.744336815625 0.6154636796874999 0.7670242593750001 0.641731809375 0.9454156656249999 0.6487917375000001 0.9728495328125 0.5600703015625 0.9792251500000001 0.48647952187500004 0.93921583125 0.4568723640625
0 0.5380710421875 0.6567538500000001 0.736388815625 0.6582219265625 0.762436646875 0.496755809375 0.555200509375 0.496896353125 0.5380710421875 0.6567538500000001
0 0.3269048546875 0.4953298734375 0.3311821421875 0.6602263609375 0.5388379453125001 0.6576136203125 0.5536197359374999 0.49875211249999996 0.3269048546875 0.4953298734375
0 0.08638938125 0.24650805468749998 0.323014696875 0.246884125 0.31381264531249997 0.22809072343749998 0.29733843125 0.231921140625 0.28000309375 0.22405047968749997 0.10680636875 0.21926561718749998 0.08638938125 0.24650805468749998
0 0.177848815625 0.24760011249999997 0.152924828125 0.2886893421875 0.161065578125 0.49960000937500004 0.3257111203125 0.49641425625 0.3314353546875 0.26238117656250004 0.322457059375 0.24686462812499999 0.177848815625 0.24760011249999997
0 0 0.495013415625 0.1626482734375 0.496017284375 0.1517919328125 0.28932080625 0.17622936250000001 0.2453384453125 0.020137546875000002 0.2442072328125 0 0.26325485625 0 0.495013415625
0 0.330270775 0.6632396203125001 0.3267871671875 0.49701493750000003 0.0680990453125 0.4974320375 0.0880814234375 0.6791374421875 0.330270775 0.6632396203125001
0 0 0.6804520078125 0.0890289953125 0.6772653578125001 0.0656153109375 0.49790825937500005 0 0.49629665312500004 0 0.6804520078125
0 0.94367135 0.65037626875 0.880929103125 0.6481825859375 0.9076713015625 0.6746230796875 0.863060534375 0.810463915625 0.956365228125 0.8194854703125 0.966052765625 0.6807780828125 0.970956215625 0.6048751718750001 0.9597617625 0.6044837765625 0.94367135 0.65037626875
0 0.745065028125 0.6168774046875 0.7184313078125 0.76828023125 0.743578809375 0.81369125 0.86256058125 0.81043114375 0.9080649703124999 0.6752058546875 0.8784846 0.6480971171875 0.766437234375 0.6410538484375 0.745065028125 0.6168774046875
0 0.8885210015625 0.944277346875 0.950440615625 0.9394009890625 0.9538634015625 0.8202207546875 0.9294756921875 0.8185453203125 0.8885210015625 0.944277346875
0 0.7427639765625 0.8136627609374999 0.718375871875 0.7690739875 0.694169046875 0.92468155625 0.7173529796875 0.943592821875 0.8879973 0.9446225796875 0.9302905265625 0.8185738109375 0.861076309375 0.8103792484375001 0.7427639765625 0.8136627609374999
0 0.6102454234375 0.6568463 0.5896784234375 0.7992870937500001 0.7141637984375 0.7945891890625 0.7361046640625 0.66013041875 0.6102454234375 0.6568463
0 0.47429406093750004 0.6578252203125 0.4581784375 0.800943890625 0.5902056625000001 0.7992784640624999 0.611805709375 0.659195965625 0.47429406093750004 0.6578252203125
0 0.3412132296875 0.65861999375 0.3313120375 0.8050381375000001 0.4577025375 0.80137619375 0.47353655000000006 0.6569759765625001 0.3412132296875 0.65861999375
0 0.33157395312500004 0.66062193125 0.3307549046875 0.6645780453125 0.18737098593749998 0.674018428125 0.18854158125 0.8313093671875 0.33024856874999997 0.8202650390624999 0.339816390625 0.6604848484375 0.33157395312500004 0.66062193125
0 0.0227407984375 0.6790614875000001 0.0414398015625 0.839916709375 0.1876808234375 0.8322102875 0.18764458125 0.6737698937500001 0.0227407984375 0.6790614875000001
0 0 0.8417695125 0.0401967203125 0.8384640953125 0.02181131875 0.68067450625 0 0.6810277515625 0 0.8417695125
0 0.58933350625 0.8000707296874999 0.5313656203125 0.7996894906249999 0.5147986421875 0.9262703796875 0.6923795671875 0.9265286406250001 0.7131186921875 0.7937028265625 0.58933350625 0.8000707296874999
0 0.3278848296875 0.9343637328125001 0.5129051734375001 0.926948 0.52973595 0.7996325109375 0.332520784375 0.8068761734375001 0.3278848296875 0.9343637328125001
0 0.12962004375 0.9732319109375 0.3263840734375 0.9628335375000001 0.3316449859375 0.8194159750000001 0.11807807031249999 0.8359654640624999 0.12962004375 0.9732319109375
0 0 0.9774543578125 0.130492203125 0.9724396484375 0.11810886875 0.8355244890625 0 0.8437756500000001 0 0.9774543578125
0 0.9477057765625 1 0.9507256421875001 0.939889303125 0.9305009140625 0.9429324234375001 0.916488296875 1 0.9477057765625 1
0 0.9162002125 1 0.9296050421875 0.9424323203125 0.8258979171874999 0.9449196484375 0.8067576359374999 1 0.9162002125 1
0 0.8075397515624999 1 0.8253677390625 0.9449800484375 0.7174167453125 0.94339619375 0.6928256328125 0.9254285031249999 0.676589828125 1 0.8075397515624999 1
0 0.6748443328125 1 0.6923795671875 0.9265286406250001 0.5609497828125 0.9257830625000001 0.5541417890625 1 0.6748443328125 1
0 0.55336175 1 0.561337678125 0.9260379890625 0.44467007656249996 0.929945109375 0.440841771875 0.996454653125 0.524687871875 1 0.55336175 1
0 0.3280838828125 0.93422104375 0.324934021875 0.9917145046875 0.440084259375 0.9956054109375 0.44624242187499996 0.9308228421875 0.3280838828125 0.93422104375
0 0.1854739265625 0.9882991984375 0.32490009999999997 0.9922002171875001 0.3250405609375 0.9625043609375 0.18724520312499998 0.9698590125000001 0.1854739265625 0.9882991984375
0 0.221233915625 0.0363284953125 0.17226721250000002 0.03513340625 0.1751527578125 0.1720742328125 0.2669358 0.1766666796875 0.2876505921875 0.172454390625 0.29094262187500003 0.1487095109375 0.294596859375 0.042461225000000005 0.221233915625 0.0363284953125
0 0.2677506328125 0.17669516875 0.14721246875 0.17165798593749998 0.11418002499999999 0.19338771875 0.107671996875 0.21825701875 0.27980710625 0.22427544843749997 0.2859062796875 0.174038921875 0.2677506328125 0.17669516875
0 0.009686725 0.1600338625 0.001123515625 0.26568471250000003 0.020269801562500002 0.243443975 0.087377315625 0.2439482078125 0.1081212203125 0.21774801406250002 0.1136089015625 0.192463865625 0.146708075 0.171575571875 0.1463938921875 0.1713870390625 0.009686725 0.1600338625