0 0.7565543078125 0.23333333281250002 0.5674157296875 0.23333333281250002 0.565543071875 0.44333333281250004 0.7528089890625 0.44333333281250004 0.7565543078125 0.23333333281250002
0 0.5674157296875 0.2366666671875 0.385767790625 0.24333333281249997 0.389513109375 0.44333333281250004 0.5674157296875 0.44666666718750003 0.5674157296875 0.2366666671875
0 0.385767790625 0.24 0.2116104875 0.24666666718750002 0.2116104875 0.44000000000000006 0.38764045 0.44666666718750003 0.385767790625 0.24
0 0.20973782812500003 0.24666666718750002 0.02434456875 0.24666666718750002 0.029962546875000003 0.3433333328125 0.20973782812500003 0.3533333328125 0.20973782812500003 0.24666666718750002
0 0.20973782812500003 0.3566666671875 0.03183520625 0.3433333328125 0.0393258421875 0.44000000000000006 0.21348314531249998 0.44000000000000006 0.20973782812500003 0.3566666671875
0 0.2116104875 0.4966666671875 0.1254681640625 0.4933333328125 0.1254681640625 0.5533333328125 0.17977528125 0.55 0.2153558046875 0.53 0.2116104875 0.4966666671875
0 0.2116104875 0.5 0.2153558046875 0.5366666671875 0.265917603125 0.5333333328125 0.262172284375 0.5 0.2116104875 0.5
0 0.318352059375 0.5 0.26404494375 0.5 0.26404494375 0.5366666671875 0.318352059375 0.5433333328125001 0.318352059375 0.5
0 0.385767790625 0.52 0.385767790625 0.4966666671875 0.32022471874999997 0.4966666671875 0.32022471874999997 0.5333333328125 0.3689138578125 0.54 0.385767790625 0.52
0 0.385767790625 0.5266666671875 0.3707865171875 0.5433333328125001 0.322097378125 0.54 0.318352059375 0.5866666671874999 0.3670411984375 0.5966666671875 0.38389513124999997 0.58 0.385767790625 0.5266666671875
0 0.23595505625 0.5933333328125 0.23970037500000002 0.5533333328125 0.1853932578125 0.5599999999999999 0.1853932578125 0.6133333328125 0.2153558046875 0.6166666671875001 0.23595505625 0.5933333328125
0 0.181647940625 0.5533333328125 0.1254681640625 0.5533333328125 0.1273408234375 0.6166666671875001 0.1853932578125 0.6233333328125 0.181647940625 0.5533333328125
0 0.2153558046875 0.6266666671875 0.1853932578125 0.6266666671875 0.1292134828125 0.6533333328125 0.1310861421875 0.72 0.21722846406250002 0.73 0.2153558046875 0.6266666671875
0 0.1329588015625 0.7166666671875 0.1329588015625 0.7866666671875 0.2191011234375 0.7933333328125001 0.2191011234375 0.7333333328125 0.1329588015625 0.7166666671875
0 0.1348314609375 0.7833333328125 0.1348314609375 0.8466666671875 0.2191011234375 0.8566666671875 0.22097378281250002 0.79 0.1348314609375 0.7833333328125
0 0.1367041203125 0.8466666671875 0.1348314609375 0.9199999999999999 0.22659176093750003 0.9233333328125 0.2191011234375 0.86 0.1367041203125 0.8466666671875
0 0.1011235953125 0.89 0.1348314609375 0.85 0.1329588015625 0.7866666671875 0.09550561875 0.8233333328124999 0.0468164796875 0.8166666671874999 0.0468164796875 0.8800000000000001 0.1011235953125 0.89
0 0.09550561875 0.8233333328124999 0.1348314609375 0.7833333328125 0.1292134828125 0.7233333328125 0.09176029999999999 0.7566666671875 0.0411985015625 0.75 0.043071160937500005 0.8166666671874999 0.09550561875 0.8233333328124999
0 0.089887640625 0.7566666671875 0.1329588015625 0.7166666671875 0.1292134828125 0.6533333328125 0.089887640625 0.64 0.0393258421875 0.6866666671874999 0.0374531828125 0.7533333328125 0.089887640625 0.7566666671875
0 0.1273408234375 0.62 0.089887640625 0.64 0.1310861421875 0.6566666671875 0.1853932578125 0.6266666671875 0.1273408234375 0.62
0 0.1367041203125 0.85 0.1011235953125 0.8866666671875001 0.0468164796875 0.8800000000000001 0.050561798437500007 0.9433333328125 0.1011235953125 0.9433333328125 0.1367041203125 0.9199999999999999 0.1367041203125 0.85
0 0.2734082390625 0.61 0.29962546875 0.58 0.24344569218749998 0.5866666671874999 0.2153558046875 0.62 0.2153558046875 0.6666666671875 0.27528089843750003 0.67 0.2734082390625 0.61
0 0.21722846406250002 0.6766666671875 0.2191011234375 0.73 0.2771535578125 0.73 0.27528089843750003 0.6766666671875 0.21722846406250002 0.6766666671875
0 0.2790262171875 0.73 0.2191011234375 0.7366666671875 0.2191011234375 0.7966666671875 0.2771535578125 0.8033333328125 0.2790262171875 0.73
0 0.2771535578125 0.8033333328125 0.2191011234375 0.7966666671875 0.2191011234375 0.8633333328124999 0.27528089843750003 0.8699999999999999 0.2771535578125 0.8033333328125
0 0.22097378281250002 0.8633333328124999 0.22659176093750003 0.9233333328125 0.27528089843750003 0.9266666671875001 0.27528089843750003 0.8699999999999999 0.22097378281250002 0.8633333328124999
0 0.3370786515625 0.8099999999999999 0.2790262171875 0.8033333328125 0.27528089843750003 0.8733333328124999 0.3370786515625 0.8733333328124999 0.3370786515625 0.8099999999999999
0 0.35580524375 0.7666666671875 0.35393258437499997 0.7166666671875 0.33146067343749996 0.7333333328125 0.2790262171875 0.7366666671875 0.2771535578125 0.8033333328125 0.3370786515625 0.8033333328125 0.35580524375 0.7666666671875
0 0.35580524375 0.72 0.35767790312500003 0.6599999999999999 0.329588015625 0.6766666671875 0.2771535578125 0.67 0.2790262171875 0.74 0.33146067343749996 0.7333333328125 0.35580524375 0.72
0 0.329588015625 0.6766666671875 0.35767790312500003 0.6566666671875 0.3595505625 0.5933333328125 0.3164794 0.5866666671874999 0.29962546875 0.58 0.2734082390625 0.61 0.27528089843750003 0.67 0.329588015625 0.6766666671875
0 0.3352059921875 0.8766666671875001 0.2771535578125 0.8699999999999999 0.27528089843750003 0.9266666671875001 0.3333333328125 0.9333333328125001 0.3352059921875 0.8766666671875001
0 0.3932584265625 0.8733333328124999 0.41198501875 0.8366666671875 0.40823970000000004 0.77 0.35393258437499997 0.77 0.3389513109375 0.8066666671875 0.3370786515625 0.8733333328124999 0.3932584265625 0.8733333328124999
0 0.40449438125 0.93 0.4007490640625 0.9 0.413857678125 0.8699999999999999 0.41011235937499996 0.8400000000000001 0.3932584265625 0.8766666671875001 0.3370786515625 0.8699999999999999 0.3352059921875 0.93 0.3932584265625 0.9366666671875 0.40449438125 0.93
0 0.45318352031250003 0.8766666671875001 0.45880149843750007 0.8099999999999999 0.41198501875 0.8033333328125 0.41011235937499996 0.8433333328125 0.413857678125 0.8733333328124999 0.45318352031250003 0.8766666671875001
0 0.378277153125 0.7066666671874999 0.35767790312500003 0.7066666671874999 0.35580524375 0.77 0.378277153125 0.7733333328125 0.378277153125 0.7066666671874999
0 0.4007490640625 0.6799999999999999 0.4007490640625 0.5966666671875 0.38389513124999997 0.5833333328125 0.36142322031249996 0.5966666671875 0.35393258437499997 0.7033333328125 0.3801498125 0.71 0.4007490640625 0.6799999999999999
0 0.37640449375 0.77 0.40823970000000004 0.7733333328125 0.41198501875 0.8033333328125 0.45880149843750007 0.8099999999999999 0.4606741578125 0.7833333328125 0.473782771875 0.73 0.46441947499999997 0.6900000000000001 0.4026217234375 0.6733333328125 0.3801498125 0.7133333328125 0.3801498125 0.7233333328125 0.37640449375 0.77
0 0.55243445625 0.8433333328125 0.554307115625 0.74 0.473782771875 0.7333333328125 0.4625468171875 0.7833333328125 0.45692883906250004 0.8400000000000001 0.55243445625 0.8433333328125
0 0.554307115625 0.8433333328125 0.4606741578125 0.8400000000000001 0.4513108609375 0.8833333328125 0.4550561796875 0.9133333328125 0.556179775 0.9199999999999999 0.554307115625 0.8433333328125
0 0.6460674156249999 0.8866666671875001 0.55992509375 0.8800000000000001 0.558052434375 0.9266666671875001 0.647940075 0.9400000000000001 0.6460674156249999 0.8866666671875001
0 0.64419475625 0.8300000000000001 0.554307115625 0.8300000000000001 0.554307115625 0.8800000000000001 0.647940075 0.8866666671875001 0.64419475625 0.8300000000000001
0 0.6460674156249999 0.7733333328125 0.55243445625 0.7733333328125 0.554307115625 0.8300000000000001 0.6460674156249999 0.8366666671875 0.6460674156249999 0.7733333328125
0 0.6460674156249999 0.71 0.556179775 0.7166666671875 0.5505617984375 0.7733333328125 0.647940075 0.7733333328125 0.6460674156249999 0.71
0 0.642322096875 0.65 0.55243445625 0.6533333328125 0.554307115625 0.7166666671875 0.6460674156249999 0.71 0.642322096875 0.65
0 0.6329588015625001 0.5533333328125 0.554307115625 0.5599999999999999 0.558052434375 0.5966666671875 0.556179775 0.6566666671875 0.64419475625 0.65 0.6460674156249999 0.5966666671875 0.6329588015625001 0.5533333328125
0 0.7134831453125 0.64 0.6460674156249999 0.6433333328125 0.649812734375 0.74 0.730337078125 0.7466666671875 0.73595505625 0.6933333328125 0.7134831453125 0.64
0 0.7322097375000001 0.7433333328125 0.70037453125 0.75 0.7078651687499999 0.7966666671875 0.730337078125 0.79 0.7322097375000001 0.7433333328125
0 0.730337078125 0.7966666671875 0.705992509375 0.8 0.7078651687499999 0.85 0.730337078125 0.8533333328125 0.730337078125 0.7966666671875
0 0.7546816484375001 0.23333333281250002 0.760299625 0.0066666671875 0.5674157296875 0.0033333328125 0.565543071875 0.22999999999999998 0.7546816484375001 0.23333333281250002
0 0.385767790625 0.24 0.5674157296875 0.24 0.5674157296875 0.0033333328125 0.382022471875 0.02 0.385767790625 0.24
0 0.202247190625 0.25 0.38764045 0.24333333281249997 0.382022471875 0.02 0.1947565546875 0.0266666671875 0.202247190625 0.25
0 0.014981273437500001 0.24666666718750002 0.1985018734375 0.24333333281249997 0.1985018734375 0.1266666671875 0.17977528125 0.1366666671875 0.011235954687499999 0.13 0.014981273437500001 0.24666666718750002
0 0.0093632953125 0.1266666671875 0.177902621875 0.13333333281249998 0.1985018734375 0.1233333328125 0.1966292140625 0.0266666671875 0.177902621875 0.02 0.0093632953125 0.0166666671875 0.0093632953125 0.1266666671875
0 0.7528089890625 0.2133333328125 0.8164794000000001 0.2233333328125 0.8202247187499999 0.013333332812500001 0.760299625 0.0033333328125 0.7528089890625 0.2133333328125
0 0.8370786515624999 0.2233333328125 0.7546816484375001 0.22000000000000003 0.7565543078125 0.2866666671875 0.8370786515624999 0.29333333281249996 0.8370786515624999 0.2233333328125
0 0.8314606734375 0.3466666671875 0.829588015625 0.29333333281249996 0.758426965625 0.29333333281249996 0.7546816484375001 0.44666666718750003 0.8558052437500001 0.44333333281250004 0.84831460625 0.35 0.8314606734375 0.3466666671875
0 0.6460674156249999 0.74 0.6460674156249999 0.8366666671875 0.705992509375 0.8366666671875 0.70037453125 0.74 0.6460674156249999 0.74
0 0.64419475625 0.8333333328125001 0.6460674156249999 0.8866666671875001 0.705992509375 0.8833333328125 0.705992509375 0.8333333328125001 0.64419475625 0.8333333328125001
0 0.6460674156249999 0.89 0.647940075 0.9466666671875 0.7078651687499999 0.9466666671875 0.7078651687499999 0.8866666671875001 0.6460674156249999 0.89
0 0.45692883906250004 0.9099999999999999 0.4513108609375 0.8699999999999999 0.4157303375 0.8699999999999999 0.3988764046875 0.9033333328125 0.4026217234375 0.9333333328125001 0.445692884375 0.9366666671875 0.45692883906250004 0.9099999999999999