0 0.6807092203125 0.2212765953125 0.70340425625 0.0007092203125 0.38 0 0.3544680859375 0.20425532031250002 0.39205673750000003 0.2723404265625 0.678581559375 0.28936170156249996 0.6807092203125 0.2212765953125
0 0.393475178125 0.27163120625000003 0.35375886562500003 0.20212765937500002 0.375035459375 0.0340425546875 0.2509219859375 0.0347517734375 0.21900709218749997 0.27659574375 0.529645390625 0.2914893625 0.5289361703125001 0.28156028437499997 0.393475178125 0.27163120625000003
0 0.48496454062499994 0.5524822703125001 0.506241134375 0.2907801421875 0.20978723437500002 0.2773049640625 0.1771631203125 0.529787234375 0.206241134375 0.553900709375 0.4956028359375 0.5744680859375 0.48496454062499994 0.5524822703125001
0 0.809787234375 0.5695035453124999 0.8204255312500001 0.3191489359375 0.826099290625 0.3042553203125 0.5104964546875 0.29219858125 0.486382978125 0.55177305 0.4991489359375 0.5730496453125 0.7956028359375 0.5943262421875 0.809787234375 0.5695035453124999
0 0.529645390625 0.28085106406250004 0.5289361703125001 0.2914893625 0.8069503546875 0.3007092203125 0.8225531921875 0.0446808515625 0.7005673765625 0.04042553125 0.6799999999999999 0.22056737656249997 0.678581559375 0.290070921875 0.529645390625 0.28085106406250004
0 0.21758865156249999 0.5758865234375 0.1828368796875 0.8141843984375001 0.46156028437499996 0.8418439718749999 0.48496454062499994 0.597872340625 0.21758865156249999 0.5758865234375
0 0.5005673765624999 0.586524821875 0.4892198578125 0.5907801421875 0.46794326249999996 0.8340425546875 0.7608510640625 0.861702128125 0.76865248125 0.6085106375 0.5005673765624999 0.586524821875
0 0.20978723437500002 0.581560284375 0.1906382984375 0.578014184375 0.0012765953125 0.5595744687499999 0.0012765953125 0.8028368796875001 0.1792907796875 0.8212765953125001 0.20978723437500002 0.581560284375
0 0.17290780156250002 0.833333334375 0.1573049640625 0.8241134765625 0.0005673765625 0.8056737578125001 0.0005673765625 0.997872340625 0.1509219859375 0.9957446796875 0.17290780156250002 0.833333334375
0 0.45517730468749995 0.8602836875 0.4374468078125 0.849645390625 0.19134751875 0.8276595734375001 0.173617021875 0.8312056734375 0.1523404265625 0.9957446796875 0.44312056875000005 0.997872340625 0.45517730468749995 0.8602836875
0 0.7339007093750001 0.8730496453125 0.47858155937499997 0.8475177296874999 0.4608510640625 0.853900709375 0.4459574453125 0.997872340625 0.7452482265625 0.9971631203125 0.7530496453125 0.8843971640625 0.7339007093750001 0.8730496453125
0 0.998 0.8939999999999999 0.775035459375 0.87163120625 0.7587234046875 0.8765957437499999 0.74808510625 0.9971631203125 0.998 0.998 0.998 0.8939999999999999
0 0.7927659578124999 0.609929078125 0.7729078015625 0.861702128125 0.998 0.884 0.998 0.624 0.7927659578124999 0.609929078125
0 0.998 0.312 0.8289361703125 0.306382978125 0.8112056734375 0.5730496453125 0.7991489359374999 0.5964539 0.998 0.618 0.998 0.312
0 0.998 0.312 0.998 0.054000000000000006 0.8289361703125 0.049645390625 0.809787234375 0.3 0.830354609375 0.3042553203125 0.998 0.312
0 0.1764539 0.52836879375 0.20978723437500002 0.2858156015625 0.1885106375 0.2659574453125 0.0005673765625 0.26028368749999997 0 0.538 0.1956028359375 0.54397163125 0.1764539 0.52836879375
0 0 0.26 0.18780141875 0.2638297875 0.20836879375 0.2858156015625 0.2090780140625 0.2773049640625 0.21971631249999998 0.2773049640625 0.24879432656249997 0.0354609921875 0.0012765953125 0.029787234375 0 0.03 0 0.26
0 0.8449929078125 0 0.7031489359374999 0.001418440625 0.70031205625 0.04042553125 0.8222978718749999 0.0425531921875 0.8329361703125 0.047517729687499996 0.8449929078125 0
0 0.998 0 0.8485390078125 0.0007092203125 0.837191490625 0.047517729687499996 0.998 0.05 0.998 0