0 0.09 0.1291505234375 0.5825925921875 0.152064325 0.617777778125 0.0031246093749999998 0.09 0.0052076828125 0.09 0.1291505234375
0 0.4029629625 0.1447735703125 0.0659259265625 0.1291505234375 0.0696296296875 0.2780902390625 0.3937037046875 0.29683789531250004 0.4029629625 0.1447735703125
0 0.6918518515625001 0.14581510625 0.5900000000000001 0.14164896093749998 0.5900000000000001 0.1531058609375 0.3974074078125 0.14373203437499998 0.3937037046875 0.29683789531250004 0.706666665625 0.31037786875 0.73444444375 0.16247968906250002 0.6918518515625001 0.14581510625
0 0.730740740625 0.317668625 0.998 0.3318335203125 0.998 0.16985376875 0.93444444375 0.1572720078125 0.7048148140625 0.147898178125 0.7381481484375 0.1656042984375 0.7029629625 0.30412865 0.730740740625 0.317668625
0 0.7140740734375 0.314544015625 0.39555555625 0.29996250468749996 0.38444444375 0.434320709375 0.6825925921875 0.4489022203125 0.7140740734375 0.314544015625
0 0.998 0.33408323906250004 0.73444444375 0.320793234375 0.7085185187499999 0.3155855515625 0.6825925921875 0.44681914687499996 0.99 0.4624421953125 0.998 0.33408323906250004
0 0.3974074078125 0.3010040421875 0.08259259218750001 0.28329792187499997 0.0770370375 0.41973919843749996 0.38074074062499996 0.435362246875 0.3974074078125 0.3010040421875
0 0.3825925921875 0.4332791734375 0.0751851859375 0.4207807359375 0.0751851859375 0.542640503125 0.3659259265625 0.5540974046875 0.3825925921875 0.4332791734375
0 0.3825925921875 0.4311961 0.3770370375 0.5540974046875 0.6548148140625 0.5665958421874999 0.6825925921875 0.4530683671875 0.3825925921875 0.4311961
0 0.69555555625 0.45098529374999996 0.6751851859375 0.5697204515625 0.9511111124999999 0.5843019625 0.99555555625 0.4655668046875 0.69555555625 0.45098529374999996
0 0.9659259265625 0.586385034375 0.6677777781249999 0.5728450609375 0.6437037046875 0.6707494890625 0.6492592593750001 0.6863725359374999 0.9288888875 0.70407865625 0.9659259265625 0.586385034375
0 0.6677777781249999 0.5707619875 0.38074074062499996 0.5551389421875 0.3696296296875 0.6707494890625 0.6437037046875 0.6790817812500001 0.6677777781249999 0.5707619875
0 0.36037037031249997 0.5593050859375001 0.0751851859375 0.5468066484375 0.0751851859375 0.657209515625 0.3474074078125 0.668666415625 0.36037037031249997 0.5593050859375001
0 0 0.8773903265625 0.40851851874999995 0.8832229296874999 0.4325925921875 0.7696954546875 0.412222221875 0.675957171875 0 0.6591676046875 0 0.8773903265625
0 0.9418518515625 0.9165520984375 0.99555555625 0.8030246218749999 0.9251851859375 0.7030371203125 0.63444444375 0.6905386828125 0.4937037046875 0.68012331875 0.48444444375 0.778027746875 0.4751851859375 0.795733865625 0.48074074062500005 0.8967629046875001 0.9418518515625 0.9165520984375
0 0.4881481484375 0.682206390625 0.6474074078125 0.689497146875 0.6437037046875 0.682206390625 0.4159259265625 0.6749156359375 0.430740740625 0.7644877734375 0.4918518515625 0.76761238125 0.4881481484375 0.682206390625