0 0 0.1484257875 0.322 0.160419790625 0.318 0.040479759375 0.316 0.0299850078125 0 0.010494753125 0 0.1484257875
0 0.686 0.0494752625 0.324 0.0329835078125 0.32999999999999996 0.164917540625 0.682 0.1709145421875 0.686 0.0494752625
0 1 0.059970015625 0.722 0.0509745125 0.686 0.0689655171875 0.682 0.1709145421875 0.716 0.17391304375 1 0.17841079531249998 1 0.059970015625
0 0.32599999999999996 0.160419790625 0.002 0.1499250375 0 0.2803598203125 0.32599999999999996 0.284857571875 0.32599999999999996 0.160419790625
0 0.62 0.286356821875 0.686 0.284857571875 0.6900000000000001 0.1829085453125 0.6839999999999999 0.1694152921875 0.32999999999999996 0.164917540625 0.33399999999999996 0.287856071875 0.42400000000000004 0.287856071875 0.62 0.286356821875
0 1 0.17991004531250002 0.6900000000000001 0.17541229375 0.686 0.284857571875 0.71 0.287856071875 0.994 0.287856071875 1 0.260869565625 1 0.17991004531250002
0 0 0.4062968515625 0.32599999999999996 0.40329835156250005 0.33399999999999996 0.3958020984375 0.32599999999999996 0.286356821875 0 0.2818590703125 0 0.4062968515625
0 0.6900000000000001 0.287856071875 0.33599999999999997 0.2908545734375 0.33999999999999997 0.4047976015625 0.682 0.39730135 0.6900000000000001 0.287856071875
0 1 0.289355321875 0.708 0.289355321875 0.6900000000000001 0.287856071875 0.686 0.3793103453125 0.704 0.3958020984375 0.758 0.3958020984375 1 0.3913043484375 1 0.289355321875
0 0.33999999999999997 0.511244378125 0.33399999999999996 0.4092953515625 0.32599999999999996 0.4047976015625 0.002 0.4077961015625 0 0.52323838125 0.23199999999999998 0.5157421296875 0.33999999999999997 0.511244378125
0 0.414 0.511244378125 0.6719999999999999 0.500749625 0.6799999999999999 0.40029985 0.33999999999999997 0.4062968515625 0.344 0.512743628125 0.366 0.5142428781249999 0.414 0.511244378125
0 1 0.3913043484375 0.762 0.3958020984375 0.704 0.3958020984375 0.6839999999999999 0.39730135 0.6759999999999999 0.48425787031249995 0.716 0.500749625 0.906 0.49325337343750003 1 0.48425787031249995 1 0.3913043484375
0 0.34199999999999997 0.6056971515625 0.33799999999999997 0.512743628125 0.246 0.5157421296875 0.002 0.5247376312500001 0 0.6326836578125 0.33799999999999997 0.614692653125 0.34199999999999997 0.6056971515625
0 0.7 0.59970015 0.704 0.5037481265625 0.678 0.48725637187500004 0.6759999999999999 0.500749625 0.422 0.512743628125 0.36 0.5157421296875 0.362 0.6011993999999999 0.374 0.614692653125 0.7 0.59970015
0 1 0.48575712187500003 0.908 0.49475262343750004 0.706 0.502248875 0.704 0.5982008999999999 0.99 0.5817091453125001 1 0.5292353828125 1 0.48575712187500003
0 0.348 0.710644678125 0.348 0.6326836578125 0.344 0.6161919046875 0.002 0.6341829078125001 0.002 0.67466266875 0.018 0.7331334328125 0.348 0.710644678125
0 0.40199999999999997 0.710644678125 0.6759999999999999 0.6926536734375001 0.682 0.6011993999999999 0.374 0.614692653125 0.35 0.5982008999999999 0.348 0.6206896546875 0.352 0.6896551718749999 0.36 0.7121439281249999 0.40199999999999997 0.710644678125
0 0.99 0.584707646875 0.706 0.5982008999999999 0.6839999999999999 0.6011993999999999 0.678 0.688155921875 0.6940000000000001 0.6911544234375 0.976 0.6686656671875 0.99 0.584707646875
0 0 0.9205397296875001 0.041999999999999996 0.836581709375 0.024 0.7451274359375 0.012 0.739130434375 0 0.7691154421874999 0 0.9205397296875001
0 0.36 0.8035982015625001 0.356 0.7166416796874999 0.348 0.710644678125 0.02 0.7316341828125 0.044 0.82458770625 0.252 0.8080959515625 0.36 0.8035982015625001
0 0.682 0.77511244375 0.686 0.72713643125 0.686 0.6911544234375 0.366 0.715142428125 0.366 0.7916041984375 0.378 0.8035982015625001 0.682 0.77511244375
0 0.9720000000000001 0.7541229390625 0.9800000000000001 0.6686656671875 0.688 0.6911544234375 0.686 0.77511244375 0.6940000000000001 0.7796101953125001 0.9720000000000001 0.7541229390625
0 0.15 0.9040479765624999 0.298 0.8920539734374999 0.362 0.8875562218749999 0.358 0.82758620625 0.36 0.8020989500000001 0.256 0.8080959515625 0.041999999999999996 0.82608695625 0.036 0.8515742124999999 0.044 0.910044978125 0.15 0.9040479765624999
0 0.58 0.8710644671875001 0.584 0.809595203125 0.686 0.7961019484375 0.686 0.77811094375 0.372 0.8050974515625 0.372 0.8605697156250001 0.382 0.889055471875 0.40800000000000003 0.889055471875 0.58 0.8710644671875001
0 0.13999999999999999 0.9910044984375 0.272 0.9715142421875 0.37 0.9610194906249999 0.372 0.9490254874999999 0.37 0.8875562218749999 0.362 0.8875562218749999 0.146 0.9040479765624999 0.044 0.9115442281249999 0.046 0.9250374812500001 0.041999999999999996 0.9430284859375 0.052000000000000005 0.99850075 0.13999999999999999 0.9910044984375
0 0.362 0.962518740625 0.29 0.9700149921874999 0.148 0.9910044984375 0.052000000000000005 0.99850075 0.36 0.99850075 0.358 0.9775112437500001 0.362 0.962518740625
0 0.46399999999999997 0.9715142421875 0.5660000000000001 0.962518740625 0.562 0.8950524734374999 0.584 0.889055471875 0.584 0.8695652171875 0.42400000000000004 0.8875562218749999 0.38 0.8875562218749999 0.372 0.9040479765624999 0.374 0.9745127437500001 0.46399999999999997 0.9715142421875
0 0.5660000000000001 0.962518740625 0.46399999999999997 0.9715142421875 0.386 0.9775112437500001 0.37 0.9640179906249999 0.362 0.9775112437500001 0.362 0.9970015 0.5660000000000001 1 0.5660000000000001 0.962518740625
0 0.01 1 0.041999999999999996 0.9445277359375 0.046 0.92653673125 0.046 0.9115442281249999 0.034 0.8560719640625001 0.002 0.9205397296875001 0 1 0.01 1
0 0.052000000000000005 1 0.04 0.9520239875 0.004 1 0.052000000000000005 1
0 0.8619999999999999 1 0.692 0.7961019484375 0.584 0.8110944531250001 0.5820000000000001 0.890554721875 0.642 1 0.8619999999999999 1
0 0.79 0.7841079453125 0.688 0.7961019484375 0.866 1 0.994 0.9775112437500001 0.79 0.7841079453125
0 1 0.8545727140625001 0.884 0.764617690625 0.794 0.7766116937499999 0.792 0.7841079453125 1 0.97601199375 1 0.8545727140625001
0 1 0.77211394375 0.974 0.7541229390625 0.8859999999999999 0.764617690625 1 0.8545727140625001 1 0.77211394375
0 0.642 1 0.588 0.8935532234375 0.5660000000000001 0.8965517234375 0.5660000000000001 1 0.642 1
0 0.892 0.763118440625 0.688 0.77811094375 0.6900000000000001 0.7961019484375 0.794 0.7826086953125 0.794 0.7736131937499999 0.892 0.763118440625