0 0.584 0.463268365625 0.588 0.22938530781250002 0.282 0.22938530781250002 0.294 0.46026986562500005 0.584 0.463268365625
0 0.8800000000000001 0.412293853125 0.842 0.39730135 0.5860000000000001 0.3988006 0.58 0.6191904046875 0.8560000000000001 0.62368815625 0.8800000000000001 0.461769115625 0.8800000000000001 0.412293853125
0 0.5780000000000001 0.6191904046875 0.584 0.463268365625 0.294 0.46026986562500005 0.306 0.6206896546875 0.5780000000000001 0.6191904046875
0 0.5780000000000001 0.6206896546875 0.572 0.761619190625 0.8320000000000001 0.7706146921875 0.8539999999999999 0.62518740625 0.5780000000000001 0.6206896546875
0 0.572 0.7661169421875 0.5780000000000001 0.6191904046875 0.306 0.62218890625 0.316 0.7571214390625001 0.572 0.7661169421875
0 0.6900000000000001 0.8635682156250001 0.6940000000000001 0.8455772109374999 0.71 0.839580209375 0.728 0.8515742124999999 0.728 0.87406296875 0.752 0.8965517234375 0.8220000000000001 0.898050975 0.834 0.7766116937499999 0.834 0.7706146921875 0.5700000000000001 0.761619190625 0.568 0.8875562218749999 0.626 0.890554721875 0.642 0.8710644671875001 0.6900000000000001 0.8635682156250001
0 0.33799999999999997 0.7571214390625001 0.314 0.7571214390625001 0.322 0.884557721875 0.5660000000000001 0.890554721875 0.5700000000000001 0.7676161921875 0.33799999999999997 0.7571214390625001
0 0 0.6956521734375001 0.254 0.7076461765625 0.306 0.6476761625 0.292 0.5052473765625 0.284 0.45427286406249995 0.02 0.4467766109375 0 0.48575712187500003 0 0.6956521734375001
0 0 0.8470764624999999 0.272 0.8485757125 0.302 0.7766116937499999 0.292 0.6656671671875001 0.256 0.7091454265625 0 0.697151425 0 0.8470764624999999
0 0 0.9205397296875001 0.012 0.9730134937500001 0.27599999999999997 0.985007496875 0.314 0.8935532234375 0.304 0.7841079453125 0.274 0.8500749624999999 0 0.8470764624999999 0 0.9205397296875001
0 0 0.49025487187500005 0.022 0.4467766109375 0.29 0.45427286406249995 0.29 0.335832084375 0.258 0.3418290859375 0 0.3433283359375 0 0.49025487187500005
0 0 0.3433283359375 0.26 0.3433283359375 0.288 0.335832084375 0.282 0.22938530781250002 0.29 0.22938530781250002 0.29 0.17991004531250002 0.256 0.160419790625 0 0.161919040625 0 0.3433283359375
0 0.442 0.1034482765625 0.306 0.101949025 0.312 0.2308845578125 0.588 0.22938530781250002 0.588 0.1034482765625 0.442 0.1034482765625
0 0.884 0.097451275 0.5940000000000001 0.101949025 0.588 0.115442278125 0.588 0.2788605703125 0.86 0.2803598203125 0.884 0.097451275
0 0.588 0.2803598203125 0.5860000000000001 0.3988006 0.8480000000000001 0.39730135 0.8619999999999999 0.2818590703125 0.588 0.2803598203125
0 1 0.8110944531250001 0.8539999999999999 0.8035982015625001 0.8300000000000001 0.7736131937499999 0.8220000000000001 0.8950524734374999 0.8400000000000001 0.9475262375 1 0.9520239875 1 0.8110944531250001
0 1 0.6536731640625 0.8779999999999999 0.6476761625 0.852 0.62368815625 0.8300000000000001 0.7736131937499999 0.852 0.8050974515625 1 0.8140929531250001 1 0.6536731640625
0 1 0.4797601203125 0.9119999999999999 0.4782608703125 0.8800000000000001 0.4587706140625 0.85 0.6206896546875 0.8779999999999999 0.6491754125 1 0.6536731640625 1 0.4797601203125
0 1 0.2458770609375 0.9800000000000001 0.2473763125 0.942 0.2788605703125 0.952 0.20989505312499998 0.8960000000000001 0.211394303125 0.8699999999999999 0.4062968515625 0.8800000000000001 0.412293853125 0.8779999999999999 0.46026986562500005 0.916 0.4782608703125 1 0.4782608703125 1 0.2458770609375
0 1 0.08545727187499999 0.908 0.08545727187499999 0.884 0.098950525 0.8619999999999999 0.2818590703125 0.8880000000000001 0.2818590703125 0.8939999999999999 0.20989505312499998 0.952 0.20839580156249998 0.944 0.2788605703125 0.9800000000000001 0.2473763125 1 0.24137931093749998 1 0.08545727187499999