0 0 0.3885750015625 0.2246698296875 0.3485596828125 0.24322176562500003 0.3431365125 0.22101583749999998 0.19212929843749998 0 0.19319431874999998 0 0.3885750015625
0 0 0.5806360125000001 0.2492739625 0.493487978125 0.22472761874999997 0.34892928749999996 0 0.38862878749999996 0 0.5806360125000001
0 0 0.7793657796875 0.031059203125 0.7630676671875001 0 0.6515101796875 0 0.7793657796875
0 0 0.6505414421875 0.0299780875 0.7628632328125 0.0448410578125 0.7527084640624999 0.27773174843750004 0.6232531828125001 0.24959841875 0.4936306484375 0 0.581806840625 0 0.6505414421875
0 0 0.8130882421875001 0.0202924015625 0.9566837984375001 0.0769756453125 0.9139863281249999 0.031256896875 0.7628163140625001 0 0.781182965625 0 0.8130882421875001
0 0.28231287968749996 0.7647504609375 0.2774792625 0.624624678125 0.0451457234375 0.7526483921875 0.03102971875 0.76268330625 0.0768889625 0.9134319234375001 0.28231287968749996 0.7647504609375
0 0.0205813453125 0.9585318203125001 0.026506573437499997 0.9964282328125 0.0974892359375 0.9939494625 0.0766906796875 0.91348371875 0.0205813453125 0.9585318203125001
0 0.2822301734375 0.7655414640625 0.0766617859375 0.9132989171875 0.09726481249999999 0.9939572999999999 0.1518973484375 0.9920494906249999 0.1286438375 0.8914258531250001 0.2822301734375 0.7655414640625
0 0.4902655171875 0.77446325625 0.28237066875 0.765120065625 0.1280123046875 0.8917898984375 0.150905865625 0.9920841140625001 0.47235404374999995 0.9808588953124999 0.5192291906250001 0.96847708125 0.4902655171875 0.77446325625
0 0.38866655625 0.11093436875 0.2202534484375 0.191166915625 0.24319493749999999 0.342677978125 0.41458930625 0.2868310421875 0.38866655625 0.11093436875
0 0.44166844375 0.4594874296875 0.4146584625 0.2867377109375 0.24390329843749997 0.343535534375 0.225520753125 0.34872210625 0.2488799984375 0.4938183140625 0.44166844375 0.4594874296875
0 0.24954761093750003 0.49310575156249997 0.2774465765625 0.6244156265624999 0.4660238296875 0.62178523125 0.44133558281249996 0.45947642968749997 0.24954761093750003 0.49310575156249997
0 0.27786249375 0.624089390625 0.2825978453125 0.7652530718749999 0.48998545781249997 0.7745364125 0.464952825 0.6227565562499999 0.27786249375 0.624089390625
0 0 0.1933470703125 0.22088744531249999 0.1910514828125 0.2500984921875 0.17640162343750002 0.2375330296875 0.058598371875 0.1968317453125 0.0509320078125 0 0.101001790625 0 0.1933470703125
0 0.3654559890625 0.1217420421875 0.36137050625 0.08461248125000001 0.253016215625 0.051587778125 0.237629796875 0.058394681250000004 0.24989960625 0.1759713078125 0.3654559890625 0.1217420421875
0 0.3915083109375 0 0.38218340156249997 0.0025146046875 0.3969446703125 0.0969243359375 0.564964034375 0.05721597656250001 0.5547243078124999 0 0.3915083109375 0
0 0.5545427078125 0 0.56589183125 0.0583674578125 0.7794494953125 0 0.5545427078125 0
0 0.39683998125 0.09625476093749999 0.42163706406249996 0.2500687890625 0.5745226203125 0.23313049531250002 0.5442346234375 0.0633278140625 0.39683998125 0.09625476093749999
0 0.7774242375 0 0.5455667656250001 0.06228291406250001 0.574085228125 0.233498178125 0.929976865625 0.18817135000000001 0.9005556625000001 0 0.7774242375 0
0 0.5047314546874999 0.250664365625 0.5198702125 0.2389170046875 0.42169360312500004 0.250117375 0.4449829 0.39938346875 0.5329854421875 0.3972808046875 0.5047314546874999 0.250664365625
0 0.5048361453125 0.2513339375 0.5333947109375 0.39674766875 0.71980061875 0.38753089687500003 0.73050096875 0.38776905 0.7165560531249999 0.22808694375 0.7278125281250001 0.21399582343749998 0.5198702125 0.2389170046875 0.5048361453125 0.2513339375
0 0.960604928125 0.3840615015625 0.929976865625 0.18817135000000001 0.7276191812499999 0.2144570140625 0.7164363359375 0.22739640625000002 0.7315017484374999 0.388354984375 0.960604928125 0.3840615015625
0 0.46401703593750004 0.5146712640625 0.551829128125 0.5210458171875 0.56465810625 0.5095966828125 0.5432174375 0.39672385781249997 0.5343200765625 0.397289446875 0.4453962171875 0.3993870109375 0.46401703593750004 0.5146712640625
0 0.7513351109374999 0.38835343906249997 0.5437006125 0.39679782656249996 0.5681128703125 0.5316925765625 0.759579775 0.5367344000000001 0.7513351109374999 0.38835343906249997
0 0.7512304203125 0.3876838671875 0.75936086875 0.5370368984375 0.9551940578125 0.5563780125 0.9657553218749999 0.41700225 0.960604928125 0.3840615015625 0.7512304203125 0.3876838671875
0 0.4784980640625 0.6185213609375 0.5772459046875 0.6331478671874999 0.5861846875000001 0.6240137390625 0.564044378125 0.51045391875 0.5514413484375 0.52071526875 0.463707971875 0.5143622875 0.4784980640625 0.6185213609375
0 0.7599268234375 0.5366967093749999 0.5684782734375 0.531887046875 0.5905358078125 0.647882615625 0.7697126609375 0.6637145328125 0.7599268234375 0.5366967093749999
0 0.769950865625 0.6748030234375 0.906189915625 0.6900899 0.9445805015625 0.6964438796875 0.9552664484375001 0.5554226843750001 0.7601540015625 0.5368297156249999 0.769950865625 0.6748030234375
0 0.577649503125 0.6327831859375 0.478976775 0.6187715781249999 0.49271956875 0.7006946703125 0.6059924359375 0.7269401609374999 0.5856476265625 0.6245387296875 0.577649503125 0.6327831859375
0 0.7739214624999999 0.7671530468750001 0.7940749265625 0.7711143171875 0.786698253125 0.6767005593750001 0.77005555625 0.67547259375 0.7688926406250001 0.6639984296875 0.590593596875 0.648252221875 0.6058519421875 0.7273615609374999 0.7739214624999999 0.7671530468750001
0 0.794265859375 0.7723354734375001 0.9363557546875001 0.8049849015625 0.944426871875 0.698471296875 0.7867320453125 0.6764575671874999 0.794265859375 0.7723354734375001
0 0.6982484875 0.7957133265625 0.694562634375 0.7475655546875 0.4924455140625 0.7011181078125001 0.5064661671875 0.776748778125 0.665242678125 0.8268440953124999 0.6982484875 0.7957133265625
0 0.7047910453124999 0.841068596875 0.8705218546875001 0.8766531453124999 0.9321617046874999 0.8603332890625 0.9362640328125 0.806195334375 0.6938560265625 0.749417803125 0.7047910453124999 0.841068596875
0 0.708395253125 0.8644573109374999 0.6984152890625 0.7965307562499999 0.666979625 0.8262897328125 0.5053432046874999 0.7770672765625 0.516801309375 0.853957178125 0.6725516296875 0.908443315625 0.708395253125 0.8644573109374999
0 0.5968671249999999 0.9484102875 0.7177656578125 0.91537419375 0.708766903125 0.8655143265625 0.6717714265625 0.9084527781249999 0.5168802546875 0.8544620999999999 0.5280471828125 0.9227239703125001 0.5968671249999999 0.9484102875
0 0.7177580906250001 0.9151001031250001 0.864380703125 0.8750822734374999 0.7043818625 0.84106851875 0.7177580906250001 0.9151001031250001
0 0.5968671249999999 0.9484102875 0.52787779375 0.92296056875 0.5334165109375 0.964984803125 0.5968671249999999 0.9484102875