0 0 0.25549068125 0.31483313125 0.1758240296875 0.2969638859375 0.0625800984375 0.052543329687499994 0.10523885156249999 0 0.11484866406250001 0 0.25549068125
0 0.3446811078125 0.182629471875 0.35752645 0.20685308125000001 0.6851534874999999 0.12035943281249999 0.700897875 0.11747989375000001 0.700953175 0.107249421875 0.6555258125 0.053510103125 0.49639792656250004 0.0405206078125 0.316533771875 0.07944161875 0.3446811078125 0.182629471875
0 0.7068020203125001 0.11640006562500001 0.7205783593749999 0.1138804703125 0.8826369765625 0.072049025 0.6607006609375 0.05393252187499999 0.7029212234375 0.106889478125 0.7068020203125001 0.11640006562500001
0 0 0.7693704296874999 0.0059237734375 0.8005733703125 0.4486286171875 0.66645985625 0.3499769640625 0.2940848453125 0.29788579375 0.1830117234375 0 0.25933848125000003 0 0.7693704296874999
0 0.700897875 0.11747989375000001 0.340579115625 0.21404077500000002 0.39037044062500004 0.386856678125 0.428136821875 0.529166709375 0.4715353984375 0.6479618625 0.809495825 0.5411816625 0.8330752828125 0.2527431625 0.700897875 0.11747989375000001
0 0.8259500140625 0.5524808078125 0.8565812671874999 0.2688847984375 0.918411165625 0.2514443234375 0.8843642296875001 0.0757488828125 0.7154393140625 0.118908509375 0.8326927328125 0.25076905625 0.809878375 0.5431557671875 0.8259500140625 0.5524808078125
0 0.8569638156250001 0.27085890468749996 0.8263325625 0.5544549140624999 0.952130465625 0.7661955296875 0.9696396140625 0.5158030375 0.918411165625 0.2514443234375 0.8569638156250001 0.27085890468749996
0 0.5246681609375 0.71183083125 0.8042416375 0.6402580625 0.8123350281249999 0.5978964015625 0.7886123921875 0.5490892406250001 0.46956735 0.6483218046875 0.4182965796875 0.530966421875 0.4541502125 0.663405921875 0.4548047140625 0.6878150796875 0.4632208109375 0.7312454140625 0.5218797140625 0.718473034375 0.5246681609375 0.71183083125
0 0.8101457828124999 0.639178234375 0.8432200562500001 0.6310851093750001 0.948442490625 0.818936021875 0.95220464375 0.765134721875 0.8286278625 0.56629955 0.8101457828124999 0.639178234375
0 0.2029452703125 0.797244653125 0.45534861718749997 0.7326851828125001 0.4379126765625 0.6847723015625 0.43403187968749996 0.6752617125 0.0063063234375 0.8025474765625 0.018930468750000002 0.8676929765624999 0.12646333125 0.833717459375 0.133077278125 0.846816315625 0.1999863796875 0.9081656890625001 0.2029452703125 0.797244653125
0 0.1959125765625 1 0.19801833124999998 0.9085256328125 0.12597018437500002 0.8522042984375 0.12290978593749999 0.83641145 0.0216636171875 0.871281246875 0.045570646874999995 1 0.1959125765625 1
0 0.21793000468749998 1 0.5719429921875 0.9137239890625001 0.573145940625 0.909415834375 0.5261983609375 0.71972725625 0.20529586718749998 0.7988588156249999 0.1987788875 0.9860612609375 0.1995439875 0.9900094734374999 0.201479990625 1 0.21793000468749998 1
0 0.5958367890625 1 0.5762616375 0.914978209375 0.217053646875 1 0.5958367890625 1
0 0.8046241875 0.64223216875 0.5246681609375 0.71183083125 0.571615740625 0.9015194093750001 0.937838646875 0.8038787015625 0.8436026062499999 0.6330592140625 0.8046241875 0.64223216875
0 0.7484404 1 0.9382082296875 0.965292778125 0.9484339828125 0.8190576921874999 0.9398066953124999 0.8035187578125 0.5723808406249999 0.905467621875 0.598686678125 1 0.7484404 1