0 0.2294344109375 0.604632409375 0.042831231250000004 0.5652387390625 0.053257789062500005 0.7028368031250001 0.2209101234375 0.7414758546875 0.2294344109375 0.604632409375
0 0.2329516640625 0.758206159375 0.453980253125 0.8190366359375 0.4666330203125 0.6670201265625 0.229281540625 0.6206826515625 0.2329516640625 0.758206159375
0 0.23375467031250002 0.8568976453125 0.23283695 0.7441073765625 0.053258570312499996 0.702847125 0.0633812328125 0.8364347109375 0.2056196703125 0.8828579078125 0.23375467031250002 0.8568976453125
0 0.231461128125 0.8885595390625 0.4445384984375 0.9476356671874999 0.4519924484375 0.81859805 0.2326840796875 0.7601576156250001 0.231461128125 0.8885595390625
0 0.67823113125 1 0.69805974375 0.8909845265625 0.461396303125 0.8246938984375 0.4440033296875 0.9515385796875 0.5887832390625001 1 0.67823113125 1
0 0.9631480015625 1 0.970236078125 0.9671211765625 0.7000475484375001 0.8914231140625001 0.6789245078125 1 0.9631480015625 1
0 1 0.8148025734375001 0.7206515312499999 0.74116095 0.7008503015625 0.88556874375 0.9667956375 0.962341090625 1 0.8207531828124999 1 0.8148025734375001
0 0.45172486406249995 0.8205495062500001 0.6920963296875 0.889668765625 0.7138853640625 0.745699559375 0.46621256562499996 0.6850218234375001 0.45172486406249995 0.8205495062500001
0 0.47515730781250004 0.5301766828125001 0.46078432031250005 0.6798031484375 0.7183961421875 0.7426738203125 0.7383502421875 0.5822157875 0.47515730781250004 0.5301766828125001
0 0.236773646875 0.46149600937499996 0.23325714999999997 0.6215598250000001 0.4586818015625 0.665265778125 0.4741251234375 0.5078334859375 0.236773646875 0.46149600937499996
0 0.2353210109375 0.457154509375 0.0425039828125 0.4146115765625 0.035363412500000004 0.46668682031250003 0.0428192265625 0.56508033125 0.233677603125 0.6035581265625 0.2353210109375 0.457154509375
0 0.066433690625 0.25503071718750003 0.0387959578125 0.41178294531250004 0.2276373765625 0.45344870468750004 0.2282486 0.2847018890625 0.066433690625 0.25503071718750003
0 0.0893312171875 0.0731066609375 0.061005445312499997 0.2498120421875 0.23050398906249997 0.28318901875 0.2301977453125 0.10619779062500001 0.0893312171875 0.0731066609375
0 0.2279423578125 0.10771065937499999 0.229853984375 0.00267459375 0.0962273265625 0.0011197062500000001 0.087075828125 0.07461953125000001 0.2279423578125 0.10771065937499999
0 0.23249179375 0.28362760625 0.48031746249999996 0.328255103125 0.49063827812499994 0.13350365625 0.2299301625 0.10814924687500001 0.23249179375 0.28362760625
0 0.23306562187500002 0.4586673796875 0.47385754062499996 0.509784940625 0.47832965781250003 0.327816515625 0.22851618437500001 0.28275043125 0.23306562187500002 0.4586673796875
0 0.4711816984375 0.5292995078125 0.7403380453125 0.582654375 0.7609801828125 0.40224318906249995 0.47989700781250005 0.34625680000000003 0.4711816984375 0.5292995078125
0 1 0.4436185484375 0.7609801828125 0.40224318906249995 0.7383502421875 0.5822157875 1 0.6381472953125 1 0.4436185484375
0 1 0.639945896875 0.7423258500000001 0.5830929609375 0.7164083375 0.7422352328125 1 0.81280395625 1 0.639945896875
0 0.477909203125 0.3458182140625 0.759527546875 0.3979016875 0.7828455265625001 0.197975934375 0.48876518750000003 0.1471638515625 0.477909203125 0.3458182140625
0 1 0.22389742343750002 0.78708871875 0.1969016515625 0.7629679875 0.402681775 1 0.44194011718750004 1 0.22389742343750002
0 1 0.107164421875 0.8072722499999999 0.0646411859375 0.7873563031249999 0.1949501953125 1 0.22177889999999997 1 0.107164421875
0 0.7873563031249999 0.1949501953125 0.8050168609374999 0.06615405625000001 0.541546128125 0.006301459375 0.4963862203125 0.0057759765625 0.4847895796875 0.146286678125 0.7873563031249999 0.1949501953125
0 0.4871978375 0.12872356875 0.49444667343750004 0.0057534078125 0.23073276874999998 0.00268481875 0.22767477343750003 0.1096621171875 0.4871978375 0.12872356875