0 0.052000000000000005 0 0.06 0.07646176875 0.072 0.0809595203125 0.348 0.101949025 0.36 0.097451275 0.354 0 0.052000000000000005 0
0 0 0.089955021875 0.002 0.09295352343749999 0.036 0.07646176875 0.024 0.0014992500000000001 0 0.0014992500000000001 0 0.089955021875
0 0 0.3283358328125 0.036 0.32383808125 0.052000000000000005 0.32233883125 0.048 0.3088455765625 0.04 0.265367315625 0.02 0.17391304375 0 0.097451275 0 0.3283358328125
0 0.08199999999999999 0.4962518734375 0.06999999999999999 0.44977511249999996 0.06 0.40029985 0.05 0.37481259375 0.05 0.3508245875 0.046 0.32533733125 0.002 0.3313343328125 0 0.5532233890625 0.09 0.535232384375 0.08199999999999999 0.4962518734375
0 0 0.7541229390625 0.12 0.72413793125 0.13 0.715142428125 0.118 0.6701649171875 0.094 0.5487256375 0.094 0.5367316343749999 0 0.5547226390625 0 0.7541229390625
0 0.118 0.7451274359375 0.118 0.72563718125 0.002 0.7571214390625001 0 0.9220389812500001 0.144 0.87406296875 0.118 0.7451274359375
0 0.148 0.87406296875 0.002 0.9250374812500001 0 0.99850075 0.16799999999999998 1 0.148 0.87406296875
0 0.58 0.11394302812499998 0.5740000000000001 0.053973014062500005 0.572 0 0.356 0.0014992500000000001 0.36 0.101949025 0.55 0.11394302812499998 0.58 0.11394302812499998
0 0.58 0.12293853125000001 0.704 0.1319340328125 0.742 0.1334332828125 0.746 0.0014992500000000001 0.5700000000000001 0 0.5740000000000001 0.0509745125 0.5820000000000001 0.115442278125 0.58 0.12293853125000001
0 0.8460000000000001 0.1439280359375 0.8699999999999999 0.137931034375 0.8720000000000001 0.08545727187499999 0.8779999999999999 0.014992503125 0.8220000000000001 0.0014992500000000001 0.746 0 0.744 0.1334332828125 0.796 0.137931034375 0.8460000000000001 0.1439280359375
0 1 0.0314842578125 0.9019999999999999 0.0089955015625 0.876 0.014992503125 0.8699999999999999 0.08545727187499999 0.8720000000000001 0.1409295359375 0.8880000000000001 0.1439280359375 0.9259999999999999 0.1469265375 0.9400000000000001 0.1454272859375 1 0.1529235375 1 0.0314842578125
0 0.046 0.286356821875 0.1 0.287856071875 0.272 0.284857571875 0.362 0.2788605703125 0.356 0.21889055468750002 0.35 0.1034482765625 0.068 0.0839580203125 0.052000000000000005 0.0809595203125 0.004 0.100449775 0.022 0.17391304375 0.041999999999999996 0.26836581718749997 0.046 0.286356821875
0 0.392 0.2803598203125 0.572 0.2698650671875 0.5700000000000001 0.2068965515625 0.568 0.1169415296875 0.37 0.10494752656249999 0.352 0.10644677656249998 0.356 0.21889055468750002 0.366 0.27736131875000003 0.392 0.2803598203125
0 0.5860000000000001 0.27286356875 0.646 0.27286356875 0.67 0.2713643171875 0.67 0.26836581718749997 0.724 0.2668665671875 0.728 0.134932534375 0.588 0.12293853125000001 0.568 0.12143927968749998 0.5700000000000001 0.20839580156249998 0.5740000000000001 0.2713643171875 0.5860000000000001 0.27286356875
0 0.842 0.260869565625 0.8460000000000001 0.1439280359375 0.796 0.137931034375 0.73 0.136431784375 0.726 0.265367315625 0.786 0.265367315625 0.842 0.260869565625
0 0.9560000000000001 0.26236881562500003 0.97 0.1499250375 0.8699999999999999 0.1424287859375 0.8460000000000001 0.1454272859375 0.842 0.260869565625 0.86 0.26236881562500003 0.9560000000000001 0.26236881562500003
0 1 0.1529235375 0.97 0.1514242875 0.96 0.2593703140625 1 0.260869565625 1 0.1529235375
0 0.05 0.37781109375 0.06 0.4017991 0.074 0.461769115625 0.10600000000000001 0.47226386875 0.236 0.4572713640625 0.356 0.439280359375 0.34199999999999997 0.2818590703125 0.072 0.287856071875 0.046 0.287856071875 0.05 0.32533733125 0.052000000000000005 0.3523238375 0.05 0.37781109375
0 0.5700000000000001 0.4077961015625 0.5660000000000001 0.2713643171875 0.384 0.28335832031249997 0.344 0.2818590703125 0.356 0.434782609375 0.41 0.436281859375 0.5700000000000001 0.4077961015625
0 0.6900000000000001 0.3943028484375 0.708 0.38830584687499997 0.714 0.26836581718749997 0.65 0.27286356875 0.5860000000000001 0.27436281875 0.5660000000000001 0.27436281875 0.5700000000000001 0.4062968515625 0.5820000000000001 0.4092953515625 0.6900000000000001 0.3943028484375
0 0.78 0.3823088453125 0.8240000000000001 0.37481259375 0.836 0.265367315625 0.786 0.265367315625 0.712 0.2698650671875 0.712 0.38830584687499997 0.762 0.3808095953125 0.78 0.3823088453125
0 0.944 0.364317840625 0.9560000000000001 0.265367315625 0.8720000000000001 0.265367315625 0.86 0.263868065625 0.836 0.2668665671875 0.828 0.3718140921875 0.8640000000000001 0.37631184375000004 0.944 0.364317840625
0 1 0.260869565625 0.96 0.260869565625 0.9480000000000001 0.35982009062500003 0.96 0.362818590625 1 0.3568215890625 1 0.260869565625
0 0.11200000000000002 0.62668665625 0.13999999999999999 0.6281859078124999 0.362 0.5742128937500001 0.348 0.4407796109375 0.238 0.4572713640625 0.10200000000000001 0.47226386875 0.076 0.4677661171875 0.094 0.535232384375 0.096 0.5502248875 0.11200000000000002 0.62668665625
0 0.5559999999999999 0.5412293859374999 0.5519999999999999 0.415292353125 0.40599999999999997 0.43778110937500003 0.358 0.434782609375 0.348 0.44377811093749997 0.362 0.5742128937500001 0.384 0.5817091453125001 0.5559999999999999 0.5412293859374999
0 0.6980000000000001 0.3928035984375 0.58 0.4077961015625 0.5700000000000001 0.4047976015625 0.5519999999999999 0.415292353125 0.558 0.538230884375 0.6940000000000001 0.5082458765625 0.6980000000000001 0.3928035984375
0 0.8160000000000001 0.37781109375 0.78 0.3823088453125 0.762 0.3808095953125 0.712 0.3913043484375 0.7 0.3943028484375 0.6980000000000001 0.502248875 0.8099999999999999 0.4782608703125 0.8160000000000001 0.37781109375
0 0.9259999999999999 0.3688155921875 0.8640000000000001 0.37631184375000004 0.828 0.3718140921875 0.818 0.3793103453125 0.8099999999999999 0.4797601203125 0.9099999999999999 0.46026986562500005 0.9259999999999999 0.3688155921875
0 1 0.3568215890625 0.96 0.364317840625 0.942 0.364317840625 0.924 0.3688155921875 0.914 0.45427286406249995 0.9400000000000001 0.4587706140625 1 0.4452773609375 1 0.3568215890625
0 0.12 0.72713643125 0.126 0.7511244375 0.162 0.7706146921875 0.346 0.7076461765625 0.378 0.701649175 0.368 0.661169415625 0.366 0.6176911546875 0.364 0.57571214375 0.13 0.6311844078125 0.11000000000000001 0.6311844078125 0.118 0.6716641671875 0.13 0.7181409296875 0.12 0.72713643125
0 0.38 0.7031484265625 0.396 0.7076461765625 0.5599999999999999 0.6536731640625 0.5559999999999999 0.5412293859374999 0.386 0.5817091453125001 0.364 0.5787106453125 0.366 0.6176911546875 0.37 0.662668665625 0.38 0.7031484265625
0 0.6940000000000001 0.5082458765625 0.5559999999999999 0.5412293859374999 0.562 0.6506746625 0.6900000000000001 0.6086956515625 0.6940000000000001 0.5082458765625
0 0.8119999999999999 0.4797601203125 0.6940000000000001 0.5067466265625 0.692 0.611694153125 0.8099999999999999 0.57571214375 0.8119999999999999 0.4797601203125
0 0.9119999999999999 0.461769115625 0.8140000000000001 0.4782608703125 0.8119999999999999 0.5742128937500001 0.9019999999999999 0.5427286359375 0.9119999999999999 0.461769115625
0 0.952 0.5337331328125 0.984 0.5187406296875 0.9960000000000001 0.44827586249999996 0.9359999999999999 0.46026986562500005 0.914 0.45577211406249996 0.9119999999999999 0.461769115625 0.9039999999999999 0.5412293859374999 0.922 0.5442278859375 0.952 0.5337331328125
0 0.2 0.884557721875 0.33999999999999997 0.8290854578125 0.37 0.8110944531250001 0.358 0.7076461765625 0.348 0.7076461765625 0.16 0.77211394375 0.122 0.7556221890625 0.146 0.87256371875 0.152 0.8875562218749999 0.16599999999999998 0.8950524734374999 0.2 0.884557721875
0 0.5519999999999999 0.7541229390625 0.548 0.7436281859375 0.546 0.6596701656249999 0.392 0.7091454265625 0.376 0.7046476765625 0.356 0.7076461765625 0.372 0.812593703125 0.396 0.8185907046875001 0.5519999999999999 0.7541229390625
0 0.6839999999999999 0.7076461765625 0.688 0.611694153125 0.5599999999999999 0.6521739125 0.548 0.6596701656249999 0.5519999999999999 0.7511244375 0.5660000000000001 0.7586206890625 0.6839999999999999 0.7076461765625
0 0.8119999999999999 0.664167915625 0.8140000000000001 0.5742128937500001 0.714 0.6056971515625 0.688 0.614692653125 0.688 0.6956521734375001 0.716 0.7031484265625 0.8119999999999999 0.664167915625
0 0.908 0.5502248875 0.906 0.5442278859375 0.8119999999999999 0.57571214375 0.8140000000000001 0.664167915625 0.898 0.6311844078125 0.908 0.5502248875
0 0.992 0.52773613125 0.984 0.5187406296875 0.954 0.5337331328125 0.922 0.5442278859375 0.9039999999999999 0.5442278859375 0.9019999999999999 0.6296851578125 0.978 0.60269865 0.992 0.52773613125
0 0.21600000000000003 0.99850075 0.38 0.9190404796875 0.374 0.8575712140625 0.366 0.815592203125 0.33599999999999997 0.8305847078124999 0.202 0.884557721875 0.16 0.8950524734374999 0.16599999999999998 0.9310344828125 0.178 0.9805097453125 0.184 1 0.21600000000000003 0.99850075
0 0.472 0.8995502249999999 0.564 0.8545727140625001 0.562 0.8005997 0.562 0.7586206890625 0.5519999999999999 0.7541229390625 0.396 0.8185907046875001 0.37 0.8140929531250001 0.374 0.8590704640625001 0.38 0.9175412296875001 0.41200000000000003 0.9205397296875001 0.472 0.8995502249999999
0 0.704 0.7046476765625 0.6900000000000001 0.698650675 0.686 0.7076461765625 0.564 0.7556221890625 0.5660000000000001 0.8515742124999999 0.584 0.8545727140625001 0.6980000000000001 0.7946026984375 0.704 0.7046476765625
0 0.8099999999999999 0.6686656671875 0.726 0.701649175 0.704 0.7046476765625 0.6980000000000001 0.7976012 0.71 0.7946026984375 0.806 0.7481259375 0.8099999999999999 0.6686656671875
0 0.8939999999999999 0.6341829078125001 0.8140000000000001 0.6656671671875001 0.8099999999999999 0.7421289359375 0.8859999999999999 0.7046476765625 0.8939999999999999 0.6341829078125001
0 0.974 0.6716641671875 0.9800000000000001 0.60269865 0.908 0.6281859078124999 0.8939999999999999 0.6341829078125001 0.8859999999999999 0.701649175 0.906 0.7046476765625 0.974 0.6716641671875