0 0.2984181671875 0.104208525 0.2771319421875 0.2270834109375 0.47768144218749997 0.2349311 0.5009089328125 0.112231190625 0.2984181671875 0.104208525
0 0.5014170078125 0.110231190625 0.47717336875000005 0.2369311 0.5257050171875 0.24130553125 0.556788603125 0.11113055624999998 0.5014170078125 0.110231190625
0 0.5572056453124999 0.1173055328125 0.5246888671875001 0.2453055328125 0.5503423656249999 0.2537552140625 0.9008774203125001 0.27307615625000004 0.9675791453125001 0.041776065625 0.604979453125 0.0152302828125 0.569581503125 0.052955578125 0.5572056453124999 0.1173055328125
0 0.2188854203125 0.4407334578125 0.23113212343749998 0.43160834374999996 0.2727413359375 0.22873345781249999 0.2096957078125 0.21895920468750002 0.0372490484375 0.21773617656250002 0.0082125484375 0.42583590468750004 0.2188854203125 0.4407334578125
0 0.48822185625000003 0.24815594062500002 0.5077255484375 0.2417307359375 0.2727413359375 0.22873345781249999 0.23349043281249998 0.4379582984375 0.4422220375 0.452680871875 0.48822185625000003 0.24815594062500002
0 0.44416330468750004 0.45285585 0.45276245312499996 0.4659057125 0.6693501546875 0.47315321875 0.7163661218749999 0.2646282875 0.5498342921875 0.2557552140625 0.5232556765624999 0.2431305546875 0.4901631234375 0.24833091875000002 0.44416330468750004 0.45285585
0 0.716874196875 0.2626282875 0.6712914203125 0.473328196875 0.8916706234375 0.489100634375 0.9527835265625001 0.27980054375 0.716874196875 0.2626282875
0 0 0.6342883296874999 0.229599359375 0.656507709375 0.23745545468749998 0.649032640625 0.27398391875 0.4661577546875 0.29510286875 0.4455575734375 0.22960790000000003 0.43760834375 0.2193934953125 0.43873345781250006 0.0082125484375 0.42583590468750004 0.0094107640625 0.4054859515625 0 0.40902263593750005 0 0.6342883296874999
0 0.297044134375 0.44573254999999995 0.27398391875 0.4661577546875 0.23634827343749998 0.6612076171875 0.5803693890625 0.6983535828125 0.628310471875 0.4940036265625 0.631449953125 0.47382865 0.45470371875 0.466080690625 0.4422220375 0.452680871875 0.297044134375 0.44573254999999995
0 0.5808774624999999 0.6963535828125 0.8166957609375001 0.721700815625 0.8763754718750001 0.5102257484375 0.8509040390625 0.4854261109375 0.631449953125 0.47382865 0.628310471875 0.4940036265625 0.5808774624999999 0.6963535828125
0 0 0.8186355296875 0.07178728906250001 0.8243590234375 0.08352591718749999 0.8172339109375001 0.1170059328125 0.6463590234375001 0 0.634576315625 0 0.8186355296875
0 0.406102075 0.8606301000000001 0.4469301109375 0.684280146875 0.1170059328125 0.6463590234375001 0.0814936171875 0.8252339109375001 0.398245978125 0.86810516875 0.406102075 0.8606301000000001
0 0.4552032515625 0.68298005625 0.41285098906249995 0.8653300109375 0.74605859375 0.913776065625 0.8031068984375 0.7204759734375 0.4552032515625 0.68298005625
0 0 0.9242698015625 0.19872741562500001 0.9421822328125 0.20709158749999998 0.9327071640625 0.22893879843749998 0.846707165625 0.0795523515625 0.8250589328125001 0 0.8196812609374999 0 0.9242698015625
0 0.22843072343749998 0.848707165625 0.2070005546875 0.9408821421875 0.39125865625 0.958627665625 0.5454776671875 0.9451352515625 0.5602961671875 0.886803265625 0.22843072343749998 0.848707165625
0 0.548904415625 0.94483545 0.8261454390624999 0.920580003125 0.562237434375 0.8869782421875 0.548904415625 0.94483545
0 0.774927815625 0.8079510421875 0.747999859375 0.9139510421875 0.8238104828124999 0.920784284375 0.8359307765624999 0.919723896875 0.8637179749999999 0.818 0.774927815625 0.8079510421875
0 0.8166957609375001 0.721700815625 0.8069894296875001 0.7208259296875 0.77686908125 0.8081260203125 0.86034351875 0.8156500453125 0.8166957609375001 0.721700815625