0 0.0467343578125 0.199009271875 0.0326760515625 0.201559934375 0.00634630625 0.2181084125 0.0141961859375 0.48789127656250003 0.09718704375000001 0.459887521875 0.0467343578125 0.199009271875
0 0.0449658359375 0.19714365 0.0954185234375 0.4580219 0.1888461125 0.42576544062500005 0.23490125 0.4075702203125 0.2864244625 0.39056939687500003 0.2361161234375 0.1307582015625 0.13566893124999999 0.13914356875 0.0449658359375 0.19714365
0 0.2947371875 0 0.2255785671875 0.05286301718750001 0.28584706249999997 0.38630116718749996 0.431826475 0.339043753125 0.536966446875 0.29810278125 0.529008096875 0.289707471875 0.48574456093749996 0 0.2947371875 0
0 0.48474955 0 0.52561540625 0.28704328281249997 0.5338624515625 0.297572703125 0.77958546875 0.2311251078125 0.9815992671875 0.18900658125 0.9569688796875001 0 0.48474955 0
0 0.143308296875 0.73357736875 0.08872300625 0.47016917343750003 0.0941012109375 0.453887915625 0.014066171875 0.48342298906250003 0.014565031249999999 0.5005676546875 0.044147515625 0.7393679203125 0.143308296875 0.73357736875
0 0.0939568625 0.4528208578125 0.089607265625 0.4711019828125 0.14020430625 0.7330472953125 0.2409402 0.7267960390625 0.29394323437500003 0.709526725 0.23638106875 0.4073017296875 0.189441671875 0.4245641390625 0.0939568625 0.4528208578125
0 0.36875338750000003 0.3603266203125 0.2357855109375 0.40850303437499996 0.2933295125 0.7161975593750001 0.426729509375 0.7160456328125 0.36875338750000003 0.3603266203125
0 0.549400578125 0.29475355 0.3725972921875 0.36072245000000003 0.4302847140625 0.7143073484375 0.6155683328125 0.72223389375 0.549400578125 0.29475355
0 1 0.3212104359375 0.983223440625 0.18980514843750002 0.7772213859375 0.2304607875 0.5510247500000001 0.29555211875 0.6208920578125 0.7223612359375 0.8662164796875 0.731420028125 1 0.6174178875 1 0.3212104359375
0 0.1196628125 0.951050725 0.076445790625 0.7380558078125 0.046867518749999997 0.737956090625 0.072688025 0.9344288859375001 0.1196628125 0.951050725
0 0.1583952109375 0.7330265765624999 0.077492559375 0.7345861453125 0.12188254375 0.9506479890625 0.205979059375 0.9670941484375 0.1583952109375 0.7330265765624999
0 0.293510184375 0.706325553125 0.2402184484375 0.7214607562500001 0.16030808593749998 0.7359592578124999 0.2050947984375 0.966161334375 0.2558022265625 0.9828213078125 0.33641674374999997 0.9767127046875 0.28970166875 0.7398139734375 0.293510184375 0.706325553125
0 0.2948093359375 0.7159290687500001 0.290874628125 0.7428809000000001 0.335315971875 0.9767961156249999 0.478540496875 0.9659432109375 0.42923794375 0.7177770109375 0.2948093359375 0.7159290687500001
0 0.6182392765625 0.7195628000000001 0.4292561046875 0.712307478125 0.47680873281249997 0.9660744359375 0.527571146875 0.9622278906249999 0.6542642546875 0.9392413812499999 0.6182392765625 0.7195628000000001
0 1 0.6224036203125001 0.8678406515624999 0.7322185953125 0.6173368546875 0.72409951875 0.6502983328124999 0.9399609359375001 1 0.8765129640625 1 0.6224036203125001