0 0.3471160203125 0.549737615625 0.3587037875 0.7093519140625 0.39760346874999997 0.8747035546875 0.7022554249999999 0.7905470875 0.674730603125 0.6301138203125001 0.594056309375 0.49135221875 0.3471160203125 0.549737615625
0 0.393906828125 0.8838480328125 0.34118635625 0.6931832609375 0.33010137031250003 0.5794669 0.058317467187500006 0.6587782718749999 0.0347361796875 0.7484439125 0.054794818749999995 0.8592210078125 0.07764914218749999 0.99708526875 0.2281581921875 0.9918293765625 0.3922262484375 0.9354344593749999 0.393906828125 0.8838480328125
0 0.708330903125 0.78299169375 0.699055759375 0.79645005 0.4086320984375 0.8776039015625001 0.4371509765625 0.9845311890625 0.5227482765625 0.9815420640625 0.7344708296875 0.9353528453125 0.708330903125 0.78299169375
0 0.3874909375 0.9385248484375 0.2308816265625 0.9917342734375 0.4226141796875 0.985038825 0.399530065625 0.892071271875 0.3874909375 0.9385248484375
0 0.2939938484375 0.436528046875 0.0323953828125 0.5199632515625 0.07829738750000001 0.6524707937499999 0.33263095625 0.5757964375 0.3393765171875 0.56600854375 0.300717046875 0.42047159062499995 0.2939938484375 0.436528046875
0 0 0.45055865781250004 0.025778203125 0.5182230437500001 0.29414459531250003 0.4312685 0.2503364921875 0.26799823749999996 0.2386377765625 0.26733039375 0.2300327125 0.27855624843750004 0 0.3475772828125 0 0.45055865781250004
0 0 0.34802120937500003 0.23256229843749998 0.2748857890625 0.23725287968750003 0.2592582796875 0.1936178890625 0.0969970296875 0 0.15675836406250002 0 0.34802120937500003
0 0 0.15021926875 0.19647133125 0.08907604218750001 0.1888544 0.0446794171875 0 0.0852784828125 0 0.15021926875
0 0.38930818437500003 0 0.1995144421875 0.0392931734375 0.2093371 0.08426986875 0.4674791359375 0.029793828124999998 0.46307086249999996 0 0.38930818437500003 0
0 0.20631054531249998 0.091181846875 0.2406480265625 0.260632890625 0.5012972812500001 0.1962178328125 0.477664571875 0.0339176609375 0.20631054531249998 0.091181846875
0 0.5014927578124999 0.20349540312499997 0.2526929640625 0.2633187640625 0.294423725 0.41448085468749996 0.543547378125 0.350406965625 0.51656425625 0.1992693015625 0.50296130625 0.1875023 0.5014927578124999 0.20349540312499997
0 0.5457531015625 0.35098703750000004 0.30002459843749996 0.41643553281249995 0.3379692546875 0.5516678703125 0.5794594203125001 0.48606824687500005 0.5564131453125001 0.34560079374999997 0.5441727281250001 0.33563735 0.5457531015625 0.35098703750000004
0 0.5145567875 0 0.5190093109375 0.029374814062499997 0.5537592328125001 0.0293603203125 0.6956978890625 0 0.5145567875 0
0 0.698613990625 0 0.552742928125 0.029574790625000003 0.5159603890625 0.03001823125 0.5395483671875 0.1797812859375 0.5689376265625 0.1976267984375 0.81317521875 0.14190284687500002 0.806195584375 0 0.698613990625 0
0 0.5723327703125001 0.199001409375 0.5349638 0.1776121328125 0.5180104359375 0.17700764062500002 0.54568600625 0.3321813609375 0.563354184375 0.34309047187499997 0.7953737249999999 0.28367162968750004 0.7904926 0.1508717734375 0.5723327703125001 0.199001409375
0 0.7936873359375001 0.2861186046875 0.58011206875 0.3364173953125 0.55876961875 0.3409213203125 0.5757793359375001 0.45234183124999994 0.6001094234375 0.47752826718749997 0.8262042328125 0.42040527499999997 0.8194412390625001 0.28277481875 0.7977078328125 0.2727236 0.7936873359375001 0.2861186046875
0 0.8233284234375 0.42205770625000005 0.8189393359375 0.427166128125 0.8277738640625 0.5277653046874999 0.9090560765625 0.5043389375 0.8995514640625 0.4059722625 0.8234733593750001 0.3676587140625 0.8233284234375 0.42205770625000005
0 0.82727689375 0.5310068203125 0.837797809375 0.629159025 0.9170474093750001 0.606161603125 0.9058564078125 0.5102419015625 0.82727689375 0.5310068203125
0 0.597903696875 0.4769481984375 0.595591953125 0.49416478750000004 0.6566267390625 0.59211245 0.8259814562500001 0.5480089390625 0.8175768046874999 0.4253625703125 0.597903696875 0.4769481984375
0 0.657643046875 0.591897978125 0.6747082375 0.6238452640625 0.6897689890625001 0.711629503125 0.837585778125 0.66475234375 0.8256352328125001 0.5459909125 0.657643046875 0.591897978125
0 0.6884288234375 0.7160945046875 0.699334884375 0.7796624015625 0.7088502390625 0.7860187375 0.71644480625 0.8241468062499999 0.8568235859375 0.7830214843750001 0.8409809218750001 0.6661269562500001 0.6884288234375 0.7160945046875
0 0.8549640843749999 0.78445944375 0.7176342265625 0.824941346875 0.7376928640625 0.9357184406249999 0.886525959375 0.8886268093749999 0.8712250015624999 0.7810278828125 0.8579459093749999 0.765010353125 0.8549640843749999 0.78445944375
0 0.8058159265624999 0.264739259375 0.8094289140625 0.27966 0.8213007421875 0.2813368578125 0.8242494593749999 0.34762955 0.987313390625 0.36286050312499996 0.9657447484375 0.239353646875 0.8829881765625001 0.22963366875000002 0.8058159265624999 0.264739259375
0 0.9485587437499999 0.648652403125 0.9960745171875001 0.6398124203125 0.9971363671875 0.4572960140625 0.922390640625 0.4408832421875 0.9485587437499999 0.648652403125
0 0.8230600406249999 0.346835009375 0.8231271343750001 0.3656406859375 0.9017571906249999 0.40655233125 0.9037285203125001 0.4364571625 0.9971466625 0.455526203125 0.9973088765625 0.4276439984375 0.9863450890625 0.35942634375 0.8230600406249999 0.346835009375