0 0 0.30630630625 0.3128275859375 0.29983431718750003 0.27558620624999997 0.002640571875 0.0052413796875000005 0.002640571875 0 0.30630630625
0 0.33075862031250003 0.5400745578125 0.3128275859375 0.3019053546875 0.0011034484375000001 0.3101895 0 0.3768768765625 0.0011034484375000001 0.5649269953125 0.33075862031250003 0.5400745578125
0 0 0.7732732734375001 0.265931034375 0.74614269375 0.2424827578125 0.5442166312500001 0 0.5675675671875 0 0.7732732734375001
0 0.2562758625 0.7471782124999999 0 0.774774775 0.0038620687500000002 0.9449622046874999 0.2728275859375 0.9190742468750001 0.2562758625 0.7471782124999999
0 0.2728275859375 0.9180387281250001 0.0135172421875 0.9428911671875 0.028000000000000004 0.9984984984375 0.292 0.9984984984375 0.2728275859375 0.9180387281250001
0 0.2824827578125 0.9170032109375 0.297655171875 0.9967381171874999 0.572 0.9984984984375 0.5845517234375001 0.8869731796875 0.2824827578125 0.9170032109375
0 0.5748965515625 0.8859376625 0.5955862062499999 0.7243968109375001 0.26868965624999996 0.7430361390625 0.27696551875000003 0.9190742468750001 0.5748965515625 0.8859376625
0 0.60386206875 0.53075489375 0.27144827656250003 0.5452521484374999 0.27144827656250003 0.740965103125 0.59696551875 0.726467846875 0.6107586203125 0.541110075 0.60386206875 0.53075489375
0 0.609379309375 0.524541784375 0.6245517234375 0.3081184640625 0.32386206875 0.3019053546875 0.33903448125 0.541110075 0.609379309375 0.524541784375
0 0.3128275859375 0.011960235937499999 0.3252413796875 0.2987987984375 0.62868965625 0.3081184640625 0.6507586203125 0.029564046875 0.3128275859375 0.011960235937499999
0 0.6397241375 0.026457492187499997 0.642 0 0.30731034375 0.000569534375 0.310068965625 0.011960235937499999 0.6397241375 0.026457492187499997
0 0.6519999999999999 0 0.6507586203125 0.029564046875 0.9638620687499999 0.0461323390625 0.9735172421874999 0.0036760906250000005 0.6519999999999999 0
0 0.9224827578125 0.31433157343749996 0.968 0.0523454484375 0.657655171875 0.0368126734375 0.6314482765625 0.31433157343749996 0.646620690625 0.317438128125 0.9224827578125 0.31433157343749996
0 0.6231724140625 0.5369680031249999 0.8686896562499999 0.5266128203125 0.9155862062500001 0.316402609375 0.65213793125 0.31950916406249996 0.62868965625 0.3081184640625 0.61213793125 0.5297193734375 0.6231724140625 0.5369680031249999
0 0.889379309375 0.534896965625 0.8714482765625 0.52868385625 0.6162758625 0.541110075 0.60386206875 0.729574403125 0.889379309375 0.7109350734375 0.9335172421875001 0.5328259296875 0.889379309375 0.534896965625
0 0.59696551875 0.728538884375 0.57903448125 0.890079734375 0.8507586203124999 0.863156259375 0.8811034484375 0.7109350734375 0.59696551875 0.728538884375
0 0.5831724140625 0.891115253125 0.5780000000000001 0.9984984984375 0.8220000000000001 0.9984984984375 0.8548965515625 0.8641917781249999 0.5831724140625 0.891115253125
0 0.998 0.8483483484375001 0.8548965515625 0.8621207421875001 0.8245517234375 0.9925960453125 0.998 0.971471471875 0.998 0.8483483484375001
0 0.8838620687500001 0.7109350734375 0.85213793125 0.8621207421875001 0.9969655187500001 0.8445169312499999 0.998 0.7042042046875 0.8838620687500001 0.7109350734375
0 0.9307586203125 0.5359324828124999 0.8907586203125 0.70575748125 0.998 0.7012012015625 0.998 0.534534534375 0.9307586203125 0.5359324828124999
0 0.998 0.31831831875 0.926620690625 0.3184736453125 0.870068965625 0.5255773015625 0.8907586203125 0.53075489375 0.998 0.534534534375 0.998 0.31831831875
0 0.998 0.0570570578125 0.97213793125 0.057523040625 0.918344828125 0.31122501874999997 0.9348965515625001 0.3184736453125 0.998 0.3168168171875 0.998 0.0570570578125