0 0 0.064 0.12965079375 0.066666665625 0.1275343921875 0.004232804687499999 0 0 0 0.064
0 0.1275343921875 0.004232804687499999 0.1317671953125 0.06984127031250001 0.3592804234375 0.078306878125 0.36351322812500003 0.0031746046875 0.1275343921875 0.004232804687499999
0 0.36351322812500003 0.0031746046875 0.3603386234375 0.0804232796875 0.58044444375 0.08253968125 0.59102645625 0.004232804687499999 0.36351322812500003 0.0031746046875
0 0.5899682546875 0.0031746046875 0.5815026453125001 0.083597884375 0.8079576718749999 0.0804232796875 0.813248678125 0.004232804687499999 0.5899682546875 0.0031746046875
0 0.813248678125 0.004232804687499999 0.8111322765625 0.08148148125 0.998 0.08 0.998 0.006 0.813248678125 0.004232804687499999
0 0.6502857140625 0.0910052921875 0.64287830625 0.260317459375 0.998 0.254 0.998 0.08199999999999999 0.6502857140625 0.0910052921875
0 0.6492275140625 0.0878306875 0.19102645625 0.08148148125 0.18573545 0.2116402125 0.21324867812499998 0.24973545000000003 0.6386455015625 0.2613756625 0.6492275140625 0.0878306875
0 0 0.238 0.14234920625 0.239153440625 0.1381164015625 0.0708994703125 0 0.068 0 0.238
0 0 0.404 0.19102645625 0.409523809375 0.18361904843750002 0.2455026453125 0 0.242 0 0.404
0 0.220656084375 0.2571428578125 0.21430687812500002 0.416931215625 0.4312380953125 0.421164021875 0.44182010624999996 0.2613756625 0.220656084375 0.2571428578125
0 0.44182010624999996 0.2613756625 0.43229629531249997 0.4264550265625 0.64182010625 0.4253968265625 0.6555767203125 0.2634920640625 0.44182010624999996 0.2613756625
0 0.6555767203125 0.2634920640625 0.6471111125 0.4137566140625 0.8555767203125001 0.4148148140625 0.86721693125 0.2613756625 0.6555767203125 0.2634920640625
0 0.8661587296875 0.2613756625 0.858751321875 0.415873015625 0.998 0.41600000000000004 0.998 0.258 0.8661587296875 0.2613756625
0 0.998 0.42000000000000004 0.65451851875 0.416931215625 0.6005502640625 0.43280423125 0.595259259375 0.50687830625 0.6354709 0.565079365625 0.998 0.568 0.998 0.42000000000000004
0 0.5603386234375 0.4306878296875 0.136 0.40846560781249996 0.14129100625 0.5629629625 0.546582009375 0.56719576875 0.5603386234375 0.4306878296875
0 0 0.5660000000000001 0.1381164015625 0.56719576875 0.13705820156249998 0.410582009375 0 0.40800000000000003 0 0.5660000000000001
0 0.998 0.658 0.9942010578125 0.56825396875 0.78679365 0.566137565625 0.7719788359375 0.6761904765625 0.7942010578125 0.7037037046875 0.99208465625 0.7089947078125001 0.998 0.658
0 0.79208465625 0.572486771875 0.64182010625 0.56719576875 0.5889100515625 0.5026455015625 0.557164021875 0.533333334375 0.5486984125000001 0.659259259375 0.5783280421875 0.7068783062499999 0.76774603125 0.715343915625 0.79208465625 0.572486771875
0 0.351873015625 0.5703703703125 0.346582009375 0.70582010625 0.5434074078125 0.7111111125 0.5508148140625 0.5735449734375 0.351873015625 0.5703703703125
0 0.1561058203125 0.56719576875 0.1434074078125 0.7068783062499999 0.345523809375 0.7089947078125001 0.35716402187499996 0.566137565625 0.1561058203125 0.56719576875
0 0 0.71 0.14234920625 0.7142857140625 0.14975661406250002 0.5693121703124999 0 0.564 0 0.71
0 0 0.8380000000000001 0.21113227656250003 0.8359788359375001 0.20372486875 0.710052909375 0.1444656078125 0.7111111125 0 0.712 0 0.8380000000000001
0 0.5793862437499999 0.7089947078125001 0.5529312156249999 0.6634920640625 0.5508148140625 0.7111111125 0.2100740734375 0.7037037046875 0.2100740734375 0.8338624343750001 0.5815026453125001 0.84338624375 0.5984338625000001 0.7142857140625 0.5793862437499999 0.7089947078125001
0 0.7952592593750001 0.7047619046875 0.7719788359375 0.6804232796874999 0.7688042312500001 0.7142857140625 0.59102645625 0.710052909375 0.5836190484375 0.8412698421875 0.9571640218749999 0.840211640625 0.976211640625 0.7089947078125001 0.7952592593750001 0.7047619046875
0 0.764571428125 0.8423280421875001 0.752931215625 0.9650793656250001 0.9317671953125 0.9629629625 0.9444656078125 0.8423280421875001 0.764571428125 0.8423280421875001
0 0.763513228125 0.8455026453125001 0.557164021875 0.8423280421875001 0.5550476203125 0.93121693125 0.56774603125 0.966137565625 0.751873015625 0.9703703703125001 0.763513228125 0.8455026453125001
0 0.3666878296875 0.8423280421875001 0.364571428125 0.966137565625 0.5561058203125 0.9619047625 0.5592804234375001 0.8444444437499999 0.3666878296875 0.8423280421875001
0 0.2121904765625 0.834920634375 0.175153440625 0.8380952374999999 0.1740952375 0.9640211640624999 0.35504762031250003 0.9640211640624999 0.3613968265625 0.8370370375 0.2121904765625 0.834920634375
0 0 0.9640000000000001 0.16986243437499998 0.9693121703124999 0.170920634375 0.8370370375 0 0.8380000000000001 0 0.9640000000000001
0 0.998 0.842 0.946582009375 0.8423280421875001 0.9296507937499999 0.972486771875 0.952931215625 0.9978835984375 0.998 0.9960000000000001 0.998 0.842
0 0.569862434375 0.966137565625 0.5700000000000001 0.998 0.9259999999999999 0.998 0.93070899375 0.9671957687500001 0.569862434375 0.966137565625
0 0.2005502640625 0.9629629625 0.2 0.998 0.5740000000000001 0.998 0.5656296296875001 0.9640211640624999 0.2005502640625 0.9629629625
0 0 0.998 0.184 0.998 0.18679365 0.9650793656250001 0.17197883593750002 0.972486771875 0 0.966 0 0.998
0 0.998 0.716 0.9793862437499999 0.7132275140625 0.9613968265624999 0.8243386234375001 0.9931428578125001 0.8423280421875001 0.998 0.842 0.998 0.716