0 0.658703071875 0.6863636359374999 0.658703071875 0.9045454546875 0.815699659375 0.8954545453125 0.822525596875 0.6818181812499999 0.658703071875 0.6863636359374999
0 0.6655290109374999 0.46363636406250003 0.6655290109374999 0.6818181812499999 0.8293515359375 0.6818181812499999 0.8361774750000001 0.45 0.6655290109374999 0.46363636406250003
0 0.662116040625 0.46363636406250003 0.49146757656249995 0.46818181875000003 0.4948805453125 0.5363636359374999 0.4948805453125 0.6863636359374999 0.658703071875 0.6863636359374999 0.662116040625 0.46363636406250003
0 0.32423208125 0.4727272734375 0.3276450515625 0.6954545453125001 0.4880546078125 0.6772727265625 0.48464163750000006 0.46818181875000003 0.32423208125 0.4727272734375
0 0.16040955625 0.7 0.1740614328125 0.9090909093749999 0.32423208125 0.8954545453125 0.32423208125 0.690909090625 0.16040955625 0.7
0 0.1535836171875 0.48181818125 0.163822525 0.6954545453125001 0.32423208125 0.690909090625 0.3139931734375 0.4727272734375 0.1535836171875 0.48181818125
0 0.29010238906249997 0.2272727265625 0.1262798640625 0.23181818125000003 0.139931740625 0.47727272656249997 0.3139931734375 0.46818181875000003 0.3071672359375 0.2272727265625 0.29010238906249997 0.2272727265625
0 0.3105802046875 0.240909090625 0.32423208125 0.46818181875000003 0.48464163750000006 0.46363636406250003 0.48122866875000003 0.23181818125000003 0.3105802046875 0.240909090625
0 0.4880546078125 0.2272727265625 0.4880546078125 0.4727272734375 0.658703071875 0.45909090937499997 0.658703071875 0.2272727265625 0.4880546078125 0.2272727265625
0 0.662116040625 0.2227272734375 0.662116040625 0.45909090937499997 0.8327645046875001 0.45454545468749996 0.8361774750000001 0.21818181874999998 0.662116040625 0.2227272734375
0 0.30375426562499996 0 0.3105802046875 0.2363636359375 0.48464163750000006 0.2272727265625 0.4880546078125 0 0.30375426562499996 0
0 0.4880546078125 0 0.49146757656249995 0.21818181874999998 0.662116040625 0.21818181874999998 0.67576791875 0 0.4880546078125 0
0 0.6791808875 0.0045454546875000005 0.68259385625 0.21818181874999998 0.860068259375 0.20909090937500002 0.8668941984374999 0 0.6791808875 0.0045454546875000005