0 0 0.1464226296875 0.5084968937500001 0.156054609375 0.5234037265625 0.003100421875 0.000422359375 0.0010334734375 0 0.1464226296875
0 0.9979378875 0.0020669484375 0.5234037265625 0.003100421875 0.5084968937500001 0.1839584125 0.5544596281249999 0.23459865 0.998 0.24126455937500002 0.9979378875 0.0020669484375
0 0 0.3943427625 0.453838509375 0.4009880015625 0.46377639843749996 0.1622554546875 0 0.151414309375 0 0.3943427625
0 0.998 0.242928453125 0.5569441 0.23459865 0.5060124218750001 0.1849918875 0.491105590625 0.367916825 0.527130434375 0.4371595984375 0.998 0.4425956734375 0.998 0.242928453125
0 0.998 0.44592346093749996 0.5258881984375 0.43922654687499996 0.49359006250000004 0.38135199218750004 0.49483229843750004 0.523971434375 0.544521740625 0.64592139375 0.998 0.647254575 0.998 0.44592346093749996
0 0 0.5973377703125 0.4588074546875 0.604582425 0.45756521875 0.4650634046875 0.4550807453125 0.40408842500000003 0 0.3976705484375 0 0.5973377703125
0 0 0.760399334375 0.453838509375 0.7720052500000001 0.48116770156250005 0.599415053125 0.47992546562499994 0.466096878125 0.45756521875 0.4650634046875 0.45756521875 0.607682846875 0 0.5990016640625 0 0.760399334375
0 0.998 0.6505823625 0.544521740625 0.6479883421875 0.5084968937500001 0.566343878125 0.4998012421875 0.7017290015625 0.537068321875 0.8061099 0.998 0.801996671875 0.998 0.6505823625
0 0.48240993750000005 0.604582425 0.45756521875 0.7761391468750001 0.0190559 0.7647709296875 0.031478259375 0.9146246937500001 0.4786832296875 0.9135912203125001 0.5010434781249999 0.7968086328124999 0.48240993750000005 0.604582425
0 0.9942111796875001 0.801976003125 0.5395527953125 0.8061099 0.4998012421875 0.7213650140625 0.4973167703125 0.8050764265625 0.5320993781250001 0.9497628171875 0.9569441 0.9559636625 0.9942111796875001 0.801976003125
0 0.4973167703125 0.8329802296875 0.47992546562499994 0.9146246937500001 0.0501118015625 0.910490796875 0.0364472046875 0.9321937546875001 0.035204968749999996 0.99833610625 0.5072546578125 0.99833610625 0.4973167703125 0.8329802296875
0 0.5283726703125 0.9528632390625 0.50352795 0.8371141265625001 0.5084968937500001 0.9973026328125 0.9457639765625 0.99833610625 0.9606708078124999 0.9538967140624999 0.5283726703125 0.9528632390625
0 0 0.99833610625 0.036 0.99833610625 0.03396273125 0.9321937546875001 0.0501118015625 0.9115242718750001 0.0289937875 0.9146246937500001 0.031478259375 0.8918882609375001 0 0.8968386015625001 0 0.99833610625