0 0.7251916546875 0.027150765625 0.29432850781250003 0.0292802375 0.2950383296875 0.33752129375 0.7124148203125 0.34337734375 0.727321125 0.130962521875 0.7251916546875 0.027150765625
0 0.5619321421875 0.026086031250000002 0.5619321421875 0.00053236875 0.1353279375 0 0.1339082921875 0.020229984375000003 0.2794222046875 0.020229984375000003 0.2950383296875 0.026086031250000002 0.5619321421875 0.026086031250000002
0 0.30213657031249996 0.33858603125000003 0.30355621718750003 0.6196763187500001 0.6897004546875001 0.6281942093749999 0.7088657 0.34603918125 0.30213657031249996 0.33858603125000003
0 0.29858745 0.623402896875 0.29858745 0.87840715625 0.6698253828125 0.8879897781249999 0.6826022171874999 0.632453153125 0.29858745 0.623402896875
0 0.2957481546875 0.8800042593749999 0.2958333328125 0.996875 0.6708333328125 0.996875 0.6719548546875 0.8874574093750001 0.2957481546875 0.8800042593749999
0 0.29432850781250003 0.6143526406250001 0.0018810328125000002 0.615417375 0 0.878125 0.29716780468750004 0.8778747875 0.29432850781250003 0.6143526406250001
0 0.2936186828125 0.8794718906250001 0.0018810328125000002 0.87840715625 0 0.99375 0.2950383296875 0.9955281093749999 0.2936186828125 0.8794718906250001
0 0.29787762500000003 0.336456559375 0.0004613875 0.331132878125 0.0011712078125 0.6143526406250001 0.30213657031249996 0.615417375 0.29787762500000003 0.336456559375
0 0.2843909703125 0.023424190625 0.0018810328125000002 0.024488928125 0.0004613875 0.33006814375000004 0.2950383296875 0.33326235 0.2843909703125 0.023424190625
0 0.7173835875 0.332729984375 0.9958333328125001 0.334375 0.9958333328125001 0.015625 0.7386783078125 0.022891821875000003 0.7308702453125 0.0351362875 0.7287407703125 0.130430153125 0.7173835875 0.332729984375
0 0.9958333328125001 0.634375 0.9958333328125001 0.334375 0.7173835875 0.3343270875 0.7081558796875 0.34550681562499996 0.6932495750000001 0.62074105625 0.9958333328125001 0.634375
0 0.9949247578125 0.900766609375 0.9958333328125001 0.634375 0.6946692203125 0.6202086875 0.6875709828125001 0.6335178875 0.6733745046874999 0.878939521875 0.9949247578125 0.900766609375
0 0.9958333328125001 0.996875 0.9958333328125001 0.9 0.675503975 0.8800042593749999 0.6733745046874999 0.88586030625 0.6712450296875 0.99659284375 0.9958333328125001 0.996875