0 0.295119265625 0.0237355640625 0.034568807812500005 0.028895470312499998 0.0290642203125 0.140349428125 0.298788990625 0.1393174484375 0.311633028125 0.03921528125 0.295119265625 0.0237355640625
0 0.3153027515625 0.017543678125 0.298788990625 0.1393174484375 0.5831926593750001 0.1351895234375 0.594201834375 0.020639621875 0.3153027515625 0.017543678125
0 0.599706421875 0.0154797171875 0.5850275218750001 0.1351895234375 0.8951192656250001 0.1382854671875 0.887779815625 0.012383773437499999 0.599706421875 0.0154797171875
0 0.887779815625 0.0154797171875 0.8951192656250001 0.1382854671875 0.998 0.1372328453125 0.998 0.013498312500000002 0.887779815625 0.0154797171875
0 0.7391559640625001 0.1382854671875 0.7428256875 0.2590272546875 0.998 0.2609673796875 0.998 0.1372328453125 0.7391559640625001 0.1382854671875
0 0.298788990625 0.140349428125 0.2932844046875 0.2621231984375 0.7428256875 0.2590272546875 0.7446605500000001 0.1372534859375 0.298788990625 0.140349428125
0 0 0.26434195781250003 0.29144954218749997 0.2610912171875 0.296954128125 0.1393174484375 0 0.1417322828125 0 0.26434195781250003
0 0.298788990625 0.2621231984375 0.2932844046875 0.3890568734375 0.5868623859375 0.392152815625 0.599706421875 0.2600592359375 0.298788990625 0.2621231984375
0 0.599706421875 0.2600592359375 0.5978715593749999 0.391120834375 0.9079633015624999 0.394216778125 0.9006238546875001 0.2621231984375 0.599706421875 0.2600592359375
0 0.9006238546875001 0.2621231984375 0.9079633015624999 0.394216778125 0.998 0.392575928125 0.998 0.2620922390625 0.9006238546875001 0.2621231984375
0 0 0.388076490625 0.289614678125 0.388024890625 0.302458715625 0.2610912171875 0 0.2654668171875 0 0.388076490625
0 0.29144954218749997 0.388024890625 0.2841100921875 0.523214415625 0.7483302765625 0.5304382828125 0.7538348625 0.393184796875 0.29144954218749997 0.388024890625
0 0.7538348625 0.393184796875 0.752 0.5304382828125 0.998 0.5343082109374999 0.998 0.394825646875 0.7538348625 0.393184796875
0 0 0.5230596171874999 0.27677064218749997 0.5242463953125001 0.2932844046875 0.391120834375 0 0.39145106875 0 0.5230596171874999
0 0.28044036562499997 0.523214415625 0.2749357796875 0.6676917687499999 0.5850275218750001 0.6728516734375 0.590532109375 0.5314702625 0.28044036562499997 0.523214415625
0 0.590532109375 0.5314702625 0.594201834375 0.6718196921875 0.9208073406249999 0.6759476171875 0.9079633015624999 0.5355981875 0.590532109375 0.5314702625
0 0.9079633015624999 0.5355981875 0.9171376140625 0.6759476171875 0.998 0.6782902140625 0.998 0.5388076484375001 0.9079633015624999 0.5355981875
0 0 0.6625421828125 0.27677064218749997 0.6676917687499999 0.2841100921875 0.5242463953125001 0 0.5253093359375 0 0.6625421828125
0 0.27677064218749997 0.6676917687499999 0.2694311921875 0.809073178125 0.7501651375 0.8173290265625001 0.7501651375 0.6800755406250001 0.27677064218749997 0.6676917687499999
0 0.7501651375 0.6800755406250001 0.7464954125000001 0.8162970453125 0.998 0.824521934375 0.998 0.6782902140625 0.7501651375 0.6800755406250001
0 0 0.8031496062500001 0.26576146875 0.812169121875 0.27310091875000003 0.6707877109375 0 0.6636670421875001 0 0.8031496062500001
0 0.2694311921875 0.8152650640625 0.2602568796875 0.9628383609375 0.5831926593750001 0.9752221343749999 0.5831926593750001 0.8183610078125 0.2694311921875 0.8152650640625
0 0.5813577984375 0.8183610078125 0.5886972484374999 0.973158171875 0.9208073406249999 0.9834779828125001 0.911633028125 0.82455289375 0.5813577984375 0.8183610078125
0 0.911633028125 0.82455289375 0.9226422015625 0.9814140203124999 0.998 0.98425196875 0.998 0.826771653125 0.911633028125 0.82455289375
0 0 0.951631046875 0.25658715625 0.9638703421875 0.26209174375 0.813201103125 0 0.8042744656249999 0 0.951631046875