0 0.86861780625 0.47699050937500004 0.9900000890625 0.4593978640625 0.9598842296875001 0.28132420625 0.925938221875 0.2772940765625 0.7903690859375 0.2927534921875 0.8486052609374999 0.30844604375 0.86861780625 0.47699050937500004
0 0.7924044015625 0.2956589078125 0.657534575 0.3152533203125 0.7009494640625 0.3254721109375 0.7176533109375 0.5018403140625 0.867050871875 0.481419253125 0.8486052609374999 0.30844604375 0.7924044015625 0.2956589078125
0 0.548929484375 0.3303869359375 0.5475999953125 0.345349003125 0.57487966875 0.5203463859374999 0.7157367203125 0.5042015609375 0.7009494640625 0.3254721109375 0.65282725 0.314807065625 0.548929484375 0.3303869359375
0 0.36166991249999997 0.163448946875 0.3986643015625 0.359371740625 0.546669753125 0.344413171875 0.5486985515625 0.3335860984375 0.522692265625 0.1478595625 0.36166991249999997 0.163448946875
0 0.3966289828125 0.356466321875 0.42600659218750003 0.5438686953125 0.573487559375 0.5258088796875 0.546669753125 0.344413171875 0.3966289828125 0.356466321875
0 0.199773421875 0.1738695859375 0.23374614375 0.3701840421875 0.3966289828125 0.356466321875 0.3596907015625 0.15631061562499998 0.199773421875 0.1738695859375
0 0.2684116640625 0.55690100625 0.42379644843750003 0.5399295296875 0.3945375640625 0.35779381875 0.2329907296875 0.37028195625000004 0.2684116640625 0.55690100625
0 0.0619731375 0.38611049999999997 0.096582553125 0.577060378125 0.2519673390625 0.5600889015625 0.2639352734375 0.5532555875 0.23107413437500002 0.3726432046875 0.0619731375 0.38611049999999997
0 0.0263708578125 0.1847252140625 0.0634839703125 0.3859146671875 0.23322166093750002 0.36708279374999997 0.1988431765625 0.1729337515625 0.0263708578125 0.1847252140625
0 0 0.4009646359375 0.055062185937499994 0.39545756718749997 0.0633091421875 0.3848809203125 0.027832103125 0.20249478437500001 0.0121366765625 0.19185227656249998 0 0.193900021875 0 0.4009646359375
0 0 0.5505356875 0.008435221875 0.600412753125 0.09629551875 0.5844924546875 0.0548873578125 0.39442381718749997 0 0.40063679687500003 0 0.5505356875
0 0.0079789203125 0.5977146671875 0.039463684375 0.78388258125 0.132527975 0.7667806734375 0.0986804890625 0.5894653703125 0.0079789203125 0.5977146671875
0 0.0973379703125 0.5769624624999999 0.132871115625 0.7551156828125001 0.29057825312499996 0.7336175484375 0.2595214984375 0.5591097453125 0.0973379703125 0.5769624624999999
0 0.2913336671875 0.733519634375 0.44357806406250005 0.7116731578125 0.42071868125 0.54455410625 0.25934667031249997 0.5580759953125 0.2913336671875 0.733519634375
0 0.5723263828125 0.5280722109375 0.4208935078125 0.54558785625 0.446543625 0.7155144078125 0.5944303515625 0.6952891765625 0.5723263828125 0.5280722109375
0 0.593269175 0.69755250625 0.735168678125 0.6738776875 0.71643603125 0.5083365578125 0.5740681484375 0.5246772140625 0.593269175 0.69755250625
0 0.8700164296875 0.48526050468750004 0.71724755 0.5040057296875 0.741792596875 0.671962696875 0.8870073156249999 0.654196628125 0.8700164296875 0.48526050468750004
0 0.8689674609375 0.47905800625 0.8878749390625 0.6456328859375 0.996606721875 0.62983058125 0.9973455828125 0.502831415625 0.9909126921875 0.46479403750000003 0.8689674609375 0.47905800625
0 0.9009700203125 0.809791928125 0.9956536843749999 0.793643990625 0.9966071187500001 0.629762421875 0.8863641078125 0.6458287171875 0.9009700203125 0.809791928125
0 0.7445833281249999 0.6747701984375001 0.7631411484374999 0.8392775796875 0.8941712734375 0.8106731703125 0.879802809375 0.6572432859374999 0.7445833281249999 0.6747701984375001
0 0.5979764984375 0.6979987624999999 0.62408848125 0.8615269859374999 0.75924534375 0.83450049375 0.7406314187499999 0.674226028125 0.5979764984375 0.6979987624999999
0 0.4438716171875 0.71797356875 0.4701023203125 0.8867684546874999 0.61449900625 0.8596007265625 0.58931726875 0.6970083359375 0.4438716171875 0.71797356875
0 0.293368984375 0.73642505 0.32151628125 0.9028586890625 0.46766124531250003 0.886028453125 0.46782955781249996 0.8733297140625 0.4433471328125 0.7148723203125 0.293368984375 0.73642505
0 0.1332207703125 0.7571831828125 0.1684603640625 0.929035990625 0.31831978906249997 0.9022166031250001 0.286801171875 0.734107128125 0.1332207703125 0.7571831828125
0 0.039463684375 0.78388258125 0.068210640625 0.9538619828125 0.16247965625 0.93931889375 0.16805460625 0.9312014078124999 0.132527975 0.7667806734375 0.039463684375 0.78388258125
0 0.1804618140625 1 0.170383471875 0.9404072359375 0.069507371875 0.955595440625 0.076660796875 1 0.1804618140625 1
0 0.4897226328125 1 0.47347364062499997 0.888444290625 0.3205860359375 0.90192285625 0.33633670000000004 1 0.4897226328125 1
0 0.3347320296875 1 0.3198306203125 0.902020771875 0.16729918906250002 0.931299321875 0.180104390625 1 0.3347320296875 1
0 0.6415223484375 1 0.6223467171875 0.8649219796875001 0.611826996875 0.8620598859375 0.4766701359375 0.8890863765624999 0.4941747125 1 0.6415223484375 1
0 0.6982645125 1 0.7760548843749999 0.9886703828125001 0.7605252453125 0.8375038296874999 0.6237388265625 0.8594594890625 0.6431209296875 1 0.6982645125 1
0 0.7627353890624999 0.8414429953125 0.7839587015625 0.9897587250000001 0.9155133109375001 0.9642555640625 0.8999836703125 0.8130890078125 0.7627353890624999 0.8414429953125
0 0.917548628125 0.9671609796875 0.9947522031249999 0.9485953203124999 0.9956277484375 0.7981020578125 0.8982980109375 0.8122510890625 0.917548628125 0.9671609796875