0 0 0.489711934375 0.47784924531249995 0.477697128125 0.51001005 0.48390098593750003 0.5120201 0.34121223437500003 0.47985929531249993 0.3163967984375 0.484884421875 0.21816903437500001 0.48287437187500004 0.17474202187500001 0.48200000000000004 0 0 0.0020576125 0 0.489711934375
0 0.5009648234374999 0.98227764375 0.5069949734375 0.9078313375 0.5120201 0.7620406562500001 0.5170452265625001 0.6048762328125 0.5120201 0.5159542578125 0.47583919531249996 0.500444609375 0.0024723625 0.4911388203125 0 0.9958847734375 0.488 0.9979423875 0.5009648234374999 0.98227764375
0 0.7260904515625 0.3556879046875 0.7200603015625 0.32983849374999996 0.7291055281250001 0.14475670624999998 0.49392964843750004 0.12304319999999999 0.47985929531249993 0.317430775 0.51403015 0.3484500703125 0.7260904515625 0.3556879046875
0 0.49392964843750004 0.026883389062500002 0.490914571875 0.11166945937499999 0.6155376875 0.11890729375 0.7180502515625 0.12097524687500001 0.7210653265625 0 0.49392964843750004 0.002067953125 0.48990954843749995 0.011373740625 0.49392964843750004 0.026883389062500002
0 0.9451859296875 0.1530285171875 0.9512160796875 0.001033978125 0.7220703515625 0.002067953125 0.7140301499999999 0.1406208 0.9451859296875 0.1530285171875
0 0.8698090453124999 0.7031039984375 0.8748341703125 0.3670616453125 0.5381507546875001 0.35465392812499996 0.5230753765625 0.6927642328125 0.8698090453124999 0.7031039984375
0 0.8677989937499999 0.707239903125 0.5210653265625 0.6948321859375 0.5039799 0.9967533140624999 0.8539999999999999 0.9979423875 0.8677989937499999 0.707239903125
0 0.998 0.37654320937499997 0.8848844218749999 0.37223152812500004 0.8718190953124999 0.7134437609375001 0.998 0.720164609375 0.998 0.37654320937499997
0 0.998 0.7263374484375 0.8708140703125 0.720681596875 0.8607638203124999 0.9977872906249999 0.998 0.9979423875 0.998 0.7263374484375
0 0.96327638125 0.35051802187500003 0.9683015078125001 0.1581983984375 0.7381507546875 0.1468246578125 0.7291055281250001 0.33914428124999996 0.7361407046874999 0.3608577859375 0.95423115625 0.3711975515625 0.96327638125 0.35051802187500003
0 0.9512160796875 0.001033978125 0.9461909546875 0.151994540625 0.998 0.1563786015625 0.998 0.0020576125 0.9512160796875 0.001033978125
0 0.998 0.16460905312500002 0.9743316578125001 0.16233430468750001 0.96930653125 0.35051802187500003 0.9552361796875 0.37533345625000003 0.998 0.3786008234375 0.998 0.16460905312500002