0 0.09136787656249999 0.35162835000000003 0.3307461140625 0.34335474062500004 0.3307461140625 0.0010342015625 0.075823834375 0.0041368046875000005 0.09136787656249999 0.35162835000000003
0 0.3307461140625 0.0010342015625 0.333854921875 0.34335474062500004 0.5680518140624999 0.3381837359375 0.5773782375 0 0.3307461140625 0.0010342015625
0 0.5773782375 0 0.5753057 0.3381837359375 0.9183108796875 0.335081134375 0.923492228125 0.0041368046875000005 0.5773782375 0
0 0.68100518125 0.3402521375 0.675823834375 0.7115303078124999 0.8913678765625 0.7001540953125 0.9006943 0.3361153328125 0.68100518125 0.3402521375
0 0.4364455953125 0.342320540625 0.4447357515625 0.7187697140625 0.6716787562500001 0.712564509375 0.6737512953125 0.3402521375 0.4364455953125 0.342320540625
0 0.0747875640625 0.3578335546875 0.094476684375 0.7239407203125 0.44369948125 0.7177355125 0.43437305625 0.3474915453125 0.0747875640625 0.3578335546875
0 0.11105699375 0.7270433234375 0.1286735765625 0.9969697906249999 0.34318134843750003 0.9980039921875001 0.3328186515625 0.72290651875 0.11105699375 0.7270433234375
0 0.3328186515625 0.72290651875 0.34836269375 0.9969697906249999 0.5587253875 0.9980039921875001 0.5566528500000001 0.720838115625 0.3328186515625 0.72290651875
0 0.5566528500000001 0.720838115625 0.560797928125 0.995935590625 0.8830777203125001 0.9980039921875001 0.8975854921875 0.7011882968750001 0.5566528500000001 0.720838115625
0 0.0602797921875 0.4602194578125 0.06649740937500001 0.587426184375 0.086186528125 0.5884603859374999 0.0768601046875 0.45711685468749996 0.0602797921875 0.4602194578125
0 0 0.82035928125 0.03230051875 0.8159846109375 0.0333367875 0.7725481671875001 0.0768601046875 0.7094619062499999 0.08100518125 0.6711964671875 0.09136787656249999 0.6608544578125 0.086186528125 0.5884603859374999 0.06338860156250001 0.5853577828125001 0 0.6267465062500001 0 0.82035928125
0 0.11002072656249999 0.7249749203125 0.09033160625 0.726009121875 0.09033160625 0.6670596625 0.0747875640625 0.7115303078124999 0.03437305625 0.7725481671875001 0.047844559375 0.995935590625 0.126 0.9980039921875001 0.11002072656249999 0.7249749203125
0 0 0.9980039921875001 0.016 0.9980039921875001 0.04369948125 0.9711147640625001 0.0333367875 0.8159846109375 0 0.82035928125 0 0.9980039921875001