0 0 0.3793103453125 0.12166666562499999 0.3810954375 0.188333334375 0.36803378750000004 0.14944444375 0.0033960296874999997 0 0.0031347968750000004 0 0.3793103453125
0 0.150833334375 0.004484500000000001 0.1661111125 0.044757925 0.8313888875 0.021900034375 0.8425 0.0012190875 0.150833334375 0.004484500000000001
0 0.1688888875 0.044757925 0.19805555625 0.3919801453125 0.839722221875 0.389803203125 0.8577777781249999 0.0273423890625 0.1688888875 0.044757925
0 0.200833334375 0.40286485625 0.19111111249999999 0.3647683734375 0.12861111249999999 0.38000696562499997 0.0008333343749999999 0.377830025 0.0022222218750000003 0.9917276203125001 0.22861111250000002 0.9939045625 0.200833334375 0.40286485625
0 0.205 0.3930686171875 0.21749999999999997 0.73920236875 0.8438888875 0.7348484843749999 0.850833334375 0.395245559375 0.205 0.3930686171875
0 0.2188888875 0.740290840625 0.22861111250000002 0.997169975 0.8438888875 0.997169975 0.839722221875 0.7337600140625 0.2188888875 0.740290840625
0 0.8633333343749999 0.0023075578125 0.8661111125 0.1340125390625 0.9966666656250001 0.13618948125000002 0.9925 0.005572971875 0.8633333343749999 0.0023075578125
0 0.8661111125 0.135101009375 0.8536111125 0.3342911875 0.998 0.3369905953125 0.998 0.14106583125 0.8661111125 0.135101009375
0 0.995277778125 0.3342911875 0.8772222218750001 0.3342911875 0.864722221875 0.5138888890625 0.998 0.5219435734375 0.995277778125 0.3342911875
0 0.998 0.5219435734375 0.859166665625 0.5138888890625 0.8536111125 0.6880442343750001 0.998 0.70376175625 0.998 0.5219435734375
0 0.998 0.70376175625 0.846666665625 0.6869557656249999 0.8425 0.8665534656249999 0.998 0.8793103453125 0.998 0.70376175625
0 0.998 0.8793103453125 0.8411111124999999 0.8665534656249999 0.8460000000000001 0.9984326015624999 0.994 0.9984326015624999 0.998 0.8793103453125