0 0.766 0.265367315625 0.738 0.4812593703125 0.95 0.47676161875 0.994 0.265367315625 0.766 0.265367315625
0 0.74 0.48275862031249994 0.634 0.48575712187500003 0.626 0.6701649171875 0.89 0.6581709140625 0.914 0.4782608703125 0.74 0.48275862031249994
0 0.704 0.6686656671875 0.688 0.815592203125 0.874 0.8080959515625 0.9 0.6581709140625 0.704 0.6686656671875
0 0.834 0.9475262375 0.8480000000000001 0.938530734375 0.8640000000000001 0.8110944531250001 0.692 0.8170914546875 0.618 0.82308845625 0.612 0.8575712140625 0.61 0.9685157421874999 0.63 0.9670164921875 0.834 0.9475262375
0 0.6980000000000001 0.6701649171875 0.626 0.6716641671875 0.492 0.67616191875 0.488 0.8305847078124999 0.618 0.8215892046875 0.6839999999999999 0.8170914546875 0.6980000000000001 0.6701649171875
0 0.604 0.9685157421874999 0.604 0.82458770625 0.488 0.8320839578125 0.35 0.8410794609375 0.354 0.8875562218749999 0.36 0.988005996875 0.42000000000000004 0.9820089953125001 0.604 0.9685157421874999
0 0.352 0.685157421875 0.346 0.6806596703125 0.274 0.6821589203125 0.286 0.8440779609375 0.488 0.8305847078124999 0.488 0.67766116875 0.352 0.685157421875
0 0.268 0.497751125 0.022 0.5082458765625 0.048 0.6911544234375 0.34199999999999997 0.67766116875 0.33199999999999996 0.49325337343750003 0.268 0.497751125
0 0.27999999999999997 0.8425787109374999 0.272 0.6806596703125 0.038 0.697151425 0.068 0.865067465625 0.134 0.8605697156250001 0.256 0.8515742124999999 0.27999999999999997 0.8425787109374999
0 0.22200000000000003 1 0.354 0.9910044984375 0.348 0.8425787109374999 0.27999999999999997 0.8455772109374999 0.256 0.8530734624999999 0.06999999999999999 0.8680659671875001 0.092 1 0.22200000000000003 1
0 0.488 0.67616191875 0.62 0.6716641671875 0.626 0.48725637187500004 0.33599999999999997 0.49475262343750004 0.346 0.67616191875 0.352 0.686656671875 0.488 0.67616191875
0 0.648 0.2668665671875 0.512 0.265367315625 0.512 0.49025487187500005 0.73 0.48275862031249994 0.756 0.26236881562500003 0.648 0.2668665671875
0 0.366 0.2713643171875 0.306 0.2698650671875 0.292 0.2698650671875 0.288 0.2518740625 0.268 0.25337331406249997 0.246 0.27586206875 0.274 0.49475262343750004 0.508 0.48725637187500004 0.504 0.2698650671875 0.366 0.2713643171875
0 0 0.4452773609375 0.006 0.5067466265625 0.262 0.4962518734375 0.272 0.49325337343750003 0.244 0.27436281875 0.262 0.2518740625 0.022 0.2458770609375 0 0.2593703140625 0 0.4452773609375
0 1 0.014992503125 0.6980000000000001 0.0029985000000000003 0.63 0.028485757812500002 0.632 0.1499250375 0.626 0.2548725640625 0.654 0.25787106406250004 0.6679999999999999 0.263868065625 0.762 0.260869565625 0.966 0.263868065625 1 0.1034482765625 1 0.014992503125
0 0.262 0 0.264 0.0314842578125 0.264 0.07496251875 0.27 0.1169415296875 0.29 0.2503748125 0.294 0.26836581718749997 0.366 0.2698650671875 0.508 0.2668665671875 0.622 0.263868065625 0.624 0.2548725640625 0.632 0.1499250375 0.628 0 0.262 0
0 0.262 0.07346326875 0.262 0.02398800625 0.21400000000000002 0.02248875625 0.23199999999999998 0.2503748125 0.288 0.2503748125 0.268 0.115442278125 0.262 0.07346326875
0 0 0.24437781093750002 0.22999999999999998 0.2488755625 0.21400000000000002 0.02248875625 0.186 0.014992503125 0.13799999999999998 0.011994003125 0.072 0.011994003125 0 0.0164917546875 0 0.24437781093750002