0 0.89606983125 0.0469610296875 0.5245097765625 0.0274883921875 0.5454354890625 0.116806234375 0.89606983125 0.0469610296875
0 1 0.37036285 0.9101491359375 0.0476988953125 0.895915546875 0.04695294375 0.5744170359375 0.1126253125 0.66610985 0.470268834375 1 0.429476184375 1 0.37036285
0 1 0.43097795625 0.6332640953124999 0.4750072125 0.727295215625 0.8338587046875 1 0.8118484640625001 1 0.43097795625
0 1 0.8132075140625 0.731565628125 0.8347879453125 0.7671635421875 1 0.8289054390624999 1 1 0.9753176343750001 1 0.8132075140625
0 0.30419830625 0.2335082203125 0.5707296234375 0.18733151718750002 0.588217471875 0.192535178125 0.5963520890625 0.19290696406250002 0.5744170359375 0.1126253125 0.5439095890625001 0.1185716609375 0.5227661015625 0.0273970109375 0.49867879843749996 0.0261346484375 0.26114061093749996 0.075918315625 0.30419830625 0.2335082203125
0 0.30501071562500004 0.2364816171875 0.340241078125 0.38747422343750004 0.6100220328125 0.353191096875 0.6426594234375 0.3623904484375 0.59797690625 0.19885375 0.5734741359375 0.19002618437500002 0.30501071562500004 0.2364816171875
0 0.3367830765625 0.3895183765625 0.373638259375 0.5464577703125 0.6418933140624999 0.5139400703125 0.6332640953124999 0.4750072125 0.668041953125 0.4699901046875 0.6411335234375 0.3641558734375 0.612360340625 0.354399065625 0.3367830765625 0.3895183765625
0 0.4131390328125 0.6983796171875001 0.6875966015625 0.666512428125 0.640367415625 0.5157054953125 0.3725185640625 0.54970989375 0.4131390328125 0.6983796171875001
0 0.395541740625 0.714825903125 0.4062019828125 0.7611922453125 0.7012981171875 0.7387100828125 0.686070703125 0.6682778546875 0.4073427234375 0.699215803125 0.395541740625 0.714825903125
0 0.765135428125 1 0.732685321875 0.831535821875 0.7186554734375 0.8242880078124999 0.7012981171875 0.7387100828125 0.266179225 0.770575065625 0.24359803281249998 0.7908309296875 0.2258028984375 0.7918527859375 0.1737139859375 0.8658149828124999 0.200721334375 0.9793614296875001 0.34296519375 1 0.765135428125 1
0 0.1178555796875 0.6760751921875 0.170255984375 0.8678591375 0.2277350015625 0.7915740578125 0.245936340625 0.7920389 0.268111328125 0.7702963390625001 0.38027223125 0.7618423171875001 0.4062019828125 0.7611922453125 0.3959479453125 0.7163126 0.407748928125 0.7007025 0.3820485890625 0.62869051875 0.1539614953125 0.6538682296875 0.1178555796875 0.6760751921875
0 0.04743063125 0.55797515625 0.075864959375 0.6620439640625 0.3917091046875 0.627296878125 0.30805198906250003 0.2623129265625 0.040400978125 0.311741753125 0.04743063125 0.55797515625