0 0.2276245109375 0.2646485265625 0.219820240625 0.0843764171875 0.046175257812499995 0.08097505625 0.0468256140625 0.2725850328125 0.2276245109375 0.2646485265625
0 0.2230720203125 0.0843764171875 0.228274865625 0.263514740625 0.4201298109375 0.24537415 0.41882910000000007 0.08210884375000001 0.2230720203125 0.0843764171875
0 0.42663336875 0.08210884375000001 0.4285844359375 0.25217687031249997 0.6269429375 0.24537415 0.625642225 0.0843764171875 0.42663336875 0.08210884375000001
0 0.625642225 0.0843764171875 0.62824365 0.23857142968749998 0.8240007281249999 0.24537415 0.82139930625 0.0832426296875 0.625642225 0.0843764171875
0 0.82139930625 0.0832426296875 0.8207489499999999 0.248775509375 0.9514704546875 0.23743764375 0.9553725890625 0.0832426296875 0.82139930625 0.0832426296875
0 0.35444388125000004 0.25444444375 0.0494270359375 0.2725850328125 0.044224190625 0.45965986406250003 0.3531431703125 0.43925169999999997 0.35444388125000004 0.25444444375
0 0.6932792234375 0.24650793593749998 0.3511921015625 0.2555782296875 0.3589963703125 0.43585034062499994 0.69132815625 0.43585034062499994 0.6932792234375 0.24650793593749998
0 0.9560229453125 0.23857142968749998 0.694579934375 0.25217687031249997 0.6906778015625 0.43131519375 0.9534215218750001 0.4369841265625 0.9560229453125 0.23857142968749998
0 0.3466396125 0.457392290625 0.34989139062499997 0.442653059375 0.044224190625 0.45285714375 0.044224190625 0.6444671203125 0.348590678125 0.62519274375 0.3466396125 0.457392290625
0 0.6854749546875001 0.620657596875 0.686125309375 0.4381179140625 0.35184245625 0.4381179140625 0.3479403234375 0.4585260765625 0.3479403234375 0.6263265296875 0.6854749546875001 0.620657596875
0 0.9521208109374999 0.434716553125 0.69132815625 0.43244897968749996 0.686775665625 0.6217913828125 0.9521208109374999 0.6240589562500001 0.9521208109374999 0.434716553125
0 0.204211703125 0.8168027203125 0.2159181078125 0.806598640625 0.20941455000000003 0.6342630406249999 0.042273125 0.64560090625 0.04747596875 0.8145351468750001 0.204211703125 0.8168027203125
0 0.39996878125 0.629727890625 0.20551241562499997 0.6365306140625 0.2165684625 0.8122675734374999 0.4051716296875 0.8213378703125 0.39996878125 0.629727890625
0 0.60353013125 0.620657596875 0.4019198515625 0.6308616765624999 0.4051716296875 0.8145351468750001 0.5970265734375 0.8156689328125 0.60353013125 0.620657596875
0 0.7986368546875 0.6274603171875001 0.60353013125 0.6229251703124999 0.6015790625 0.80092970625 0.7953850765625 0.8043310671875 0.7986368546875 0.6274603171875001
0 0.9534215218750001 0.7986621296874999 0.952771165625 0.62519274375 0.7973361437500001 0.6274603171875001 0.7973361437500001 0.7986621296874999 0.8135950359375 0.813401359375 0.9534215218750001 0.7986621296874999
0 0.2081138375 0.8168027203125 0.0468256140625 0.8156689328125 0.048126325 0.9936734703125 0.21721881875000001 0.9925396828125 0.2081138375 0.8168027203125
0 0.3993184265625 0.8213378703125 0.20746348124999997 0.8156689328125 0.21526775156250003 0.9925396828125 0.39996878125 0.9925396828125 0.3993184265625 0.8213378703125
0 0.5937747953125 0.813401359375 0.4019198515625 0.8145351468750001 0.3993184265625 0.990272109375 0.59637621875 0.9891383234375001 0.5937747953125 0.813401359375
0 0.7849793843749999 0.8088662140625 0.5957258624999999 0.806598640625 0.598327284375 0.9846031734375 0.7810772484374999 0.9812018140625 0.7849793843749999 0.8088662140625
0 0.9553725890625 0.80092970625 0.8122943250000001 0.813401359375 0.7953850765625 0.79752834375 0.7882311625 0.8088662140625 0.7836786734375 0.9812018140625 0.9508201 0.9755328796875 0.9553725890625 0.80092970625
0 0.9534215218750001 0.9766666671875001 0.59637621875 0.9846031734375 0.5984703640625 0.9966666671875 0.9521988531250001 0.9966666671875 0.9534215218750001 0.9766666671875001