0 1 0.5454545453125 0.8454545453125 0.540909090625 0.8333333328125001 0.5636363640625001 0.8636363640625 1 1 1 1 0.5454545453125
0 0.8636363640625 1 0.8303030296875 0.55 0.675757575 0.5454545453125 0.6696969703125 0.5636363640625001 0.690909090625 1 0.8636363640625 1
0 0.6878787875000001 1 0.6666666671875 0.540909090625 0.509090909375 0.540909090625 0.503030303125 0.5636363640625001 0.5121212125 1 0.6878787875000001 1
0 0.5121212125 1 0.5 0.540909090625 0.33030302968749997 0.540909090625 0.3333333328125 1 0.5121212125 1
0 0.33030302968749997 1 0.33030302968749997 0.540909090625 0.16363636406249998 0.5363636359374999 0.1454545453125 1 0.33030302968749997 1
0 0.1424242421875 1 0.16060606093750002 0.53181818125 0.0393939390625 0.53181818125 0 0.5363636359374999 0 1 0.1424242421875 1
0 0.8454545453125 0.540909090625 0.8727272734374999 0.540909090625 0.8545454546875 0.3136363640625 0.7393939390625001 0.309090909375 0.7515151515625 0.5454545453125 0.8303030296875 0.5454545453125 0.8303030296875 0.5636363640625001 0.8454545453125 0.540909090625
0 0.675757575 0.5454545453125 0.7363636359375 0.5454545453125 0.7272727265625 0.309090909375 0.603030303125 0.3045454546875 0.609090909375 0.5363636359374999 0.6666666671875 0.5363636359374999 0.6696969703125 0.5636363640625001 0.675757575 0.5454545453125
0 0.4727272734375 0.29545454531250004 0.4727272734375 0.540909090625 0.603030303125 0.5363636359374999 0.596969696875 0.3 0.4727272734375 0.29545454531250004
0 0.3424242421875 0.29545454531250004 0.3424242421875 0.5363636359374999 0.4696969703125 0.540909090625 0.4696969703125 0.29545454531250004 0.3424242421875 0.29545454531250004
0 0.20909090937500002 0.29545454531250004 0.20303030312499998 0.5363636359374999 0.3363636359375 0.5363636359374999 0.3363636359375 0.29545454531250004 0.20909090937500002 0.29545454531250004
0 0.2 0.5363636359374999 0.20606060624999997 0.290909090625 0.075757575 0.29545454531250004 0.06363636406249999 0.5272727265625 0.16060606093750002 0.5272727265625 0.1666666671875 0.5363636359374999 0.2 0.5363636359374999
0 0.69393939375 0 0.70606060625 0.3045454546875 0.8242424249999999 0.309090909375 0.803030303125 0 0.69393939375 0
0 0.575757575 0 0.5848484843749999 0.29545454531250004 0.596969696875 0.3 0.70606060625 0.3045454546875 0.69393939375 0 0.575757575 0
0 0.45454545468749996 0 0.4575757578125 0.290909090625 0.58181818125 0.29545454531250004 0.5727272734375 0 0.45454545468749996 0
0 0.33030302968749997 0 0.3333333328125 0.290909090625 0.45454545468749996 0.290909090625 0.4515151515625 0 0.33030302968749997 0
0 0.20909090937500002 0 0.2 0.2772727265625 0.20606060624999997 0.290909090625 0.33030302968749997 0.290909090625 0.3272727265625 0 0.20909090937500002 0
0 0.078787878125 0 0.0666666671875 0.2863636359375 0.0696969703125 0.309090909375 0.07272727343749999 0.290909090625 0.19696969687500002 0.2863636359375 0.20909090937500002 0 0.078787878125 0