0 0.20588592656250002 0.095748940625 0.0538391578125 0.0741834015625 0.027857175 0.22583965625000002 0.18369637187500001 0.24793571406249998 0.20588592656250002 0.095748940625
0 0.1813923015625 0.24826162031250001 0.028206865625 0.2261845015625 0.0012299828125000001 0.38006899375000003 0.15914996406249998 0.40910742187500004 0.1813923015625 0.24826162031250001
0 0 0.5395978703125001 0.13527550156249998 0.5663569859375001 0.159392003125 0.408887628125 0.0015348765625 0.38067531250000003 0 0.38956546875 0 0.5395978703125001
0 0 0.6990896875 0.098732646875 0.7212002562500001 0.1128164703125 0.7141517187499999 0.13316867500000001 0.5667245765625 0 0.5392646265625001 0 0.6990896875
0 0 0.8568714156249999 0.0821468265625 0.87646788125 0.09305669375 0.8676648124999999 0.1128164703125 0.7141517187499999 0.0989298890625 0.7212419421875 0 0.698727646875 0 0.8568714156249999
0 0.27131291874999997 0.9199669640625 0.295241553125 0.7659801671875 0.114655909375 0.7272747828125 0.1108728578125 0.7302685078125 0.09215208124999999 0.8753309921874999 0.27131291874999997 0.9199669640625
0 0.29300901874999996 0.76469553125 0.31969836875 0.6053314125 0.1395165890625 0.5702336390625 0.1322460046875 0.5733031671875 0.11152674843749999 0.725258775 0.29300901874999996 0.76469553125
0 0.135096315625 0.567402890625 0.320334896875 0.6051949875 0.34596649375 0.4472329890625 0.34003980624999997 0.44245822968750004 0.1656590046875 0.410482990625 0.1584512765625 0.41437863124999996 0.135096315625 0.567402890625
0 0.3417521453125 0.44200727031250003 0.3485747640625 0.44155250468749996 0.37478941093749996 0.2861522125 0.36832446874999997 0.278554271875 0.18186770000000002 0.2502586890625 0.15932914843749998 0.40806151562500004 0.3417521453125 0.44200727031250003
0 0.3685217140625 0.2785959546875 0.3924142328125 0.1224339796875 0.21091529531250003 0.0938314296875 0.20694368124999998 0.09434681875 0.18294351250000002 0.24994415625 0.3685217140625 0.2785959546875
0 0.39638515 0.11595769375000001 0.3927278078125 0.12060364531250001 0.368458859375 0.2777698421875 0.372413109375 0.2821277625 0.55867333125 0.3163425578125 0.561201384375 0.31470927031249996 0.5860620640625 0.157668125 0.58479699375 0.1495434234375 0.39638515 0.11595769375000001
0 0.374655021875 0.28693664218750004 0.3494620140625 0.4387596328125 0.5377307859375 0.475566446875 0.5646448140625 0.32085584218749996 0.5611031093750001 0.3176688765625 0.3733364734375 0.2815100703125 0.374655021875 0.28693664218750004
0 0.32118603125 0.6002269375 0.5119206984375 0.6405352468750001 0.5384749640625001 0.47599465625 0.3491571171875 0.43815331406249997 0.347077725 0.4431327359375 0.32118603125 0.6002269375
0 0.5123151859374999 0.6406186140625 0.32063909687500003 0.5998404093749999 0.29344830312500003 0.7645174234375001 0.48486429375 0.80442783125 0.5123151859374999 0.6406186140625
0 0.271662609375 0.9203118078125 0.274316371875 0.9203307453124999 0.46119575625 0.9592824265625 0.4867030359375 0.8115899984375 0.485411228125 0.8048143609375 0.29498145625 0.7651123703125 0.271662609375 0.9203118078125
0 0.48662142968750005 0.8037153984375 0.486882221875 0.8105440921874999 0.46252159375 0.9503505484374999 0.46797357812499996 0.9590891375 0.6566729546875 0.9981544937500001 0.6816774 0.8438531640625 0.4931572109375 0.8037419 0.48662142968750005 0.8037153984375
0 0.48719371093749997 0.790831065625 0.493049559375 0.803177265625 0.6819194390625001 0.843633371875 0.7122574515625 0.6820599546875 0.5199722703125 0.6460300046875 0.5132118109375 0.6413499859375 0.48719371093749997 0.790831065625
0 0.513506634375 0.6324711656249999 0.5202591078125 0.6455487375 0.7089939015625 0.6808283765625001 0.7363552015625 0.5175421124999999 0.543872775 0.481470478125 0.5367994359375 0.48458169218749997 0.513506634375 0.6324711656249999
0 0.564824 0.3198099359375 0.537972825 0.4753466546875 0.5433438984375 0.4821715390625 0.72991769375 0.5145560015624999 0.734121971875 0.510296578125 0.76225488125 0.3520503578125 0.5665984984375 0.3142241953125 0.564824 0.3198099359375
0 0.5862145109375 0.1579712875 0.5617924203125 0.308873425 0.5665984984375 0.3142241953125 0.7555485953125001 0.35063310625 0.7595195125 0.34415681875000004 0.786531121875 0.180525709375 0.5891811515625001 0.150198990625 0.5862145109375 0.1579712875
0 0.7857789562499999 0.18849505 0.7597615546875 0.3439370265625 0.7626941656249999 0.3518722484375 0.7619506828125 0.357404934375 0.9465794750000001 0.393984390625 0.9528544640625001 0.387182196875 0.9833449234374999 0.2259119421875 0.7857789562499999 0.18849505
0 0.9474761015625001 0.3947157625 0.7611169109375 0.357499675 0.734821353125 0.5109862656249999 0.91914525 0.5469594 0.9474761015625001 0.3947157625
0 0.9006512390625 0.7145580953125 0.9292949687500001 0.5545232234374999 0.9208756484375 0.54759603125 0.73814775625 0.5130439578125 0.7101947281250001 0.6762051703124999 0.9006512390625 0.7145580953125
0 0.902516025 0.714410296875 0.7113333921875 0.6767167484375001 0.7095856328125 0.680953428125 0.7124994921875001 0.6818401609375 0.6840161953125 0.8337806406249999 0.688867765625 0.84483083125 0.8816912015625 0.8836839624999999 0.9114649171875 0.7265973265625 0.902516025 0.714410296875
0 0.8563927187499999 1 0.8783828546875 0.882713859375 0.688670521875 0.8447891484375001 0.6838818046874999 0.8345650687499999 0.6580435890625 0.9889611390624999 0.6618280296875 0.997889209375 0.6727056859375 1 0.8563927187499999 1
0 0.9146994890625001 1 0.9342556078124999 0.88585136875 0.8835639750000001 0.8751386125 0.8820856890625001 0.8837673296874999 0.8783828546875 0.882713859375 0.8574343343749999 1 0.9146994890625001 1
0 0.9028375875 0.704182409375 0.9012697078125 0.71333408125 0.911751753125 0.7261160578125 0.8833667296875 0.8750969281250001 0.9342556078124999 0.88585136875 0.9620294515625 0.7237360609375 0.9098494609375001 0.7121668796875 0.9028375875 0.704182409375
0 0.9295370078125 0.5543034312499999 0.9022458562500001 0.7040573578125 0.9096522171875 0.7121251953125001 0.9620294515625 0.7237360609375 0.984852296875 0.5905196296875 0.9857182874999999 0.560757459375 0.9274742843749999 0.5484486453125 0.9295370078125 0.5543034312499999
0 0.9199429078125 0.5446894828125 0.9203373953125 0.54477285 0.926882553125 0.5483235953125 0.98573296875 0.5602528640625 0.9904042640625 0.3997108609375 0.949394365625 0.391869834375 0.9199429078125 0.5446894828125
0 0.953096503125 0.38696240625 0.9493315109375 0.3910437203125 0.9904134515624999 0.3993951046875 0.9954028781250001 0.2279196640625 0.98299523125 0.225567096875 0.953096503125 0.38696240625