0 0.2263197515625 0.5983569703125 0.266389328125 0.8116896609375001 0.48411150156250005 0.7433639765625 0.454815865625 0.5334268765625 0.2263197515625 0.5983569703125
0 0 0.6916126515625 0.0101777484375 0.7597706796875 0.04953595 0.885833471875 0.266389328125 0.8116896609375001 0.2283007796875 0.5978724625 0 0.6715773140625 0 0.6916126515625
0 0.48565813125 0.7399704046875 0.6882099109375 0.666309084375 0.6736502703125 0.45879855625 0.45636249375000004 0.530033303125 0.48565813125 0.7399704046875
0 0.688887746875 0.6570973859375 0.8685359796875 0.5950682859375 0.8627692484375 0.39143785468750003 0.6736502703125 0.45879855625 0.688887746875 0.6570973859375
0 0.8651846750000001 0.393862409375 0.8669893500000001 0.5984618578124999 0.9710863218749999 0.56838046875 0.9785943015624999 0.40718114375000003 0.969988225 0.3531536703125 0.8651846750000001 0.393862409375
0 0.8721307203125 0.7841533984375 0.8776918796875 0.7526402203125 0.9119422515625001 0.7894930687499999 0.961916228125 0.7652660625000001 0.9711196453125 0.5676650249999999 0.8665549515625001 0.5955527921875 0.8721307203125 0.7841533984375
0 0.8796729093750001 0.7521557140625 0.8743551843749999 0.771548128125 0.895172753125 0.8147015953125001 0.8974832328125 0.8714273296874999 0.9576571421875 0.8567103625 0.9620521312499999 0.7623481812499999 0.9134888828125 0.786099496875 0.8796729093750001 0.7521557140625
0 0.70209171875 0.8830313109375 0.7073044953125 0.9179400765624999 0.897048834375 0.8685182656249999 0.8947383546875001 0.8117925296875 0.8760927765625001 0.7831843828125 0.689823621875 0.8558787062500001 0.70209171875 0.8830313109375
0 0.6908687734375001 0.6566128765625 0.6822668265625 0.6677626078125 0.6878425953125 0.8563632125 0.86971529375 0.7817288421875 0.8669893500000001 0.5984618578124999 0.6908687734375001 0.6566128765625
0 0.48565813125 0.7399704046875 0.5051011 0.9251794546875001 0.6862959640625 0.8597567828124999 0.6802857984374999 0.668247115625 0.48565813125 0.7399704046875
0 0.4860925296875 0.74287946875 0.26286166875 0.8155677406249999 0.2951514546875 0.9820908359375 0.356306415625 0.9788858406250001 0.5031200703125001 0.9256639625 0.4860925296875 0.74287946875
0 0.0420462328125 0.8906805671875 0.066798340625 0.994058315625 0.2951011421875 0.9820934734375 0.2608806390625 0.8160522484375001 0.0420462328125 0.8906805671875
0 0.502685671875 0.9227548984375 0.3536391171875 0.979025628125 0.50049268125 0.9713293578125001 0.5076550140625 0.9697844265625 0.502685671875 0.9227548984375
0 0.5092016453125 0.9663908546875 0.709719921875 0.9203646328125 0.70209171875 0.8830313109375 0.6862959640625 0.8597567828124999 0.5051011 0.9251794546875001 0.5092016453125 0.9663908546875
0 0 0.67142548125 0.2283007796875 0.5978724625 0.178621971875 0.347690959375 0 0.3985734609375 0 0.67142548125
0 0.42736276718750005 0.28082485 0.1762065453125 0.345266403125 0.23115060468749998 0.6032060828125 0.46737986875 0.5213081296875 0.42736276718750005 0.28082485
0 0.66817945 0.2158967703125 0.426493971875 0.27500672187499997 0.46936089843750006 0.520823621875 0.6945727875000001 0.44765084374999997 0.66817945 0.2158967703125
0 0.892050278125 0.38126117187499997 0.8836771593750001 0.16017635937500002 0.6657640234375 0.21347221562500002 0.6969882140625 0.45007539999999996 0.892050278125 0.38126117187499997
0 0.9374083656250001 0.13497388593749998 0.8819395671875 0.148540103125 0.8940313078125 0.380776665625 0.9695538265625 0.35024460468749996 0.9374083656250001 0.13497388593749998
0 0.866387390625 0 0.871356590625 0.16017434218749999 0.9398237921874999 0.1373984421875 0.919306665625 0 0.866387390625 0
0 0.638882078125 0 0.6657640234375 0.21347221562500002 0.8693755609375 0.16065885 0.8606754390625 0 0.638882078125 0
0 0.41902974375 0 0.3964344875 0.0049503140625 0.4315682609375 0.267735071875 0.6661984203125 0.21638127968749998 0.63895014375 0 0.41902974375 0
0 0.13029883125 0.0790860578125 0.1861116875 0.3428438625 0.43002163125 0.27112864375 0.38696374218749996 0.0102819171875 0.13029883125 0.0790860578125
0 0 0.393264575 0.1861116875 0.3428438625 0.1307332296875 0.081995121875 0 0.112147140625 0 0.393264575