0 0.1975251421875 0.0865680765625 0.1590151265625 0.3721956875 0.3924495578125 0.4164492796875 0.447320453125 0.1378218546875 0.1975251421875 0.0865680765625
0 0.457087653125 0.13995961562499998 0.4840822625 0.019724840625 0.20010004375 0.0081534515625 0.1933732640625 0.0822400890625 0.457087653125 0.13995961562499998
0 0.158283403125 0.375454796875 0.1616953734375 0.34884749843749996 0.14436432500000002 0.36898904843749997 0.10975136249999999 0.6144384953124999 0.3309767953125 0.656019884375 0.37779875937499996 0.4132426390625 0.158283403125 0.375454796875
0 0.1146349609375 0.615507375 0.0848974109375 0.827831309375 0.289761965625 0.8624125125000001 0.33512867343749997 0.660347871875 0.1146349609375 0.615507375
0 0.2595147625 0.9857241421875 0.284878365625 0.8613436328124999 0.08074553125 0.8235033234375001 0.0666125703125 0.9435033796875001 0.2595147625 0.9857241421875
0 0.47564126250000005 1 0.5087840453125 0.8795768328125 0.29586237031249996 0.8466514171874999 0.29147204375 0.8662060609375001 0.28658844375000003 0.8651371796875 0.26439836250000004 0.9867930218750001 0.3247396453125 1 0.47564126250000005 1
0 0.3419608 0.6413276703124999 0.299035890625 0.84392675 0.5112258453125 0.8801112734375 0.5656280328125 0.6834435 0.3419608 0.6413276703124999
0 0.3978182421875 0.403947290625 0.3931812796875 0.413190171875 0.3851241578125 0.414845959375 0.340250721875 0.637534121875 0.5663597546875 0.6801843937500001 0.628325790625 0.46123730937499996 0.3978182421875 0.403947290625
0 0.46099289531250004 0.1339758421875 0.4002600421875 0.4044817296875 0.6412665109375 0.460650403125 0.7183602421875 0.1971447 0.46099289531250004 0.1339758421875
0 0.7208020421875 0.197679140625 0.759106365625 0.0727117234375 0.5401010687500001 0.022007432812499998 0.4866208296875 0.0198282796875 0.46099289531250004 0.1339758421875 0.7208020421875 0.197679140625
0 0.7247072828125 0.1916953671875 0.9764593093749999 0.2570544515625 0.9918879703125001 0.214915421875 0.9961113359375 0.12423805000000002 0.7598380875 0.069452615625 0.7247072828125 0.1916953671875
0 0.715186721875 0.19986936718749998 0.6473669171875 0.44488930625 0.6639744328125 0.4622012546875 0.900829021875 0.5140419406250001 0.9886683093749999 0.259726653125 0.744241684375 0.1959708875 0.715186721875 0.19986936718749998
0 0.663242709375 0.4654603625 0.643461675 0.45087308125 0.5839374390625001 0.6703546031250001 0.5858941546875001 0.6844599140625001 0.8139599015625001 0.7412154906249999 0.891061821875 0.5119041796875 0.663242709375 0.4654603625
0 0.5695332750000001 0.6774597250000001 0.5129359234375 0.8839048203125 0.7261042375 0.9271419968749999 0.7880784609375 0.7423893046875001 0.5695332750000001 0.6774597250000001
0 0.7060523062499999 1 0.7261042375 0.9271419968749999 0.515377725 0.8844392609374999 0.489432509375 1 0.7060523062499999 1