0 1 0.161021171875 0.72825139375 0.07673308281249999 0.699239959375 0.2395976359375 1 0.3304064390625 1 0.161021171875
0 0.6784198546875 0.22518325625000002 0.7058047484375 0.069770821875 0.565826246875 0.026353781250000003 0.1971091140625 0.0091805046875 0.1799505984375 0.0833039640625 0.6784198546875 0.22518325625000002
0 0.1724387984375 0.0777913859375 0.1875117421875 0.0087335 0.11633650625 0.005418459375 0.1047735578125 0.058395026562499994 0.1724387984375 0.0777913859375
0 0.056627996874999996 0.278977725 0.13008974375 0.301763309375 0.175544084375 0.0835285234375 0.1041229421875 0.06137587343749999 0.056627996874999996 0.278977725
0 0.1689507859375 0.54296749375 0.21147735625 0.3381465203125 0.1787389328125 0.3184441203125 0.0563026890625 0.28046815 0.02275408125 0.4341737484375 0.0269547234375 0.5143267515625001 0.1336986578125 0.5447639578125 0.1689507859375 0.54296749375
0 0.6862569640625 0.2292054109375 0.18199120468750002 0.083936896875 0.1344962609375 0.3015387515625 0.17906424062499998 0.316953696875 0.2107379828125 0.3315518921875 0.6405660703125 0.4585060953125 0.6862569640625 0.2292054109375
0 1 0.3342663421875 0.6938575203124999 0.2442934640625 0.6555009171874999 0.459955778125 1 0.5610818234375 1 0.3342663421875
0 0.7065160171875 0.4757790984375 0.21449388281249998 0.33430818125 0.1714054546875 0.5516854765625 0.6688987859375 0.6980360390625 0.7065160171875 0.4757790984375
0 1 0.5613983265625 0.7184343328125 0.48106711874999997 0.6770612015624999 0.7005677703125001 0.9899242421875 0.7944256484375 1 0.7482627640625 1 0.5613983265625
0 0.94287573125 1 0.987233021875 0.7967735625000001 0.6886542109375 0.707346215625 0.6476951421875 0.9349319171875001 0.8733904828125001 1 0.94287573125 1
0 0.42680627187500003 0.629311659375 0.1826731578125 0.5599543453125 0.13591758437499998 0.784150825 0.37360358125 0.8530997640625 0.6456545390625 0.934298984375 0.68661360625 0.7067132828125 0.42680627187500003 0.629311659375
0 0.1333741578125 0.7658573671875 0.1779413328125 0.561669328125 0.1656089515625 0.5482962546875 0.1317468125 0.5537065 0.027180198437500004 0.5186290859375 0.040237703125 0.7677811218749999 0.08842183125 0.7821496921875 0.1333741578125 0.7658573671875
0 0.3547947640625 0.9093274890625 0.3634005609375 0.8499351 0.10906442499999999 0.777413121875 0.0860559203125 0.7830071828125 0.0403508015625 0.7699391546875 0.046226065625 0.882045875 0.34692833749999996 0.975314503125 0.3547947640625 0.9093274890625
0 0.8651055375000001 1 0.6476951421875 0.9349319171875001 0.3899284125 0.8581632265625 0.36325316875 0.980377965625 0.42592934531250004 1 0.8651055375000001 1