0 0.25844110625 0.09622764218749999 0.09786476875 0.099479675 0.09641813593750001 0.25557723593750004 0.2569944734375 0.25557723593750004 0.25844110625 0.09622764218749999
0 0.25554784062499997 0.0030027109375 0.261334375 0.25882926875 0.641799034375 0.25882926875 0.6519254703125 0.004086721875 0.25554784062499997 0.0030027109375
0 0.961505078125 0.5244119234375 0.9933310203125 0.24582113906249997 0.998220640625 0.132 0.649032203125 0.13416802187500002 0.641799034375 0.2512411921875 0.6229927953125001 0.5189918687499999 0.961505078125 0.5244119234375
0 0.29605358437499996 0.25882926875 0.006726846875 0.25882926875 0.0023869453125 0.5233279140625 0.3047333859375 0.5254959343750001 0.29605358437499996 0.25882926875
0 0.6461389343749999 0.25666124687499997 0.2931603171875 0.25882926875 0.3134131875 0.522243903125 0.6258860625 0.5233279140625 0.6461389343749999 0.25666124687499997
0 0.29460695000000003 0.5211598921875 0.0023869453125 0.517907859375 0.0038335796875000002 0.7683143625 0.3090732859375 0.7574742546875 0.29460695000000003 0.5211598921875
0 0.6229927953125001 0.5244119234375 0.314859821875 0.5233279140625 0.3293261578125 0.7520542 0.6229927953125001 0.7704823859375 0.6229927953125001 0.5244119234375
0 0.965844978125 0.5211598921875 0.6389057671875 0.52007588125 0.6229927953125001 0.7607262859375 0.9499320093750001 0.7737344171875 0.965844978125 0.5211598921875
0 0.31051992031250003 0.7563902437500001 0.006726846875 0.7704823859375 0.0414460546875 0.9753604328125001 0.3264328921875 0.9905365859374999 0.31051992031250003 0.7563902437500001
0 0.615759628125 0.7693983734375001 0.3134131875 0.7574742546875 0.3264328921875 0.9905365859374999 0.6258860625 0.9840325203125 0.615759628125 0.7693983734375001
0 0.9340190375 0.774818428125 0.6229927953125001 0.7639783203125 0.6172062609375 0.9883685640625 0.9253392343750001 0.9916205953125001 0.9340190375 0.774818428125
0 0.998220640625 0.48666666718749996 0.9701848796875 0.48755555624999997 0.9557185421875 0.6815934953125 0.998220640625 0.74 0.998220640625 0.48666666718749996
0 0.9398055734374999 0.8853875328124999 0.998220640625 0.9960000000000001 0.998220640625 0.728 0.9557185421875 0.6815934953125 0.9484853734375 0.7683143625 0.9412522062500001 0.77265040625 0.9398055734374999 0.8853875328124999