0 0.590972559375 0.2479253859375 0.9783118468750001 0.35673078125 0.9923272531249999 0.1563011453125 0.653157665625 0.055405271874999995 0.590972559375 0.2479253859375
0 0.5329212937500001 0.423179053125 0.944631553125 0.5471673640625 0.9682071296875 0.50123498125 0.9782866875 0.3570905765625 0.59065201875 0.248917759375 0.5329212937500001 0.423179053125
0 0.5280135640625 0.42496778125 0.47438348281250003 0.5775970125 0.86177603125 0.6964397484375 0.94071865 0.55034459375 0.5280135640625 0.42496778125
0 0.47470402500000003 0.576604640625 0.3985810875 0.8346171890624999 0.747220071875 0.94832255 0.8673912453125 0.70139750625 0.47470402500000003 0.576604640625
0 0.42377108124999996 0.7387573609375 0.43207196875 0.7085900781250001 0.1705346265625 0.6156712328125 0.1612171828125 0.6847329234374999 0.3881348046875 0.7552479484375 0.42377108124999996 0.7387573609375
0 0.36573008125 0.8290795859375001 0.40033832968749994 0.8068348796875 0.4218478296875 0.7447115906249999 0.3878142640625 0.7562403203125 0.1724144140625 0.6902828265625 0.1559454484375 0.7680798515625 0.36573008125 0.8290795859375001
0 0.30876842031249996 0.5004987187500001 0.2754435421875 0.6483539046875 0.4297617734375 0.7068054515625 0.47428387968749997 0.5645001656249999 0.30876842031249996 0.5004987187500001
0 0.314350434375 0.5010908625 0.1607728953125 0.453751421875 0.14598330312500002 0.45038637968749995 0.12873018281249998 0.597637125 0.27611782812499996 0.6507347796875 0.314350434375 0.5010908625
0 0.359027078125 0.3359651265625 0.314704178125 0.5044641078125001 0.475919790625 0.5639039218749999 0.540901640625 0.39400414375000004 0.359027078125 0.3359651265625
0 0.313388809375 0.5040679781249999 0.353445065625 0.335372984375 0.2416055609375 0.2973364203125 0.24769585468750002 0.2784813578125 0.181131825 0.2834801140625 0.158462696875 0.45196679375000004 0.313388809375 0.5040679781249999
0 0.5643343890625 0.3259266234375 0.5711424328125 0.22888660781249998 0.28172821875 0.137372659375 0.24715437499999998 0.2935629484375 0.522132740625 0.38508509687500003 0.5643343890625 0.3259266234375
0 0.567926753125 0.323741765625 0.5959352234375 0.2102193609375 0.416050315625 0.1549573453125 0.4125907578125 0.1746046640625 0.573098884375 0.22729799375 0.567926753125 0.323741765625
0 0.44633578125 0.0388539546875 0.4196426765625 0.1527724875 0.5988865 0.210019246875 0.636036146875 0.09053851093750001 0.44633578125 0.0388539546875
0 0.33522670312499997 0.0968609359375 0.3660331203125 0.135538834375 0.35965548593749996 0.1597518859375 0.4135855859375 0.175993165625 0.443030759375 0.035680823437499995 0.5597115890625 0.0631974265625 0.5259538906250001 0.024719640625 0.5251229921875 0.024457996875 0.36176278281249996 0.016849371874999998 0.36122378906249997 0.020844440625 0.33522670312499997 0.0968609359375
0 0 0.7523404421875 0.0614713421875 0.7701178890625 0.15829910625000002 0.689298653125 0.168611375 0.6216254640625001 0.054771959375 0.665743340625 0 0.64938441875 0 0.7523404421875
0 0 0.649375996875 0.049510484375000004 0.664158825 0.1663011828125 0.6198408328125 0.12677373281249998 0.5992257390625 0.13226640625 0.50178959375 0.0857534390625 0.5117379078125001 0 0.479772171875 0 0.649375996875
0 0 0.47992824062499995 0.0791765984375 0.5097572640625 0.13585876875 0.4996047359375 0.14729866875 0.4507825078125 0.1607064890625 0.4450201921875 0.1655912828125 0.35393440468750004 0.11570689375000001 0.351978359375 0.0086759046875 0.3167945875 0 0.3436544953125 0 0.47992824062499995
0 0.0111185171875 0.3183033140625 0.1199735390625 0.3521743734375 0.172168125 0.35591505 0.17587035 0.281895596875 0.251962503125 0.2786773734375 0.265634728125 0.1782600125 0.074552590625 0.1174480953125 0.0111185171875 0.3183033140625
0 0.1963723515625 0.044155309375 0.2808432578125 0.0641495640625 0.28844262187499997 0.01343443125 0.11439780468750001 0.0053281640625 0.10446257968749999 0.038254371875 0.1963723515625 0.044155309375