0 0.7072106359375 0 0.7009039890625 0.0467089609375 0.8935745953125 0.058607996875 0.9913530296875 0.05868046406250001 0.9971336484375 0 0.7072106359375 0
0 0.8658079781250001 0.1090139265625 0.877364846875 0.11451271562500001 0.8400472703125 0.18561925937499998 0.8251728249999999 0.250237715625 0.8329512593749999 0.252928915625 0.955394390625 0.243531125 0.98870015 0.120025778125 0.9929098968750001 0.0644702234375 0.8791314640625 0.0648633078125 0.8658079781250001 0.1090139265625
0 0.856472675 0.1005329671875 0.866466765625 0.0739844015625 0.7995745953125 0.0613431171875 0.80268833125 0.07292263593750001 0.562466765625 0.08282989843750001 0.5460413609375 0.16791619062500002 0.5149867109375 0.41972734218749996 0.53633383125 0.4803743296875 0.772998528125 0.4647355015625 0.8400472703125 0.18561925937499998 0.877364846875 0.11451271562500001 0.856472675 0.1005329671875
0 0.8251728249999999 0.250237715625 0.7849867109375 0.4118711453125 0.7923220140625 0.4204102984375 0.9089867109374999 0.4082631140625 0.954951259375 0.249379078125 0.8251728249999999 0.250237715625
0 0.7923220140625 0.4204102984375 0.7849867109375 0.4118711453125 0.778327921875 0.44707525312499996 0.7921122656249999 0.4758494671875 0.7696868609374999 0.561110340625 0.8730162546875 0.540598584375 0.8779025171875 0.528786290625 0.8743456484375001 0.5230547234375 0.8956632250000001 0.452413734375 0.9092082765624999 0.40533913750000006 0.7923220140625 0.4204102984375
0 0.7696868609374999 0.561110340625 0.7406026671875 0.681575321875 0.8397104953125 0.66410393125 0.8730162546875 0.540598584375 0.7696868609374999 0.561110340625
0 0.7426026671875 0.681517128125 0.7374948375 0.6962533984375 0.711273271875 0.6999338984375 0.6959556953125 0.7704003078125 0.8150635234375001 0.752346975 0.8397104953125 0.66410393125 0.7426026671875 0.681517128125
0 0.772998528125 0.4647355015625 0.550555396875 0.47704299375000003 0.552112265625 0.482832753125 0.555669134375 0.48856431875000006 0.52216544375 0.720024021875 0.7374948375 0.6962533984375 0.7921122656249999 0.4758494671875 0.7785494875000001 0.44415127656250003 0.772998528125 0.4647355015625
0 0.5149867109375 0.41972734218749996 0.5000945390625 0.4055730125 0.43187297343750003 0.41047558593750005 0.4296573171875 0.439715353125 0.42010635625 0.46041596562500003 0.32010635625 0.46332566875000003 0.3149926203125 0.4518043453125 0.3198729734375 0.413734453125 0.3136514078125 0.4168330125 0.29522600312499997 0.5019774984375001 0.28927918125 0.7384704390625 0.517943878125 0.7230643875 0.547226003125 0.4946450484375 0.54433383125 0.480141553125 0.5149867109375 0.41972734218749996
0 0.5460413609375 0.16791619062500002 0.5602452 0.08581206875 0.7271314640625001 0.06928605625 0.5191314640625 0.0753382375 0.5051550984375 0.180775978125 0.492478584375 0.1373818828125 0.47402363437500006 0.091238390625 0.46580206874999996 0.09439514375 0.49515509843750005 0.18106694843749999 0.5018316125 0.22463562656249997 0.5131787328125 0.2855735828125 0.5018729734375 0.4084387953125 0.5149867109375 0.41972734218749996 0.5460413609375 0.16791619062500002
0 0.5161654437500001 0.7201986046875 0.500189078125 0.8256945390625001 0.6892969078125 0.8056044140624999 0.7114948375 0.697009921875 0.5161654437500001 0.7201986046875
0 0.293500746875 0.735430075 0.2939497875 0.7558397171875 0.294644028125 0.8783557640625 0.49819498749999996 0.8520103296875 0.5119438781250001 0.72323896875 0.293500746875 0.735430075
0 0.5059675125 0.8284439328125 0.4922127140625 0.930957696875 0.49288331875 0.9484433624999999 0.6690989765625 0.9141407125000001 0.6912969078125 0.8055462203125 0.5059675125 0.8284439328125
0 0.304644028125 0.8780647953124999 0.29911079375 0.9774218046875 0.49132645156250004 0.9426536046875 0.501973421875 0.8548179171875001 0.304644028125 0.8780647953124999
0 0.6668774109375 0.9171228843750001 0.49888331875 0.94826878125 0.49422453125 0.98341469375 0.6622245312499999 0.97852639375 0.6764283703125 0.8964222718749999 0.6668774109375 0.9171228843750001
0 0.30733235937500003 0.974265053125 0.30622453125 0.9888849359374999 0.48822453125000004 0.9835892765625 0.49088331875 0.9485015578124999 0.30733235937500003 0.974265053125
0 0.2934298421875 0.4203389296875 0.29077105312499996 0.45542665 0.279441659375 0.4732614796875 0.241663225 0.47144319062499995 0.23677105312500002 0.45699788906250005 0.2352082765625 0.424950534375 0.21298671093750002 0.4285146453125 0.209884790625 0.46945031875 0.182998528125 0.481902746875 0.15766322500000002 0.473887340625 0.15676514531250002 0.4330680546875 0.10898671093750001 0.43154073593750003 0.0427887796875 0.5414154984375 0.0528183234375 0.6724125062499999 0.2917045859375 0.6537915062499999 0.29411817500000004 0.51659738125 0.3069867109375 0.425779525 0.2934298421875 0.4203389296875
0 0.0528183234375 0.6724125062499999 0.048812415625 0.646271296875 0.0303751921875 0.67890059375 0.049757765625 0.8971513453125001 0.28575185625 0.8640268515624999 0.2881477171875 0.6480599421875 0.0528183234375 0.6724125062499999
0 0.28997342187499997 0.8609864875 0.08375776562500001 0.896162046875 0.09022453124999999 0.99516989375 0.300446096875 0.9861355406250001 0.3004224625 0.8811051593749999 0.28997342187499997 0.8609864875
0 0.1240354515625 0.1539375421875 0.0798197953125 0.18439938281249998 0.08027474375 0.23106661874999998 0.0598316125 0.2374965125 0.0867356015625 0.30381687031250004 0.0949867109375 0.43194809375 0.15476514531250002 0.43312625000000005 0.15653767031250002 0.40973443749999994 0.16408863125 0.38909201875 0.17186115625 0.3655256234375 0.17319055 0.3479817640625 0.189855246875 0.33874428125 0.19474741874999998 0.3531895828125 0.19697489375 0.3764650078125 0.2085317625 0.381963796875 0.2152082765625 0.42553247499999997 0.2352082765625 0.424950534375 0.23587297343750002 0.4161786046875 0.239196459375 0.37231895625 0.2503042875 0.357408103125 0.251855246875 0.336940265625 0.2445199453125 0.32840111250000004 0.2514062078125 0.3165306234375 0.2769630765625 0.321622053125 0.2763042875 0.3566515796875 0.286525853125 0.3534366328125 0.29297489374999997 0.37367169218749996 0.2974298421875 0.4202225421875 0.3078729734375 0.41408361875 0.314951259375 0.2680011765625 0.31537075468750003 0.1571228421875 0.1240354515625 0.1539375421875
0 0.39044904062499997 0.009061801562500001 0.3891255546875 0.052863256250000004 0.4471255546875 0.0511756296875 0.450227475 0.01023995625 0.39044904062499997 0.009061801562500001
0 0.3891255546875 0.052863256250000004 0.3853589375 0.1025708578125 0.44335893750000005 0.10088323125000001 0.4473471203125 0.048251653125 0.3891255546875 0.052863256250000004
0 0.35980206875 0.097479428125 0.3540354515625 0.14724522499999998 0.42803545156249995 0.1450920453125 0.429137371875 0.104214565625 0.35980206875 0.097479428125
0 0.3540354515625 0.14724522499999998 0.34671196718749997 0.1912212609375 0.4107119671875 0.1893590515625 0.41981388593749996 0.1482487984375 0.3540354515625 0.14724522499999998
0 0.2902452 0.0936682671875 0.28625701718749996 0.146299846875 0.35003545156250004 0.1473616125 0.355580503125 0.1005197921875 0.2902452 0.0936682671875
0 0.32667060625 0.008000034375 0.3213471203125 0.051917878125000004 0.3753471203125 0.0503466390625 0.382227475 0.012218553125 0.32667060625 0.008000034375
0 0.3151255546875 0.0550164375 0.3102452 0.0930863265625 0.3662452 0.0914568921875 0.37312555468749997 0.053328809374999994 0.3151255546875 0.0550164375
0 0 0.44929957500000006 0.041878882812500004 0.448081025 0.0632023671875 0.40369762812500004 0.05274741875 0.3573213609375 0.0020768140625 0.3412905453125 0 0.35022102187500004 0 0.44929957500000006
0 0.44271787500000004 0.21468554218749997 0.44427474375 0.2204753015625 0.44761004687500006 0.22913084218750002 0.44340029843749995 0.2846863984375 0.43187297343750003 0.41047558593750005 0.5020945390625 0.40551481875000006 0.5134002984375 0.28264960625 0.47493944062500004 0.21083046093750002 0.44271787500000004 0.21468554218749997