0 0.8149116015625 1 0.812885821875 0.913307378125 0.8493189203125 0.891791440625 0.9604629828125001 0.292256028125 0.9083865578125 0.3662261015625 0.8991992671875 0.3497051640625 0.92256163125 0.26600433749999997 0.078031003125 0.1269447671875 0 0.5713435062500001 0 0.9470496328125 0.32157590625 1 0.8149116015625 1
0 0.29468912812500003 0.287687553125 0.286149078125 0.2787772703125 0.11689565937499999 0.24840680937499998 0.09998933125000001 0.2631325625 0.07904215625 0.3447297109375 0.2719740046875 0.37899903749999997 0.29468912812500003 0.287687553125
0 0.4668790546875 0.41359327031250004 0.4754505875 0.3999964796875 0.4880629640625 0.31952829375 0.485000534375 0.3140213140625 0.30982750625 0.2826761375 0.29622034375 0.290441040625 0.275920409375 0.3796488484375 0.4668790546875 0.41359327031250004
0 0.669029675 0.44187646562499994 0.6767487125 0.41062977656250005 0.6913028109375 0.352993565625 0.6847359640625 0.34440818906250004 0.5040853171874999 0.3096597109375 0.48762097656250003 0.321956878125 0.47456661093749997 0.40485365 0.669029675 0.44187646562499994
0 0.8733587500000001 0.48052381093749996 0.8852609265625 0.43745910468750004 0.8905962546874999 0.3858090234375 0.879641015625 0.37900242031250003 0.7053519640625 0.342800075 0.6921867859375 0.34813639375 0.6734180671875001 0.44009769218750006 0.8733587500000001 0.48052381093749996
0 0.054117096875000006 0.44818411874999997 0.24595971562500002 0.477271371875 0.26802760000000003 0.37834922656250003 0.07706895312499999 0.3444048046875 0.05503255 0.42081988125 0.054117096875000006 0.44818411874999997
0 0.46841027031250004 0.416346759375 0.27153201718750003 0.381427621875 0.24793291874999998 0.47759627812499994 0.444369184375 0.5149440000000001 0.45317745 0.488879384375 0.46841027031250004 0.416346759375
0 0.47960224374999993 0.4106855359375 0.46841027031250004 0.416346759375 0.4472263609375 0.5104117375 0.6500242203125 0.5463055906250001 0.6681457 0.446733634375 0.47960224374999993 0.4106855359375
0 0.6533233859375 0.53934474375 0.6623054234375 0.545826440625 0.839451653125 0.5774965203125 0.8578891953125 0.565524259375 0.8715908015625 0.490238146875 0.8674391421875001 0.47954909375000004 0.683284078125 0.4417222203125 0.67032415625 0.45709778281249996 0.6533233859375 0.53934474375
0 0.6600954859375 0.5579693625 0.6519344625 0.5916446359374999 0.6424474765625 0.6326056624999999 0.6582016140625 0.6577119765624999 0.8353478437499999 0.689382059375 0.8518121843750001 0.6770848921875 0.86748699375 0.6021236859375 0.855237271875 0.580095765625 0.839451653125 0.5774965203125 0.6721714359375001 0.5474509671875001 0.6600954859375 0.5579693625
0 0.6582016140625 0.6577119765624999 0.641090034375 0.6623984843749999 0.619700871875 0.7464242171875 0.6304193765624999 0.765698646875 0.8159004031249999 0.7962397671875 0.8303915406250001 0.7836176953125 0.845419109375 0.7010458296875 0.8392942484375 0.6900318703125 0.6582016140625 0.6577119765624999
0 0.6284461734375 0.7653737406250001 0.6141602890625 0.7880350578125 0.6041998343749999 0.8539317390625 0.608998734375 0.8722314499999999 0.8054349999999999 0.9095791734375 0.8148905046875001 0.891125215625 0.8285921109375 0.8158391015625 0.81787360625 0.7965646734375 0.6284461734375 0.7653737406250001
0 0.22457055312500002 0.5612971046874999 0.228927465625 0.5820254 0.41002009843750004 0.6143452953125 0.4275736671875 0.6072302015625 0.4439271984375 0.51737258125 0.2499061203125 0.47792118281249996 0.22457055312500002 0.5612971046874999
0 0.62159474375 0.646681603125 0.639385046875 0.6270986828125 0.648256271875 0.556019928125 0.6436626265625 0.5477594578125 0.461480765625 0.510257490625 0.4439271984375 0.51737258125 0.431078084375 0.610308596875 0.62159474375 0.646681603125
0 0.609598125 0.7572675171875 0.620142859375 0.7439956343749999 0.6323132484375 0.66595603125 0.6250991609375001 0.6497599984375 0.44006012187500004 0.61679029375 0.42995737656250005 0.6276335921875 0.40833148125 0.724127153125 0.609598125 0.7572675171875
0 0.42367511249999995 0.7291549828125 0.407210771875 0.7414521484375001 0.393067178125 0.8191668453125001 0.40137049375 0.840544953125 0.5848783171874999 0.8707611671875 0.59981144375 0.8557105109375 0.6126290734375 0.7852815671875 0.6067409484375 0.7617997812499999 0.42367511249999995 0.7291549828125
0 0.21145322656249999 0.689208015625 0.3901306703125 0.7236315875 0.40812622656249997 0.7140879109375 0.42271180781249995 0.6339446296875 0.413966503125 0.61499510625 0.2324318828125 0.585103796875 0.219913946875 0.598050775 0.2040338859375 0.662972740625 0.21145322656249999 0.689208015625
0 0.2110112390625 0.6916366 0.1872068875 0.7777660125 0.1895905953125 0.798169403125 0.378576040625 0.83178891875 0.391093975 0.818841940625 0.40567955624999996 0.738698659375 0.3901306703125 0.7236315875 0.2110112390625 0.6916366
0 0.011717796875 0.658821140625 0.19039524218749998 0.6932447125000001 0.2027079234375 0.6702584921875 0.21838273125000002 0.595297284375 0.20831146562499997 0.583633515625 0.038616059375 0.5556916390625 0.021062490625 0.56280673125 0.002325253125 0.6322609578125 0.011717796875 0.658821140625
0 0 0.764674940625 0.1738049765625 0.7955701578125 0.1872068875 0.7777660125 0.20046650625 0.704908484375 0.194341646875 0.6938945234375 0.011275809375 0.661249725 0 0.6983568874999999 0 0.764674940625
0 0.039500034375 0.5508344703125 0.21225787031249999 0.584283325 0.22565978125 0.566479178125 0.24330779218749998 0.49184287656250003 0.23082133749999997 0.48228278593749996 0.06156791874999999 0.45191232656249997 0.043130375 0.46388458593750004 0.025482364062500002 0.5385208875 0.039500034375 0.5508344703125