0 1 0.1319340328125 0.958 0.115442278125 0.8779999999999999 0.12743628125 0.796 0.1409295359375 0.75 0.4017991 0.906 0.4077961015625 1 0.412293853125 1 0.1319340328125
0 0.794 0.1484257875 0.796 0.1409295359375 0.958 0.115442278125 0.976 0.12143927968749998 0.998 0 0.732 0.0014992500000000001 0.71 0.1589205390625 0.794 0.1484257875
0 0.75 0.4017991 0.79 0.1499250375 0.71 0.160419790625 0.678 0.3808095953125 0.686 0.3808095953125 0.686 0.3988006 0.75 0.4017991
0 1 0.415292353125 0.9359999999999999 0.410794603125 0.78 0.4062968515625 0.742 0.6491754125 0.892 0.6911544234375 1 0.67616191875 1 0.415292353125
0 0.6599999999999999 0.62668665625 0.74 0.6476761625 0.78 0.4062968515625 0.6799999999999999 0.3988006 0.654 0.610194903125 0.662 0.6176911546875 0.6599999999999999 0.62668665625
0 1 0.67766116875 0.89 0.6911544234375 0.744 0.6506746625 0.71 0.884557721875 0.86 0.9580209890625 1 0.9025487249999999 1 0.67766116875
0 1 0.9040479765624999 0.858 0.9610194906249999 0.728 0.8950524734374999 0.712 1 1 1 1 0.9040479765624999
0 0.6599999999999999 0.6281859078124999 0.634 0.8380809593749999 0.71 0.8785607203125 0.744 0.6506746625 0.6599999999999999 0.6281859078124999
0 0.708 1 0.728 0.8950524734374999 0.706 0.8875562218749999 0.706 0.8785607203125 0.644 0.8470764624999999 0.624 1 0.708 1
0 0.49800000000000005 0.07346326875 0.712 0.1319340328125 0.73 0.0014992500000000001 0.388 0 0.38 0.10494752656249999 0.49800000000000005 0.07346326875
0 0.712 0.1319340328125 0.49800000000000005 0.07346326875 0.378 0.10644677656249998 0.356 0.364317840625 0.46799999999999997 0.3673163421875 0.6759999999999999 0.3808095953125 0.712 0.1319340328125
0 0.27799999999999997 0.36131934062500004 0.356 0.364317840625 0.376 0.115442278125 0.306 0.1334332828125 0.306 0.1409295359375 0.298 0.1424287859375 0.27799999999999997 0.36131934062500004
0 0.318 0 0.306 0.1319340328125 0.376 0.115442278125 0.378 0.10644677656249998 0.388 0 0.318 0
0 0.682 0.3808095953125 0.46799999999999997 0.3673163421875 0.36 0.3658170921875 0.33999999999999997 0.59970015 0.446 0.6341829078125001 0.65 0.6161919046875 0.682 0.3808095953125
0 0.27799999999999997 0.36131934062500004 0.268 0.439280359375 0.25 0.4407796109375 0.24 0.565217390625 0.32999999999999996 0.5982008999999999 0.33999999999999997 0.5982008999999999 0.36 0.364317840625 0.27799999999999997 0.36131934062500004
0 0.6599999999999999 0.6191904046875 0.65 0.6161919046875 0.446 0.6341829078125001 0.346 0.60269865 0.322 0.82608695625 0.42400000000000004 0.8950524734374999 0.634 0.8425787109374999 0.6599999999999999 0.6191904046875
0 0.344 0.6041979015625001 0.32799999999999996 0.59970015 0.254 0.5712143921874999 0.23399999999999999 0.764617690625 0.31 0.8215892046875 0.32 0.8200899546875 0.344 0.6041979015625001
0 0.624 1 0.644 0.8485757125 0.636 0.8440779609375 0.42400000000000004 0.8950524734374999 0.33399999999999996 0.8350824593749999 0.312 1 0.624 1
0 0.31 1 0.33199999999999996 0.836581709375 0.322 0.82608695625 0.31 0.8215892046875 0.254 0.7796101953125001 0.246 0.839580209375 0.304 0.8830584703125 0.296 1 0.31 1
0 0.306 0.139430284375 0.318 0.0014992500000000001 0.10600000000000001 0 0.098 0.11394302812499998 0.124 0.101949025 0.302 0.1409295359375 0.306 0.139430284375
0 0.298 0.1409295359375 0.124 0.1034482765625 0.092 0.115442278125 0.08199999999999999 0.27286356875 0.11200000000000002 0.2698650671875 0.282 0.2923538234375 0.298 0.1409295359375
0 0.22999999999999998 0.4422788609375 0.268 0.439280359375 0.282 0.2938530734375 0.11200000000000002 0.2713643171875 0.08 0.27436281875 0.06999999999999999 0.42578710624999994 0.096 0.434782609375 0.158 0.43778110937500003 0.22999999999999998 0.4422788609375
0 0 0 0 0.0944527734375 0.096 0.11244377812499999 0.10600000000000001 0 0 0
0 0 0.26236881562500003 0.08 0.27286356875 0.09 0.115442278125 0 0.0959520234375 0 0.26236881562500003
0 0 0.42428785625 0.068 0.42578710624999994 0.08 0.27436281875 0 0.263868065625 0 0.42428785625
0 0 0.5802098953125 0.24 0.57271364375 0.25 0.4407796109375 0.22999999999999998 0.4422788609375 0.158 0.43778110937500003 0.096 0.436281859375 0.06999999999999999 0.42728635625000005 0 0.42578710624999994 0 0.5802098953125
0 0 0.72563718125 0.22999999999999998 0.7001499250000001 0.24 0.5742128937500001 0 0.5817091453125001 0 0.72563718125
0 0 0.8665667171875 0.21400000000000002 0.8290854578125 0.22400000000000003 0.701649175 0 0.72713643125 0 0.8665667171875
0 0.294 1 0.304 0.8830584703125 0.21600000000000003 0.8170914546875 0.21400000000000002 0.8290854578125 0 0.8680659671875001 0 1 0.294 1