0 0.3988461546875 0.1050329171875 0.0392307703125 0.09312196874999999 0.054615384375 0.2956081078125 0.40653846250000003 0.29127685312499996 0.3988461546875 0.1050329171875
0 0.023846154687500003 0.11152979999999998 0 0.11148648593749999 0.0007692296875 0.31943000625 0.0661538453125 0.308601871875 0.023846154687500003 0.11152979999999998
0 0.998 0.10360360312500001 0.42000000000000004 0.0974532234375 0.41038461562500006 0.29127685312499996 0.9815384625 0.2858627859375 0.998 0.10360360312500001
0 0.0661538453125 0.3075190578125 0.0007692296875 0.3172643796875 0.0007692296875 0.48185204375 0.09884615468749999 0.477520790625 0.0661538453125 0.3075190578125
0 0.6565384625 0.296690921875 0.0757692296875 0.296690921875 0.09884615468749999 0.48834892500000004 0.6623076921875 0.46885828125 0.6565384625 0.296690921875
0 0.998 0.284909909375 0.8161538453125001 0.28477997187500004 0.6584615375 0.3053534296875 0.6526923078125 0.47318953593749996 0.9776923078124999 0.4645270265625 0.998 0.284909909375
0 0.09884615468749999 0.477520790625 0.004615384375 0.48401767187500006 0 0.6373873875 0.1238461546875 0.6291146921874999 0.09884615468749999 0.477520790625
0 0.4257692296875 0.4796864171875 0.10076922968749999 0.490514553125 0.12 0.6551022171875001 0.4373076921875 0.6356115734375 0.4257692296875 0.4796864171875
0 0.9623076921875 0.465609840625 0.4315384625 0.4796864171875 0.43923077031249996 0.6377772 0.9584615375000001 0.6204521828125 0.9623076921875 0.465609840625
0 0.998 0.475225225 0.97 0.4645270265625 0.9507692296875 0.6193693687499999 0.998 0.6418918921875 0.998 0.475225225
0 0.1373076921875 0.775294525 0.11615384531249999 0.6291146921874999 0.0007692296875 0.634528759375 0 0.7860360359375 0.1373076921875 0.775294525
0 0.6661538453125 0.63128031875 0.12576922968749998 0.6561850312499999 0.1469230765625 0.8056133046875 0.67 0.78070859375 0.6661538453125 0.63128031875
0 0.960384615625 0.6377772 0.954615384375 0.622617809375 0.6680769234375 0.63128031875 0.6757692296875 0.7828742203125 0.9584615375000001 0.778542965625 0.960384615625 0.6377772
0 0.998 0.6396396390625 0.97 0.6269490640625001 0.9680769234375 0.7763773390625001 0.998 0.7871621625 0.998 0.6396396390625
0 0.1430769234375 0.7731288984375 0.004615384375 0.783957034375 0 0.96846846875 0.1680769234375 0.9485446984375001 0.1430769234375 0.7731288984375
0 0.454615384375 0.796950796875 0.1469230765625 0.8077789328125 0.1661538453125 0.959372834375 0.454615384375 0.9333853078125 0.454615384375 0.796950796875
0 0.9469230765625 0.7742117109375 0.454615384375 0.7926195421875 0.46038461562500005 0.93121968125 0.9353846156250001 0.8868243250000001 0.9469230765625 0.7742117109375
0 0.1757692296875 0.9485446984375001 0.0065384625 0.9647869015625 0 0.9943693687499999 0.1834615375 0.9951056828124999 0.1757692296875 0.9485446984375001
0 0.6623076921875 0.9106462234375 0.179615384375 0.9550415796875 0.185384615625 0.9940228687499999 0.6661538453125 0.9961884968750001 0.6623076921875 0.9106462234375
0 0.9334615375 0.883575884375 0.67 0.91281185 0.6719230765625 0.9951056828124999 0.9584615375000001 0.9864431734375 0.9334615375 0.883575884375
0 0.998 0.7882882890625 0.9507692296875 0.7774601515625 0.9430769234374999 0.883575884375 0.998 0.927927928125 0.998 0.7882882890625
0 0.998 0.9301801796875001 0.9373076921875001 0.884658696875 0.960384615625 0.990774428125 0.998 0.9977477484374999 0.998 0.9301801796875001