0 0.1615142234375 0.20716934375 0.2777000421875 0.186978015625 0.2691878 0.0932706296875 0.2555167453125 0.0724694859375 0.13933092656249998 0.0926608140625 0.1483334609375 0.196652725 0.1615142234375 0.20716934375
0 0.1946436375 0.650822 0.18196680625 0.644349171875 0.1097567 0.6618145171875 0.131200975 0.8211941765624999 0.211875940625 0.8018033171875001 0.1946436375 0.650822
0 0.129661909375 0.8215442703125 0.128793671875 0.8082269015625 0.1167331125 0.8130495453125001 0.142222721875 0.986030003125 0.237728409375 0.9776743390625 0.2125194890625 0.8006173234375 0.129661909375 0.8215442703125
0 0.1486841296875 0.2121670328125 0.1623038625 0.3151086640625 0.1766457421875 0.32224234687500003 0.2886059515625 0.299893409375 0.2783163140625 0.1982734890625 0.26987873125 0.187717534375 0.1611226375 0.21037723281249998 0.1486841296875 0.2121670328125
0 0.2952525015625 0.3087775609375 0.28513623125 0.3038014875 0.167145746875 0.32856174843749997 0.1826961265625 0.42794539218749994 0.30452063906250004 0.40855063124999996 0.2952525015625 0.3087775609375
0 0.18613856875 0.4365187828125 0.19809325 0.5387995578125 0.31402710312500004 0.5165863328125 0.303107559375 0.40991167187500005 0.18613856875 0.4365187828125
0 0.2013174671875 0.647224684375 0.21206364843749997 0.657255496875 0.3253109578125 0.6325345703125 0.31439141249999997 0.525859909375 0.30452710625 0.5229057328125 0.19077586875000002 0.5435828671875 0.2013174671875 0.647224684375
0 0.31632852968749997 0.6366570281249999 0.2146242140625 0.6587522515625001 0.207320471875 0.6572948281250001 0.197820475 0.6636142296875 0.210670671875 0.766730903125 0.32776564375 0.74113474375 0.33548825 0.7269028078125 0.32493301093750004 0.6295017265625 0.31632852968749997 0.6366570281249999
0 0.34388815 0.8133585125 0.3358661984375 0.729935653125 0.3268701296875 0.7402988421875001 0.210670671875 0.766730903125 0.22247209375 0.8804822 0.334445940625 0.8518925265625 0.34407191875 0.846584078125 0.34359526875 0.8300588171875001 0.34388815 0.8133585125
0 0.3438199546875 0.84456218125 0.33700650312499997 0.8533892828124999 0.22452872968749998 0.8779351609375 0.238499896875 0.9776068421874999 0.26857044375 0.9749760109375 0.3590774546875 0.9606461312500001 0.3438199546875 0.84456218125
0 0.2650440203125 0.053668618749999994 0.277502634375 0.1599931859375 0.359577040625 0.1454820203125 0.3482795484375 0.0357745171875 0.2650440203125 0.053668618749999994
0 0.276593478125 0.16539801875 0.290969103125 0.27440533437500003 0.37189603125000004 0.2570363703125 0.3599549859375 0.1485148640625 0.276593478125 0.16539801875
0 0.292242565625 0.2782740796875 0.3047011765625 0.3845986453125 0.387684740625 0.36468264375000004 0.3735610796875 0.2576972265625 0.292242565625 0.2782740796875
0 0.3035400578125 0.3879815828125 0.314851190625 0.491448353125 0.4006472796875 0.4750510046875 0.389601753125 0.3673653953125 0.3035400578125 0.3879815828125
0 0.3135640921875 0.49382034218750004 0.32563111718750004 0.6033527999999999 0.41207075781249997 0.5857694546875 0.39936017968750004 0.47742299375 0.3135640921875 0.49382034218750004
0 0.3240920515625 0.6037028921875 0.33334655 0.7097166953125 0.42105965312500004 0.6960021000000001 0.411553190625 0.587966396875 0.3240920515625 0.6037028921875
0 0.3334725328125 0.7107276421875001 0.343104978125 0.8197742921875 0.43146163125000003 0.8048736999999999 0.421185634375 0.6970130453125 0.3334725328125 0.7107276421875001
0 0.34335694375000003 0.8217961875 0.3561798625 0.9373943328125 0.4444105359375 0.9214827921875001 0.43081808125 0.806059696875 0.34335694375000003 0.8217961875
0 0.3500296625 0.056168520312500005 0.3672619625 0.2071498359375 0.5074429203124999 0.176302271875 0.4862369703125 0.025185240625 0.3500296625 0.056168520312500005
0 0.3666184109375 0.20833582968750003 0.38629893593750003 0.35356222187499997 0.5228841921875 0.325611784375 0.505260303125 0.1778383609375 0.3666184109375 0.20833582968750003
0 0.3895030484375 0.35387297968750003 0.40982711875 0.4979133765625 0.5452648984375 0.4671051453125 0.5259623234374999 0.3249115984375 0.3895030484375 0.35387297968750003
0 0.4014882421875 0.5008498390625 0.41796464999999994 0.6457654671874999 0.5568585078125 0.61728989375 0.5387170515624999 0.4717134109375 0.4014882421875 0.5008498390625
0 0.41565605000000005 0.6462906078125 0.4330279734375 0.792042140625 0.5712782796875 0.7647525609375 0.553780375 0.6179900796875 0.41565605000000005 0.6462906078125
0 0.43161489062499997 0.79340318125 0.44680419843749997 0.9406907984374999 0.5821023546874999 0.9151123546875001 0.5661435140625 0.76799978125 0.43161489062499997 0.79340318125
0 0.5634045671875 0 0.4859850078125 0.0231633453125 0.510647034375 0.17661303281250001 0.6539334 0.1325838125 0.6339775750000001 0 0.5634045671875 0
0 0.509485915625 0.1799959703125 0.5390748921874999 0.3666318859375 0.6872304171875 0.323574284375 0.6543113484374999 0.1356166578125 0.509485915625 0.1799959703125
0 0.5330446125 0.369043209375 0.5578189828125 0.5297445765625 0.7202040484375 0.48656897499999996 0.697360328125 0.32230962500000004 0.5330446125 0.369043209375
0 0.5453804765625 0.531534378125 0.5754733812499999 0.7222140875 0.7913205203125 0.6762338328124999 0.7780241796875 0.6012879828125001 0.7572812437499999 0.47293694375 0.744716753125 0.4737157984375 0.7171395546875 0.48102842968750004 0.7221210609375001 0.4892517265625 0.5453804765625 0.531534378125
0 0.5900496468750001 0.9153837828125001 0.8125433375 0.8782876796875 0.7852902390625001 0.6786451546875 0.5739343140625001 0.7225641796875 0.5719049578125001 0.71262975 0.5661130046875 0.7233037 0.5900496468750001 0.9153837828125001
0 0.6368166203125 0 0.6509507390625 0.089598865625 0.76591765 0.0405758578125 0.76057965625 0 0.6368166203125 0
0 0.6477466265625 0.08928810468750001 0.6730658421875 0.235311065625 0.826369771875 0.1827655046875 0.8006726093750001 0.0337097015625 0.6477466265625 0.08928810468750001
0 0.8493667515625001 0.33555433749999997 0.8285387515625 0.18747015 0.6816566859375001 0.23439649999999998 0.696856396875 0.3182658328125 0.7060803859375 0.37958355625 0.8493667515625001 0.33555433749999997
0 0.7219886125 0.3738856765625 0.7376649750000001 0.47428027031250003 0.7577988125 0.470740003125 0.7627121234375001 0.5101669671875 0.9108540093749999 0.47335009687499996 0.8869615171874999 0.3197253625 0.738918334375 0.3700346484375 0.7219886125 0.3738856765625
0 0.792216034375 0.6770697343750001 0.7883683687499999 0.67794496875 0.7942044734375 0.7057263671875 0.9205202 0.6842703796875 0.8960796265625 0.48814650468750004 0.884298309375 0.4825095765625 0.76348165625 0.5099919203125001 0.792216034375 0.6770697343750001
0 0.7906087734375 0.7086234953125 0.815873434375 0.879609390625 0.9315553234375 0.8553742703125 0.909746740625 0.6867210359375 0.7906087734375 0.7086234953125