0 0.578602828125 0.0731975453125 0.5018937171875 0.09531595625 0.3743527109375 0.1238144578125 0.28164799218750003 0.139574334375 0.27349657656250004 0.153559159375 0.3324433375 0.3029972796875 0.6520456343750001 0.23083208593750001 0.6180918453124999 0.076725171875 0.578602828125 0.0731975453125
0 0.022492015625 0.35933975937499996 0.08105235 0.3374960953125 0.0528679140625 0.338087778125 0.020048450000000002 0.3442185953125 0.028485218750000003 0.48907232812499996 0.079169853125 0.47960422031250005 0.022492015625 0.35933975937499996
0 0.023337965625000002 0.36229726093750003 0.0815153640625 0.48072383125 0.231011928125 0.4652593359375 0.24020163437500003 0.46198489531250003 0.18717652812500002 0.33324927187500003 0.27372895625 0.3030610359375 0.1883297015625 0.30187858749999996 0.023337965625000002 0.36229726093750003
0 0.3324433375 0.3029972796875 0.3262910484375 0.288568921875 0.28441822499999997 0.2979487078125 0.1875995046875 0.334728021875 0.24212417031250003 0.46162575781250004 0.4061550734375 0.4403306578125 0.41407585312500006 0.43261996875 0.36916386874999996 0.30392654375 0.3847747953125 0.2947793015625 0.3324433375 0.3029972796875
0 0.387773915625 0.291103525 0.37150938125 0.30504615468749996 0.41811326875 0.43965457968750005 0.6001006062500001 0.41033184843750004 0.6071754375 0.3996636609375 0.579566278125 0.2677379921875 0.5856028156249999 0.2463594171875 0.387773915625 0.291103525
0 0.6830751453125 0.2047847140625 0.6520839296875 0.216805059375 0.6520456343750001 0.23083208593750001 0.587525353125 0.2460002796875 0.5806428625 0.2644213546875 0.6097132890625 0.4085361578125 0.81261789375 0.3815370453125 0.7968128812499999 0.2271553890625 0.7663595234375 0.1985734140625 0.6830751453125 0.2047847140625
0 0.8237301359375 0.3779034671875 0.9860691375 0.35069336875 0.9302363796875 0.15549840312500002 0.8552574625 0.1695047875 0.7663595234375 0.1985734140625 0.79873541875 0.2267962515625 0.8237301359375 0.3779034671875
0 0.1721835390625 0.5852921703125 0.113121896875 0.47793512343750005 0.028601064062499997 0.4910612953125 0.0324396796875 0.5569678015624999 0.047218678125 0.60863614375 0.1721835390625 0.5852921703125
0 0.1316936484375 0.47913912812500004 0.1203507734375 0.48904684375 0.1828345125 0.594206865625 0.327217078125 0.5750243968750001 0.3362144421875 0.56399706875 0.2790753359375 0.45628088437500003 0.22182222343750002 0.46853377656250006 0.1316936484375 0.47913912812500004
0 0.297647090625 0.457484890625 0.2912258703125 0.46335769375 0.3453658546875 0.574749653125 0.514318415625 0.5494196375 0.47129067343750003 0.4343940984375 0.297647090625 0.457484890625
0 0.473213209375 0.4340349609375 0.5170869031249999 0.552018 0.5933347453125 0.542447865625 0.6984206328125 0.5274906578125 0.6609681593750001 0.4036348171875 0.473213209375 0.4340349609375
0 1 0.39939656874999996 0.9864921140625 0.35217211875 0.8149634062500001 0.3826566578125 0.6821160578125001 0.39968429843750003 0.7021499515625 0.4909654484375 0.719760875 0.531293025 1 0.49320620000000004 1 0.39939656874999996
0 0.07428910625 0.703276128125 0.2075594296875 0.6877272359375 0.159148759375 0.5892848859375001 0.047218678125 0.60863614375 0.07428910625 0.703276128125
0 0.18325748749999998 0.5956856140625 0.1764515875 0.58605264375 0.161071296875 0.5889257484375 0.2094819640625 0.6873680984375 0.3532109203125 0.6729810171875 0.3607087234375 0.663791578125 0.32379497968750004 0.577221421875 0.18325748749999998 0.5956856140625
0 0.3453658546875 0.574749653125 0.3389829296875 0.56659543125 0.3295625890625 0.5761440078125 0.36836057499999997 0.67638205 0.5221251875 0.661678028125 0.4875952484375 0.562200459375 0.4874029078125 0.554447571875 0.3453658546875 0.574749653125
0 0.517509878125 0.55349675 0.512395878125 0.5497787765625 0.48932544375000003 0.554088434375 0.4895177859375 0.5618413203125 0.5257396265625001 0.6672338875 0.6972300406249999 0.6507763734374999 0.671505125 0.532518590625 0.517509878125 0.55349675
0 0.7178383375 0.5316521640625 0.70276526875 0.500197084375 0.6927296109375 0.500514025 0.698843609375 0.5289694078125 0.6719280999999999 0.533997340625 0.6998061859375 0.645621846875 0.8845237203125 0.6329245046875001 0.8641434374999999 0.51211055625 0.7178383375 0.5316521640625
0 1 0.49454679375 0.866065975 0.5117514187500001 0.8868692328125001 0.634044115625 1 0.6229618703125 1 0.49454679375
0 1 0.6240710890625001 0.8830241593749999 0.6347623921875 0.89175346875 0.7219242296874999 0.89729044375 0.727120953125 1 0.7201883140625001 1 0.6240710890625001
0 0.8904462499999999 0.7315150046875 0.8811016234375 0.6351215296875 0.7002291625 0.647100596875 0.7191864703124999 0.741698384375 0.8904462499999999 0.7315150046875
0 0.5261626015624999 0.6687126375 0.5340067937499999 0.689055996875 0.5558091765625 0.7581980953125 0.7170332984375001 0.7483316578125 0.69380794375 0.6529733984375 0.5261626015624999 0.6687126375
0 0.366861015625 0.6782199375 0.40462071093749996 0.7677475921875 0.551964103125 0.758916371875 0.5233941140625 0.6661142765625 0.366861015625 0.6782199375
0 0.2818473140625 0.7704312703125 0.40100627343750006 0.7621917328125 0.363669553125 0.6741428265625 0.3615546765625 0.666749078125 0.3555564328125 0.6741006281249999 0.22720776874999998 0.6856146062499999 0.27373419375 0.770389071875 0.2818473140625 0.7704312703125
0 0.0928608609375 0.7044801359374999 0.1353498734375 0.7822199890625 0.2641215125 0.7721847625 0.27138868125000004 0.7692694609374999 0.22570820625 0.6874524937500001 0.0928608609375 0.7044801359374999
0 0.09797573125 0.7860861124999999 0.1338503109375 0.7840578765624999 0.0905153484375 0.7033605234375 0.07428910625 0.703276128125 0.09797573125 0.7860861124999999
0 0.13577284843749998 0.7836987390625 0.0983987078125 0.7875648625 0.117009628125 0.852629853125 0.195372346875 0.8504534640625 0.20071698124999998 0.8478973015625 0.1596892359375 0.7823465828125 0.13577284843749998 0.7836987390625
0 0.1635343078125 0.7816283046875 0.204562053125 0.847179025 0.32775842499999996 0.8459740984374999 0.2822702890625 0.77191001875 0.1635343078125 0.7816283046875
0 0.40269817343750003 0.76810673125 0.3995067109375 0.7640296203125 0.2841928265625 0.77155088125 0.3296809609375 0.8456149609375 0.4477633328125 0.840692059375 0.4569530390625 0.8374176203125 0.42319246406250005 0.7689515984375 0.40269817343750003 0.76810673125
0 0.42703753593749993 0.768233321875 0.4597215265625 0.84001598125 0.599567115625 0.8403742015625 0.57011288125 0.758641628125 0.42703753593749993 0.768233321875
0 0.7174562734375 0.7498104078125001 0.5720354171875 0.758282490625 0.6014896515625 0.8400150625 0.75479299375 0.8378593125 0.7567921171875 0.809446128125 0.7373352468750001 0.741423640625 0.7238774921875 0.7439376078125 0.7174562734375 0.7498104078125001
0 1 0.7210378546875 0.8953679078125001 0.7274800921875 0.8889466875 0.7333528921875 0.74352583125 0.7418249765625 0.761060165625 0.8102066015625 0.998724471875 0.798522915625 1 0.7984214703125 1 0.7210378546875
0 0.7777023984375 0.1886656984375 0.775126253125 0.1938202234375 0.8509894140625001 0.16874431406249998 0.9293904265625 0.1525409015625 0.9281215015625 0.1481046546875 0.8967456031250001 0.144619228125 0.8254194187499999 0.1501544484375 0.7572464046875 0.1737938078125 0.7777023984375 0.1886656984375
0 0.6904189015625 0.1738153640625 0.6483154437499999 0.1894692890625 0.6514686140625 0.20757342343750002 0.7710888390624999 0.1867856125 0.7549008921875 0.17267419374999998 0.6904189015625 0.1738153640625