0 0.768057971875 0.3331160515625 0.8071884062500001 0.002846403125 0.0013913046875 0.002846403125 0.0013913046875 0.345066596875 0.768057971875 0.3331160515625
0 0.8071884062500001 0.000673575 0.7825507234375 0.3179062640625 0.9013913046875001 0.3993872625 0.9926956515625 0.39612802187499996 0.997043478125 0.0017599890625 0.8071884062500001 0.000673575
0 0 0.6161919046875 0.323130434375 0.611237859375 0.3013913046875 0.3428937703125 0 0.3418290859375 0 0.6161919046875
0 0.30863768125 0.345066596875 0.3318260859375 0.6101514453125 0.7492173921874999 0.5971144859375 0.7753043484375 0.3352888765625 0.30863768125 0.345066596875
0 0.998 0.8320839578125 0.998 0.3943028484375 0.899942028125 0.40699215625 0.7753043484375 0.321165503125 0.75356521875 0.5960280734375 0.958 0.99850075 0.994 0.99850075 0.998 0.8320839578125
0 0.75356521875 0.602546553125 0.717333334375 0.828520521875 0.7825507234375 0.998001 0.9564637687499999 0.9969145859375 0.75356521875 0.602546553125
0 0.3129855078125 0.6101514453125 0.00428985625 0.6166699265625 0 0.8425787109374999 0.323130434375 0.8350390015625001 0.3129855078125 0.6101514453125
0 0.7419710140625 0.5992873140625 0.32457970937499997 0.611237859375 0.343420290625 0.827434109375 0.724579709375 0.8209156296875 0.7419710140625 0.5992873140625
0 0.31008695625 0.8350390015625001 0.0057391296875 0.8426438953125001 0.0028405796875 0.9925689328124999 0.27095652187499997 0.986050453125 0.31008695625 0.8350390015625001
0 0.770956521875 0.9654086 0.71153623125 0.8187428015625 0.32602898593749996 0.8296069359375 0.299942028125 0.9762727328125 0.7361739140625 0.9806183875000001 0.770956521875 0.9654086
0 0.12023188437500001 0.998001 0.5854492765625 0.9969145859375 0.5651594203125 0.9719270796874999 0.12023188437500001 0.998001
0 0.65646376875 0.9817047984375 0.6559999999999999 0.99850075 0.788 0.99850075 0.784 0.9817047984375 0.65646376875 0.9817047984375