0 0.171783784375 0.16216216249999998 0.23124324375 0.1578378375 0.22691891874999998 0.147027028125 0.06908108125 0.1264864859375 0.033405406250000005 0.13945945937499998 0.042054054687499995 0.23243243125 0.171783784375 0.23567567656250002 0.171783784375 0.16216216249999998
0 0.3328648640625 0.23351351406249998 0.331783784375 0.1718918921875 0.2420540546875 0.16216216249999998 0.16854054062499998 0.16648648593749998 0.167459459375 0.229189190625 0.248540540625 0.23351351406249998 0.3328648640625 0.23351351406249998
0 0.16529729843750002 0.23351351406249998 0.004216215625 0.23351351406249998 0 0.33399999999999996 0.1707027015625 0.339459459375 0.16529729843750002 0.23351351406249998
0 0.375027028125 0.33297297187499997 0.3815135140625 0.24 0.3361081078125 0.23675675625 0.16854054062499998 0.23675675625 0.177189190625 0.3427027015625 0.337189190625 0.3427027015625 0.375027028125 0.33297297187499997
0 0.40097297187500003 0.250810809375 0.38259459375 0.24108108125 0.377189190625 0.330810809375 0.39772972968750003 0.3318918921875 0.40097297187500003 0.250810809375
0 0 0.454 0.14259459375 0.45621621562500003 0.14043243125 0.3481081078125 0.164216215625 0.33621621562500004 0 0.33199999999999996 0 0.454
0 0.3382702703125 0.47351351406250003 0.33070270156250003 0.36324324375 0.3620540546875 0.340540540625 0.167459459375 0.339459459375 0.13718919062499998 0.36 0.1382702703125 0.463783784375 0.3382702703125 0.47351351406250003
0 0.531783784375 0.48324324374999994 0.5307027015625 0.3340540546875 0.3923243234375 0.3286486484375 0.3328648640625 0.3697297296875 0.34259459375 0.4778378375 0.531783784375 0.48324324374999994
0 0.6604324312500001 0.3243243234375 0.6939459453125 0.343783784375 0.6928648640625 0.3935135140625 0.708 0.3902702703125 0.71124324375 0.298378378125 0.6982702703125 0.28108108125000003 0.5523243234375 0.2778378375 0.54259459375 0.292972971875 0.5382702703125 0.330810809375 0.6604324312500001 0.3243243234375
0 0.691783784375 0.341621621875 0.6496216218749999 0.32108108125 0.5339459453125001 0.33297297187499997 0.5361081078125001 0.459459459375 0.6939459453125 0.4518918921875 0.691783784375 0.341621621875
0 0.7177297296875 0.541621621875 0.7328648640625001 0.39243243125 0.6874594593750001 0.39567567656249997 0.6939459453125 0.45405405468750004 0.689621621875 0.543783784375 0.7177297296875 0.541621621875
0 0.1393513515625 0.45837837812500004 0.0052972984374999995 0.45405405468750004 0 0.5820000000000001 0.14259459375 0.578378378125 0.1393513515625 0.45837837812500004
0 0.34259459375 0.47243243125 0.14043243125 0.46810810781249995 0.14475675625 0.5859459453125 0.3382702703125 0.5913513515625 0.34259459375 0.47243243125
0 0.5307027015625 0.48 0.34367567656250003 0.47891891875 0.3382702703125 0.5935135140625001 0.5231351359375 0.59891891875 0.5307027015625 0.48
0 0.6939459453125 0.45513513593750005 0.5361081078125001 0.4648648640625 0.5328648640625 0.6345945937499999 0.688540540625 0.6421621625 0.6939459453125 0.45513513593750005
0 0.70475675625 0.7178378375000001 0.87556756875 0.71891891875 0.884216215625 0.579459459375 0.8636756765625 0.5535135140625 0.70259459375 0.540540540625 0.689621621875 0.64324324375 0.697189190625 0.6572972984375001 0.70475675625 0.7178378375000001
0 0.14583783749999998 0.5772972984375 0.008540540624999999 0.581621621875 0 0.682 0.14908108125 0.68540540625 0.14583783749999998 0.5772972984375
0 0.34908108125 0.67459459375 0.34475675625 0.5881081078125 0.15772972968750001 0.59243243125 0.1631351359375 0.6908108093750001 0.268 0.6486486484375 0.34908108125 0.67459459375
0 0.50908108125 0.696216215625 0.5307027015625 0.6735135140625 0.528540540625 0.6 0.3458378375 0.59243243125 0.3501621625 0.6724324312500001 0.4593513515625 0.6972972984375 0.50908108125 0.696216215625
0 0.6961081078125 0.83459459375 0.7015135140625001 0.6551351359375001 0.55556756875 0.6335135140625 0.4939459453125 0.7243243234375 0.489621621875 0.9167567562500001 0.66908108125 0.9524324312499999 0.6961081078125 0.83459459375
0 0.488540540625 0.72756756875 0.5069189187500001 0.6983783781249999 0.4528648640625 0.699459459375 0.45502702812500007 0.8086486484375 0.4939459453125 0.8108108093749999 0.488540540625 0.72756756875
0 0.46475675625 0.88540540625 0.45502702812500007 0.700540540625 0.2658378375 0.6421621625 0.1393513515625 0.7102702703125 0.14043243125 0.8994594593749999 0.3544864859375 0.9729729718750001 0.46475675625 0.88540540625
0 0.14259459375 0.7718918921875 0.14475675625 0.6799999999999999 0.004216215625 0.6821621625 0 0.752 0.0993513515625 0.7459459453124999 0.14259459375 0.7718918921875