0 0.07272155625 0 0.058152484375 0.0779242234375 0.157966753125 0.082700728125 0.1559051265625 0 0.07272155625 0
0 0.156093434375 0 0.158349678125 0.08065261093750001 0.4039546484375 0.09965831562500001 0.4073700265625 0 0.156093434375 0
0 0.408831490625 0 0.410527625 0.09428192656249999 0.6636786984375 0.11015135625000001 0.666183525 0.104198990625 0.692714334375 0.103750603125 0.7115093140625001 0.0181136125 0.5923276734375 0 0.408831490625 0
0 0.7115093140625001 0.0181136125 0.6960008265625001 0.10106241093749999 0.9445093578125 0.11942804062500001 0.958501953125 0.0520321203125 0.7115093140625001 0.0181136125
0 0.3940793671875 0.10036248750000001 0.1438318609375 0.083852984375 0.1509441375 0.2393814921875 0.384169 0.26504373281250004 0.3940793671875 0.10036248750000001
0 0.39581834531250004 0.09850636093750001 0.384169 0.26504373281250004 0.6363627593750001 0.28603345625 0.6661993359375 0.1115594 0.39581834531250004 0.09850636093750001
0 0.6710175296875 0.10067873125 0.6363469484375 0.27867305 0.9904551421875001 0.310580440625 0.9958653 0.12464537499999999 0.6890291109375 0.1011265109375 0.6710175296875 0.10067873125
0 0.9462483328125 0.1175719140625 0.995937053125 0.12217938749999999 0.9978220859375 0.057394973437499996 0.9598580046875 0.05222411406250001 0.9462483328125 0.1175719140625
0 0.03011275625 0.22789770312500002 0.148822234375 0.24328573750000002 0.14596957187499998 0.087309146875 0.057597242187499995 0.0808939953125 0.03011275625 0.22789770312500002
0 0.00346113125 0.37044675312500003 0.253155596875 0.39996498125 0.25847085625 0.2598611609375 0.0290022703125 0.23383724843749998 0.00346113125 0.37044675312500003
0 0.6361871078125 0.2944179234375 0.6288166578125 0.28916973281249997 0.25885378124999997 0.257813040625 0.253362871875 0.40630133125 0.6086164625 0.44188245625 0.6361871078125 0.2944179234375
0 0.6429357359375001 0.28065706874999996 0.6097652390625 0.43573810156250004 0.8786303390624999 0.46434401875000003 0.9135398140625 0.30740686093749997 0.6429357359375001 0.28065706874999996
0 0.8772901 0.471512434375 0.9854608796875001 0.4822220828125 0.9903069296875 0.3156741765625 0.913731278125 0.3063828015625 0.8772901 0.471512434375
0 0.8411844171875 0.6125127265625 0.961588871875 0.6326081968749999 0.9846784953125001 0.509110884375 0.9853790203124999 0.48503541875 0.8751523859375 0.468056271875 0.8411844171875 0.6125127265625
0 0.873014675 0.46460010937499996 0.619066128125 0.4381061046875 0.602886653125 0.569313584375 0.8415673421875001 0.6104646078125 0.873014675 0.46460010937499996
0 0.603859778125 0.5715536953125 0.5894034687499999 0.693544640625 0.9374358375 0.7617932734374999 0.9618664921875 0.6311233109375001 0.603859778125 0.5715536953125
0 0.5828146796875 0.6915606203125 0.5704802734375 0.8096473218750001 0.9143932875 0.8850388046875001 0.9368805953124999 0.7647630453125001 0.5828146796875 0.6915606203125
0 0.567576709375 0.810287396875 0.5550508390625 0.9293981562500001 0.7662434015625 0.9761178625 0.7903993375 0.8618072109374999 0.567576709375 0.810287396875
0 0.7903993375 0.8618072109374999 0.7687640390625 0.97752590625 0.8103225875 0.9853478765625001 0.895918384375 0.9838537953125 0.9138380453125 0.8880085765624999 0.7903993375 0.8618072109374999
0 0.5573800125 0.931830259375 0.550988359375 0.9898745718749999 0.76463128125 0.9861454203125 0.7664348640624999 0.9750938031249999 0.5573800125 0.931830259375
0 0.5386025828125 0.9354787171875 0.3452459484375 0.8975912546875 0.3459519203125 0.9783157140625001 0.441136003125 0.9917920515624999 0.5499929953125 0.9898919453125 0.5556252265625 0.9263259796875 0.5386025828125 0.9354787171875
0 0.5378209171874999 0.9322145453124999 0.5542691765625001 0.9261339875000001 0.5575574015625 0.8340968500000001 0.2539461328125 0.7679853296875 0.243895203125 0.7770739703125 0.2470043078125 0.8721191859375 0.5378209171874999 0.9322145453124999
0 0.3459519203125 0.9783157140625001 0.3460117984375 0.8934950203125 0.1528466265625 0.8545835 0.1685273 0.9419481171875 0.26730099531249996 0.96718016875 0.3459519203125 0.9783157140625001
0 0 0.9038387296874999 0.1553655296875 0.9453404859375001 0.16717125 0.9417561265625001 0.1512833046875 0.8480551609375 0 0.8160145109375 0 0.9038387296874999
0 0 0.8159542984374999 0.2444836703125 0.8707111421875 0.24678295781249998 0.7690734890625001 0 0.7179217625 0 0.8159542984374999
0 0.36045403125000003 0.6747947234375 0.356048653125 0.7876970296875 0.555036759375 0.83268880625 0.5776451828125 0.7192102218749999 0.36045403125000003 0.6747947234375
0 0.3691032140625 0.5540839281250001 0.3618100828125 0.674986715625 0.5731941078125 0.7206823640625 0.6087095921875 0.575393840625 0.5949734359375001 0.5818583859375 0.3691032140625 0.5540839281250001
0 0.26033458593750003 0.40623723125 0.2576998046875 0.532004225 0.595164896875 0.580834328125 0.6124931484375 0.4434824921875 0.26033458593750003 0.40623723125
0 0 0.49099844375 0.25557790156250004 0.5359084703125 0.254128721875 0.40220509218749995 0.00262826875 0.374901409375 0 0.388958984375 0 0.49099844375
0 0 0.609596721875 0.164193834375 0.6375473375 0.1575435375 0.516772746875 0 0.496371409375 0 0.609596721875
0 0.15929832187499998 0.522277028125 0.1651669578125 0.6397874484375 0.36064549375 0.6737706640625001 0.368130090625 0.5518438171875 0.15929832187499998 0.522277028125
0 0.16594862187499998 0.6430516203125001 0.16326640625 0.7467373921875 0.351597575 0.7891691703125 0.36259174375000003 0.6782508859374999 0.16594862187499998 0.6430516203125001
0 0 0.7150509234375 0.16676016875 0.7503855453125 0.1624548578125 0.6394034640624999 0 0.6100155984375 0 0.7150509234375