0 0.70797938125 0.71546391875 0.6894226796875 0.6402061859375 0.6780824734374999 0.705154640625 0.6285979375 0.7041237125 0.6151958765625001 0.8226804124999999 0.82138144375 0.8309278359375 0.84921649375 0.719587628125 0.70797938125 0.71546391875
0 0.918288659375 0.5381443296875 0.756432990625 0.5412371140625 0.718288659375 0.5412371140625 0.7069484546875 0.5494845359375 0.6894226796875 0.6402061859375 0.7100412375 0.712371134375 0.8708659796875 0.71546391875 0.918288659375 0.5381443296875
0 0.6739587625000001 0.5010309281249999 0.66674226875 0.5402061859375 0.50797938125 0.5525773203125001 0.5038556703125 0.6938144312500001 0.6780824734374999 0.7020618562500001 0.7028247421875 0.5505154640625001 0.6739587625000001 0.5010309281249999
0 0.4007628859375 0.5443298953125 0.3997319578125 0.5082474218749999 0.2997319578125 0.50721649375 0.3151958765625 0.6855670093749999 0.48942267968750003 0.687628865625 0.5017938140625 0.5546391765625 0.4007628859375 0.5443298953125
0 0.12241237187500001 0.6670103093749999 0.2966391765625 0.6865979375 0.3121030921875 0.6515463921875 0.2894226796875 0.510309278125 0.11004123750000001 0.49587628749999996 0.09767010468750001 0.42680412343749996 0.07911340156249999 0.4865979375 0.12241237187500001 0.6670103093749999
0 0.3688041234375 0.6855670093749999 0.3141649484375 0.687628865625 0.3121030921875 0.6515463921875 0.2976701046875 0.6886597937500001 0.13272165 0.6690721640625 0.12241237187500001 0.691752578125 0.1554020625 0.8298969078124999 0.37602061875000004 0.8134020625 0.3688041234375 0.6855670093749999
0 0.6131340203125 0.701030928125 0.50797938125 0.694845359375 0.4997319578125 0.676288659375 0.4925154640625 0.6731958765625 0.48736082343750003 0.6886597937500001 0.3739587625 0.689690721875 0.3811752578125 0.8144329906250001 0.39251546406250004 0.8402061859375 0.5966391765625 0.8474226796875 0.6131340203125 0.701030928125
0 0.66674226875 0.5391752578125 0.6945773203125001 0.321649484375 0.6863298953125 0.280412371875 0.5801443296875 0.29381443125 0.5554020625 0.11134020625 0.40694845468749996 0.10721649375 0.39251546406250004 0.3164948453125 0.4007628859375 0.5422680421875 0.509010309375 0.5536082484375 0.66674226875 0.5391752578125
0 0.1131340203125 0.496907215625 0.3904536078125 0.50927835 0.4059175265625 0.108247421875 0.4048865984375 0.1 0.3873608234375 0.07525773125 0.30797938125 0.0721649484375 0.28839175156249997 0.2484536078125 0.07498969062500001 0.26597938125 0.1131340203125 0.496907215625
0 0.047154640625 0.0546391765625 0.041999999999999996 0.267010309375 0.2914845359375 0.24639175156249998 0.30901030937499996 0.0731958765625 0.3069484546875 0.05360824843749999 0.047154640625 0.0546391765625
0 0.547154640625 0.0546391765625 0.3997319578125 0.0556701046875 0.3873608234375 0.076288659375 0.4131340203125 0.10721649375 0.5554020625 0.10721649375 0.547154640625 0.0546391765625
0 0.8244742265625 0.0731958765625 0.8203505156249999 0.0546391765625 0.5461237125 0.0556701046875 0.5832371140625 0.29278350625 0.7976701046875 0.267010309375 0.8255051546875001 0.085567009375 0.8244742265625 0.0731958765625
0 0.8285979375 0.09072165 0.7966391765624999 0.267010309375 0.8131340203124999 0.294845359375 0.8801443296875 0.298969071875 0.8285979375 0.09072165
0 0.72138144375 0.5391752578125 0.9461237125 0.52061855625 0.8822061859374999 0.301030928125 0.8110721640625 0.2958762875 0.7945773203125001 0.2690721640625 0.6842680421875 0.280412371875 0.6976701046875 0.3164948453125 0.67602061875 0.49896907187500006 0.6987010296875 0.5474226796874999 0.72138144375 0.5391752578125
0 0.3883917515625 0.07938144375 0.3956082484375 0.0556701046875 0.3069484546875 0.0567010296875 0.30901030937499996 0.0731958765625 0.3883917515625 0.07938144375