0 0.16 0 0.16 0.0866666671875 0.46666666718750005 0.0866666671875 0.46666666718750005 0 0.16 0
0 0.4733333328125 0 0.4733333328125 0.0666666671875 0.76 0.0666666671875 0.76 0 0.4733333328125 0
0 0.45999999999999996 0.44666666718750003 0.46666666718750005 0.42000000000000004 0.46666666718750005 0.3933333328125 0.4533333328125 0.0866666671875 0.16 0.0866666671875 0.14666666718750002 0.1 0.17333333281250002 0.45999999999999996 0.3066666671875 0.4533333328125 0.45999999999999996 0.44666666718750003
0 0.76 0.41333333281250006 0.76 0.0666666671875 0.4733333328125 0.0666666671875 0.46666666718750005 0.0866666671875 0.4733333328125 0.41333333281250006 0.5 0.4266666671875 0.76 0.41333333281250006
0 0 0.8066666671875 0.18 0.7866666671875 0.16 0.45999999999999996 0.17333333281250002 0.43333333281249997 0.1666666671875 0.38 0.0066666671875 0.3866666671875 0 0.3933333328125 0 0.8066666671875
0 0.4533333328125 0.76 0.48 0.7533333328125 0.45999999999999996 0.44666666718750003 0.3066666671875 0.4533333328125 0.16 0.45999999999999996 0.1866666671875 0.7866666671875 0.27999999999999997 0.7866666671875 0.4533333328125 0.76
0 0.74 0.41333333281250006 0.5 0.43333333281249997 0.4733333328125 0.42000000000000004 0.46666666718750005 0.43333333281249997 0.48 0.74 0.74 0.72 0.74 0.41333333281250006
0 0.8533333328125 0.32 0.86 0.2133333328125 0.76 0.2133333328125 0.7666666671875 0.3266666671875 0.8333333328125001 0.3133333328125 0.8533333328125 0.32
0 0.8666666671875 0.0933333328125 0.7666666671875 0.0933333328125 0.76 0.2066666671875 0.8666666671875 0.2066666671875 0.8666666671875 0.0933333328125
0 0.76 0 0.7666666671875 0.0866666671875 0.8666666671875 0.0866666671875 0.8733333328124999 0 0.76 0
0 1 0.38 0.86 0.32 0.8333333328125001 0.3133333328125 0.76 0.3266666671875 0.7666666671875 0.41333333281250006 0.74 0.41333333281250006 0.7466666671875 0.6933333328125 0.7666666671875 0.7066666671874999 0.8 0.7 0.8533333328125 0.6933333328125 0.9266666671875001 0.6933333328125 1 0.6933333328125 1 0.38
0 1 0.6933333328125 0.9199999999999999 0.6933333328125 0.8466666671875 0.6933333328125 0.7866666671875 0.7066666671874999 0.7466666671875 0.7 0.7533333328125 0.9133333328125 0.8133333328125 1 1 0.9666666671874999 1 0.6933333328125
0 0.2 1 0.18 0.7866666671875 0 0.8066666671875 0 1 0.2 1
0 0.48 1 0.4733333328125 0.96 0.48666666718749996 0.96 0.4733333328125 0.9066666671875 0.46666666718750005 0.76 0.27999999999999997 0.7866666671875 0.1866666671875 0.7933333328125001 0.2066666671875 1 0.48 1
0 0.7533333328125 1 0.74 0.72 0.48 0.74 0.48 0.9066666671875 0.4933333328125 0.9533333328125 0.48666666718749996 0.9666666671874999 0.48666666718749996 1 0.7533333328125 1
0 0.13333333281249998 0.36 0.1 0.26 0.08 0.2733333328125 0.0266666671875 0.2866666671875 0.04 0.36666666718749996 0.1 0.37333333281250003 0.13333333281249998 0.36
0 0.06 0.0666666671875 0.0066666671875 0.0666666671875 0 0.13999999999999999 0.0666666671875 0.13999999999999999 0.06 0.0666666671875
0 0 0.2133333328125 0.0733333328125 0.2066666671875 0.0466666671875 0.13999999999999999 0.0066666671875 0.14666666718750002 0 0.14666666718750002 0 0.2133333328125
0 0 0.2733333328125 0.0666666671875 0.2733333328125 0.0866666671875 0.2666666671875 0.08 0.2133333328125 0.0533333328125 0.2133333328125 0 0.2133333328125 0 0.2733333328125