0 0.2492907546875 0.1638985 0.2817504875 0.13044982656249998 0.18307289843750002 0.1281430234375 0.1265929609375 0.16043829375000002 0.1447704125 0.392272203125 0.2616254546875 0.38765859375 0.2492907546875 0.1638985
0 0.38367405312499997 0.386505190625 0.3778313 0.1569780859375 0.3979563359375 0.122376009375 0.2862948515625 0.1246828140625 0.25123833906250004 0.162745096875 0.26487142812500003 0.3853517859375 0.38367405312499997 0.386505190625
0 0.507670234375 0.3830449828125 0.5024766765625001 0.15813148593749998 0.5109162078125 0.120069203125 0.3992547234375 0.120069203125 0.3765329125 0.161591696875 0.3856216359375 0.388811996875 0.507670234375 0.3830449828125
0 0.6264728609375 0.37151095624999997 0.6297188328125001 0.1477508671875 0.6212793046875 0.11891579999999999 0.5135129875 0.116608996875 0.503125871875 0.16620530625000002 0.508968625 0.3761245671875 0.6264728609375 0.37151095624999997
0 0.2376052515625 0.099307959375 0.1934600125 0.120069203125 0.28564565625 0.12122260625 0.3122626375 0.09584775 0.2376052515625 0.099307959375
0 0.314210221875 0.0900807359375 0.2843472671875 0.11891579999999999 0.3986055296875 0.1235294140625 0.4089926453125 0.08892733593749999 0.314210221875 0.0900807359375
0 0.40834345 0.0866205296875 0.397307140625 0.116608996875 0.508968625 0.12122260625 0.5096178203124999 0.0843137265625 0.40834345 0.0866205296875
0 0.508968625 0.0820069203125 0.508968625 0.12122260625 0.6186825234375 0.116608996875 0.60245265625 0.07508650624999999 0.508968625 0.0820069203125
0 0.198004375 0.5064590531250001 0.2557827015625 0.388811996875 0.1389276609375 0.39457900625 0.054532353125 0.48454440625000006 0.0882904765625 0.726758940625 0.2122866578125 0.726758940625 0.198004375 0.5064590531250001
0 0.3414763984375 0.499538640625 0.38172646875 0.38765859375 0.2557827015625 0.388811996875 0.200601153125 0.49723183281249994 0.2142342421875 0.733679353125 0.3525127078125 0.73483275625 0.3414763984375 0.499538640625
0 0.49014197968750006 0.5076124562500001 0.507021040625 0.3830449828125 0.3810772734375 0.38765859375 0.340178009375 0.49838523593749995 0.3525127078125 0.7405997703125 0.4888435890625 0.73483275625 0.49014197968750006 0.5076124562500001
0 0.6381583640625 0.49607842968750004 0.6264728609375 0.372664359375 0.507021040625 0.3830449828125 0.48819439375 0.5099192640625 0.4920895625 0.73483275625 0.6323156109375 0.735986159375 0.6381583640625 0.49607842968750004
0 0.634263196875 0.27693195 0.6375091703125 0.3542099203125 0.7855255546875 0.3553633234375 0.762803740625 0.2711649359375 0.634263196875 0.27693195
0 0.8179852890625 0.418800459375 0.7900699171875 0.3519031140625 0.6368599749999999 0.3553633234375 0.643351921875 0.4222606703125 0.8108441484375 0.4234140703125 0.8140901218750001 0.4464821234375 0.8179852890625 0.418800459375
0 0.818634484375 0.75213379375 0.8368119343749999 0.5145328734375 0.810194953125 0.418800459375 0.63166641875 0.418800459375 0.6420535328125 0.49838523593749995 0.6310172234375 0.7394463671875 0.818634484375 0.75213379375
0 0.098677590625 0.7256055359375 0.1220485984375 0.9274509796875 0.24734317031250003 0.9251441765624999 0.230464109375 0.733679353125 0.098677590625 0.7256055359375
0 0.230464109375 0.733679353125 0.2460447828125 0.9262975765625001 0.37004096406250003 0.9251441765624999 0.3648474078125 0.7382929640625 0.230464109375 0.733679353125
0 0.3648474078125 0.7382929640625 0.37004096406250003 0.9274509796875 0.4972831203125 0.935524796875 0.4946863421875 0.735986159375 0.3648474078125 0.7382929640625
0 0.4946863421875 0.735986159375 0.49598473125 0.9366782 0.63296480625 0.9585928499999999 0.63166641875 0.7382929640625 0.4946863421875 0.735986159375
0 0.8290215984374999 0.7486735859375 0.8212312624999999 0.7232987296875 0.8192836796874999 0.7486735859375 0.63621078125 0.7452133796875 0.63166641875 0.9447520203125 0.7926666953125 0.9666666671874999 0.8160377046875 0.9412918093749999 0.8290215984374999 0.7486735859375