0 1 0.28877005312500004 0.5531062125 0.283422459375 0.543086171875 0.304812834375 0.543086171875 0.5668449203125 0.5551102203125 0.5748663109375001 1 0.5748663109375001 1 0.28877005312500004
0 1 0.580213903125 0.535070140625 0.5828877 0.5410821640625 0.8663101609374999 0.5551102203125 0.877005346875 1 0.877005346875 1 0.580213903125
0 0.529058115625 0.28877005312500004 0.0721442890625 0.299465240625 0.0661322640625 0.5748663109375001 0.5330661328125 0.5721925140625 0.5370741484375 0.30213903750000004 0.529058115625 0.28877005312500004
0 0.5310621249999999 0.5775401062500001 0.062124248437499995 0.580213903125 0.054108217187499995 0.8663101609374999 0.5250501 0.8663101609374999 0.5370741484375 0.8663101609374999 0.5310621249999999 0.5775401062500001
0 1 0.12032085625 0.847695390625 0.1283422453125 0.8416833671875 0.1363636359375 0.8456913828125 0.28609625625 1 0.28609625625 1 0.12032085625
0 0.5891783562499999 0.1283422453125 0.5911823640625 0.283422459375 0.843687375 0.28609625625 0.8376753499999999 0.13101604218750001 0.5891783562499999 0.1283422453125
0 0.5891783562499999 0.2807486625 0.5851703406250001 0.12032085625 0.33066132187499997 0.117647059375 0.33066132187499997 0.28877005312500004 0.5310621249999999 0.28877005312500004 0.5531062125 0.283422459375 0.5891783562499999 0.2807486625
0 0.0721442890625 0.12032085625 0.0661322640625 0.294117646875 0.32665330625 0.28877005312500004 0.3286573140625 0.12299465312499999 0.0721442890625 0.12032085625
0 1 0 0.8356713421874999 0.002673796875 0.8376753499999999 0.1256684484375 0.847695390625 0.1256684484375 1 0.117647059375 1 0
0 0.5851703406250001 0 0.5871743484375 0.117647059375 0.5911823640625 0.12299465312499999 0.8356713421874999 0.1283422453125 0.8316633265625001 0 0.5851703406250001 0
0 0.3246492984375 0 0.32665330625 0.11497326249999999 0.5831663328125 0.11497326249999999 0.5831663328125 0 0.3246492984375 0
0 0.0721442890625 0.002673796875 0.068136271875 0.117647059375 0.322645290625 0.117647059375 0.322645290625 0 0.0721442890625 0.002673796875
0 0 0.2379679140625 0.0661322640625 0.23529411718749998 0.068136271875 0.0106951875 0 0.0106951875 0 0.2379679140625
0 0 0.478609625 0.0661322640625 0.478609625 0.068136271875 0.30748663125000003 0.06412825625 0.29679144375 0.062124248437499995 0.2379679140625 0 0.2406417109375 0 0.478609625
0 0.0581162328125 0.5828877 0.0661322640625 0.5721925140625 0.0661322640625 0.481283421875 0.0020040078125 0.48395721875 0 0.7192513375 0.054108217187499995 0.7192513375 0.0581162328125 0.5828877
0 0 0.914438503125 0.060120240625 0.919786096875 0.06412825625 0.8743315515625 0.054108217187499995 0.8743315515625 0.054108217187499995 0.72459893125 0 0.7272727265625 0 0.914438503125
0 0.5410821640625 0.8689839578124999 0.0721442890625 0.8689839578124999 0.06412825625 0.919786096875 0.543086171875 0.9171123 0.5410821640625 0.8689839578124999
0 0.5490981968749999 0.87967914375 0.5490981968749999 0.9171123 0.9979959921875 0.9171123 1 0.87967914375 0.5490981968749999 0.87967914375