0 0 0.034534534374999995 0.0286111125 0.22418251718749999 0.2661111125 0.259634634375 0.246666665625 0.001042709375 0.0063888875 0 0 0.034534534374999995
0 0.688333334375 0.001042709375 0.24805555625000003 0.00208541875 0.271666665625 0.259634634375 0.584166665625 0.307599265625 0.634166665625 0.2961294625 0.688333334375 0.001042709375
0 0.6925 0.00208541875 0.632777778125 0.3044711375 0.998 0.3603603609375 0.998 0.0015015015624999998 0.6925 0.00208541875
0 0.63694444375 0.30864197656250003 0.595277778125 0.5630630625 0.998 0.702702703125 0.998 0.35585585625 0.63694444375 0.30864197656250003
0 0.5938888875 0.5630630625 0.63 0.3003003 0.589722221875 0.31177010312500003 0.2661111125 0.2617200546875 0.2925 0.48173173125 0.582777778125 0.56097764375 0.5938888875 0.5630630625
0 0.271666665625 0.257549215625 0.0286111125 0.22418251718749999 0.070277778125 0.41916917031249995 0.28694444375 0.4754754765625 0.271666665625 0.257549215625
0 0.0675 0.41082749375 0.031388887500000004 0.2210543875 0.0008333343749999999 0.21896896875 0 0.3978978984375 0.0536111125 0.41499833124999996 0.0675 0.41082749375
0 0.07305555625 0.42334000625 0.0022222218750000003 0.4004004015625 0.0008333343749999999 0.5442942937499999 0.08138888749999999 0.572447446875 0.09944444375 0.5630630625 0.07305555625 0.42334000625
0 0.0675 0.42542542499999997 0.107777778125 0.5693193203125 0.2938888875 0.6443943953125 0.275833334375 0.4796463125 0.0675 0.42542542499999997
0 0.61194444375 0.572447446875 0.28416666562500004 0.476518184375 0.29944444375 0.6496079421875 0.5563888875 0.751793459375 0.570277778125 0.741366365625 0.61194444375 0.572447446875
0 0.998 0.7132132125 0.613333334375 0.5693193203125 0.5813888875 0.7570070078125 0.96194444375 0.906114446875 0.998 0.828828828125 0.998 0.7132132125
0 0.8779999999999999 0.9984984984375 0.93 0.8977727734375 0.58 0.760135134375 0.5772222218749999 0.739280946875 0.563333334375 0.7476226234375 0.5313888875 0.8967300625 0.742 0.9984984984375 0.8779999999999999 0.9984984984375
0 0.295277778125 0.65065065 0.30222222187500003 0.7924591265625 0.53 0.8967300625 0.5549999999999999 0.7528361703125 0.295277778125 0.65065065
0 0.3036111125 0.791416415625 0.2925 0.6464798140625 0.100833334375 0.5672339015625 0.08694444375 0.57349015625 0.11194444374999998 0.7100850859375 0.3036111125 0.791416415625
0 0 0.65615615625 0.10916666562499999 0.70695695625 0.08555555625 0.575575575 0 0.5450450453125 0 0.65615615625
0 0.11055555624999999 0.7079996671875 0.0036111125000000003 0.6569069062499999 0.005 0.7476226234375 0.12305555625 0.8133133140625001 0.11055555624999999 0.7079996671875
0 0.11055555624999999 0.7100850859375 0.13 0.814356021875 0.29944444375 0.904029028125 0.296666665625 0.7903737078125 0.11055555624999999 0.7100850859375
0 0.546666665625 0.906114446875 0.29805555625 0.7903737078125 0.307777778125 0.9092425765625001 0.476 0.9984984984375 0.5369444437500001 0.9978728718750001 0.546666665625 0.906114446875
0 0.54944444375 0.91132799375 0.5411111125 0.995787453125 0.716 0.9984984984375 0.7397222218749999 0.9947447453124999 0.54944444375 0.91132799375