0 0.4698834484375 0 0.4718308765625 0.107537165625 0.6804677546875 0.1111564078125 0.67990639375 0 0.4698834484375 0
0 0.47175294843750004 0.108755203125 0.353734828125 0.10133793437500001 0.34963353124999996 0.22822388437500002 0.5561129234375 0.234174128125 0.5614120546875 0.15134763906249998 0.5600583640625 0.10972425 0.47175294843750004 0.108755203125
0 0.6804677546875 0.1111564078125 0.5639836921875 0.11115242968750001 0.57204801875 0.2362327390625 0.7807628249999999 0.23863394375000002 0.77891265625 0.141988765625 0.7829404234374999 0.110424884375 0.6804677546875 0.1111564078125
0 0.34963353124999996 0.22822388437500002 0.2032809046875 0.22420775937499998 0.1988678953125 0.3559658578125 0.40888297187499995 0.36943446406249997 0.41576518125 0.2304732171875 0.34963353124999996 0.22822388437500002
0 0.57397171875 0.237555846875 0.413685625 0.23158618125000002 0.412886228125 0.3696446078125 0.631297459375 0.3774433171875 0.6322527140624999 0.2369488203125 0.57397171875 0.237555846875
0 0.778761196875 0.2385288734375 0.6321747859375 0.23816685468749998 0.6391481156250001 0.3802996765625 0.8561032171875 0.3794670578125 0.8570584718750001 0.238972559375 0.778761196875 0.2385288734375
0 0.048589940625 0.35052154999999996 0.0413180890625 0.49557297812499995 0.26750204843750003 0.5074460843749999 0.270848571875 0.36096647656249997 0.048589940625 0.35052154999999996
0 0.4128082984375 0.3708626421875 0.2727722703125 0.3622895859375 0.269269890625 0.51120526875 0.49753340625 0.521965409375 0.5029594859375 0.374372834375 0.4128082984375 0.3708626421875
0 0.6371464875 0.3801946046875 0.5030374140625 0.3731547984375 0.4995350328125 0.52207048125 0.7338034328124999 0.5331458390625 0.7375395984375 0.380576046875 0.6371464875 0.3801946046875
0 0.7395412265625 0.38068111718750003 0.7361947015625 0.5271607265625 0.982706653125 0.5352124046875 0.9825954203125 0.37999639531249996 0.7395412265625 0.38068111718750003
0 0.2642334515625 0.6527076593750001 0.2672682625 0.5111001953125001 0.051248300000000004 0.49731637500000003 0.0437941359375 0.57794608125 0.048433178125 0.6391669890625 0.25406945468750003 0.654618371875 0.2642334515625 0.6527076593750001
0 0.2691140328125 0.513641340625 0.268002921875 0.6565719109375 0.49611058124999996 0.6697681265625001 0.49945710468750004 0.5232885171875 0.2691140328125 0.513641340625
0 0.5054619875 0.523603734375 0.500191765625 0.6687602328125 0.7324585359375 0.67973051875 0.7378066875 0.5333559812499999 0.5054619875 0.523603734375
0 0.7421216578125 0.5286939796875 0.7363838625 0.6811586984375 0.9785029156249999 0.6950904171875 0.9825507968749999 0.537648478125 0.7421216578125 0.5286939796875
0 0.27000455 0.656676984375 0.0486021953125 0.641397490625 0.059400256250000005 0.783898228125 0.2649681109375 0.7981793765625 0.27000455 0.656676984375
0 0.27192825 0.6580000921875 0.2669697390625 0.798284446875 0.49499946875 0.8126986984375 0.5000359078125001 0.6711963078125 0.27192825 0.6580000921875
0 0.5021154640625001 0.6700833421875 0.495077396875 0.8114806609375 0.7249528984375 0.8284360578125 0.7323026796875001 0.6821665921875 0.5021154640625001 0.6700833421875
0 0.736305934375 0.6823767359375 0.7330373375 0.827638309375 0.9709193515625 0.84501399375 0.978347059375 0.6975264906249999 0.736305934375 0.6823767359375
0 0.26481225468749997 0.8006154484374999 0.05949800937500001 0.7851882625 0.0701202796875 0.9253691234374999 0.2639349296875 0.9398919093749999 0.26481225468749997 0.8006154484374999
0 0.49499946875 0.8126986984375 0.48780554687500005 0.9565320906249999 0.5408120609375 0.9593145703125 0.717213996875 0.9438814000000001 0.7229512703125 0.8283309859375001 0.49499946875 0.8126986984375
0 0.4838022890625 0.9563219484375001 0.49492154062499993 0.813916734375 0.2708950671875 0.7997126265625 0.2656248421875 0.9448691281249999 0.4838022890625 0.9563219484375001
0 0.7269545265625 0.8285411296875 0.7195884968749999 0.943673659375 0.962210334375 0.9224469984375 0.9648365390625001 0.8459168125 0.7269545265625 0.8285411296875