0 0 0.243696353125 0.23950111562499998 0.190980128125 0.21254637187499997 0.0362286984375 0 0.089093109375 0 0.243696353125
0 0 0.39785314843749997 0.0318757734375 0.5335227046875 0.24700827812499998 0.4417340828125 0.24773594999999998 0.43349980156249995 0.198825525 0.2060884953125 0 0.2490704890625 0 0.39785314843749997
0 0.41127091875 0.378240478125 0.3779667015625 0.17127449687500002 0.2027786875 0.2051423796875 0.2544982984375 0.4372547765625 0.25803515625 0.433721584375 0.41127091875 0.378240478125
0 0.3332638734375 0.6333404234375 0.28966045 0.42615265625000004 0.036661540625 0.5377507375 0.06455039375 0.66003809375 0.10034556875 0.78043321875 0.3332638734375 0.6333404234375
0 0.27812947656250003 0.6734029109375 0.10034556875 0.78043321875 0.093999525 0.7792653171875 0.0655997203125 0.7941224124999999 0.12175969375 0.992702490625 0.15535201875 0.991137903125 0.31881878124999996 0.862481153125 0.27812947656250003 0.6734029109375
0 0.335240453125 0.632867365625 0.2832266140625 0.6668095875 0.320379059375 0.859421021875 0.46320725312500005 0.7392630437500001 0.43500360000000005 0.5767503921875 0.397448565625 0.5857384953125 0.3720643859375 0.581066890625 0.3436645828125 0.5959239859375 0.3306611234375 0.6044095406250001 0.335240453125 0.632867365625
0 0.157093346875 0.9910567984374999 0.37860222656250003 0.9807398562499999 0.3534596953125 0.8353835281249999 0.157093346875 0.9910567984374999
0 0.463427403125 0.9192198656249999 0.3919556984375 0.896024659375 0.37239975625 0.927572103125 0.382337509375 0.9805658828125001 0.4991089515625 0.9751271656249999 0.487041440625 0.9001347375 0.463427403125 0.9192198656249999
0 0.363920925 0 0.23824192187499998 0.030078943749999996 0.26561296875 0.187417446875 0.3470690828125 0.1706091421875 0.50727705625 0.1456998734375 0.48726371874999996 0 0.363920925 0
0 0.38275246875 0.1755025296875 0.41480777656249995 0.37470728750000004 0.5352742703125 0.332442315625 0.516015984375 0.14898179218750002 0.38275246875 0.1755025296875
0 0.5583807843749999 0.5015482921875 0.5380834578125 0.33714340625 0.32284601875 0.41552359687499996 0.349073090625 0.57850930625 0.4172143734375 0.581007915625 0.5583807843749999 0.5015482921875
0 0.5761802968749999 0.650430725 0.5587970875 0.504135365625 0.4389567625 0.5758042765625 0.4667441109375 0.7357298546875 0.47309015624999995 0.7368977531249999 0.5761802968749999 0.650430725
0 0.39153939375 0.8934375843750001 0.46894084375 0.9152136171875 0.59241953125 0.80237329375 0.5746200203125 0.653490859375 0.44437898281250005 0.76257620625 0.3885169140625 0.810872978125 0.39153939375 0.8934375843750001
0 0.6052234109375 0.9202108328125 0.588882671875 0.8059064859375 0.48943432343750004 0.9022487546875 0.5030673796875 0.9742137890624999 0.58452349375 0.9574054859375 0.6052234109375 0.9202108328125
0 0.491001896875 0 0.5092536359375 0.145226815625 0.516015984375 0.14898179218750002 0.5274591671875 0.14355636875 0.5377583734375 0.143778153125 0.6350271328125 0.1231853828125 0.6152045875 0 0.491001896875 0
0 0.5561943390625 0.475204484375 0.5934380046875 0.47703773906249997 0.6714587625 0.4261244046875 0.6553244609375 0.28759026875 0.5728293046874999 0.3234542125 0.5392274328125 0.3314962 0.5561943390625 0.475204484375
0 0.5570269453125001 0.4803786328125 0.5769079703125 0.64219644375 0.62392960625 0.628255978125 0.6290267421875 0.6216626515625 0.710479428125 0.5538076953125 0.69517773125 0.420447709375 0.59385430625 0.4796248140625 0.5570269453125001 0.4803786328125
0 0.7293179828125 0.683634490625 0.7113120328125 0.5589818453125 0.58065469375 0.6654801171875 0.5905444546874999 0.7652081328125 0.6510907859375 0.758777615625 0.7293179828125 0.683634490625
0 0.73441511875 0.67704116875 0.653899971875 0.76347870625 0.5917933625 0.77296935625 0.594812415625 0.8044873109375 0.5929407671875 0.8183688015625 0.5974151640625001 0.8334181921875 0.6120872640624999 0.8863275875 0.6354948625 0.89147225 0.6766916875 0.8923593875 0.7515884640625 0.796519665625 0.73441511875 0.67704116875
0 0.6604215984375 0.28099694531249997 0.6457426421875 0.1259942421875 0.5184088671875 0.1510958078125 0.5403714078124999 0.325848990625 0.5625300984375 0.32323242812499997 0.6604215984375 0.28099694531249997
0 0.6187423109375 0 0.6365874109375 0.120125253125 0.7255335453125 0.098837640625 0.7170392671875 0 0.6187423109375 0
0 0.717685690625 0 0.7283427312499999 0.10353873124999999 0.7860798765625 0.092407121875 0.77919450625 0 0.717685690625 0
0 0.7351050796874999 0.10729370625000001 0.6453263406249999 0.12340716874999999 0.6635421546875 0.274876678125 0.7433330578125 0.247720075 0.7351050796874999 0.10729370625000001
0 0.7987719671875 0.094742925 0.73552138125 0.10988078125 0.7468699171875001 0.244186884375 0.8073113140625001 0.22434793593750002 0.7987719671875 0.094742925
0 0.6588613203125 0.2840570765625 0.6749956218750001 0.4225912140625 0.75187240625 0.3773250859375 0.74218908125 0.2533672828125 0.6588613203125 0.2840570765625
0 0.7457259421875 0.24983409375 0.7558255671875 0.3763789703125 0.8153294265625 0.337957440625 0.8057510375 0.22740806875000003 0.7457259421875 0.24983409375
0 0.6967380109375 0.4173875765625 0.7135999843749999 0.54768743125 0.7789286546875 0.49443829375000004 0.7692453296874999 0.370480490625 0.6967380109375 0.4173875765625
0 0.821675471875 0.3391253421875 0.8157457296875 0.3405445171875 0.7712219109375 0.3700074328125 0.780905234375 0.4939652375 0.8328141406249999 0.44661457968749996 0.821675471875 0.3391253421875
0 0.7128723124999999 0.5559217125 0.7300456546875 0.675400209375 0.785802790625 0.6136950062500001 0.7738315171875 0.5010316171875 0.7128723124999999 0.5559217125
0 0.775808096875 0.5005585609375001 0.7913162296875 0.6096887578125 0.8380230671875 0.5555229953125 0.8312538625 0.4496747140625 0.775808096875 0.5005585609375001
0 0.8027594109375 0.604263334375 0.7968296703125 0.605682509375 0.7320222359375 0.6749271515624999 0.7527324390625 0.7908724578124999 0.81389808125 0.711752575 0.8027594109375 0.604263334375
0 0.8178512437500001 0.710806459375 0.8558191515625 0.653358778125 0.8502988546875001 0.555271721875 0.84239253125 0.5571639546875 0.8003665281250001 0.60214931875 0.8067125734375 0.60331721875 0.8178512437500001 0.710806459375
0 0.7819531937499999 0 0.7900330375 0.09146100625 0.8430893484374999 0.0895097984375 0.866392015625 0.081246025 0.86575619375 0 0.7819531937499999 0
0 0.8672733296875 0 0.870345175 0.080299909375 0.8826209640625 0.0800486359375 0.9177831140625001 0.0689465171875 0.917594246875 0 0.8672733296875 0
0 0.8104318703125 0.21822767031249998 0.8587024156249999 0.2120484265625 0.894175934375 0.1901249515625 0.88459754375 0.079575578125 0.84943539375 0.0906776984375 0.8051180109375 0.0959108234375 0.8104318703125 0.21822767031249998
0 0.817617378125 0.3266630265625 0.8513241828125 0.3320294703125 0.8918948421874999 0.303512671875 0.88200508125 0.20378465625 0.8472592328124999 0.21747385000000002 0.8097041984375 0.226461953125 0.817617378125 0.3266630265625
0 0.9265357562500001 0.276415046875 0.8843979640624999 0.20589867343749998 0.8938714234375 0.3030396140625 0.9265357562500001 0.276415046875
0 0.8335418140625 0.43838030000000006 0.8577820171875 0.448699109375 0.9002243234374999 0.40630081875 0.8927274468749999 0.3086868203125 0.8501802078124999 0.337676678125 0.8208428671875 0.33395119375000004 0.8335418140625 0.43838030000000006
0 0.89231114375 0.3060997453125 0.9029285781249999 0.397593478125 0.9343440046874999 0.3632076875 0.9273683609375001 0.2815891953125 0.89231114375 0.3060997453125
0 0.9273683609375001 0.2815891953125 0.9367368859375 0.365321703125 0.96669696875 0.3474044765625 0.9509824 0.262504065625 0.9273683609375001 0.2815891953125
0 0.840727321875 0.5468156546875 0.8534194109375 0.54915145625 0.8931574624999999 0.5154605078125 0.8860768890624999 0.4204335828125 0.8562217406249999 0.4517592421875 0.8343744187500001 0.44355445 0.840727321875 0.5468156546875
0 0.8966943234375 0.511927315625 0.96066915 0.43750852343749996 0.9541098109374999 0.35847710781250003 0.9355929125 0.3709689109375 0.9163483390625 0.3916949984375 0.9061540656249999 0.40488164375 0.8860768890624999 0.4204335828125 0.8966943234375 0.511927315625
0 0.9084557312499999 0.597773840625 0.8975269265625 0.5171014640625 0.8502988546875001 0.555271721875 0.8589397078125 0.6472385125 0.8657020546874999 0.6509934875 0.9084557312499999 0.597773840625
0 0.8995035078125 0.51662840625 0.91282519375 0.5994147984375 0.9640029999999999 0.5092517734374999 0.9544280390625 0.44974905468750004 0.8995035078125 0.51662840625