0 0.242 0.584707646875 0.298 0.584707646875 0.308 0.5667166421875 0.314 0.48875562187500005 0.3 0.44977511249999996 0.144 0.4587706140625 0.098 0.5817091453125001 0.122 0.6011993999999999 0.242 0.584707646875
0 0.094 0.889055471875 0.196 0.8800599703125 0.304 0.8605697156250001 0.318 0.8215892046875 0.31 0.7706146921875 0.306 0.7046476765625 0.308 0.6506746625 0.296 0.586206896875 0.242 0.584707646875 0.122 0.6011993999999999 0.09 0.60269865 0.028000000000000004 0.7826086953125 0.024 0.8080959515625 0.04 0.812593703125 0.094 0.889055471875
0 0.08399999999999999 0.865067465625 0.076 0.889055471875 0.10600000000000001 0.914542728125 0.136 0.9505247375 0.174 0.9460269859375 0.414 0.9310344828125 0.43 0.9205397296875001 0.442 0.889055471875 0.43200000000000005 0.8545727140625001 0.33999999999999997 0.8590704640625001 0.318 0.8215892046875 0.304 0.8605697156250001 0.2 0.8800599703125 0.096 0.8875562218749999 0.08399999999999999 0.865067465625
0 0.314 0.5817091453125001 0.40800000000000003 0.5772113937500001 0.49000000000000005 0.5712143921874999 0.488 0.5577211390625 0.484 0.511244378125 0.466 0.439280359375 0.322 0.44827586249999996 0.312 0.48575712187500003 0.31 0.5667166421875 0.314 0.5817091453125001
0 0.6759999999999999 0.5187406296875 0.766 0.511244378125 0.762 0.499250375 0.716 0.43328335781250005 0.488 0.4527736125 0.48200000000000004 0.47526236875 0.496 0.5517241375 0.516 0.5292353828125 0.6759999999999999 0.5187406296875
0 0.314 0.77811094375 0.322 0.82458770625 0.344 0.8605697156250001 0.512 0.8515742124999999 0.544 0.8410794609375 0.54 0.8110944531250001 0.546 0.760119940625 0.54 0.6911544234375 0.526 0.6341829078125001 0.5 0.5712143921874999 0.404 0.5787106453125 0.32 0.5817091453125001 0.316 0.62218890625 0.312 0.6536731640625 0.308 0.7046476765625 0.314 0.77811094375
0 0.642 0.9190404796875 0.65 0.8605697156250001 0.5980000000000001 0.8605697156250001 0.5519999999999999 0.7661169421875 0.542 0.8110944531250001 0.544 0.8410794609375 0.512 0.8515742124999999 0.44400000000000006 0.8545727140625001 0.44800000000000006 0.8950524734374999 0.45999999999999996 0.9295352328125001 0.512 0.9280359812500001 0.642 0.9190404796875
0 0.6519999999999999 0.8605697156250001 0.806 0.8380809593749999 0.9 0.82308845625 0.954 0.737631184375 0.9460000000000001 0.710644678125 0.922 0.6911544234375 0.858 0.613193403125 0.5559999999999999 0.6476761625 0.5519999999999999 0.764617690625 0.596 0.8590704640625001 0.6519999999999999 0.8605697156250001
0 0.85 0.8785607203125 0.882 0.82758620625 0.806 0.8380809593749999 0.654 0.8605697156250001 0.654 0.8830584703125 0.6679999999999999 0.9130434781250001 0.842 0.901049475 0.85 0.8785607203125
0 0.526 0.6311844078125 0.542 0.688155921875 0.5519999999999999 0.688155921875 0.5559999999999999 0.6446776609375 0.8320000000000001 0.614692653125 0.8320000000000001 0.59970015 0.806 0.5547226390625 0.778 0.511244378125 0.6759999999999999 0.5187406296875 0.516 0.5307346328125 0.512 0.539730134375 0.508 0.5697151421875 0.508 0.587706146875 0.526 0.6311844078125
0 0.09 0.1919040484375 0.10200000000000001 0.2173913046875 0.184 0.21439280312500003 0.322 0.211394303125 0.366 0.2068965515625 0.38 0.1679160421875 0.372 0.06446776562499999 0.362 0.028485757812500002 0.21200000000000002 0.0329835078125 0.122 0.035982009375 0.1 0.034482759375 0.048 0.0689655171875 0.05 0.0944527734375 0.072 0.1484257875 0.09 0.1919040484375
0 0.148 0 0.10800000000000001 0.02548725625 0.10800000000000001 0.034482759375 0.13 0.034482759375 0.21400000000000002 0.0314842578125 0.366 0.028485757812500002 0.372 0.0554722640625 0.384 0.0164917546875 0.384 0 0.148 0
0 0.386 0 0.384 0.0164917546875 0.54 0.0179910046875 0.5559999999999999 0.028485757812500002 0.546 0 0.386 0
0 0.394 0.2053973015625 0.40599999999999997 0.20839580156249998 0.46799999999999997 0.2068965515625 0.5559999999999999 0.20389805156250002 0.562 0.19340329843749998 0.5660000000000001 0.1424287859375 0.5660000000000001 0.06446776562499999 0.538 0.0179910046875 0.384 0.0179910046875 0.37 0.05697151406249999 0.372 0.06446776562499999 0.38 0.1694152921875 0.394 0.2053973015625
0 0.554 0 0.5559999999999999 0.02548725625 0.5700000000000001 0.0179910046875 0.588 0.0164917546875 0.642 0.013493253124999998 0.726 0.0179910046875 0.73 0.013493253124999998 0.708 0.0089955015625 0.6679999999999999 0 0.554 0
0 0.306 0.3178410796875 0.296 0.24137931093749998 0.282 0.21289355312499997 0.184 0.21439280312500003 0.098 0.22188905625 0.142 0.33433283281250004 0.21400000000000002 0.3313343328125 0.3 0.3283358328125 0.306 0.3178410796875
0 0.32599999999999996 0.42578710624999994 0.388 0.42278860625 0.40199999999999997 0.4077961015625 0.392 0.32983508281249996 0.318 0.3283358328125 0.308 0.31934032968750004 0.302 0.3313343328125 0.13999999999999999 0.33433283281250004 0.172 0.42428785625 0.192 0.4287856078125 0.246 0.42578710624999994 0.32599999999999996 0.42578710624999994
0 0.46799999999999997 0.32533733125 0.476 0.302848575 0.46799999999999997 0.20839580156249998 0.40599999999999997 0.20989505312499998 0.396 0.2068965515625 0.38 0.17241379375000002 0.366 0.20839580156249998 0.32 0.211394303125 0.29 0.211394303125 0.3 0.24137931093749998 0.308 0.31934032968750004 0.322 0.3283358328125 0.46799999999999997 0.32533733125
0 0.5519999999999999 0.413793103125 0.562 0.32533733125 0.49400000000000005 0.32533733125 0.476 0.3058470765625 0.46799999999999997 0.32533733125 0.392 0.3283358328125 0.40599999999999997 0.4182908546875 0.44800000000000006 0.42128935468749995 0.526 0.4197901046875 0.5519999999999999 0.413793103125
0 0.31 0.4812593703125 0.322 0.4467766109375 0.33599999999999997 0.4467766109375 0.32999999999999996 0.42728635625000005 0.25 0.42728635625000005 0.194 0.4287856078125 0.172 0.4287856078125 0.184 0.43778110937500003 0.188 0.45427286406249995 0.3 0.45127436249999997 0.31 0.4812593703125
0 0.49000000000000005 0.45127436249999997 0.48600000000000004 0.42128935468749995 0.446 0.4197901046875 0.40599999999999997 0.4182908546875 0.40199999999999997 0.4077961015625 0.384 0.42428785625 0.33599999999999997 0.42728635625000005 0.33999999999999997 0.4452773609375 0.46399999999999997 0.439280359375 0.47800000000000004 0.47526236875 0.49000000000000005 0.45127436249999997
0 0.726 0.3178410796875 0.74 0.2698650671875 0.748 0.2053973015625 0.682 0.2053973015625 0.584 0.2053973015625 0.568 0.188905546875 0.5559999999999999 0.20389805156250002 0.472 0.20839580156249998 0.476 0.30434782656250003 0.492 0.32383808125 0.568 0.32233883125 0.726 0.3178410796875
0 0.712 0.4077961015625 0.728 0.3178410796875 0.568 0.32233883125 0.564 0.3688155921875 0.568 0.3943028484375 0.584 0.415292353125 0.712 0.4077961015625
0 0.568 0.188905546875 0.5860000000000001 0.20089955 0.682 0.20389805156250002 0.746 0.20089955 0.766 0.1079460265625 0.778 0.061469265625000005 0.726 0.0179910046875 0.644 0.013493253124999998 0.5660000000000001 0.0209895046875 0.558 0.0509745125 0.568 0.0674662671875 0.5700000000000001 0.1409295359375 0.568 0.188905546875
0 0.49000000000000005 0.45127436249999997 0.72 0.43028485781250003 0.722 0.4077961015625 0.716 0.3958020984375 0.712 0.4077961015625 0.584 0.415292353125 0.5700000000000001 0.3943028484375 0.5599999999999999 0.37481259375 0.5559999999999999 0.413793103125 0.524 0.42128935468749995 0.48600000000000004 0.42128935468749995 0.49000000000000005 0.45127436249999997
0 0.742 0.3943028484375 0.752 0.32983508281249996 0.828 0.32683658125 0.828 0.3163418296875 0.776 0.26836581718749997 0.742 0.2698650671875 0.728 0.3163418296875 0.716 0.3958020984375 0.742 0.3943028484375
0 0.8859999999999999 0.48875562187500005 0.892 0.463268365625 0.916 0.4092953515625 0.876 0.32533733125 0.828 0.3283358328125 0.752 0.3313343328125 0.742 0.3943028484375 0.756 0.48725637187500004 0.8099999999999999 0.48875562187500005 0.8859999999999999 0.48875562187500005
0 1 0.338830584375 0.8960000000000001 0.338830584375 0.892 0.3553223390625 0.9179999999999999 0.4077961015625 0.8960000000000001 0.464767615625 0.908 0.47376311875 1 0.47376311875 1 0.338830584375
0 0.77 0.511244378125 0.782 0.511244378125 0.806 0.5517241375 0.916 0.5517241375 0.944 0.47526236875 0.908 0.47526236875 0.8939999999999999 0.464767615625 0.8859999999999999 0.48575712187500003 0.8099999999999999 0.49025487187500005 0.76 0.48875562187500005 0.77 0.511244378125
0 1 0.47376311875 0.9460000000000001 0.47526236875 0.922 0.538230884375 0.9359999999999999 0.5442278859375 1 0.5412293859374999 1 0.47376311875
0 0.826 0 0.828 0.0074962515625 0.858 0.0089955015625 0.898 0.0164917546875 0.9039999999999999 0 0.826 0
0 0.906 0 0.898 0.0179910046875 0.944 0.02548725625 1 0.0209895046875 1 0 0.906 0
0 0.876 0.013493253124999998 0.8560000000000001 0.0089955015625 0.8160000000000001 0.0089955015625 0.8099999999999999 0.0524737625 0.8539999999999999 0.0584707640625 0.866 0.0584707640625 0.876 0.013493253124999998
0 0.85 0.0584707640625 0.8099999999999999 0.0524737625 0.8 0.0959520234375 0.8539999999999999 0.10494752656249999 0.8640000000000001 0.0584707640625 0.85 0.0584707640625
0 0.984 0.02398800625 0.944 0.02548725625 0.876 0.014992503125 0.868 0.0584707640625 0.9279999999999999 0.07346326875 0.974 0.0689655171875 0.984 0.02398800625
0 0.9720000000000001 0.0689655171875 0.9279999999999999 0.07496251875 0.868 0.0584707640625 0.8539999999999999 0.1079460265625 0.916 0.12143927968749998 0.962 0.11244377812499999 0.9720000000000001 0.0689655171875
0 1 0.0209895046875 0.984 0.02398800625 0.974 0.0674662671875 1 0.07196401875 1 0.0209895046875
0 1 0.07196401875 0.974 0.0689655171875 0.9640000000000001 0.110944528125 0.978 0.1169415296875 1 0.1169415296875 1 0.07196401875