0 0.728 0.4867724875 0.9700634921875 0.49947089843750003 0.9851428578125001 0.489947090625 0.9438730156249999 0.29312169374999997 0.843873015625 0.28465608593749997 0.712126984375 0.29312169374999997 0.6581587296875 0.46031746093750003 0.6589523796875 0.49312169375000003 0.7153015875000001 0.49735449843749996 0.728 0.4867724875
0 0.9906984124999999 0.5005291015625 0.7192698421875 0.49735449843749996 0.7383174593749999 0.73015873125 0.998 0.736 0.998 0.5493333328125 0.9906984124999999 0.5005291015625
0 0.7351428578125 0.74391534375 0.756 0.9973333328124999 0.998 0.9973333328124999 0.998 0.7466666671875 0.7351428578125 0.74391534375
0 0.5708571421874999 0.7354497359375001 0.44387301562500003 0.7396825390624999 0.43200000000000005 0.9973333328124999 0.754 0.9973333328124999 0.7359365078125 0.74391534375 0.5708571421874999 0.7354497359375001
0 0.5787936499999999 0.49312169375000003 0.461333334375 0.49735449843749996 0.44466666562499996 0.73015873125 0.73355555625 0.740740740625 0.717682540625 0.5026455015625 0.5787936499999999 0.49312169375000003
0 0.2073650796875 0.49417989375 0.17165079375 0.7216931234375 0.44546031875000003 0.7238095234374999 0.45895237968749997 0.4952380953125 0.3399047625 0.489947090625 0.2073650796875 0.49417989375
0 0.44625396874999995 0.728042328125 0.17244444375 0.7206349203125 0.1295873015625 0.996825396875 0.4295873015625 0.996825396875 0.44625396874999995 0.728042328125
0 0.656571428125 0.45502645625 0.47561904843749997 0.459259259375 0.47800000000000004 0.49312169375000003 0.5795873015625 0.49417989375 0.656571428125 0.491005290625 0.656571428125 0.45502645625
0 0.4803809515625 0.3164021171875 0.47323809531250005 0.45396825312500005 0.6549841265625 0.4455026453125 0.644666665625 0.3132275125 0.4803809515625 0.3164021171875
0 0.655777778125 0.4455026453125 0.7033968265625 0.324867725 0.6494285718749999 0.326984128125 0.655777778125 0.4455026453125
0 0.47720635 0.3195767203125 0.3153015875 0.3185185171875 0.30022222187500003 0.45608465625 0.47244444375 0.458201059375 0.47720635 0.3195767203125
0 0.47244444375 0.45714285625000006 0.3010158734375 0.45714285625000006 0.2986349203125 0.489947090625 0.4692698421875 0.49206349375 0.47244444375 0.45714285625000006
0 0.12244444375 0.439153440625 0.2986349203125 0.44973545000000004 0.3137142859375 0.3111111125 0.14704762031250002 0.3037037046875 0.12244444375 0.439153440625
0 0.2089523796875 0.49417989375 0.2970476203125 0.491005290625 0.2978412703125 0.4465608453125 0.12165079375000001 0.44444444531249994 0.0914920640625 0.5957671953125 0.187523809375 0.596825396875 0.2089523796875 0.49417989375
0 0.1867301578125 0.5947089953125 0.093079365625 0.5957671953125 0.05974603125 0.766137565625 0.16292063437499998 0.779894178125 0.1867301578125 0.5947089953125
0 0.162126984375 0.777777778125 0.06053968125 0.76719576875 0.017682540625 0.9671957687500001 0.12720635 0.9904761890625 0.162126984375 0.777777778125
0 0 0.5066666671875 0.08196825468749999 0.50687830625 0.10180952343750001 0.53015873125 0.1359365078125 0.329100528125 0.1145079359375 0.3121693125 0 0.3066666671875 0 0.5066666671875
0 0 0.7493333328125 0.032761904687499996 0.7523809515625001 0.0541904765625 0.7629629625 0.1041904765625 0.5322751328125 0.08355555625 0.50793650625 0 0.5093333328125 0 0.7493333328125
0 0 0.976 0.012920634375 0.9703703703125001 0.0581587296875 0.765079365625 0.0351428578125 0.75026455 0 0.7493333328125 0 0.976