0 0.8787504265624999 1 0.9902008609375 0.5846675390625 0.9934378984375 0.3992178375 0.7740082796875 0.33913914375 0.756615646875 0.3730372546875 0.6449109109375 0.9748222500000001 0.6497396156249999 0.9954743859375 0.6692300703125 1 0.8787504265624999 1
0 0.7611735484375 0.33286362187499996 0.521726175 0.259019859375 0.34763788125 0.876861809375 0.33535139687500004 0.91491939375 0.601987534375 0.9879229890625 0.6456012 0.9722498109375 0.7579962265625 0.367892375 0.7611735484375 0.33286362187499996
0 0 0.8138171140624999 0.03241733125 0.8457848015625 0.309543209375 0.9106146828125 0.3067853734375 0.882245228125 0.40148708437499997 0.598893071875 0.43379195625 0.48623473281249996 0.4709288546875 0.3555693140625 0.4834927828125 0.30101906562499997 0.48818940624999996 0.2525991015625 0.2417037390625 0.17406685156249999 0 0.77817678125 0 0.8138171140624999
0 0 0.7725378203125 0.23176556406249998 0.18791445625 0.0748488984375 0.131144296875 0 0.41007705625 0 0.7725378203125
0 0.9121749749999999 0.16433778593749998 0.840685575 0.14476435781250002 0.8191512062499999 0.194097109375 0.799129496875 0.3073570765625 0.7933297406250001 0.344429259375 0.9933908796875001 0.40191152812500003 0.9968139375 0.20580468437500002 0.9712424859375 0.19155591562500002 0.9121749749999999 0.16433778593749998
0 0.7740082796875 0.33913914375 0.7836690109375 0.3417842015625 0.8300604328125001 0.12252518750000001 0.7929368140624999 0.0985537453125 0.6901202343749999 0.05659591093750001 0.6462324453125 0.050102535937500005 0.580932409375 0.27799165625 0.7618638375 0.33029118281250003 0.756615646875 0.3730372546875 0.7740082796875 0.33913914375
0 0.23176556406249998 0.18791445625 0.23977159218750002 0.173537840625 0.36218707499999997 0.204293128125 0.43120935937500005 0.0243675765625 0.405542865625 0.009439115625 0.2098999171875 0.004885475 0.1405418609375 0.149130690625 0.23176556406249998 0.18791445625
0 0.48818940624999996 0.2525991015625 0.4834927828125 0.30101906562499997 0.47286099843749996 0.356098325 0.4528426125 0.43069907812499997 0.467609490625 0.4375036109375 0.521726175 0.259019859375 0.5835548453125 0.275948228125 0.6481645921875 0.050631546875 0.614905265625 0.0277181296875 0.5613922796875 0.01306655 0.44451643750000003 0.010346234375 0.3685350796875 0.21155405468750002 0.48818940624999996 0.2525991015625
0 0.13916128125 0.1542755703125 0.2082019265625 0.004845953125 0.10935718750000001 0.0025453171875 0.07415860937499999 0.1337167359375 0.13916128125 0.1542755703125
0 0.6340061109375 1 0.636353315625 0.9835249749999999 0.6046099703125 0.9858795593749999 0.385587190625 0.9286736953125001 0.363775378125 0.9944991062499999 0.383866678125 1 0.6340061109375 1
0 0.32500369687499997 0.8761875609375 0.31147535625 0.9111436953125001 0.0884495625 0.8611261375 0.07008919687500001 0.9140893484375001 0.3367253359375 0.9870929453124999 0.357846859375 0.9238399718749999 0.33535139687500004 0.91491939375 0.34032214375000003 0.888665984375 0.32500369687499997 0.8761875609375
0 0 0.8948992890625 0.05269988437499999 0.9093282453124999 0.071750540625 0.8537925921875 0.034349476562499995 0.8463138125 0.0195825984375 0.8395092796875 0.0089541359375 0.855929325 0 0.8534777296874999 0 0.8948992890625