0 0.6142749515625 0.1855926375 0.90864968125 0.1366823078125 0.9094075296874999 0.1290110765625 0.8988249484375 0.07863699375 0.5947711265625 0.052035731249999995 0.5830084328125 0.0545334921875 0.6142749515625 0.1855926375
0 0.3063966125 0.1018690296875 0.33347265625 0.2317788796875 0.6120581328125 0.18426836562499999 0.5830084328125 0.0545334921875 0.3063966125 0.1018690296875
0 0.0581454703125 0.151252634375 0.0761110796875 0.27436614062500003 0.33347265625 0.2317788796875 0.30442295625 0.10204400625000001 0.0581454703125 0.151252634375
0 0.882234296875 0.14662824218749998 0.61254445625 0.187266865625 0.6428099656249999 0.324497990625 0.9327226968750001 0.28510809375 0.939401515625 0.2769119328125 0.9069191875 0.138356534375 0.882234296875 0.14662824218749998
0 0.33347265625 0.2317788796875 0.35881820625 0.3633629578125 0.643053128125 0.32599724218750004 0.6140317890625 0.1840933890625 0.33347265625 0.2317788796875
0 0.077841575 0.2726919125 0.1064049515625 0.39942828750000003 0.35881820625 0.3633629578125 0.33347265625 0.2317788796875 0.077841575 0.2726919125
0 0.6428099656249999 0.324497990625 0.6654240109375 0.46392827812500004 0.9701249859375001 0.42931053906249994 0.9425909796875 0.2842332078125 0.6428099656249999 0.324497990625
0 0.3590613671875 0.36486220937499997 0.38440691718750003 0.49644628749999997 0.6634503546875 0.4641032546875 0.643053128125 0.32599724218750004 0.3590613671875 0.36486220937499997
0 0.10664811406250001 0.40092753593749997 0.1275600265625 0.52986306875 0.3829195828125 0.49961976406249997 0.3590613671875 0.36486220937499997 0.10664811406250001 0.40092753593749997
0 0.66715450625 0.46225405 0.695203196875 0.5981609015625 0.9943839750000001 0.570128628125 0.9945330015625 0.5573213625 0.9701249859375001 0.42931053906249994 0.66715450625 0.46225405
0 0.38416375625 0.4949470359375 0.4092661421875 0.6250318640625 0.6742224593749999 0.604583403125 0.6956895203125 0.6011594015624999 0.6696144859375 0.46507757187500004 0.38416375625 0.4949470359375
0 0.1275600265625 0.52986306875 0.1502024328125 0.6571243734375 0.4102387890625 0.631028865625 0.38735322031249997 0.5022683109375 0.1275600265625 0.52986306875
0 0.7175740796875 0.736091934375 0.9926243640625 0.7213492578125 0.9943833375000001 0.5701834234375001 0.6937158640625001 0.6013343796874999 0.7175740796875 0.736091934375
0 0.415430275 0.6260061828125 0.43731483437499996 0.760938715625 0.7190330515625 0.7450874375 0.6956895203125 0.6011594015624999 0.415430275 0.6260061828125
0 0.151932928125 0.6554501453125 0.1723585171875 0.7813871781249999 0.4345833296875 0.7687849234375 0.41418610312500004 0.6306789125 0.151932928125 0.6554501453125
0 0.7446217609375 0.878170765625 0.9908942125 0.8700381875 0.9926403265625 0.719977475 0.7175740796875 0.736091934375 0.7446217609375 0.878170765625
0 0.43707167187499996 0.7594394656250001 0.43482649218749997 0.770284171875 0.45722573750000006 0.8960462265625001 0.7342387921875 0.8882161343750001 0.7426481046875 0.87834574375 0.7195193734374999 0.7480859375 0.43707167187499996 0.7594394656250001
0 0.1726016796875 0.7828864265625 0.18932311562499998 0.9106726640625 0.443138615625 0.9079408000000001 0.45746889843750005 0.8975454765625 0.43482649218749997 0.770284171875 0.1726016796875 0.7828864265625
0 0.9893819687500001 1 0.9908933859375001 0.8701092015624999 0.74659541875 0.8779957875 0.7681001953125 1 0.9893819687500001 1
0 0.76946435 1 0.7451080859375 0.8811692687500001 0.720423196875 0.889440975 0.4554952421875 0.8977204546875001 0.4750933234375 1 0.76946435 1
0 0.4720838484375 1 0.45598156406249996 0.9007189562500001 0.43105351406250003 0.9074914109375 0.1974609046875 0.9114720046875 0.2118191640625 1 0.4720838484375 1