0 1 0.21435556406249998 0.810899025 0.19110968281250001 0.7815090625 0.3889507765625 1 0.422996546875 1 0.21435556406249998
0 0.9438825203125001 0.600443071875 0.9758631640625 0.4189190296875 0.787022240625 0.39485059375 0.7601892359375 0.56350120625 0.7676951078124999 0.5695985078125 0.9438825203125001 0.600443071875
0 1 0.42398781874999997 0.97762340625 0.42177019531250004 0.94365006875 0.603096753125 1 0.61130193125 1 0.42398781874999997
0 1 0.6113028859375 0.7669977546875 0.5775595484375 0.7473050828125001 0.7335342171875 0.985863965625 0.7866203828125 1 0.6252420296875 1 0.6113028859375
0 0.7468401828125 0.7388415765625 0.7251548171875 0.8946187609375 0.8904489640625 0.9350906218749999 0.92233024375 0.7776471828125 0.7468401828125 0.7388415765625
0 0.985631515625 0.7892740625 0.9225626953124999 0.7749935015625 0.8961945921875 0.93833675625 0.971916921875 0.9458411859375 0.985631515625 0.7892740625
0 0.9318306156249999 0.9445451671875 0.860558571875 0.932128346875 0.8685518390625001 0.9950484640624999 0.9676570874999999 0.9944718859374999 0.9709871187499999 0.9564559078125001 0.9318306156249999 0.9445451671875
0 0.691743940625 0.8859541546875 0.67523258125 0.9961731625000001 0.7765436234374999 0.9955837515624999 0.7722820953125 0.907319440625 0.691743940625 0.8859541546875
0 0.7742747875 0.9075169265625 0.7770484093750001 0.9955808156250001 0.8648332390625001 0.9950700984375 0.8568056359374999 0.9290796953125 0.7742747875 0.9075169265625
0 0.5688533812500001 0.17782871718749999 0.5490613468750001 0.3578839921875 0.77905146875 0.394060653125 0.8022309 0.1982807828125 0.5688533812500001 0.17782871718749999
0 0.4596226171875 0.3463434859375 0.44521067187499996 0.51087165 0.59150769375 0.538753940625 0.6158831015625 0.3752132015625 0.4596226171875 0.3463434859375
0 0.54567575625 0.5342117843749999 0.530200921875 0.6879277453125 0.73265888125 0.7401128625 0.7634772703125 0.5718572171875 0.54567575625 0.5342117843749999
0 0.611897715625 0.37481823125 0.5970208703125001 0.54465375625 0.757499190625 0.5712647625 0.77905146875 0.394060653125 0.611897715625 0.37481823125
0 1 0.043894003125 0.8352744328125 0.02756894375 0.8131241671874999 0.18865348906249998 1 0.2123619703125 1 0.043894003125
0 0.6517142359375 0.0120540046875 0.634844696875 0.18169204218749999 0.8082089781249999 0.19887323750000002 0.8352744328125 0.02756894375 0.6517142359375 0.0120540046875
0 0.48409795781250003 0 0.4734365734375 0.16569575625 0.634844696875 0.18169204218749999 0.64995399375 0.009202839062499999 0.557094121875 0 0.48409795781250003 0
0 0.507447246875 0.35108312812500003 0.5369721015625 0.33527215625 0.5486940015624999 0.1785075484375 0.52302144375 0.17328656250000002 0.318238978125 0.147638246875 0.30887530937499996 0.3233735859375 0.507447246875 0.35108312812500003
0 0.32421464375000003 0 0.318238978125 0.147638246875 0.47167633125 0.1628445921875 0.48401578437500004 0 0.32421464375000003 0
0 0.17592786093749999 0 0.17675778281250001 0.1336168109375 0.318006528125 0.150291925 0.32419805468749996 0 0.17592786093749999 0
0 0.0497726 0 0.039494423437499995 0.11733666406250001 0.17699023281249998 0.13096312968749999 0.17598361406250002 0 0.0497726 0
0 0.0788833796875 0.1265937234375 0.039029521875 0.122644025 0.025082478125 0.281864828125 0.0808778796875 0.287394409375 0.11744370468750001 0.2829880984375 0.11920213906249999 0.125236065625 0.0788833796875 0.1265937234375
0 0.12072993125 0.1307409109375 0.1200343859375 0.29930515 0.308642859375 0.326027265625 0.318006528125 0.150291925 0.12072993125 0.1307409109375
0 0.4394668515625 0.6682287140625001 0.4313648 0.806615046875 0.5682963453125 0.849629478125 0.5855314218750001 0.6987646843750001 0.5262155359375 0.687532775 0.5367095421875 0.613624703125 0.528971221875 0.610181084375 0.4833060953125 0.6725733828125 0.4394668515625 0.6682287140625001
0 0.58905190625 0.7044670156249999 0.5740419734375 0.8528756140624999 0.7236270265625 0.8891139140625001 0.7430872468749999 0.7357929265625 0.58905190625 0.7044670156249999
0 0.5700565875 0.8524806437500001 0.5171836812499999 0.8365338281250001 0.5013433093749999 0.9714765406250001 0.5689978953125 0.9967912171875 0.6769559375 0.9961631359374999 0.691743940625 0.8859541546875 0.5700565875 0.8524806437500001
0 0.30887530937499996 0.3233735859375 0.30067389375000003 0.48584052343749995 0.4412252875 0.5104766796875 0.45387698906249996 0.34309734999999997 0.30887530937499996 0.3233735859375
0 0.48553123749999993 0.6701171890625 0.5124654125 0.63798916875 0.5162502640625 0.5259421515625 0.498316028125 0.5241647859375 0.3104049078125 0.4894816296875 0.301140603125 0.6411363625 0.48553123749999993 0.6701171890625
0 0.301140603125 0.6411363625 0.2954961453125 0.774412821875 0.43113235000000005 0.8092687281250001 0.437706609375 0.66537755 0.301140603125 0.6411363625
0 0.4604265609375 0.9567146375 0.487925 0.89519865 0.49197602656250006 0.8260054828125 0.43488528593750003 0.8123173781249999 0.2954961453125 0.774412821875 0.28716164375000003 0.9154528359375 0.4604265609375 0.9567146375
0 0.1616484859375 0.306106015625 0.16012250156250002 0.46120436875 0.2986812015625 0.48564303906250006 0.3064177140625 0.328483459375 0.1616484859375 0.306106015625
0 0.15988824375 0.3032548484375 0.11827414375 0.2964539859375 0.0283705140625 0.29022083906249996 0.033519959375000005 0.4379506078125 0.158129809375 0.46100688281249996 0.15988824375 0.3032548484375
0 0.0135930296875 0.43597575781250003 0.0332875078125 0.4406042890625 0.02614536875 0.292677034375 0.0135930296875 0.43597575781250003
0 0.11449109843750001 0.569104203125 0.12026864374999999 0.45725466875 0.0793518953125 0.44249276249999997 0.0113678875 0.438431953125 0.0082701421875 0.4737961109375 0.010092960937500001 0.5782253500000001 0.0785232640625 0.5896300765625 0.11449109843750001 0.569104203125
0 0.30207040625000003 0.6305216421875001 0.3066519734375 0.48643297968750004 0.11827594999999999 0.457057184375 0.11767976875 0.6015408171875001 0.28895199531250004 0.6426051328125 0.30207040625000003 0.6305216421875001
0 0.28084994375 0.7809914671875 0.293968353125 0.7689079765625 0.2996128109375 0.63563151875 0.28895199531250004 0.6426051328125 0.160356759375 0.6191538875 0.154944753125 0.749776665625 0.28084994375 0.7809914671875
0 0.15484358125 0.6132540734374999 0.1179122203125 0.5988871375 0.1207016296875 0.5670429765625 0.08028350625 0.5924812421875 0.0406620984375 0.5858778609375 0.0412281703125 0.71709309375 0.15318451093750002 0.7469255015625 0.15484358125 0.6132540734374999
0 0.038436954687500004 0.58833405625 0.0101497921875 0.5814812421875 0.0123428125 0.7071192828124999 0.0394679296875 0.7142419296875 0.038436954687500004 0.58833405625
0 0.11034251718750002 0.822981171875 0.101606946875 0.739137209375 0.0801522265625 0.731657515625 0.012517814062499999 0.7171451015625 0.014616518749999998 0.8373798375 0.0791905078125 0.857367903125 0.11034251718750002 0.822981171875
0 0.27145255156250003 0.9112192734375 0.2852683140625 0.89117474375 0.2928061 0.7821763765624999 0.2806174921875 0.783645146875 0.10957771875 0.73992715 0.108383546875 0.8682912171874999 0.27145255156250003 0.9112192734375