0 1 0.036385887500000005 0.9400800796875 0.0251205484375 0.916975396875 0.031506475 0.888620096875 0.138907659375 0.9039858328125 0.1437473828125 1 0.1560025515625 1 0.036385887500000005
0 0.6863030859375 0 0.6792615375 0.0596934703125 0.668189878125 0.0796288390625 0.66717404375 0.1128812671875 0.688697290625 0.11692777812499999 0.8861910609375 0.1416559765625 0.9139246812499999 0.025080323437500003 0.7243753515625 0 0.6863030859375 0
0 0.3407898828125 0 0.33873183125 0.0227050671875 0.3701410625 0.0279134703125 0.6598853296875 0.0680345046875 0.6783578578125 0.065654865625 0.6883103687500001 0 0.3407898828125 0
0 1 0.164710553125 0.9434736921875 0.1620404703125 0.9176035062500001 0.2530478140625 1 0.2691263171875 1 0.164710553125
0 0.665196846875 0.11264888749999999 0.65305488125 0.23257391562500002 0.6668952609375001 0.234200565625 0.9169257484375001 0.2575188609375 0.944829209375 0.1530983765625 0.665196846875 0.11264888749999999
0 0.4525055734375 0.0421444140625 0.4385562546875 0.17399223125000002 0.6542966359375 0.1978311390625 0.6728220296874999 0.07562255 0.4525055734375 0.0421444140625
0 0.33104896250000004 0.02028520625 0.19614773593749998 0.0074641640625000005 0.1874522484375 0.1444801625 0.4282184296875 0.1758110359375 0.440190553125 0.043730840625 0.33104896250000004 0.02028520625
0 0.072509003125 0 0.053228778125 0.1271880765625 0.182198415625 0.13931198125 0.1847363921875 0.0030891953125 0.168193196875 0 0.072509003125 0
0 1 0.271466071875 0.89077035 0.2574786390625 0.869021184375 0.254922475 0.8413436421875 0.35785260937499996 0.8604378531249999 0.364647440625 1 0.3783809078125 1 0.271466071875
0 0.356361584375 0.17191645625000002 0.3459708984375 0.29356421250000003 0.6278624546875 0.3191102140625 0.6474613671875 0.20309539999999998 0.356361584375 0.17191645625000002
0 0.6743522093750001 0.23811077812499998 0.644920175 0.23313475 0.6276365359375 0.320600565625 0.6390478765625 0.3249755328125 0.637014603125 0.338388671875 0.65718233125 0.351377275 0.8386886875 0.3620912765625 0.868343425 0.2593935203125 0.6743522093750001 0.23811077812499998
0 0.0331219484375 0.2598291078125 0.2712892546875 0.2817531328125 0.2759742703125 0.157917890625 0.053228778125 0.1271880765625 0.0331219484375 0.2598291078125
0 1 0.3797142703125 0.98500125625 0.3792872859375 0.908964096875 0.376418296875 0.891340775 0.4395737765625 0.9620119453125 0.4645656171875 1 0.46903032343750006 1 0.3797142703125
0 0.6606848875 0.3548227296875 0.6385399609375 0.341601746875 0.6218780015625 0.4382420296875 0.6418198109375 0.45272098281249995 0.885748865625 0.46318697656249996 0.9063652187500001 0.36701145 0.6606848875 0.3548227296875
0 0.435396596875 0.30104054687500004 0.42042983593749994 0.413049075 0.6192791234375 0.4288351828125 0.6388219578125 0.32646588125 0.435396596875 0.30104054687500004
0 0.336536753125 0.2894216234375 0.271063334375 0.28324347968749997 0.19655153281249998 0.28358756875 0.1888158015625 0.40099665624999997 0.4160236046875 0.41556501562500003 0.4219519796875 0.31007871875 0.336536753125 0.2894216234375
0 0.0328960296875 0.2613194546875 0.01589599375 0.386741121875 0.18904172187499999 0.39950630781249996 0.193048978125 0.2801421140625 0.0328960296875 0.2613194546875
0 1 0.47182500312500003 0.9639891421875 0.4647979953125 0.8933179718750001 0.43980615468749995 0.885522946875 0.4646773265625 0.8371665437500001 0.46506163593750005 0.82180080625 0.4602219109375 0.8086974796874999 0.5466621328125 0.8194310625 0.555508146875 0.9759116171875 0.558730184375 1 0.48221378125000003 1 0.47182500312500003
0 0.6418198109375 0.45272098281249995 0.6216520812499999 0.439732378125 0.604368440625 0.52719819375 0.6310894421875 0.5500584046875 0.8075678828124999 0.554113875 0.82180080625 0.4602219109375 0.6418198109375 0.45272098281249995
0 0.42088167500000007 0.4100683796875 0.4160236046875 0.41556501562500003 0.3358061296875 0.4137216203125 0.326657196875 0.5006266 0.34592125 0.519576596875 0.60239124375 0.526965815625 0.6170760078125 0.4300931515625 0.42088167500000007 0.4100683796875
0 0.262425534375 0.4597056796875 0.2560404953125 0.408897525 0.0134669578125 0.389489440625 0.0026799781250000003 0.4606491484375 0.0029693765625 0.5103926078125001 0.25384059375 0.5163389281249999 0.262425534375 0.4597056796875
0 0.84908901875 0.558993825 0.8425934328125001 0.5885684203125 0.917106840625 0.6413160484375 0.9788517828125001 0.645539084375 0.991503271875 0.562079559375 0.84908901875 0.558993825
0 0.6310894421875 0.5500584046875 0.604368440625 0.52719819375 0.5878763218749999 0.6359936453125 0.5948814328124999 0.642884553125 0.8287546609374999 0.6400334875 0.847337740625 0.5572710984375 0.6310894421875 0.5500584046875
0 0.9806030609375 0.6472618125 0.958627975 0.6461959984375001 0.9308366703125 0.72332545 0.9686293328125 0.726250290625 0.9806030609375 0.6472618125
0 0.917106840625 0.6413160484375 0.8425934328125001 0.5885684203125 0.8285287406249999 0.6415238359375001 0.7762179437500001 0.641443390625 0.7643002937500001 0.7067863515624999 0.772378921875 0.719871034375 0.9227019640625 0.723886284375 0.952696384375 0.6454988609375001 0.917106840625 0.6413160484375
0 0.5878763218749999 0.6359936453125 0.57573275 0.7028269578125 0.596522159375 0.72499003125 0.7585385421875 0.7182443843749999 0.7762179437500001 0.641443390625 0.5878763218749999 0.6359936453125
0 0.32440121718750003 0.6217135203125 0.31208619843749996 0.6232999453125 0.303839334375 0.6511518140625 0.32400867187500004 0.717232134375 0.5724000375 0.7115366703125 0.586802803125 0.629799871875 0.32440121718750003 0.6217135203125
0 0.41602681874999997 0.52174845 0.3971617421875 0.6196467046875 0.5874805609375 0.6253288265625 0.6036906828124999 0.5316692390625 0.41602681874999997 0.52174845
0 0.34196685625 0.519111840625 0.3325887875 0.501323734375 0.33117558593749996 0.470819625 0.26282129374999996 0.4703705 0.2520893171875 0.5146162015625 0.189440696875 0.5163545609375 0.1797838453125 0.6198857546875 0.389027034375 0.6202075390624999 0.3975542875 0.5241280890625 0.34196685625 0.519111840625
0 0.16791745 0.5123080484375 0.002968853125 0.510302534375 0.0036001484375 0.6188130453125 0.1703497 0.615743165625 0.16791745 0.5123080484375
0 0.24022935156249997 0.619405365625 0.0036014781250000003 0.6190414671875 0.0041627765625 0.7155204296875 0.2400627234375 0.7134336328125 0.24022935156249997 0.619405365625
0 0.3246864296875 0.7127610875 0.3020880578125 0.6494290875 0.24514510781249998 0.653354928125 0.2459943140625 0.71413076875 0.17391155 0.7117265374999999 0.1675874125 0.806548015625 0.3693736515625 0.802959590625 0.38202514062500004 0.719500065625 0.3246864296875 0.7127610875
0 0.15961933125 0.7130805828125 0.0041477218750000005 0.712932834375 0.004721675 0.8115868703125001 0.1662879734375 0.8018445921874999 0.15961933125 0.7130805828125
0 0.38202514062500004 0.719500065625 0.3693736515625 0.802959590625 0.5548904765625 0.8004928343750001 0.5712704390625001 0.7189884140625 0.38202514062500004 0.719500065625
0 0.3188141328125 0.8046018703125 0.3147491890625 0.884519865625 0.5451198640625 0.8782233421875001 0.559070790625 0.7994672421875 0.3188141328125 0.8046018703125
0 0.2403479375 0.8044812 0.0047248609375 0.8121347406250001 0.005221603125 0.8975173421875 0.24001146874999998 0.8863542984375 0.2403479375 0.8044812
0 0.30904351874999997 0.8823323796875 0.3019807234375 0.8359952703125 0.24283465781250002 0.8411790828125 0.2437399421875 0.8883094046875 0.1729566140625 0.8906085984375001 0.16877790937499998 0.9447259078125001 0.30102418124999997 0.961785615625 0.35598993437500004 0.9576273937499999 0.3670599859375 0.8846003109374999 0.30904351874999997 0.8823323796875
0 0.1606415953125 0.892195025 0.0052227140625 0.8977083265625 0.0053912671875 0.92667999375 0.160869121875 0.9437963937499999 0.1606415953125 0.892195025
0 0.5903646499999999 0.72578324375 0.5739253953125 0.714749746875 0.56245958125 0.7771120125000001 0.5808199562499999 0.80202340625 0.801530565625 0.7930746421875 0.812148778125 0.7230282546875 0.5903646499999999 0.72578324375
0 0.5768655625 0.8015586484374999 0.56200774375 0.7800927078125001 0.54777481875 0.873984675 0.5604856 0.8830630671874999 0.720298865625 0.8775753906249999 0.736226990625 0.79905166875 0.5768655625 0.8015586484374999
0 0.5602596796875 0.884553415625 0.5448939453125 0.8797136906249999 0.5382862015625001 0.93657931875 0.5461389109375 0.9511543484375 0.7505801078125 0.9433272562499999 0.7688811890625 0.87570073125 0.5602596796875 0.884553415625
0 0.3668340671875 0.8860906578125001 0.359718409375 0.9595825015624999 0.5342757312499999 0.949760078125 0.5488483390625001 0.880178446875 0.3668340671875 0.8860906578125001
0 0.7421585796875 0.799748803125 0.7247050984375 0.87505945 0.8744064609375 0.8699002296874999 0.8909562640625 0.800550978125 0.7421585796875 0.799748803125
0 0.9668780531250001 0.7245275640625 0.811922859375 0.724518603125 0.8080822296875001 0.74985453125 0.8608464734375 0.800045996875 0.956033921875 0.7960643015625 0.9668780531250001 0.7245275640625
0 0.9577851984375 0.7977870265625 0.8968878546875001 0.8012481140625001 0.8744064609375 0.8699002296874999 0.9473929046875 0.866343065625 0.9577851984375 0.7977870265625
0 0.8198380765625 0.9378149859375 0.93745245 0.93191840625 0.9473929046875 0.866343065625 0.82977853125 0.8722396453125001 0.7750386984375 0.8749075171875 0.7734572625 0.8853399578125 0.8198380765625 0.9378149859375