0 0.9419278140625 0.2274839203125 0.9467139296875 0.2673482296875 0.9746499765625 0.26604549843749997 0.9907994796875 0.26796490624999997 0.9898181812500001 0.22525066875 0.97185929375 0.22608813906249997 0.9419278140625 0.2274839203125
0 0.9487093609375 0.26725517656250003 0.9249502218749999 0.2710356296875 0.9264385859375001 0.2923462203125 0.9304294515624999 0.292160115625 0.97831981875 0.2899268640625 0.9764593640625 0.2632886234375 0.9487093609375 0.26725517656250003
0 0.8605893312499999 0.29541694218750003 0.8805436515625 0.29448642187499996 0.9264385859375001 0.2923462203125 0.9247641765625 0.26837180312500003 0.8587288750000001 0.268778703125 0.8605893312499999 0.29541694218750003
0 0.9926088656250001 0.2652080296875 0.9746499765625 0.26604549843749997 0.976510434375 0.292683740625 0.994469321875 0.29184626874999997 0.9926088656250001 0.2652080296875
0 0.791442321875 0.27993395 0.7947400734375 0.298487665625 0.838639578125 0.29644051718750003 0.8395187375000001 0.2803645203125 0.791442321875 0.27993395
0 0.858407853125 0.292846171875 0.8600822625 0.3168205890625 0.92194065625 0.3139359703125 0.9246292015625001 0.295103096875 0.858407853125 0.292846171875
0 0.9942832765625 0.2891824453125 0.9583654984375001 0.2908573859375 0.9600399109375 0.3148318015625 0.9959576859375 0.31315686249999997 0.9942832765625 0.2891824453125
0 0.9221267015624999 0.31659979374999997 0.9600399109375 0.3148318015625 0.9583654984375001 0.2908573859375 0.9264385859375001 0.2923462203125 0.9221267015624999 0.31659979374999997
0 0.78077205 0.29913903125 0.78207436875 0.3177857984375 0.8602683078125001 0.3194844125 0.8585938984375 0.2955099953125 0.78077205 0.29913903125
0 0.9959576859375 0.31315686249999997 0.9620353406250001 0.3147387484375 0.9633376609375001 0.33338551875 0.9972600046875 0.3318036296875 0.9959576859375 0.31315686249999997
0 0.9982413031249999 0.37451786875000004 0.9972600046875 0.3318036296875 0.973314821875 0.3329202578125 0.978473028125 0.3781122125 0.9982413031249999 0.37451786875000004
0 0.9289082484375 0.35637105 0.9709983671875 0.35708077656250004 0.96932395625 0.33310636250000003 0.9292292718749999 0.33230358125000004 0.9289082484375 0.35637105
0 0.9289082484375 0.35637105 0.928587228125 0.38043851875 0.9724867328125001 0.37839137031250003 0.9731798453125 0.3596515515625 0.9289082484375 0.35637105
0 0.8620776953125 0.3167275359375 0.861756675 0.3407950046875 0.9219917265625 0.3433310875 0.919945225 0.3140290234375 0.8620776953125 0.3167275359375
0 0.7800789375 0.3178788515625 0.7753949609374999 0.3368047765625 0.8597612421875 0.34088805624999996 0.8564634906249999 0.322334340625 0.7800789375 0.3178788515625
0 0.97110050625 0.4158710109375 0.9683098234375 0.3759136515625 0.926777840625 0.3831953953125 0.931191865625 0.41773205625000004 0.97110050625 0.4158710109375
0 1 0.37447595625 0.9686819140624999 0.3812412984375 0.97110050625 0.4158710109375 1 0.414523353125 1 0.37447595625
0 0.9780681015624999 0.458306090625 0.975277415625 0.4183487296875 0.927201003125 0.4179181609375 0.9299916859374999 0.45787552187499997 0.9780681015624999 0.458306090625
0 1 0.41481491249999997 0.975277415625 0.4183487296875 0.9764447593750001 0.4637267921875 1 0.46262835 1 0.41481491249999997
0 0.9018513609375001 0.341597784375 0.8597612421875 0.34088805624999996 0.7753949609374999 0.3368047765625 0.7670411421875001 0.3318493375 0.727876684375 0.344365678125 0.7317508046875 0.48582750781249995 0.7484584437499999 0.4957383875 0.926610028125 0.4954482140625 0.9239871578125 0.343238034375 0.9018513609375001 0.341597784375
0 0.7412391296874999 0.621682534375 0.755072178125 0.6477624625 0.935405240625 0.6500430609375 0.9396988937499999 0.51087284375 0.9267960734375 0.4981120375 0.7484584437499999 0.4957383875 0.7317508046875 0.48582750781249995 0.7412391296874999 0.621682534375
0 0.9332237624999999 0.6474722890625 0.7552582234375 0.6504262859375001 0.7585231375 0.754501528125 0.784886915625 0.7880146140625001 0.9528752953125 0.785525878125 0.9573549937499999 0.6490194875 0.9380937859375 0.6312101875 0.9332237624999999 0.6474722890625
0 0.7850729609375 0.7906784390625 0.7585231375 0.754501528125 0.7627182796875001 0.8718958906250001 0.7789188515625 0.9032104140625 0.7932589671875 0.9078866953125001 0.9498328921875 0.9139477453125 0.9526892484375 0.7828620546875 0.7850729609375 0.7906784390625
0 0.760722846875 0.8719889421874999 0.7427639593750001 0.8728264125 0.7431542828125 0.993070703125 0.9207477328125 0.9847890578125 0.9199014125 0.9153435296874999 0.7932589671875 0.9078866953125001 0.7789188515625 0.9032104140625 0.760722846875 0.8719889421874999
0 0.6162638375 0.007490496875 0.5573311046875 0.023601184375 0.5586516578125 0.1571645921875 0.73044485625 0.151825928125 0.7223938265625 0.007886378125 0.6162638375 0.007490496875
0 0.51057524375 0.1567340234375 0.516630840625 0.30076662656250003 0.7384958875 0.2957654796875 0.7302588109375 0.1491621046875 0.51057524375 0.1567340234375
0 0.516630840625 0.30076662656250003 0.50266281875 0.3014179921875 0.508718415625 0.44545059374999996 0.7305834609375 0.44044944687500004 0.7260672968749999 0.3471225546875 0.722718475 0.2991737203125 0.516630840625 0.30076662656250003
0 0.506722984375 0.44554364687500003 0.5202021734375 0.58121256875 0.7380763546875 0.5763975265625 0.7305834609375 0.44044944687500004 0.506722984375 0.44554364687500003
0 0.5202021734375 0.58121256875 0.5289463171875 0.7064122984375001 0.73939690625 0.7099609359375 0.741425175 0.6243463578124999 0.737890309375 0.5737337015625 0.5202021734375 0.58121256875
0 0.7473968671875 0.8245053703125 0.7595044343749999 0.7972157640625 0.75652770625 0.75459458125 0.7566116125 0.6984681703125 0.7412062921875 0.7072040609375 0.5389234765625 0.7059470375 0.5471094828124999 0.82315529375 0.7473968671875 0.8245053703125
0 0.5471094828124999 0.82315529375 0.5467373921875 0.8178276468749999 0.534578753125 0.8157221343750001 0.5255318234375 0.8295065171875 0.5322805328125 0.9547993 0.7447265562500001 0.9582548859375001 0.7429500046874999 0.8754902359375001 0.7365405484374999 0.8410466296875001 0.7336148875 0.8278205609375 0.5471094828124999 0.82315529375
0 0.3911521109375 0.0233330421875 0.3759328375 0.0347327578125 0.3928447546875 0.162224103125 0.51057524375 0.1567340234375 0.5544747484375 0.154686875 0.540437421875 0.0110264796875 0.49635187187499996 0.0104098046875 0.3911521109375 0.0233330421875
0 0.3928447546875 0.162224103125 0.26894192499999997 0.165329515625 0.2809838171875 0.3090829609375 0.50266281875 0.3014179921875 0.49461178749999996 0.157478440625 0.3928447546875 0.162224103125
0 0.26720184062499996 0.3123981515625 0.2752528703125 0.4563377015625 0.4963737328125 0.4406812578125 0.490690225 0.30197630468750003 0.26720184062499996 0.3123981515625
0 0.2810531203125 0.4533947203125 0.29453230937499997 0.5890636421875 0.5100389671875 0.5790140046875 0.49836916562500005 0.44058820625 0.2810531203125 0.4533947203125
0 0.28835996875 0.5866789734375 0.299471634375 0.7171133015625 0.510801384375 0.7045859421875 0.5038666265625 0.5766293375 0.28835996875 0.5866789734375
0 0.5127968140625 0.704492890625 0.3152490453125 0.7137050578124999 0.325802575 0.8361479125000001 0.52390848125 0.8349272171875001 0.5347648 0.818385959375 0.5278300437500001 0.6904293546875 0.51386201875 0.69108071875 0.5127968140625 0.704492890625
0 0.327984053125 0.8387186859375 0.322318778125 0.8149303734375 0.3060343 0.8397422593750001 0.31403426093750003 0.9542866921875 0.5264802828125 0.9577422796875 0.5181082296875 0.8378701984375001 0.327984053125 0.8387186859375
0 0.22685180625 0.16461978593749999 0.38467698125 0.1599324875 0.377742225 0.03197588125 0.21318657187499998 0.026287040625 0.22685180625 0.16461978593749999
0 0.069398721875 0.174634734375 0.22504242031250002 0.1673766625 0.213930753125 0.0369423375 0.05030532812500001 0.044572617187500004 0.069398721875 0.174634734375
0 0.04401624375 0.1838358859375 0.0538766609375 0.3250185578125 0.274997521875 0.30936211875 0.260960196875 0.1657017234375 0.04401624375 0.1838358859375
0 0.0399086359375 0.325669925 0.055569303125000004 0.46390961875 0.2732574390625 0.4564307546875 0.2594061578125 0.3154341828125 0.0399086359375 0.325669925
0 0.055569303125000004 0.46390961875 0.0728533109375 0.5967286125 0.28237367343750003 0.5869581296875 0.2714480515625 0.45918762968750004 0.055569303125000004 0.46390961875
0 0.0750347890625 0.599299384375 0.089765228125 0.72421995625 0.299471634375 0.7171133015625 0.286178490625 0.584108203125 0.0750347890625 0.599299384375
0 0.089765228125 0.72421995625 0.085909340625 0.69767476875 0.07180634062499999 0.7250574265624999 0.0885322109375 0.8498849500000001 0.2904429359375 0.8458143234375 0.305662209375 0.8344146109375 0.299471634375 0.7171133015625 0.089765228125 0.72421995625
0 0.0985093703125 0.8494196890625 0.10776058125000001 0.9532157734375 0.31403426093750003 0.9542866921875 0.3065924375 0.84773373125 0.0985093703125 0.8494196890625