0 0.44800000000000006 0.159159159375 0.446 0.109609609375 0.42000000000000004 0.109609609375 0.426 0.13063063125000002 0.43 0.15765765781250002 0.44800000000000006 0.159159159375
0 0.616 0.153153153125 0.618 0.1006006 0.44800000000000006 0.09309309375 0.44800000000000006 0.1516516515625 0.47000000000000003 0.1516516515625 0.47400000000000003 0.147147146875 0.616 0.153153153125
0 0.638 0.2147147140625 0.636 0.1546546546875 0.476 0.1456456453125 0.45 0.165165165625 0.442 0.2447447453125 0.472 0.20420420468749997 0.638 0.2147147140625
0 0.54 0.2582582578125 0.544 0.2672672671875 0.638 0.26876876875 0.64 0.2177177171875 0.47400000000000003 0.20720720781250002 0.44400000000000006 0.2477477484375 0.446 0.259759759375 0.476 0.2612612609375 0.54 0.2582582578125
0 0.238 0.253753753125 0.422 0.2582582578125 0.422 0.1981981984375 0.236 0.1876876875 0.198 0.19969969999999998 0.192 0.2522522515625 0.238 0.253753753125
0 0.43 0.196696696875 0.42800000000000005 0.13063063125000002 0.246 0.1201201203125 0.194 0.13963963906250002 0.202 0.1981981984375 0.246 0.1861861859375 0.43 0.196696696875
0 0.42400000000000004 0.1291291296875 0.422 0.066066065625 0.23399999999999999 0.0570570578125 0.194 0.075075075 0.196 0.13963963906250002 0.236 0.11861861874999999 0.42400000000000004 0.1291291296875
0 0.544 0.2672672671875 0.548 0.328828828125 0.712 0.3303303296875 0.714 0.2702702703125 0.544 0.2672672671875
0 1 0.27477477499999997 0.798 0.2702702703125 0.714 0.2957957953125 0.716 0.3483483484375 0.794 0.3333333328125 1 0.3363363359375 1 0.27477477499999997
0 1 0.3378378375 0.794 0.3363363359375 0.716 0.3483483484375 0.714 0.3888888890625 0.728 0.390390390625 0.728 0.40090090156249997 0.796 0.39939939999999996 1 0.39939939999999996 1 0.3378378375
0 0.732 0.4549549546875 0.798 0.4609609609375 0.9640000000000001 0.4609609609375 0.966 0.402402403125 0.796 0.39939939999999996 0.73 0.402402403125 0.732 0.4549549546875
0 0.998 0.40090090156249997 0.97 0.402402403125 0.966 0.4624624625 0.998 0.4639639640625 0.998 0.40090090156249997
0 0.546 0.3303303296875 0.548 0.3918918921875 0.714 0.3918918921875 0.714 0.33183183125000004 0.546 0.3303303296875
0 0.5519999999999999 0.3918918921875 0.554 0.4519519515625 0.724 0.45045045000000006 0.724 0.3918918921875 0.5519999999999999 0.3918918921875
0 0.5519999999999999 0.453453453125 0.5559999999999999 0.5165165171874999 0.724 0.5120120125 0.728 0.4519519515625 0.5519999999999999 0.453453453125
0 0.284 0.25675675625 0.284 0.32432432499999997 0.544 0.3258258265625 0.54 0.259759759375 0.284 0.25675675625
0 0.282 0.3258258265625 0.284 0.3888888890625 0.548 0.3858858859375 0.546 0.32732732656249997 0.282 0.3258258265625
0 0.284 0.3873873875 0.284 0.453453453125 0.548 0.4519519515625 0.548 0.3918918921875 0.284 0.3873873875
0 0.004 0.24324324375 0 0.3123123125 0.27999999999999997 0.3228228234375 0.27999999999999997 0.259759759375 0.004 0.24324324375
0 0 0.31381381406250003 0.002 0.37837837812499997 0.286 0.3858858859375 0.27999999999999997 0.32432432499999997 0 0.31381381406250003
0 0.002 0.3798798796875 0.002 0.44744744687500004 0.284 0.44894894843750005 0.286 0.3873873875 0.002 0.3798798796875
0 0.284 0.45045045000000006 0 0.45045045000000006 0.002 0.5165165171874999 0.288 0.5105105109375 0.284 0.45045045000000006
0 0.286 0.453453453125 0.292 0.5165165171874999 0.548 0.515015015625 0.548 0.45795795781250004 0.286 0.453453453125
0 0.002 0.5165165171874999 0.004 0.5795795796875 0.294 0.572072071875 0.288 0.5135135140625 0.002 0.5165165171874999
0 0.004 0.5840840843749999 0.002 0.64414414375 0.296 0.6366366359375 0.296 0.5765765765624999 0.004 0.5840840843749999
0 0.002 0.647147146875 0.004 0.7117117109375 0.298 0.6981981984375001 0.296 0.6366366359375 0.002 0.647147146875
0 0.004 0.7147147140625 0.002 0.7762762765625 0.298 0.7642642640624999 0.296 0.6996997 0.004 0.7147147140625
0 0.006 0.7822822828125 0.004 0.84984985 0.29 0.828828828125 0.29 0.765765765625 0.006 0.7822822828125
0 0.016 0.8513513515625 0.022 0.9174174171875 0.294 0.8918918921874999 0.292 0.8333333328125001 0.016 0.8513513515625
0 0.296 0.51951951875 0.3 0.578078078125 0.5559999999999999 0.5765765765624999 0.5559999999999999 0.5165165171874999 0.296 0.51951951875
0 0.302 0.5840840843749999 0.306 0.647147146875 0.558 0.635135134375 0.5599999999999999 0.5765765765624999 0.302 0.5840840843749999
0 0.312 0.647147146875 0.31 0.702702703125 0.564 0.69369369375 0.562 0.6381381375 0.312 0.647147146875
0 0.298 0.702702703125 0.3 0.7672672671874999 0.558 0.7552552546875 0.5559999999999999 0.6951951953125 0.298 0.702702703125
0 0.292 0.76876876875 0.294 0.828828828125 0.55 0.8153153156249999 0.55 0.753753753125 0.292 0.76876876875
0 0.294 0.8333333328125001 0.298 0.89339339375 0.55 0.8738738734375 0.546 0.8153153156249999 0.294 0.8333333328125001
0 0.554 0.8138138140625 0.5519999999999999 0.8723723718749999 0.722 0.8678678671875 0.72 0.8093093093749999 0.554 0.8138138140625
0 0.554 0.7552552546875 0.554 0.8153153156249999 0.716 0.8093093093749999 0.716 0.753753753125 0.554 0.7552552546875
0 0.726 0.69369369375 0.5660000000000001 0.69369369375 0.5599999999999999 0.6981981984375001 0.5599999999999999 0.7552552546875 0.724 0.75075075 0.726 0.69369369375
0 0.5660000000000001 0.635135134375 0.5660000000000001 0.6951951953125 0.734 0.6921921921874999 0.734 0.635135134375 0.5660000000000001 0.635135134375
0 0.564 0.575075075 0.564 0.6366366359375 0.73 0.633633634375 0.73 0.5735735734375 0.564 0.575075075
0 0.562 0.5165165171874999 0.562 0.5735735734375 0.732 0.5705705703125 0.732 0.515015015625 0.562 0.5165165171874999
0 0.9380000000000001 0.522522521875 0.9339999999999999 0.4624624625 0.768 0.4624624625 0.734 0.45645645625000003 0.732 0.5135135140625 0.766 0.51951951875 0.9380000000000001 0.522522521875
0 0.9960000000000001 0.4624624625 0.9400000000000001 0.4624624625 0.9380000000000001 0.5240240234375 1 0.522522521875 0.9960000000000001 0.4624624625
0 0.78 0.5795795796875 1 0.578078078125 0.998 0.5210210203125001 0.774 0.522522521875 0.732 0.515015015625 0.738 0.56906906875 0.78 0.5795795796875
0 1 0.578078078125 0.78 0.58108108125 0.738 0.5705705703125 0.736 0.6126126125 0.774 0.633633634375 1 0.633633634375 1 0.578078078125
0 1 0.633633634375 0.944 0.633633634375 0.9380000000000001 0.690690690625 0.998 0.6891891890624999 1 0.633633634375
0 1 0.69369369375 0.954 0.6951951953125 0.942 0.690690690625 0.9339999999999999 0.7417417421875 0.952 0.75075075 1 0.7477477484375 1 0.69369369375
0 0.768 0.7477477484375 0.932 0.746246246875 0.932 0.69369369375 0.774 0.69369369375 0.74 0.675675675 0.738 0.7237237234375 0.768 0.7477477484375
0 0.738 0.6726726734375 0.772 0.690690690625 0.9279999999999999 0.6921921921874999 0.9339999999999999 0.635135134375 0.77 0.635135134375 0.738 0.6201201203125 0.738 0.6726726734375
0 0.73 0.8153153156249999 0.786 0.8678678671875 0.998 0.858858859375 1 0.8018018015624999 0.792 0.8108108109375 0.776 0.8108108109375 0.732 0.771771771875 0.73 0.8153153156249999
0 0.774 0.8123123124999999 0.998 0.8018018015624999 0.9960000000000001 0.7477477484375 0.78 0.753753753125 0.73 0.71921921875 0.73 0.7702702703125001 0.774 0.8123123124999999