0 0.9380000000000001 1 0.952 0.9119999999999999 0.8699999999999999 0.9039999999999999 0.724 0.9013333328125 0.728 0.9359999999999999 0.722 1 0.9380000000000001 1
0 1 0.9066666671875 0.958 0.9039999999999999 0.942 0.9973333328124999 0.998 0.9973333328124999 1 0.9066666671875
0 0.37 0.9146666671875 0.37 0.9973333328124999 0.722 0.9973333328124999 0.728 0.9359999999999999 0.722 0.9066666671875 0.49000000000000005 0.8986666671875 0.372 0.9066666671875 0.37 0.9146666671875
0 0.362 0.8986666671875 0.124 0.9013333328125 0.134 1 0.368 0.9973333328124999 0.362 0.8986666671875
0 0 0.9973333328124999 0.11599999999999999 0.9973333328124999 0.134 0.9973333328124999 0.126 0.9413333328125001 0.11599999999999999 0.96 0 0.9546666671875 0 0.9973333328124999
0 0.496 0.7013333328125 0.49000000000000005 0.8960000000000001 0.6940000000000001 0.9066666671875 0.728 0.9013333328125 0.746 0.6906666671874999 0.742 0.6826666671875 0.496 0.6799999999999999 0.496 0.7013333328125
0 0.10600000000000001 0.6986666671874999 0.124 0.9039999999999999 0.362 0.9013333328125 0.488 0.8960000000000001 0.488 0.6826666671875 0.11599999999999999 0.6719999999999999 0.10600000000000001 0.6986666671874999
0 0 0.6453333328124999 0.002 0.9546666671875 0.118 0.96 0.128 0.9413333328125001 0.10400000000000001 0.6906666671874999 0.10800000000000001 0.6693333328125 0.10600000000000001 0.616 0.1 0.5626666671875 0.044 0.5653333328125 0.046 0.5333333328125 0.068 0.5333333328125 0.068 0.52 0 0.52 0 0.6453333328124999
0 0 0.5173333328124999 0.068 0.52 0.068 0.48266666718750006 0.05 0.49066666718749996 0.048 0.46399999999999997 0.06999999999999999 0.45066666718750004 0.076 0.44000000000000006 0.088 0.44266666718750003 0.088 0.4266666671875 0.18 0.3546666671875 0.16599999999999998 0.21600000000000003 0.162 0.1786666671875 0 0.1706666671875 0 0.5173333328124999
0 0.192 0 0.202 0.12 0.40599999999999997 0.128 0.404 0 0.192 0
0 0.40599999999999997 0 0.40800000000000003 0.128 0.6639999999999999 0.13333333281249998 0.674 0 0.40599999999999997 0
0 0.79 0 0.674 0.0026666671875 0.662 0.1306666671875 0.772 0.1493333328125 0.998 0.1573333328125 0.998 0 0.79 0
0 0.762 0.4346666671875 0.77 0.4373333328125 1 0.4346666671875 0.998 0.16 0.786 0.1546666671875 0.762 0.4346666671875
0 0.49400000000000005 0.1306666671875 0.49000000000000005 0.352 0.496 0.42133333281249996 0.756 0.42933333281249997 0.786 0.152 0.6639999999999999 0.13333333281249998 0.49400000000000005 0.1306666671875
0 0.162 0.1253333328125 0.162 0.16799999999999998 0.182 0.352 0.49000000000000005 0.3546666671875 0.49400000000000005 0.128 0.202 0.12 0.162 0.1253333328125
0 0.086 0.44000000000000006 0.078 0.44000000000000006 0.06999999999999999 0.45066666718750004 0.048 0.46666666718750005 0.05 0.49066666718749996 0.068 0.48266666718750006 0.068 0.52 0.064 0.5306666671875 0.046 0.536 0.041999999999999996 0.5653333328125 0.1 0.5653333328125 0.10800000000000001 0.6693333328125 0.11599999999999999 0.6719999999999999 0.37 0.6773333328125 0.368 0.5386666671875 0.354 0.536 0.344 0.5546666671875 0.322 0.5626666671875 0.304 0.5573333328125 0.286 0.5333333328125 0.282 0.5066666671875 0.284 0.47466666718750006 0.304 0.4453333328125 0.322 0.4373333328125 0.33599999999999997 0.44800000000000006 0.348 0.45599999999999996 0.354 0.48266666718750006 0.344 0.48 0.346 0.49066666718749996 0.356 0.512 0.366 0.496 0.366 0.4373333328125 0.392 0.3573333328125 0.184 0.3493333328125 0.088 0.4266666671875 0.086 0.44000000000000006
0 0.368 0.49066666718749996 0.358 0.5146666671875 0.35 0.4933333328125 0.34199999999999997 0.4773333328125 0.356 0.48266666718750006 0.348 0.45599999999999996 0.33999999999999997 0.45066666718750004 0.324 0.4373333328125 0.304 0.4453333328125 0.284 0.472 0.282 0.512 0.288 0.5333333328125 0.304 0.5599999999999999 0.322 0.5626666671875 0.34199999999999997 0.5573333328125 0.354 0.536 0.37 0.5386666671875 0.37 0.6799999999999999 0.744 0.6826666671875 0.766 0.44266666718750003 0.756 0.42933333281249997 0.496 0.42133333281249996 0.49000000000000005 0.352 0.394 0.3546666671875 0.368 0.4346666671875 0.368 0.49066666718749996
0 0.764 0.44266666718750003 0.744 0.6773333328125 0.982 0.6826666671875 0.998 0.5893333328125 1 0.4373333328125 0.772 0.4346666671875 0.764 0.44266666718750003
0 0.73 0.8986666671875 1 0.9066666671875 0.998 0.6773333328125 0.986 0.6773333328125 0.746 0.6773333328125 0.748 0.6933333328125 0.73 0.8986666671875