0 0.13267220625 0.26190476406249996 0.054498346875000006 0.261111109375 0.0571785921875 0.3873015859375 0.1384794078125 0.39444444375 0.13267220625 0.26190476406249996
0 0.0592915078125 0.39070227343749997 0.06402369375 0.512363996875 0.1425223109375 0.5237388734375 0.13862521562500002 0.3961424328125 0.0592915078125 0.39070227343749997
0 0.064580421875 0.512363996875 0.071817884375 0.6345202765625 0.149759771875 0.645895153125 0.144749221875 0.5257171140625 0.064580421875 0.512363996875
0 0.073209703125 0.6355093968750001 0.074601521875 0.7462907999999999 0.1569972328125 0.766567753125 0.1505948625 0.645895153125 0.073209703125 0.6355093968750001
0 0.07877698125 0.750741840625 0.0854577125 0.859050446875 0.15894578125 0.8847675562499999 0.15727559687499998 0.766567753125 0.07877698125 0.750741840625
0 0.1330579375 0.2626112765625 0.13834685156249998 0.3961424328125 0.2290934796875 0.405044509375 0.22491802187499998 0.2675568734375 0.1330579375 0.2626112765625
0 0.1377901234375 0.3961424328125 0.142243946875 0.5212660734375001 0.231042028125 0.5410484671875 0.2277016609375 0.4055390703125 0.1377901234375 0.3961424328125
0 0.144749221875 0.5232443140624999 0.150038134375 0.6468842734375 0.23521748593749997 0.66617210625 0.2307636640625 0.5410484671875 0.144749221875 0.5232443140624999
0 0.1508732265625 0.6493570734375 0.15671886875000002 0.76854599375 0.2407847640625 0.7947576671875 0.23660930625 0.6666666671875 0.1508732265625 0.6493570734375
0 0.15755396093750001 0.7670623140624999 0.1586674171875 0.8862512359375 0.2407847640625 0.9139465859374999 0.24015009375 0.794 0.15755396093750001 0.7670623140624999
0 0.32682926874999996 0.2716666671875 0.22547475 0.26656775312500003 0.22992857187500002 0.4055390703125 0.328191025 0.419386746875 0.32682926874999996 0.2716666671875
0 0.228536753125 0.406528190625 0.2307636640625 0.542532146875 0.328191025 0.5558852640625 0.329026115625 0.41839762656249996 0.228536753125 0.406528190625
0 0.2307636640625 0.5430267062499999 0.2346607578125 0.66617210625 0.33375830156249997 0.6918892203125 0.331253028125 0.5544015828125 0.2307636640625 0.5430267062499999
0 0.23660930625 0.6686449062500001 0.24050639999999998 0.7932739859375 0.33236648281250003 0.82195845625 0.33375830156249997 0.6918892203125 0.23660930625 0.6686449062500001
0 0.2403377109375 0.795 0.24134149218749998 0.9164193859375 0.329026115625 0.9416419406250001 0.33153139062500003 0.8234421359375 0.2403377109375 0.795
0 0.32707756875 0.27052423281250004 0.327634296875 0.4208704265625 0.43591784999999994 0.427299703125 0.436474578125 0.28189910937499996 0.32707756875 0.27052423281250004
0 0.328747753125 0.42284866406250005 0.3284693890625 0.55242334375 0.432855846875 0.5717111765625 0.43424766562499995 0.42927794375 0.328747753125 0.42284866406250005
0 0.33153139062500003 0.5544015828125 0.332923209375 0.6923837796875 0.43591784999999994 0.7116716140625 0.43536112187500003 0.5717111765625 0.33153139062500003 0.5544015828125
0 0.33431502968750004 0.691394659375 0.332644846875 0.8224530171875 0.43536112187500003 0.846191890625 0.4345260296875 0.71364985 0.33431502968750004 0.691394659375
0 0.332644846875 0.82195845625 0.330139571875 0.9426310593749999 0.4320207546875 0.979723046875 0.4356394859375 0.846191890625 0.332644846875 0.82195845625
0 0.5699812375 0.3056666671875 0.57016885625 0.2803333328125 0.45261968281250003 0.2700296734375 0.436474578125 0.28239367031249996 0.4350827578125 0.42878338281249995 0.5522739546875 0.4386745796875 0.554500865625 0.312067259375 0.5699812375 0.3056666671875
0 0.43480439375 0.42878338281249995 0.4320207546875 0.5707220562499999 0.5489335875 0.588031653125 0.5517172265625 0.43916914062499995 0.43480439375 0.42878338281249995
0 0.436474578125 0.5722057359375 0.43591784999999994 0.71364985 0.54614995 0.736399603125 0.5492119515625 0.5885262140624999 0.436474578125 0.5722057359375
0 0.4345260296875 0.71364985 0.4350827578125 0.846191890625 0.543366309375 0.8768546 0.5458715859375001 0.7373887234375001 0.4345260296875 0.71364985
0 0.54225285625 0.877349159375 0.43602251406250003 0.8473333328124999 0.4320207546875 0.982195846875 0.48968105 0.9966666671875 0.5384615390625 0.9966666671875 0.54225285625 0.877349159375
0 0.638273921875 0.3203333328125 0.5697936203125 0.307 0.5547792281249999 0.31157270000000004 0.5517172265625 0.4584569734375 0.633277846875 0.46933729062499996 0.638273921875 0.3203333328125
0 0.5514388625 0.45895153281249995 0.548376859375 0.5964391703125 0.629380753125 0.61028684375 0.633277846875 0.46983185 0.5514388625 0.45895153281249995
0 0.548098496875 0.5959446093749999 0.5458715859375001 0.73837784375 0.6249269281250001 0.75667655625 0.6285456609375 0.6117705234375 0.548098496875 0.5959446093749999
0 0.5464283140624999 0.7368941640625 0.5436446734375 0.877349159375 0.6199163796875 0.89416419375 0.623256746875 0.7586547968749999 0.5464283140624999 0.7368941640625
0 0.54280958125 0.8778437203125 0.5391908515625 0.9965380796875 0.6188029234375 0.9965380796875 0.6199163796875 0.8956478734375001 0.54280958125 0.8778437203125
0 0.6794862515625 0.312067259375 0.6382883953125 0.31948565625 0.633277846875 0.47082097031250003 0.7231893828125 0.48367952656249996 0.72792156875 0.3165183 0.6794862515625 0.312067259375
0 0.633556209375 0.47230465 0.628824025 0.61028684375 0.7153951937499999 0.627596440625 0.722354290625 0.4841740859375 0.633556209375 0.47230465
0 0.628267296875 0.6122650828125 0.6240918390625 0.7556874359375 0.707601003125 0.779426309375 0.7151168296875 0.6295746796875 0.628267296875 0.6122650828125
0 0.62270001875 0.7571711171875 0.62047310625 0.8971315531249999 0.70064190625 0.919386746875 0.7073226390625 0.7804154296875 0.62270001875 0.7571711171875
0 0.6193596515625 0.8991097937499999 0.6188029234375 0.9965380796875 0.6998068156249999 0.9960435203125 0.7014769984375 0.9188921859375 0.6193596515625 0.8991097937499999
0 0.729591753125 0.3165183 0.7220759265625001 0.48367952656249996 0.8022447265625001 0.49554895937500004 0.813936009375 0.33481701406250003 0.729591753125 0.3165183
0 0.722354290625 0.48367952656249996 0.7156735578125 0.627596440625 0.7911101703125001 0.6424332328125 0.8022447265625001 0.4965380796875 0.722354290625 0.48367952656249996
0 0.715951921875 0.628585559375 0.707504690625 0.78 0.7744083374999999 0.78931750625 0.7861163234374999 0.6423333328124999 0.715951921875 0.628585559375
0 0.70815773125 0.779426309375 0.70064190625 0.9188921859375 0.7616035984375 0.9312561828125 0.7744083374999999 0.7903066265625001 0.70815773125 0.779426309375
0 0.7011986343750001 0.9213649859374999 0.6992500875000001 0.9950544000000001 0.7540877734375 0.995548959375 0.7610468703125 0.93175074375 0.7011986343750001 0.9213649859374999