0 0.1587875515625 0.2826404703125 0.1582848234375 0.2605874703125 0.0548283703125 0.08275337656250001 0.0005243125 0.090121584375 0.0012056609374999998 0.207235425 0.06636007656250001 0.2972849421875 0.1587875515625 0.2826404703125
0 0.001207815625 0.2076057890625 0.0018146828125 0.3119174734375 0.06636007656250001 0.2972849421875 0.001207815625 0.2076057890625
0 0.003054915625 0.307589278125 0.0119942421875 0.4855638921875 0.2804933046875 0.4594674546875 0.2544025984375 0.28027033281249997 0.003054915625 0.307589278125
0 0.285876715625 0.467282540625 0.012400184375 0.4876237609375 0.0195980453125 0.6314090218749999 0.0301849765625 0.6851303828125 0.28802555625 0.6576049484375 0.29099644062499996 0.641476921875 0.3058320765625 0.6387494484375 0.285876715625 0.467282540625
0 0.032572229687499996 0.6874930265625 0.072557384375 0.8903900437500001 0.31658873593750003 0.8649497984375 0.2897923359375 0.662669740625 0.032572229687499996 0.6874930265625
0 0.2891465921875 0.6437914234375001 0.31884452812499997 0.8646951671875 0.6320534671875 0.8314462468749999 0.5852041546875 0.609319990625 0.2891465921875 0.6437914234375001
0 0.5868510328125 0.6059755578125 0.5537899875 0.4265123953125 0.28447904375 0.44848909687500005 0.3093288078125 0.63309051875 0.5868510328125 0.6059755578125
0 0.2571705171875 0.26311236875 0.278343696875 0.440758884375 0.5504593921875001 0.41741273906250004 0.5163004250000001 0.2401792015625 0.2571705171875 0.26311236875
0 0.5139247328125001 0.23202460625 0.488133784375 0.0738505515625 0.24042584687500002 0.092335890625 0.2528850234375 0.2530676625 0.5139247328125001 0.23202460625
0 0.23524540468750002 0.0855507359375 0.4886827421875 0.0727357421875 0.482824609375 0.039412628125 0.46710614687499996 0.038129540625 0.23208094687499997 0.061692496875 0.23524540468750002 0.0855507359375
0 0.7337058296875 0.0640290703125 0.7341307296874999 0.0599265671875 0.48263852968750004 0.0393974375 0.49042640625 0.0893844390625 0.7337058296875 0.0640290703125
0 0.7360215718750001 0.0679790546875 0.4949379890625 0.088875178125 0.52176690625 0.24061499843749998 0.7707389 0.20514145 0.7360215718750001 0.0679790546875
0 0.52142091875 0.2427597421875 0.55494785625 0.42848738906249995 0.8297115671874999 0.37957405781250003 0.7841306265625 0.2067883484375 0.52142091875 0.2427597421875
0 0.8301175078125 0.3816339265625 0.5570006765625 0.4272028203125 0.59373830625 0.6136208937500001 0.881690771875 0.5653245234375001 0.8301175078125 0.3816339265625
0 0.881690771875 0.5653245234375001 0.59093355625 0.6149903328125 0.6371140078125 0.829822171875 0.9523757671874999 0.7952886890624999 0.881690771875 0.5653245234375001
0 1 0.5328606421875001 0.9996488906250001 0.5310790046875 0.8855334906250001 0.5575208453125 0.9589401671875001 0.7934948609375 1 0.7871053140625001 1 0.5328606421875001
0 0.973181559375 0.3967756 0.8443348296875 0.4147729796875 0.886285421875 0.5574359671875 0.9996488906250001 0.5310790046875 0.973181559375 0.3967756
0 0.973181559375 0.3967756 0.9361272953125 0.20875083125 0.7894540875 0.210398825 0.8350718640625001 0.39897305156249996 0.8489294796875001 0.40688442656249996 0.973181559375 0.3967756
0 0.9116450140625 0.08452018125 0.7615178515625 0.0998449546875 0.750921475 0.13578495156249998 0.7766113234375001 0.2076371171875 0.9361272953125 0.20875083125 0.9116450140625 0.08452018125