0 0.9662022484375001 0.328922653125 0.966764421875 0.232322875 0.726878965625 0.23504399375 0.7218747640625 0.3316437734375 0.8351306921875 0.33436489375 0.9662022484375001 0.328922653125
0 0.7221756453125 0.27994248437499997 0.720239675 0.23096231406249998 0.5714316734375 0.23096231562499997 0.561969603125 0.3302832140625 0.70854075625 0.333004334375 0.7221756453125 0.27994248437499997
0 0.559764425 0.3275620921875 0.5692027390625001 0.232322875 0.55368730625 0.2268806328125 0.49593299843749994 0.22824119375000002 0.41373168906249996 0.232322875 0.4176115484375 0.328922653125 0.559764425 0.3275620921875
0 0.2760287625 0.232322875 0.2799165359375 0.3275620921875 0.41539845 0.3275620921875 0.41151067656249996 0.232322875 0.2760287625 0.232322875
0 0.26436943125 0.3275620921875 0.275482425 0.32620153125 0.2737839921875 0.23640455624999998 0.26048165624999997 0.232322875 0.0028280828125 0.23504399375 0.0089527109375 0.3275620921875 0.26436943125 0.3275620921875
0 0.9678373375 0.4296041125 0.9662022484375001 0.328922653125 0.8373358718749999 0.337086015625 0.8302610953125 0.407835146875 0.8345606015625 0.4323252328125 0.9678373375 0.4296041125
0 0.8329017609375 0.33572545468750004 0.5486435125 0.3302832140625 0.5436393109375001 0.42688299062499996 0.8212345125 0.4323252328125 0.8329017609375 0.33572545468750004
0 0.9656084046875 0.4309646734375 0.834552684375 0.4336857921875 0.6968576734374999 0.43232523125 0.6941061578125 0.52348276875 0.9650699859375 0.52348276875 0.9656084046875 0.4309646734375
0 0.5502865203125 0.4296041125 0.54975601875 0.5207616484375001 0.6896641296875 0.5234827703125 0.6946445765625 0.4309646734375 0.5502865203125 0.4296041125
0 0.2665904484375 0.3275620921875 0.27047822187500004 0.42280130937499993 0.54144205 0.42280130937499993 0.544201484375 0.3302832140625 0.2665904484375 0.3275620921875
0 0.40151810781249997 0.42280130937499993 0.4032165390625 0.5125982875 0.5408957140624999 0.5166799671875 0.5414262140625 0.42552242968750004 0.40151810781249997 0.42280130937499993
0 0.38374206875 0.424161871875 0.2682572078125 0.42280130937499993 0.11722818906250002 0.42280130937499993 0.1233607328125 0.513958846875 0.38988253125 0.513958846875 0.38374206875 0.424161871875
0 0.1288796 0.3289226515625 0.1327832125 0.42144075000000003 0.26604411093749997 0.42144075000000003 0.26435359531249997 0.3302832140625 0.1288796 0.3289226515625
0 0 0.42144075000000003 0.12834118125 0.42144075000000003 0.12442965312500001 0.3302832140625 0 0.329053728125 0 0.42144075000000003
0 0 0.5125982859375 0.1211476359375 0.5125982875 0.11500717499999999 0.42280130937499993 0 0.423919528125 0 0.5125982859375
0 0.9671643140624999 0.5452517328125001 0.9672830828125001 0.5248433296874999 0.8295801546874999 0.5248433296874999 0.8157393984375 0.6132797453125 0.9578685234375 0.616000865625 0.9671643140624999 0.5452517328125001
0 0.8229171093750001 0.5248433296874999 0.6918772234375 0.5248433296874999 0.5519691171875001 0.5221222078125 0.5492492734375001 0.6078375046875 0.8113052875 0.6119191859375 0.8229171093750001 0.5248433296874999
0 0.28325797656249996 0.5166799671875 0.28275122812500003 0.6037558234375 0.544799325 0.6091980640625 0.547550840625 0.518040528125 0.28325797656249996 0.5166799671875
0 0.1433419484375 0.5153194078125 0.14728515 0.6010347031250001 0.28052229687499997 0.605116384375 0.2788238640625 0.51531940625 0.1433419484375 0.5153194078125
0 0 0.6019105421875001 0.1095358125 0.5996741437499999 0.1429064625 0.590150221875 0.1366709859375 0.5166799671875 0.118910784375 0.51531940625 0 0.5153194078125 0 0.6019105421875001
0 0.931208425 0.6173614265625 0.8112894515625 0.61464030625 0.6514001265625 0.610558625 0.6486565265625 0.700355603125 0.9218097000000001 0.7057978421875 0.931208425 0.6173614265625
0 0.376025940625 0.605116384375 0.3710771625 0.6921922421875 0.635314603125 0.703076721875 0.642516065625 0.6105586234375 0.376025940625 0.605116384375
0 0.371568075 0.6078375046875 0.2827433109375 0.605116384375 0.1428431203125 0.6010347031250001 0.1406696125 0.59287134375 0.11174891093749999 0.6010347046875 0.10679221718750001 0.6894711203125 0.36884823125 0.6935528 0.371568075 0.6078375046875
0 0 0.6916061578125 0.1045712 0.68947111875 0.10729896406249999 0.6023952625 0 0.60458599375 0 0.6916061578125
0 0.66641673125 0.7017161625 0.659524065625 0.7411724093750001 0.6659099828125 0.7887920187499999 0.9435051828125 0.794234259375 0.943734803125 0.7547780125 0.941798834375 0.70579784375 0.9285835953125 0.68675 0.9240307156249999 0.70579784375 0.66641673125 0.7017161625
0 0.65482074375 0.7860708984375 0.6573109671874999 0.7398118499999999 0.6619667828125 0.703076721875 0.6375276999999999 0.7044372812499999 0.5287217203125001 0.700355603125 0.5238046140625 0.7819892171875 0.65482074375 0.7860708984375
0 0.5194813546875 0.7615808140625 0.5242796890625 0.7003556015625 0.3777322890625 0.6935528015625 0.3728151859375 0.775186415625 0.5082495921875 0.7833497765625 0.5194813546875 0.7615808140625
0 0.24003727968750002 0.6921922421875 0.24179905468750001 0.7711047343749999 0.37058625156249997 0.7765469765625 0.3732823421875 0.6949133609375 0.24003727968750002 0.6921922421875
0 0.0934502890625 0.6921922421875 0.09961450468750001 0.7779075359375 0.23288332500000003 0.7765469765625 0.23781626406249998 0.6921922406250001 0.0934502890625 0.6921922421875
0 0 0.7765469765625 0.09518039375000001 0.776546975 0.0890082609375 0.6921922406250001 0 0.693220946875 0 0.7765469765625
0 0.8080311890624999 0.7928737 0.80089306875 0.874507315625 0.9407695031250001 0.882670675 0.9501603109375001 0.7955948203125 0.8080311890624999 0.7928737
0 0.5499421296875 0.870425634375 0.5565814203125 0.874507315625 0.7742012984375 0.881310115625 0.774692209375 0.7969553796875 0.772502865625 0.7915131375 0.6681309984375 0.7887920187499999 0.657033840625 0.787431459375 0.5215835984375 0.7819892171875 0.5194576 0.7656624937500001 0.5060206578125 0.7847103375 0.5055376640625 0.8677045140624999 0.5499421296875 0.870425634375
0 0.2440121515625 0.7724652953125 0.2412923078125 0.8581805921875001 0.2901625546875 0.8568200312500001 0.350137878125 0.8554594718749999 0.416712903125 0.8649833921875001 0.4988825375 0.8663439515625001 0.503807559375 0.7833497765625 0.37058625156249997 0.7765469765625 0.2440121515625 0.7724652953125
0 0 0.8581805906250001 0.23907129375 0.8581805906250001 0.2351043375 0.776546975 0.0973934921875 0.7779075359375 0 0.7779075359375 0 0.8581805906250001
0 0 0.935732525 0.11202211718749999 0.935732525 0.1209378484375 0.9302902843749999 0.12135749843750002 0.8581805906250001 0 0.8581805906250001 0 0.935732525
0 0.22087560625 0.9316508453125 0.2544283671875 0.8908340375 0.254618396875 0.8581805921875001 0.2412923078125 0.8581805921875001 0.12357059687500001 0.8595411515625001 0.12314302968749999 0.93301140625 0.22087560625 0.9316508453125
0 0.3656006421875 1 0.3673675796875 0.9479775671875 0.4100419390625 0.8663439515625001 0.3479089453125 0.8568200312500001 0.281270578125 0.8581805906250001 0.2141413 0.9438958875000001 0.2108119796875 1 0.3656006421875 1
0 0.5344691796875 1 0.5361251265625 0.95478036875 0.54549218125 0.87178619375 0.47667238906250003 0.8663439531250001 0.41226295312500005 0.8663439531250001 0.37178585468750003 0.9520592484374999 0.371506859375 1 0.5344691796875 1
0 0.7113221515625 1 0.711545721875 0.9615831703125 0.698702625 0.87858899375 0.5610155328124999 0.875867875 0.5405671578125 0.95478036875 0.544985434375 0.9588620499999999 0.5447460265624999 1 0.7113221515625 1
0 0.9448090375 1 0.9492205890625 0.924256590625 0.7140438640625 0.9139635625 0.7115378046874999 0.9629437296875001 0.7113221515625 1 0.9448090375 1
0 0.8031140828125001 0.8745073140624999 0.776461903125 0.8745073140624999 0.7764223140625 0.881310115625 0.7053656687500001 0.87858899375 0.7118307671874999 0.9126030015625 0.9493045999999999 0.9228141796875 0.95164269375 0.8826706765625 0.945211534375 0.8826706765625 0.8031140828125001 0.8745073140624999