0 0.0448148390625 0.1460728828125 0.0567266546875 0.19359062031250002 0.0651708109375 0.210325125 0.1486925921875 0.1875475609375 0.1287088609375 0.12478025 0.0448148390625 0.1460728828125
0 0.18041282187500002 0.1106798546875 0.171106715625 0.07355662187499999 0.10536500156249999 0.07403441093749999 0.0017853390625 0.1022820421875 0.0027560125 0.157891890625 0.12908110625 0.126265178125 0.18041282187500002 0.1106798546875
0 0.045187084375 0.1475578125 0.0027374546875 0.1568286859375 0.0039350437500000005 0.225438534375 0.0628099546875 0.20938251874999997 0.045187084375 0.1475578125
0 0.1490648359375 0.1890324921875 0.22264354531250002 0.16896654375 0.2540891203125 0.1588044453125 0.24727126562500001 0.114656853125 0.2082534125 0.1030873328125 0.12746473593750002 0.1282924328125 0.1490648359375 0.1890324921875
0 0.250494071875 0.1359881859375 0.2557054921875 0.15677719375000002 0.28429057343749997 0.1521545328125 0.281939646875 0.1258260875 0.32444502656249996 0.117407165625 0.33998169218749996 0.111583653125 0.3288044328125 0.0924216125 0.30854605 0.0963599125 0.24727126562500001 0.114656853125 0.250494071875 0.1359881859375
0 0.28231189218749997 0.12731101875 0.28590694375000003 0.1501272796875 0.35662515781250004 0.135600765625 0.3822223515625 0.14448450468750001 0.3938992484375 0.15716450625 0.41192416718749997 0.1443166296875 0.403489940625 0.1021962890625 0.3816151890625 0.108161840625 0.316862815625 0.1210613859375 0.28231189218749997 0.12731101875
0 0.2907262484375 0.22020303437500002 0.3547341359375 0.20433362968750002 0.3937619234375 0.1905173109375 0.384955453125 0.14691204062500002 0.35699740156250004 0.13708569375 0.2779524875 0.1522965703125 0.2907262484375 0.22020303437500002
0 0.2501118953125 0.1598890921875 0.1486925921875 0.1875475609375 0.1675595875 0.24586008750000002 0.2919703765625 0.21669085312499997 0.2779524875 0.1522965703125 0.2501118953125 0.1598890921875
0 0.040660550000000004 0.2820536828125 0.1675595875 0.24586008750000002 0.1506812046875 0.1870052390625 0.0194326953125 0.222798553125 0.040660550000000004 0.2820536828125
0 0.0190604515625 0.2213136234375 0.0039350437500000005 0.225438534375 0.005092578125 0.29175356875 0.040660550000000004 0.2820536828125 0.0190604515625 0.2213136234375
0 0.07807196718750001 0.27026461875 0.0430214078125 0.2829962890625 0.005109234375 0.292707815625 0.006231779687499999 0.3570183921875 0.09333398125 0.33114671875 0.07807196718750001 0.27026461875
0 0.080432825 0.2712072234375 0.089356753125 0.3322313640625 0.11073186718750001 0.33274784999999996 0.10291473749999999 0.3015643359375 0.1085083375 0.298452440625 0.165061403125 0.27827028593750003 0.1639546046875 0.2484296609375 0.080432825 0.2712072234375
0 0.1634450328125 0.28029753749999997 0.2583988578125 0.2607480765625 0.249464996875 0.225109775 0.1639546046875 0.2484296609375 0.1634450328125 0.28029753749999997
0 0.2963198484375 0.217091134375 0.249837240625 0.22659470625 0.2583988578125 0.2607480765625 0.3797042984375 0.22766637812499999 0.3782252578125 0.196340825 0.2963198484375 0.217091134375
0 0.5077300046875 0.1705417328125 0.401588984375 0.1963149890625 0.4028231765625 0.2181886453125 0.452910765625 0.20611549999999998 0.471925021875 0.20568938124999997 0.47688165624999995 0.242412328125 0.5039777609375 0.23184995156250002 0.501009740625 0.19458467968749998 0.5098360765625001 0.1874182765625 0.524383403125 0.1691730078125 0.5077300046875 0.1705417328125
0 0.032656425 0.411152159375 0.0643468546875 0.4104419609375 0.0772579421875 0.44499561718749997 0.09130563124999999 0.43323238750000004 0.0757888328125 0.3882842265625 0.006866 0.3933528328125 0.0072270781249999996 0.41403906093750004 0.0140144140625 0.41306320625000004 0.032656425 0.411152159375
0 0.0974865234375 0.517214828125 0.06198599375 0.4094993546875 0.007218140624999999 0.4135269984375 0.009721909375 0.5569678015624999 0.011593953125 0.5644356203124999 0.0974865234375 0.517214828125
0 0.2699582984375 0.256009209375 0.17935394375 0.2759589546875 0.10254249374999999 0.30007940781250003 0.113709821875 0.344627284375 0.1220265890625 0.3693287609375 0.28620965 0.32931306718750003 0.2699582984375 0.256009209375
0 0.4751279609375 0.2777923875 0.46384317499999994 0.21582564375 0.43774634375000004 0.21342394374999998 0.269586053125 0.25452428125000004 0.28384879218750003 0.3283704609375 0.45834717031250005 0.28712808125 0.4751279609375 0.2777923875
0 0.13790569531250002 0.4411476859375 0.24727945468749998 0.41131992500000003 0.2301562203125 0.343013178125 0.1200379734375 0.3698710828125 0.13790569531250002 0.4411476859375
0 0.25001255625 0.41374746093750003 0.359386315625 0.3839197 0.34226308125 0.315612953125 0.23214483281249998 0.34247085625 0.25001255625 0.41374746093750003
0 0.359758559375 0.385404628125 0.47820350625 0.35786236250000003 0.4659293796875 0.2834738609375 0.3418908375 0.3141280234375 0.359758559375 0.385404628125
0 0.6772518796875 0.14334808125 0.4995207625 0.1886449625 0.491811159375 0.2002661515625 0.5013621171875 0.24684128125 0.5069457828124999 0.2691152203125 0.693003596875 0.223133975 0.6772518796875 0.14334808125
0 0.6949922109375 0.222591653125 0.8747119390625 0.176752446875 0.8645538203124999 0.09385465312499999 0.67924049375 0.1428057578125 0.6949922109375 0.222591653125
0 0.6289957109375 0.23900337968750002 0.5049571671875001 0.26965754375 0.5239416218749999 0.34538893437499996 0.6396534671875 0.315419134375 0.6289957109375 0.23900337968750002
0 0.712517490625 0.2162258171875 0.6289957109375 0.23900337968750002 0.64164208125 0.31487681093750003 0.7649361359375 0.2812527890625 0.751045640625 0.2088915390625 0.712517490625 0.2162258171875
0 0.7649361359375 0.2812527890625 0.8830088375 0.2522255953125 0.8707347125 0.17783709375 0.7534064984375 0.20983414531250003 0.7649361359375 0.2812527890625
0 0.088053025 0.488058565625 0.0994751359375 0.51667250625 0.1363869171875 0.5113654796875 0.15823186718749999 0.5815574390625 0.363803578125 0.528668034375 0.3979921890625 0.49554763749999997 0.36820271875 0.4021391328125 0.081352628125 0.4613298390625 0.088053025 0.488058565625
0 0.109565465625 0.455222246875 0.24938552656250002 0.4281964703125 0.37019133125 0.401596809375 0.388558690625 0.466391375 0.395758725 0.486638059375 0.4101786578125 0.4763597609375 0.391693840625 0.394146328125 0.4228945640625 0.374532334375 0.41655647812499996 0.3746743734375 0.3677130140625 0.3832353359375 0.25398978437499997 0.4126628140625 0.1406387984375 0.44357522187500004 0.109565465625 0.455222246875
0 0.5591973 0.443652509375 0.548784396875 0.376688653125 0.5239416218749999 0.34538893437499996 0.47820350625 0.35786236250000003 0.42451093437500004 0.37250508125000004 0.392066084375 0.39563125781249997 0.411295390625 0.48081454843750004 0.5591973 0.443652509375
0 0.6973232671875 0.2996917703125 0.5259302375 0.3448466125 0.55771825625 0.4123269546875 0.707608778125 0.37462259531250003 0.6973232671875 0.2996917703125
0 0.6993118796875 0.299149446875 0.706364653125 0.37813477500000003 0.889317121875 0.328241065625 0.88139246875 0.254252846875 0.6993118796875 0.299149446875
0 0.1644326265625 0.6147682046875 0.15685041718749998 0.6184224234375 0.1768341453125 0.6811897375 0.3119324921875 0.6522787453125 0.28388678125 0.5488760218750001 0.1602204828125 0.581015115625 0.1644326265625 0.6147682046875
0 0.28550315312499996 0.5468487703125 0.310316121875 0.6543059984374999 0.5560323515625 0.5920550640625 0.5796508640625 0.5760952921875 0.5482549578125 0.459328203125 0.399608559375 0.4935203828125 0.365792190625 0.5281257109374999 0.28550315312499996 0.5468487703125
0 0.5506158140624999 0.46027081093750005 0.5736949578125 0.5523364234375 0.579915584375 0.5347755171874999 0.5539759453124999 0.4482493359375 0.5512428453125 0.44582180156250006 0.40694591874999997 0.4804142640625 0.3976199453125 0.49406270625 0.5506158140624999 0.46027081093750005
0 0.1853957625 0.715343109375 0.20167691875 0.7124894546875 0.220416521875 0.778768946875 0.41877826406249996 0.7310186953125 0.39421014374999996 0.633013365625 0.1772063890625 0.682674665625 0.1853957625 0.715343109375
0 0.41877826406249996 0.7310186953125 0.5876830421875 0.692888215625 0.5961669374999999 0.6080793718749999 0.581267234375 0.574068040625 0.5603818234375 0.5924553484375 0.39222153125000003 0.6335556875 0.41877826406249996 0.7310186953125
0 0.3548580359375 0.8404644781249999 0.3667897171875 0.8372105390625 0.3424664515625 0.7486571078125001 0.220416521875 0.778768946875 0.24797252812499998 0.8632678765625 0.3548580359375 0.8404644781249999
0 0.36517335 0.8392377921874999 0.615483903125 0.7868390421875 0.613162778125 0.6843530875 0.5961669374999999 0.6080793718749999 0.5880552875 0.69437314375 0.3408500828125 0.7506843609375 0.36517335 0.8392377921874999
0 0.24834477187499998 0.8647528046874999 0.2782616375 0.950194340625 0.3290937140625 0.941091053125 0.38589163437499996 0.9303608000000001 0.41174361406250004 0.9233106015624999 0.46456430312499997 0.9136649921875 0.4418574046875 0.823084309375 0.24834477187499998 0.8647528046874999
0 0.464936546875 0.9151499218750001 0.6266313593749999 0.8821585921875 0.62482974375 0.722418925 0.6136624171875 0.677871046875 0.61187891875 0.789408615625 0.4438460203125 0.8225419859375 0.464936546875 0.9151499218750001
0 0.6519275921875 0.3898076375 0.5513801703125 0.41246899531250003 0.5598044625 0.47997517343749996 0.6623404984375 0.4567714921875 0.6519275921875 0.3898076375
0 0.715935478125 0.37393823125000003 0.6535439625 0.387780384375 0.6630849859375 0.45974135 0.7831463000000001 0.43017183281250004 0.771988909375 0.36023811875 0.715935478125 0.37393823125000003
0 0.78277405625 0.42868690468750004 0.8972417765625 0.402229284375 0.8896893671875 0.3297259953125 0.771988909375 0.36023811875 0.78277405625 0.42868690468750004
0 0.6639568671875 0.4547442390625 0.5614208296875 0.47794792187499996 0.5785440656249999 0.54625466875 0.733156303125 0.5104355171875 0.718766171875 0.4445563078125 0.6639568671875 0.4547442390625
0 0.7267206265625 0.44238701562499994 0.718766171875 0.4445563078125 0.733156303125 0.5104355171875 0.9060383109375 0.471220390625 0.8992303890625 0.4016869609375 0.7267206265625 0.44238701562499994
0 0.675114259375 0.524677953125 0.57295046875 0.5493665640625001 0.5961669374999999 0.6080793718749999 0.688759903125 0.58758730625 0.675114259375 0.524677953125
0 0.6891321484375 0.589072234375 0.8008667624999999 0.5601870796874999 0.79393145 0.49862061718749995 0.733156303125 0.5104355171875 0.7009662390625 0.51762775625 0.673497890625 0.5267052062500001 0.6891321484375 0.589072234375
0 0.9076546796875 0.46919313906250004 0.79393145 0.49862061718749995 0.8035998671875 0.562614615625 0.9140903578125 0.5372416421875 0.9076546796875 0.46919313906250004
0 0.7431969656249999 0.5759144453125 0.59653918125 0.6095643015625 0.61055706875 0.6739585828125 0.7524931359375 0.6384235125 0.7431969656249999 0.5759144453125
0 0.7471642593750001 0.600215634375 0.7548539953125 0.63936611875 0.9158043203125 0.6034049296874999 0.916078971875 0.53669931875 0.8032276234375001 0.5611296859375 0.74120835 0.5764567671874999 0.7471642593750001 0.600215634375
0 0.0108494640625 0.5614657640625 0.046584909375 0.7040189703124999 0.166793484375 0.6157108109375 0.13837553125 0.5108231562500001 0.10233563125 0.511133071875 0.0108494640625 0.5614657640625
0 0.047329398437499996 0.7069888296875 0.08045913437499999 0.8391475328125001 0.189372990625 0.7142584640625 0.1604554 0.61585285 0.0493180125 0.70644650625 0.047329398437499996 0.7069888296875
0 0.2024214078125 0.7154593140625 0.190989359375 0.7122312109375 0.08008689062499999 0.837662603125 0.1197371078125 0.9958323265625 0.127735240625 0.9955064265625 0.2293503828125 0.81440725 0.2024214078125 0.7154593140625
0 0.2297226265625 0.8158921796874999 0.1289688859375 0.995456159375 0.20164967968749997 0.9924946453124999 0.258650153125 0.8889119578125 0.2297226265625 0.8158921796874999
0 0.26026652031249997 0.8868847046875 0.2010022953125 0.9925210234374999 0.2830214203125 0.989179 0.2864510109375 0.9828627828125001 0.26026652031249997 0.8868847046875