0 0.24560291093750003 0.363549453125 0.17534220625000002 0.142233621875 0.096581353125 0.1324835 0.0102117609375 0.159352328125 0.027565704687499998 0.43015687031249994 0.2256406921875 0.37055069375 0.24560291093750003 0.363549453125
0 0.38806035 0.0834108578125 0.25794073281249996 0.1014377625 0.177173209375 0.1373827171875 0.248192634375 0.364030053125 0.46075714687499997 0.307449709375 0.38806035 0.0834108578125
0 0.47844005312500004 0.289968490625 0.6136043703125 0.2420579921875 0.5617601171875 0.052708732812500006 0.4747597484375 0.06478768124999999 0.3955222578125 0.0893375 0.45574706875000004 0.27667341093750003 0.47844005312500004 0.289968490625
0 0.6658105546875001 0 0.7242132265625 0.2408486734375 0.9504787859375 0.2030319046875 0.93767615625 0.13703098125 0.89720435625 0 0.6658105546875001 0
0 1 0.3839318609375 0.986724309375 0.30310011718749996 0.9576019671875 0.20449656562500002 0.760322025 0.23879041875 0.8023904406250001 0.47239295468750003 1 0.4365552828125 1 0.3839318609375
0 0.623959534375 0.5174647609374999 0.7985748015625 0.484337184375 0.7586446546875 0.24139890312499998 0.6547421328125 0.2376888234375 0.56011678125 0.262627159375 0.569989603125 0.315393103125 0.623959534375 0.5174647609374999
0 0.37253086406249997 0.3319534859375 0.45467105312499995 0.5603401906250001 0.6181718484375 0.5144441718749999 0.5636062703125 0.288254984375 0.531316259375 0.27285447343749997 0.47676268281249995 0.292576975 0.4531573421875 0.2761928109375 0.46563247656250006 0.30738121406249996 0.37253086406249997 0.3319534859375
0 0.3711576125 0.3355916625 0.1870863609375 0.386429534375 0.2637366875 0.6238544140625 0.45268327187499996 0.5729480515625001 0.3711576125 0.3355916625
0 0.0822551640625 0.675172884375 0.2555129125 0.61811080625 0.18084092499999999 0.3846216734375 0.0278241578125 0.4341899734375 0.0351945875 0.5492039328125 0.0363144578125 0.552776225 0.0822551640625 0.675172884375
0 0.10877008125000001 0.665494665625 0.19106705 0.8861244109375 0.3640143890625 0.8390617078125 0.2981744140625 0.6133755734374999 0.10877008125000001 0.665494665625
0 0.37680937812500004 0.843707128125 0.5602660984375001 0.80183894375 0.49077670468749995 0.563796471875 0.48713043593750005 0.5459256015625 0.45924541249999995 0.5537274671875 0.45192140312499995 0.5731310828125 0.2995445171875 0.61525193125 0.37680937812500004 0.843707128125
0 0.7294166828125 0.73363325625 0.6670756375 0.5170313390625 0.62624199375 0.5224302046875 0.6189337187499999 0.5142611406250001 0.4898674984375 0.555192853125 0.55601159375 0.78190868125 0.7294166828125 0.73363325625
0 0.8953567203125001 0.6849457234375 0.8374332531249999 0.4694880375 0.7967532421875 0.47264448281250004 0.7936994734375 0.4844056796875 0.6658591656249999 0.5129125625000001 0.7256230765625 0.706975734375 0.8953567203125001 0.6849457234375
0 1 0.4386641421875 0.84276633125 0.46820681718749996 0.8901930078125 0.6564118453125001 0.9508132078125 0.684855909375 1 0.672773153125 1 0.4386641421875
0 1 0.6788074890625 0.9529420328124999 0.692063771875 0.9171499390625 0.6730935765625 0.9572588984375001 0.86967315 0.9817765906249999 0.889146396875 1 0.8855331140624999 1 0.6788074890625
0 0.9568011484375001 0.870885878125 0.9189746484375 0.6792717453125 0.8914126265625001 0.6550160859374999 0.899162915625 0.6895451015625 0.7300406578125 0.7081199671875 0.7936107625 0.9067825171875 0.9568011484375001 0.870885878125
0 0.7347466171875 0.7378665703125 0.5674364749999999 0.7846777453125 0.6273508734375 0.98201303125 0.8013610515625 0.94131153125 0.7347466171875 0.7378665703125
0 0.566207415625 0.8026171078125 0.3841207984375 0.846361653125 0.435446471875 0.9978394703125 0.6063079625000001 0.9968454265625001 0.6308498046875 0.991097253125 0.566207415625 0.8026171078125
0 0.19091341875 0.8883668312499999 0.17340932343749998 0.8594893421875 0.171716215625 0.8896705078125 0.214352675 0.99912575625 0.4219808609375 0.9979178109375001 0.3615751515625 0.841853225 0.19091341875 0.8883668312499999