0 0.3961432484375 0.65392561875 0.1358126734375 0.6280991734375 0.12341597500000001 0.60123966875 0.09449035781250001 0.64049586875 0.11239669687500001 0.70661156875 0.3961432484375 0.7221074359374999 0.3961432484375 0.65392561875
0 0.42920110312500004 0.573347109375 0.168870521875 0.5568181812499999 0.1564738296875 0.5123966953125 0.12341597500000001 0.5568181812499999 0.1344352609375 0.6270661140625 0.42782369062500003 0.6549586765625001 0.42920110312500004 0.573347109375
0 0.23360881875 0 0.2377410484375 0.09607438125 0.6303030296875 0.10950413125 0.641322315625 0.0020661140625 0.23360881875 0
0 0.54490358125 0.2613636359375 0.550413225 0.110537190625 0.23498622500000002 0.0991735546875 0.23360881875 0.071280990625 0.1840220359375 0.07231404999999999 0.1261708 0.10743801875 0.15371900624999998 0.23450413124999997 0.54490358125 0.2613636359375
0 0.4994490359375 0.2603305765625 0.1509641875 0.23657024999999998 0.1468319578125 0.2200413234375 0.11239669687500001 0.2427685953125 0.1330578484375 0.3646694234375 0.498071625 0.3832644640625 0.4994490359375 0.2603305765625
0 0.498071625 0.3853305765625 0.15509641875 0.3677685953125 0.138567490625 0.38016529062500004 0.16060606093750002 0.4679752046875 0.49531680624999996 0.47727272656249997 0.498071625 0.3853305765625
0 0.484297521875 0.47727272656249997 0.1564738296875 0.46487603125000004 0.1509641875 0.47314049531249996 0.168870521875 0.5547520687499999 0.480165290625 0.571280990625 0.484297521875 0.47727272656249997
0 0.57107438125 0.14256198125 0.550413225 0.264462809375 0.94159779375 0.28719008125 0.9870523390624999 0.1663223140625 0.9223140484375 0.1188016546875 0.8837465578125 0.1022727265625 0.6358126734375 0.0888429765625 0.6330578484375 0.11260330468749999 0.5669421515625 0.11157025000000001 0.57107438125 0.14256198125
0 0.8988980734375 0.2902892546875 0.5118457265624999 0.2613636359375 0.510468321875 0.3853305765625 0.8603305750000001 0.39979338593749997 0.8988980734375 0.2902892546875
0 0.8575757578125 0.40185950468750004 0.5035812671875 0.3863636359375 0.4994490359375 0.4834710734375 0.8286501390625001 0.5020661140625 0.8575757578125 0.40185950468750004
0 0.825895315625 0.5072314046875 0.491184575 0.485537190625 0.482920109375 0.571280990625 0.7983471093750001 0.5929752046875 0.825895315625 0.5072314046875
0 0.7267217640625 0.6818181812499999 0.746005509375 0.58987603125 0.430578515625 0.5702479312500001 0.42782369062500003 0.6549586765625001 0.7267217640625 0.6818181812499999
0 0.70468319375 0.768595040625 0.73085399375 0.682851240625 0.4347107453125 0.6590909093749999 0.42782369062500003 0.7241735546875 0.70468319375 0.768595040625