0 0 0.2724008421875 0.216974321875 0.2504272359375 0.2076932953125 0.063512540625 0.1954964328125 0.0533814296875 0 0.066291371875 0 0.2724008421875
0 0 0.458102834375 0.23012410781249998 0.42947056874999995 0.20917118281249997 0.2624204953125 0 0.281895878125 0 0.458102834375
0 0 0.612232525 0.25084736093750004 0.5833975062500001 0.23225535000000003 0.43678328593750004 0 0.4620133015625 0 0.612232525
0 0 0.6356427953125 0.023570614062500002 0.7604150749999999 0.2593737515625 0.7271933328125 0.24694579062500002 0.589394134375 0 0.6198099 0 0.6356427953125
0 0.2594065609375 0.729068065625 0.023636232812499998 0.7641645421875001 0.053768901562500006 0.8834152062499999 0.2734407984375 0.8441842484375 0.2594065609375 0.729068065625
0 0.27750641875 0.8475612859374999 0.05783452343749999 0.8867922421875001 0.0815238234375 0.9942351359374999 0.08978134531250001 0.993754190625 0.29337660625 0.953117584375 0.27750641875 0.8475612859374999
0 0.49487589062500004 0.21891918281249997 0.4897261046875 0.039130992187500005 0.4814964328125 0.026752717187500004 0.45552924375000003 0.03104824375 0.2095292421875 0.053952660937499994 0.22890870156249998 0.24556048125 0.49487589062500004 0.21891918281249997
0 0.49392724687499995 0.39364181875000004 0.4926476453125 0.3205272140625 0.48900713281249997 0.2269767625 0.2250071328125 0.2515571109375 0.23996005625 0.41916582656249995 0.49392724687499995 0.39364181875000004
0 0.4881241078125 0.4054488625 0.2461569171875 0.4298555828125 0.2527161203125 0.5757123578125001 0.49055206875 0.5441791328125001 0.4881241078125 0.4054488625
0 0.488683309375 0.5518642812500001 0.25491298125 0.5867745421875 0.26930813124999997 0.7225127921875 0.4930456484375 0.686658871875 0.488683309375 0.5518642812500001
0 0.271439371875 0.7298255109375 0.285473609375 0.8449416921875 0.497178315625 0.8083303265625 0.4870784578125 0.6890922484375 0.271439371875 0.7298255109375
0 0.2875392296875 0.8485049437500001 0.3033766046875 0.9521865093749999 0.5011141234375 0.91875338125 0.5012439359374999 0.8117073625 0.2875392296875 0.8485049437500001
0 0.750777459375 0.1894594921875 0.7636932953125 0.0117448359375 0.7495620546875 0.0055494062500000005 0.723463621875 0.0023459984375 0.49352924375 0.0275101625 0.49884307968749997 0.21667202031250002 0.750777459375 0.1894594921875
0 0.504974321875 0.22361230937499998 0.5038944359374999 0.3908360109375 0.7397631953125 0.36136373437499997 0.75684308125 0.1926503140625 0.504974321875 0.22361230937499998
0 0.5020256765625 0.398521159375 0.504584878125 0.5447503625000001 0.72835520625 0.510771175 0.7418616250000001 0.36680172031249997 0.5020256765625 0.398521159375
0 0.5006504984375 0.5488722593750001 0.5028487875 0.674479396875 0.7126519250000001 0.6436784453125 0.7224536374999999 0.5169540203125 0.5006504984375 0.5488722593750001
0 0.4969472171875 0.6806622421874999 0.501047075 0.8004589640625 0.706817403125 0.768155709375 0.71275035625 0.6493026453125 0.4969472171875 0.6806622421874999
0 0.7069486453125 0.7756546421875 0.702883025 0.7722776046875001 0.505178315625 0.807585465625 0.5050156921875 0.9127567515624999 0.7026875890625 0.8755741562500001 0.7069486453125 0.7756546421875
0 0.743220721875 0 0.7655620546875 0.0040596875 0.7568102703124999 0.19077558125 0.98674465 0.16561141562499998 0.9820199828125 0 0.743220721875 0
0 0.9878273890625 0.22747761875 0.9868102703125 0.1693608828125 0.7608758921875001 0.19415261875 0.745631953125 0.35330615625 0.9715663343750001 0.3285144203125 0.9878273890625 0.22747761875
0 0.97576319375 0.339390390625 0.9716647640625 0.334138621875 0.745828815625 0.36455455625 0.7323223953125 0.5085240125 0.954125534375 0.476605771875 0.97576319375 0.339390390625
0 0.7286847359374999 0.6440634609375 0.9285534953125 0.6179430515625 0.950322396875 0.4882266046875 0.9442239656250001 0.483161046875 0.7324864468750001 0.517897678125 0.722651925 0.642747371875 0.7286847359374999 0.6440634609375
0 0.7187831671875 0.6506187359375 0.7147517828125001 0.7636613828125001 0.914554921875 0.7337915046875 0.930684734375 0.62525576875 0.7187831671875 0.6506187359375
0 0.9147517828125 0.7450399062499999 0.9146861625 0.7412904390625 0.7108502140625 0.7696580109375 0.7086875890625 0.8750155109375 0.89642510625 0.8425134562500001 0.9147517828125 0.7450399062499999
0 0.9656005703125 0.44549275 0.927014265625 0.7589204859375001 0.9856906390625 0.7615393859374999 0.990424503125 0.4903365125 0.9896005703125 0.44325817343749996 0.9656005703125 0.44549275