0 0.8826518703125 0.7275808734375 0.6954919359375 0.66857135 0.627259290625 0.9161378718750001 0.8208826828125 0.98108526875 0.8826518703125 0.7275808734375
0 0.5971849609375 1 0.6395643515625 0.8629101765625 0.39723329218750003 0.7743128859375 0.3186957515625 0.9813873937500001 0.3728184421875 1 0.5971849609375 1
0 0.6420765687500001 0.8614951015625 0.696687071875 0.664705290625 0.4660877890625 0.591849803125 0.3984284296875 0.770446828125 0.6420765687500001 0.8614951015625
0 0.38718442343750004 0.7799731875 0.1608900625 0.6999035375 0.081376984375 0.856441715625 0.3116347265625 0.97738255 0.38718442343750004 0.7799731875
0 0.45855113750000004 0.5960950296874999 0.24948861406249997 0.5206869625 0.1666218671875 0.6679391625 0.1614876328125 0.6979705078125 0.38586734375 0.7775222046875 0.45855113750000004 0.5960950296874999
0 0 0.8152240546874999 0.08077941718750001 0.85837474375 0.1614876328125 0.6979705078125 0 0.6376245921875 0 0.8152240546874999
0 0 0.6376879078125001 0.1634022796875 0.6984884609375 0.169134084375 0.6665240875 0.25200083125 0.5192718875 0 0.43412745781249995 0 0.6376879078125001
0 0.77973699375 0.362495996875 0.9705918953125 0.42301608437500005 0.9886980171875001 0.1840717140625 0.851689134375 0.14316657500000002 0.77973699375 0.362495996875
0 0.63377288125 0.06955275 0.6255167171875 0.06941396562499999 0.546259665625 0.27210446093749996 0.5332229546875 0.2874299109375 0.7822492125 0.361080921875 0.8496525453125001 0.1363315796875 0.63377288125 0.06955275
0 0.7025286765625001 0.6055397234375001 0.656357509375 0.6475112234375 0.6570770203125 0.651895234375 0.7005163703124999 0.665741196875 0.6974065828125 0.6690893015625 0.8820543000000001 0.729513903125 0.9192619343749999 0.7165378390625 0.9581000078124999 0.5878700625 0.970724946875 0.421260225 0.77973699375 0.362495996875 0.7025286765625001 0.6055397234375001
0 0.44669741875 0.5740361843749999 0.6550404296875 0.645060240625 0.7025286765625001 0.6055397234375001 0.7790174828125 0.35811198437499997 0.532625384375 0.28936293750000003 0.44835604062499995 0.5284018203125 0.44669741875 0.5740361843749999
0 0.5372839921875 0.2675816640625 0.3112335171875 0.200146096875 0.2006347203125 0.42368355781249994 0.231769009375 0.49075721562499997 0.44130715781249996 0.5579152140625 0.44224626875000006 0.5078968374999999 0.5372839921875 0.2675816640625
0 0.230451928125 0.48830623281249996 0.21932986406250002 0.504149634375 0.44239249375 0.5812503484375 0.44669741875 0.5740361843749999 0.44130715781249996 0.5579152140625 0.230451928125 0.48830623281249996
0 0 0.4090922828125 0.01469420625 0.4278444453125 0.2044883015625 0.4917559359375 0.230451928125 0.48830623281249996 0.2006347203125 0.42368355781249994 0.29078209374999997 0.22603381250000001 0.2865869703125 0.20604678125000003 0.0643657921875 0.139647121875 0.05217053125 0.1656736234375 0 0.3344360484375 0 0.4090922828125
0 0.31170914375000003 0.1918960265625 0.3903897578125 0.0136327109375 0.1533439734375 0.0053548890625 0.088292828125 0.12936242343749998 0.31170914375000003 0.1918960265625
0 0.33038000312500004 0.20532563124999997 0.3424654625 0.206500325 0.5455401546875 0.2677204484375 0.6239557546875 0.0543289 0.4736642 0.01654071875 0.39737527968749997 0.013876649999999999 0.31230671249999997 0.189962996875 0.33038000312500004 0.20532563124999997
0 0.0819513140625 0.1297415921875 0.1475790734375 0.005153575 0.10309222656249999 0.003600059375 0.066634125 0.12559796406249998 0.0819513140625 0.1297415921875