0 0.6730803812499999 0.30807399375 0.8840826859375 0.3705829828125 0.9398052359375001 0.169142384375 0.728097584375 0.109183275 0.6730803812499999 0.30807399375
0 0.465978253125 0.216322571875 0.6625831843750001 0.28544986250000004 0.6662551265625 0.29489011718749997 0.68013386875 0.282575184375 0.728097584375 0.109183275 0.5153526671875001 0.037830901562500005 0.465978253125 0.216322571875
0 0.67378573125 0.3055241125 0.68013386875 0.282575184375 0.6643257984375001 0.294293246875 0.6086447625 0.4652976765625 0.609682028125 0.4766909390625 0.8262856046874999 0.5492370546875 0.877589346875 0.371342253125 0.67378573125 0.3055241125
0 0.458260934375 0.213935090625 0.401169203125 0.39003928125 0.6086447625 0.4652976765625 0.6643257984375001 0.294293246875 0.6625831843750001 0.28544986250000004 0.458260934375 0.213935090625
0 0.609682028125 0.4766909390625 0.5578596546875 0.6488891078125001 0.767451259375 0.716497859375 0.8147096265625 0.5456558328125001 0.609682028125 0.4766909390625
0 0.4043225140625 0.39378290312500003 0.3532054875 0.5634311890625 0.5606810484375 0.638689584375 0.609682028125 0.4766909390625 0.6086447625 0.4652976765625 0.4043225140625 0.39378290312500003
0 0.5527770125 0.6445486171875 0.5028839671875 0.8173436546874999 0.7084301984375 0.892005178125 0.7628872515625 0.717854 0.5527770125 0.6445486171875
0 0.6693827671875 1 0.70650086875 0.8914083078124999 0.5028839671875 0.8173436546874999 0.44931898124999997 0.9806984390625001 0.4470087796875 1 0.6693827671875 1
0 0.294889775 0.7363886265625 0.5057053625 0.80714413125 0.554893059375 0.636898971875 0.34548816875 0.5610437078125 0.294889775 0.7363886265625
0 0.2987484359375 0.7375823671874999 0.2495607390625 0.9078275265625001 0.45195365781249996 0.978745428125 0.5057053625 0.80714413125 0.2987484359375 0.7375823671874999
0 0.41718485781250003 0.2261403515625 0.47216054375 0.057685806250000006 0.46411130937499995 0.041355178124999996 0.42113053906250003 0.024528060937500002 0.24571114062500002 0.014311043749999999 0.2046266578125 0.1465414671875 0.41718485781250003 0.2261403515625
0 0.2135679578125 0.15207569999999998 0.165936159375 0.339410753125 0.37289308593750004 0.4089725171875 0.41911418906250003 0.22673722187499998 0.2135679578125 0.15207569999999998
0 0.1690894703125 0.343154375 0.1179724453125 0.5128026625000001 0.31580135625 0.58507670625 0.3314227109375 0.5816051546875001 0.3825397359375 0.41195686875000004 0.1690894703125 0.343154375
0 0.10446713593750001 0.5086245703125 0.057022053125000007 0.6877131125 0.2646843296875 0.7547249921875 0.273812346875 0.7520127140625 0.3215893453125 0.5868673171875 0.10446713593750001 0.5086245703125
0 0.26661365937500003 0.7553218625 0.0577274015625 0.68516323125 0.0078343578125 0.8579582703125 0.2090032953125 0.9257294203124999 0.2257034328125 0.9032149625000001 0.273812346875 0.7520127140625 0.26661365937500003 0.7553218625