0 1 0.1529235375 0.85 0.1544227890625 0.836 0.164917540625 0.828 0.313343328125 1 0.313343328125 1 0.1529235375
0 1 0.3163418296875 0.826 0.313343328125 0.8160000000000001 0.4662668671875 0.984 0.4692653671875 1 0.3508245875 1 0.3163418296875
0 0.8099999999999999 0.611694153125 0.8160000000000001 0.614692653125 0.974 0.6206896546875 0.984 0.4692653671875 0.82 0.4662668671875 0.8160000000000001 0.4692653671875 0.8099999999999999 0.611694153125
0 0.736 0.1499250375 0.6719999999999999 0.1514242875 0.666 0.1694152921875 0.662 0.311844078125 0.828 0.311844078125 0.8380000000000001 0.1499250375 0.774 0.1499250375 0.736 0.1499250375
0 0.8240000000000001 0.311844078125 0.662 0.311844078125 0.658 0.3163418296875 0.654 0.4677661171875 0.8160000000000001 0.4692653671875 0.8240000000000001 0.311844078125
0 1 0.6311844078125 0.978 0.6191904046875 0.8160000000000001 0.614692653125 0.82 0.6191904046875 0.8779999999999999 0.6536731640625 0.866 0.8200899546875 0.8699999999999999 0.82308845625 1 0.82608695625 1 0.6311844078125
0 1 0.82758620625 0.8640000000000001 0.82308845625 0.85 0.9820089953125001 0.858 0.9865067468750001 1 0.9925037484375 1 0.82758620625
0 0.6799999999999999 0.8170914546875 0.6900000000000001 0.8200899546875 0.8619999999999999 0.8200899546875 0.866 0.815592203125 0.876 0.6551724140624999 0.8720000000000001 0.6506746625 0.8140000000000001 0.614692653125 0.6559999999999999 0.613193403125 0.6559999999999999 0.6176911546875 0.67 0.6446776609375 0.666 0.790104946875 0.6799999999999999 0.8170914546875
0 0.85 0.9820089953125001 0.8640000000000001 0.8215892046875 0.6900000000000001 0.8200899546875 0.6799999999999999 0.8170914546875 0.674 0.809595203125 0.67 0.9805097453125 0.674 0.985007496875 0.8480000000000001 0.988005996875 0.85 0.9820089953125001
0 0.666 0.4677661171875 0.6559999999999999 0.611694153125 0.8099999999999999 0.613193403125 0.8160000000000001 0.4692653671875 0.666 0.4677661171875
0 0.662 0.9805097453125 0.6679999999999999 0.9805097453125 0.674 0.8200899546875 0.666 0.8110944531250001 0.666 0.8170914546875 0.49000000000000005 0.8140929531250001 0.488 0.9730134937500001 0.49000000000000005 0.97601199375 0.662 0.9805097453125
0 0.67 0.6476761625 0.654 0.6206896546875 0.65 0.6446776609375 0.488 0.6386806593750001 0.484 0.809595203125 0.49000000000000005 0.812593703125 0.662 0.8170914546875 0.67 0.6476761625
0 0.48200000000000004 0.46026986562500005 0.46799999999999997 0.6386806593750001 0.6519999999999999 0.6446776609375 0.666 0.4662668671875 0.48200000000000004 0.46026986562500005
0 0.496 0.314842578125 0.492 0.461769115625 0.654 0.4662668671875 0.658 0.313343328125 0.496 0.314842578125
0 0.6639999999999999 0.1559220390625 0.6599999999999999 0.1514242875 0.49800000000000005 0.1544227890625 0.49800000000000005 0.313343328125 0.6559999999999999 0.313343328125 0.6599999999999999 0.3073463265625 0.6639999999999999 0.1559220390625
0 0.49800000000000005 0.3088455765625 0.49400000000000005 0.1499250375 0.43600000000000005 0.1469265375 0.398 0.1484257875 0.33599999999999997 0.1529235375 0.33999999999999997 0.311844078125 0.488 0.31034482812499997 0.49800000000000005 0.3088455765625
0 0.172 0.31034482812499997 0.33799999999999997 0.3073463265625 0.33399999999999996 0.1589205390625 0.32 0.1469265375 0.162 0.1514242875 0.156 0.1544227890625 0.172 0.31034482812499997
0 0.32599999999999996 0.311844078125 0.33199999999999996 0.463268365625 0.48600000000000004 0.461769115625 0.48600000000000004 0.311844078125 0.32599999999999996 0.311844078125
0 0.33599999999999997 0.463268365625 0.33799999999999997 0.6056971515625 0.47000000000000003 0.6056971515625 0.48 0.463268365625 0.33599999999999997 0.463268365625
0 0.31 0.8035982015625001 0.47800000000000004 0.8065967015625001 0.484 0.640179909375 0.46799999999999997 0.6386806593750001 0.47000000000000003 0.6056971515625 0.33999999999999997 0.6071964015625 0.308 0.6341829078125001 0.306 0.6416791609375 0.304 0.8020989500000001 0.31 0.8035982015625001
0 0.314 0.9655172406249999 0.48600000000000004 0.9730134937500001 0.49000000000000005 0.8140929531250001 0.48 0.8065967015625001 0.31 0.8035982015625001 0.308 0.8590704640625001 0.308 0.9370314843750001 0.308 0.962518740625 0.314 0.9655172406249999
0 0.302 0.6386806593750001 0.304 0.6326836578125 0.33799999999999997 0.6086956515625 0.33799999999999997 0.6041979015625001 0.178 0.6056971515625 0.122 0.6341829078125001 0.124 0.8005997 0.302 0.8020989500000001 0.302 0.6386806593750001
0 0.12 0.8965517234375 0.12 0.9280359812500001 0.122 0.9520239875 0.122 0.962518740625 0.3 0.9715142421875 0.306 0.9640179906249999 0.31 0.8050974515625 0.302 0.8035982015625001 0.126 0.8005997 0.122 0.8410794609375 0.12 0.8545727140625001 0.122 0.87406296875 0.12 0.8965517234375
0 0.32599999999999996 0.4572713640625 0.16799999999999998 0.46026986562500005 0.176 0.6071964015625 0.33599999999999997 0.6056971515625 0.33399999999999996 0.464767615625 0.32599999999999996 0.4572713640625
0 0.16599999999999998 0.311844078125 0.176 0.46026986562500005 0.33199999999999996 0.4587706140625 0.32599999999999996 0.3073463265625 0.16599999999999998 0.311844078125
0 0 0.1814092953125 0.034 0.17691154375 0.1 0.17391304375 0.142 0.20239880000000002 0.148 0.20089955 0.128 0.101949025 0.08 0.05697151406249999 0 0.0674662671875 0 0.1814092953125
0 0 0.289355321875 0.1 0.2818590703125 0.10800000000000001 0.28335832031249997 0.15 0.30434782656250003 0.16 0.30434782656250003 0.13999999999999999 0.20389805156250002 0.1 0.17391304375 0.038 0.17841079531249998 0 0.1829085453125 0 0.289355321875
0 0 0.40329835156250005 0.118 0.3928035984375 0.16799999999999998 0.3988006 0.15 0.30434782656250003 0.10800000000000001 0.28335832031249997 0.1 0.2818590703125 0 0.2908545734375 0 0.40329835156250005
0 0 0.439280359375 0.008 0.5052473765625 0.122 0.49475262343750004 0.126 0.5037481265625 0.13799999999999998 0.500749625 0.16999999999999998 0.497751125 0.16799999999999998 0.4587706140625 0.174 0.46026986562500005 0.16799999999999998 0.3988006 0.118 0.3928035984375 0 0.4047976015625 0 0.439280359375
0 0 0.6341829078125001 0.1 0.62518740625 0.144 0.60269865 0.128 0.5037481265625 0.122 0.49475262343750004 0.01 0.5052473765625 0 0.5067466265625 0 0.6341829078125001
0 0.148 0.60269865 0.1 0.62518740625 0.002 0.6341829078125001 0.002 0.7526236875000001 0.122 0.7331334328125 0.122 0.6341829078125001 0.152 0.6176911546875 0.148 0.60269865
0 0 0.9340329828125 0.086 0.9160419796875001 0.118 0.8680659671875001 0.118 0.8575712140625 0.12 0.8425787109374999 0.096 0.7421289359375 0 0.7541229390625 0 0.9340329828125