0 0.007861073437500001 0.37843360000000004 0.038464998437499995 0.5636046 0.1419350609375 0.5357371546875 0.197800696875 0.5243174453125 0.17125908125 0.3718997140625 0.11173736406250001 0.3538414828125 0.007861073437500001 0.37843360000000004
0 0.23720865937500002 0.6573132875 0.21537285 0.5274421859375 0.193670090625 0.5218034312500001 0.1419350609375 0.5357371546875 0.0403271875 0.5632239421875 0.024379959375 0.573200509375 0.0578958 0.7510595421875 0.1561855265625 0.7276093968749999 0.23720865937500002 0.6573132875
0 0.22305886562500002 0.51243759375 0.2480762296875 0.6987505656249999 0.343285075 0.6658550937500001 0.3180304484375 0.4930240875 0.22305886562500002 0.51243759375
0 0.32426050625 0.4816754796875 0.29301308593750003 0.3067111171875 0.2806212640625 0.299169078125 0.1767449734375 0.3237611953125 0.1731895640625 0.3412798015625 0.19698823593749998 0.5177667921875 0.308313278125 0.4916520453125 0.32426050625 0.4816754796875
0 0.426680840625 0.4607393453125 0.43558554843749997 0.45556073125 0.41016195624999996 0.265972434375 0.39817636562500003 0.26170572187499996 0.289525971875 0.293990465625 0.29301308593750003 0.3067111171875 0.32466673749999997 0.4849508046875 0.426680840625 0.4607393453125
0 0.4322674046875 0.45959737343749996 0.32239831875 0.4820561375 0.3176242171875 0.4897487609375 0.343285075 0.6658550937500001 0.3467721875 0.6785757453125 0.448380059375 0.65108895625 0.456066075 0.636084365625 0.4322674046875 0.45959737343749996
0 0.458740725 0.6422543609375 0.5574366828125 0.6220795406249999 0.5338752765625 0.432110584375 0.4337233625 0.4559413890625 0.45647230624999996 0.639359690625 0.458740725 0.6422543609375
0 0.537193421875 0.42807394375 0.5086889453125 0.22904032343749997 0.41161791093750005 0.2623164515625 0.43558554843749997 0.45556073125 0.537193421875 0.42807394375
0 0.40003855312500003 0.261325065625 0.4134801 0.2619357953125 0.4625404796875 0.24183207499999998 0.48674892343750004 0.2368835328125 0.4754427453125 0.1149351265625 0.4373541484375 0.0387618125 0.38213200625 0.039974884375000005 0.3330716265625 0.060078603125 0.3562268015625 0.24677223124999997 0.35947665 0.272974846875 0.40003855312500003 0.261325065625
0 0.537599653125 0.431349271875 0.656373446875 0.403711896875 0.625431584375 0.1850263140625 0.507876484375 0.22248967031250003 0.537599653125 0.431349271875
0 0.6737047953124999 0.6050294609375 0.6474687390625 0.40889050937500004 0.5338752765625 0.432110584375 0.555980728125 0.625735525 0.6737047953124999 0.6050294609375
0 0.6718426078124999 0.60541011875 0.7980651546875001 0.576250115625 0.7728788234375 0.373179853125 0.656373446875 0.403711896875 0.6470625078125 0.40561518281250003 0.6718426078124999 0.60541011875
0 0.656373446875 0.403711896875 0.7617056953125 0.3754637953125 0.7832394875 0.36434525624999997 0.7541598140625 0.1452790171875 0.6303746546875 0.1940909796875 0.656373446875 0.403711896875
0 0.9042817015625 0.339602553125 0.7724725921875 0.3699045265625 0.7980651546875001 0.576250115625 0.9310929578125 0.5557741234375 0.9042817015625 0.339602553125
0 0.9373948515625001 0.32947540000000003 0.908146209375 0.0936518703125 0.7705132734375 0.1385777796875 0.757646925 0.15799966875 0.78283325625 0.36106993125 0.8041297875 0.3634333578125 0.9373948515625001 0.32947540000000003