0 0.6108822578125 0.34562676875 0.52302639375 0.6633146859375 0.6954194140625 0.6891293015625 0.78090496875 0.38021603437499996 0.6108822578125 0.34562676875
0 0.7890715078125 0.372620565625 0.7086352625 0.6779326296875 0.87806539375 0.71471555625 0.9507733359375001 0.407831253125 0.7890715078125 0.372620565625
0 0.71399325625 0.68827951875 0.6279596015625 0.9920153062500001 0.8136807125000001 0.9898542453125 0.885201121875 0.7184814578125 0.71399325625 0.68827951875
0 0.5332793515625001 0.663086321875 0.4461704078125 0.985554621875 0.49931237968750003 0.9935122515625 0.6237784000000001 0.9920639578125 0.7027094843749999 0.69986925 0.5332793515625001 0.663086321875
0 0.600783640625 0.35282917812500003 0.42630420156250004 0.3196474546875 0.342158146875 0.6311474453125 0.5191622406249999 0.662528565625 0.600783640625 0.35282917812500003
0 0.41679816406250003 0.3246562 0.24484337812499998 0.28967387499999997 0.1612899 0.5989802046875 0.3326521078125 0.6361561921875001 0.41679816406250003 0.3246562
0 0 0.5524071640625 0.158456559375 0.5868327156250001 0.2375533078125 0.27893393125 0.07273424843750001 0.24771750625000002 0 0.5169721703125 0 0.5524071640625
0 0 0.895881078125 0.0862116484375 0.91463915625 0.16976512500000002 0.605332828125 0.005538643750000001 0.57192274375 0 0.5924262296875 0 0.895881078125
0 0.1705120453125 0.6101132109375 0.0882980671875 0.9220062625000001 0.26159235000000003 0.959575309375 0.344398909375 0.645488596875 0.1705120453125 0.6101132109375
0 0.3481087171875 0.63930066875 0.27035146875 0.9497861796875 0.44423833124999995 0.9851615625000001 0.52199558125 0.6746760546874999 0.3481087171875 0.63930066875
0 0.8204229640625 0.36974181562499997 0.97568774375 0.40578926875 0.9937071609375 0.0964078203125 0.8901680140625 0.073825821875 0.8204229640625 0.36974181562499997
0 0.7118244218750001 0.039857978125 0.6426719484375 0.3335803109375 0.8126946578125 0.3681695765625 0.87664348125 0.07107440312499999 0.7118244218750001 0.039857978125
0 0.6986085734375 0.05105465 0.5363141687499999 0.018037624999999998 0.4640444625 0.31575422343750004 0.6350979859375 0.3389821171875 0.6986085734375 0.05105465
0 0.3273207890625 0 0.25063960625 0.2908530546875 0.4558779234375 0.323349690625 0.5330425937500001 0.01505784375 0.4545528015625 0 0.3273207890625 0
0 0.118220375 0 0.0476172578125 0.2426077296875 0.2478062671875 0.2787055671875 0.32123287500000003 0 0.118220375 0