0 0.95256825 0.52817143125 0.8139564625 0.514964428125 0.7766584265625001 0.6040091046875 0.928917134375 0.6115193015625 0.95256825 0.52817143125
0 0.81672368125 0.512278546875 0.952990590625 0.5266830765625 0.96756031875 0.47533852187500003 0.9697501734375 0.4377401703125 0.8563665984375 0.42203634375 0.81672368125 0.512278546875
0 0.644887603125 0.39004527968749997 0.6095561015625 0.493357634375 0.812878609375 0.511696890625 0.8544440609375 0.42174551562499996 0.644887603125 0.39004527968749997
0 0.6110562984375 0.495136815625 0.5754916265625 0.592204921875 0.7728133546875 0.6034274500000001 0.8124562687499999 0.513185246875 0.6110562984375 0.495136815625
0 0.55380705 0.6898204703124999 0.8023377453125 0.69016260625 0.8394466125 0.6088505328125 0.7766584265625001 0.6040091046875 0.5607668484375 0.5946341937499999 0.5307366140625 0.6863305359375 0.55380705 0.6898204703124999
0 0.5107414046875001 0.7779926609375 0.7714188296875 0.7708588093750001 0.80618281875 0.6907442609375 0.5553072453125 0.6915996515625 0.5303142734375 0.6878188890625 0.4992061875 0.7762476953124999 0.5107414046875001 0.7779926609375
0 0.906533046875 0.69040210625 0.928917134375 0.6115193015625 0.843291684375 0.6094321890625001 0.8074498421875 0.6862791968749999 0.8243303265625 0.6903850031250001 0.906533046875 0.69040210625
0 0.791911215625 0.7693020234375 0.8854159812500001 0.764819846875 0.90611070625 0.6918904609375 0.8239079859375 0.6918733578125 0.8089500375 0.6880583796875 0.7797204843750001 0.762801165625 0.791911215625 0.7693020234375
0 0.6965147484374999 0.85111021875 0.842728675 0.8375268359374999 0.8854159812500001 0.764819846875 0.791911215625 0.7693020234375 0.7777979484374999 0.7625103359375001 0.7733413640625 0.7711496359375001 0.6960615703124999 0.774981728125 0.6710554328125 0.8348409625000001 0.6965147484374999 0.85111021875
0 0.6422922234375 0.9220722406249999 0.8094208796875 0.9054437171874999 0.84615140625 0.8395968453125 0.6960924046875 0.8525985734375 0.6721332875 0.8381085015625 0.667909875 0.8529920484375 0.6422922234375 0.9220722406249999
0 0.7018468484375 0.9171110562499999 0.6935328140625 0.9386330484375 0.8058865687500001 0.9294616906250001 0.8156108296875001 0.9048278453125 0.7018468484375 0.9171110562499999
0 0.643370078125 0.9253397781249999 0.439334890625 0.9519077781249999 0.43871357499999997 0.9594337609375 0.6945300640625 0.93855164375 0.7014245078125 0.9185994109375001 0.643370078125 0.9253397781249999
0 0.4665979046875 0.8628973156249999 0.43783469531249997 0.9501285953125 0.641447540625 0.9250489515625 0.6668320203125 0.8497245124999999 0.4665979046875 0.8628973156249999
0 0.494094090625 0.7801311046875 0.46852044218750005 0.8631881453125001 0.6668320203125 0.8497245124999999 0.69371669375 0.7761792546875 0.494094090625 0.7801311046875
0 0.4634083453125 0.8670715546875 0.4898266765625 0.7810378015625 0.2445295421875 0.7904982765625 0.2419954953125 0.79942840625 0.1418784375 0.8060148093749999 0.11634878906249999 0.9030487 0.4634083453125 0.8670715546875
0 0.2790163609375 0.690162634375 0.2687921671875 0.6979294515625 0.242373834375 0.783963203125 0.24964163906249998 0.78661486875 0.484481409375 0.7786769640625 0.4953611140625 0.7756660390625 0.5264692015625 0.6872372328125 0.2790163609375 0.690162634375
0 0.433144940625 0.9525236484375 0.460641125 0.8697574359375 0.1159264484375 0.9045370546875 0.1132032296875 0.9211997859375 0.361210415625 0.958716578125 0.433144940625 0.9525236484375
0 0 0.9044826515625 0.053604603125000004 0.9121841234374999 0.1027018640625 0.9087455062500001 0.127576 0.8069557250000001 0 0.81278925625 0 0.9044826515625
0 0 0.8102326453125 0.23857276249999998 0.797358396875 0.26813665468750003 0.693173559375 0 0.7033822546875 0 0.8102326453125
0 0.3058130328125 0.5886636796875 0.2790163609375 0.690162634375 0.5307366140625 0.6863305359375 0.5588443109375001 0.5943433640625 0.3058130328125 0.5886636796875
0 0 0.7016125515625 0.2790163609375 0.690162634375 0.3015456171875 0.589570378125 0.22487733593749998 0.5841815109375 0.1727488515625 0.5064449140625 0 0.49544078750000003 0 0.7016125515625
0 0.15366865937500002 0.48182718593749996 0.22572202031250002 0.581204803125 0.301967959375 0.5880820234375 0.57272440625 0.5948908046875 0.6067888828125 0.4960435171875 0.26082035000000003 0.4716482015625 0.1813540140625 0.39132836875 0.15366865937500002 0.48182718593749996
0 0.2620873734375 0.4671831375 0.6091337609374999 0.4948459890625 0.6444652625 0.3915336359375 0.28818453125 0.3469514421875 0.20219390625 0.2966895328125 0.1806985015625 0.386572478125 0.2620873734375 0.4671831375
0 0.288606871875 0.34546308593749997 0.644887603125 0.39004527968749997 0.6808306140625 0.2775119703125 0.327273103125 0.21626704531250002 0.2223782875 0.1972948046875 0.20069371249999998 0.2949103515625 0.288606871875 0.34546308593749997
0 0.2453298875 0.09521419375 0.22087809218749999 0.195515621875 0.33154051562500003 0.215360346875 0.6870205640625 0.2768961 0.7265754765625 0.1587001984375 0.37761971875 0.067106521875 0.2555540796875 0.087447378125 0.2453298875 0.09521419375
0 0.27707825 0 0.25597642187499997 0.0859590203125 0.37804206093750004 0.065618165625 0.7385330359375 0.1589568109375 0.785311753125 0.029435725000000003 0.6902276046875 0 0.27707825 0
0 0.781933021875 0.041342565625 0.7402664031249999 0.166980240625 0.9485998390624999 0.21712238906249998 0.9873389140625 0.13575315625 0.98885881875 0.1096574109375 0.7953907765625 0.043378359374999995 0.781933021875 0.041342565625
0 0.6923658328125 0.27925693749999997 0.9639097953125001 0.33275215937499997 0.9777621015625 0.30018069375 0.9819791046875 0.22777754374999998 0.72830884375 0.1667236296875 0.6923658328125 0.27925693749999997
0 0.6895986125 0.28194281875 0.6491550171875 0.38913858125 0.9183101015625 0.4298544796875 0.9619872578124999 0.33246133125 0.6895986125 0.28194281875
0 0.9202326359375 0.430145309375 0.9698326984375001 0.4363232703125 0.9757158015625 0.3353143140625 0.9658323296875 0.33304298593750004 0.9202326359375 0.430145309375
0 0.8085080078125 0 0.79046785 0.0395291671875 0.9890929171874999 0.105638084375 0.99404275 0.0206527578125 0.8575163578125 0 0.8085080078125 0
0 0 0.47534059375000004 0.15324631718749998 0.4833155390625 0.1781644546875 0.39550260625 0 0.3805689046875 0 0.47534059375000004
0 0 0.37898168593750003 0.1781644546875 0.39550260625 0.196426296875 0.29581705 0.023631199999999998 0.275886790625 0 0.35378924375 0 0.37898168593750003
0 0.2181108734375 0.198201503125 0.054462115624999995 0.167236890625 0.022553346874999998 0.272619253125 0.200271371875 0.29639870468749996 0.2181108734375 0.198201503125
0 0.245096715625 0.08896994687500001 0.0865600546875 0.0541219234375 0.053384260937500004 0.163969353125 0.21895555625 0.19522479375 0.245096715625 0.08896994687500001
0 0.1008048328125 0 0.0854822015625 0.0508543859375 0.2440188625 0.085702409375 0.2544762265625 0.0841798390625 0.27504706093750003 0 0.1008048328125 0