0 0.49147014687499996 0.191090228125 0.5355251265625001 0.312544584375 0.8549581296875 0.2177922515625 0.82450840625 0.08634465 0.49147014687499996 0.191090228125
0 0.6505068625 0.27919411875 0.6933234109375 0.40338330468750005 0.8993492734374999 0.34032709687499996 0.8645119265625001 0.21492300625 0.6505068625 0.27919411875
0 0.258587425 0.255123534375 0.30409328593749996 0.387956640625 0.5179921281250001 0.3166287359375 0.47574168281249996 0.1875437390625 0.258587425 0.255123534375
0 0.10739128125 0.45411990468749996 0.30251869062500003 0.38961097968749997 0.27438713593749997 0.3059065796875 0.0686974359375 0.3700432796875 0.0757568796875 0.3927335765625 0.10739128125 0.45411990468749996
0 0.4250372390625 0.3469083296875 0.467517621875 0.4700170234375 0.6780373328125 0.40797409843750004 0.647357671875 0.28250279843750004 0.4250372390625 0.3469083296875
0 0.2083253703125 0.42262540312499997 0.25834256718750004 0.536381909375 0.4671814578125 0.4689365328125 0.4203134515625 0.3518713484375 0.2083253703125 0.42262540312499997
0 0.25710413593750003 0.539116740625 0.2022569265625 0.4232664609375 0.019568715625 0.480250678125 0.023055653125 0.56582625 0.0371368515625 0.611085703125 0.25710413593750003 0.539116740625
0 0.0374730171875 0.6121661921875 0.05730669687499999 0.6759151265625001 0.086481721875 0.722681228125 0.41086845156249996 0.6169895765625 0.3618597453125 0.5064745421875 0.0374730171875 0.6121661921875
0 0.3710773796875 0.5025248046875 0.41660072968749995 0.615268028125 0.6165581515625 0.5528528796875001 0.5805885984375 0.4372404078125 0.3710773796875 0.5025248046875
0 0.5882316359375 0.43494501249999995 0.6270142171875001 0.5461683140625 0.9346464984375 0.4537785859375 0.8996854375 0.3414075875 0.5882316359375 0.43494501249999995
0 0.7324421531249999 0.5156870953125 0.7660585578125 0.6237361328125 0.9635391156249999 0.5667906421875 0.9346464984375 0.4537785859375 0.7324421531249999 0.5156870953125
0 0.7606624421875 0.6265381703124999 0.7301952296875001 0.5151804531249999 0.6200435046874999 0.5506246906250001 0.6191412390625 0.554440009375 0.5255140218750001 0.5825586234375 0.5648627046875 0.6888861125 0.7606624421875 0.6265381703124999
0 0.510564109375 0.5882299062499999 0.413115375 0.6174962171875 0.3048744109375 0.65236660625 0.3522022953125 0.7574791875 0.5511512234375 0.6918225671875 0.510564109375 0.5882299062499999
0 0.3468061796875 0.7602812265625001 0.303635978125 0.655101434375 0.0960355203125 0.7198119828125 0.1450442234375 0.8303270156250001 0.3468061796875 0.7602812265625001
0 0.1415588703125 0.8325552046875 0.196087403125 0.9272351109375 0.4857442984375 0.8307922546875 0.44291025937499995 0.7266929531249999 0.1415588703125 0.8325552046875
0 0.4585325 0.72318265 0.5003580453125 0.8240404796874999 0.6875062546875 0.7607464640625 0.65275764375 0.662489046875 0.4585325 0.72318265
0 1 0.649070221875 0.9756760015625 0.5655085265625 0.6696183140625 0.656243915625 0.703800821875 0.759397140625 1 0.6715989140625 1 0.649070221875
0 1 0.67158668125 0.8069818359375001 0.72840928125 0.8370066609375 0.8316297171875 1 0.7846872625 1 0.67158668125
0 0.60759051875 0.785928621875 0.6415430859375 0.8950581484375 0.8312743828125001 0.8333512640625 0.7974280375 0.731278528125 0.60759051875 0.785928621875
0 0.6342362125000001 0.8984340359375 0.599381378125 0.7931198296875 0.406164725 0.857054903125 0.4419218296875 0.958553790625 0.6342362125000001 0.8984340359375
0 0.396610928125 0.8599241484375 0.197662 0.9255807703125001 0.23109806093750002 0.9944613468749999 0.331409075 0.99154259375 0.436755653125 0.9553795265625 0.396610928125 0.8599241484375