0 0.32599999999999996 0.132 0.372 0.124 0.384 0.118 0.376 0.002 0.004 0.002 0.026000000000000002 0.142 0.18 0.13999999999999999 0.272 0.136 0.32599999999999996 0.132
0 0.798 0.126 0.798 0.002 0.376 0 0.386 0.12 0.404 0.154 0.646 0.148 0.784 0.144 0.798 0.126
0 1 0.002 0.858 0.002 0.8560000000000001 0.066 0.884 0.08199999999999999 0.9039999999999999 0.074 0.9460000000000001 0.086 0.978 0.1 1 0.1 1 0.002
0 0 0.32599999999999996 0.284 0.312 0.27799999999999997 0.13799999999999998 0.046 0.142 0.012 0.146 0 0.162 0 0.32599999999999996
0 0.658 0.308 0.6639999999999999 0.148 0.41200000000000003 0.156 0.388 0.12 0.37 0.13 0.32599999999999996 0.13 0.288 0.13799999999999998 0.284 0.158 0.29 0.316 0.298 0.322 0.658 0.308
0 1 0.118 0.9800000000000001 0.098 0.9460000000000001 0.08399999999999999 0.9019999999999999 0.074 0.796 0.086 0.798 0.128 0.786 0.13999999999999999 0.6639999999999999 0.148 0.666 0.316 1 0.27999999999999997 1 0.118
0 0 0.48600000000000004 0.29 0.476 0.27999999999999997 0.346 0.282 0.312 0 0.32799999999999996 0 0.32999999999999996 0 0.48600000000000004
0 0.42800000000000005 0.48600000000000004 0.548 0.47800000000000004 0.5780000000000001 0.47800000000000004 0.6519999999999999 0.47800000000000004 0.658 0.462 0.658 0.41200000000000003 0.658 0.344 0.666 0.314 0.658 0.308 0.284 0.322 0.27999999999999997 0.346 0.292 0.48600000000000004 0.384 0.488 0.42800000000000005 0.48600000000000004
0 0 0.646 0.286 0.634 0.302 0.628 0.302 0.616 0.294 0.492 0.29 0.47000000000000003 0.272 0.47800000000000004 0.22000000000000003 0.47800000000000004 0 0.488 0 0.646
0 0.576 0.48 0.55 0.47800000000000004 0.426 0.48600000000000004 0.386 0.484 0.302 0.492 0.312 0.648 0.6639999999999999 0.632 0.662 0.476 0.576 0.48
0 0 0.79 0.292 0.778 0.29 0.634 0 0.648 0 0.79
0 0 0.9259999999999999 0.296 0.916 0.286 0.78 0.23199999999999998 0.782 0 0.792 0 0.9259999999999999
0 0.306 1 0.306 0.908 0.3 0.908 0.292 0.9179999999999999 0 0.9279999999999999 0 1 0.306 1
0 0.644 1 0.6519999999999999 0.906 0.63 0.8560000000000001 0.624 0.89 0.32 0.9119999999999999 0.32 1 0.644 1
0 0.978 1 0.992 0.906 0.9640000000000001 0.8640000000000001 0.692 0.906 0.678 0.8960000000000001 0.666 0.8619999999999999 0.658 0.844 0.636 0.8480000000000001 0.6559999999999999 0.906 0.644 1 0.978 1
0 0.31 0.646 0.312 0.632 0.29 0.634 0.292 0.778 0.632 0.76 0.63 0.632 0.31 0.646
0 0.32 0.9119999999999999 0.626 0.89 0.63 0.762 0.296 0.78 0.302 0.906 0.32 0.9119999999999999
0 1 0.726 0.97 0.6980000000000001 0.9640000000000001 0.712 0.65 0.758 0.646 0.834 0.6559999999999999 0.842 0.6639999999999999 0.86 0.6799999999999999 0.9 0.692 0.906 0.992 0.858 0.998 0.794 1 0.762 1 0.726
0 0.97 0.592 0.6759999999999999 0.622 0.646 0.632 0.642 0.752 0.654 0.756 0.966 0.718 0.97 0.592
0 1 0.442 0.858 0.45999999999999996 0.72 0.47400000000000003 0.6639999999999999 0.48 0.666 0.622 1 0.5860000000000001 1 0.442
0 1 0.282 0.6679999999999999 0.318 0.666 0.47000000000000003 0.674 0.47400000000000003 0.722 0.47400000000000003 0.86 0.458 1 0.442 1 0.282
0 1 0.8560000000000001 0.974 0.868 0.992 0.9039999999999999 0.978 0.994 1 0.994 1 0.8560000000000001