0 0.5345968875 0.8288930828125001 0.5915677828125 0.8069986890624999 0.5412617546875 0.6060978546875 0.4562102390625 0.6294122125 0.4845375609375 0.8200163437500001 0.5569824984375 0.9881201515625 0.5637607578125 0.9879623859375 0.567413775 0.9863767953125 0.5345968875 0.8288930828125001
0 0.4515121578125 0.9114301781249999 0.47906460156249997 0.8235253953124999 0.43698710625 0.8378218015625001 0.4515121578125 0.9114301781249999
0 0.48691102343750003 0.9897510828125 0.5549644125000001 0.988167121875 0.5144042703125 0.88866595625 0.48691102343750003 0.9897510828125
0 0.43698710625 0.8378218015625001 0.3648552484375 0.8538281156249999 0.3693053859375 0.9924883843750001 0.4263939921875 0.9911596328125001 0.44935772187499995 0.9225669625 0.43698710625 0.8378218015625001
0 0.567413775 0.9863767953125 0.6961551359375 0.9701697765624999 0.643513978125 0.7912525718750001 0.5385443671875 0.8283132 0.567413775 0.9863767953125
0 0.6961551359375 0.9701697765624999 0.8358424140625 0.946944653125 0.7623866375 0.776495265625 0.6474614578125 0.7906726875000001 0.6961551359375 0.9701697765624999
0 0.6415402375 0.791542515625 0.7564654187500001 0.777365090625 0.6873185140625 0.5846421296875 0.5969747359375 0.6006186953125 0.6053839609375 0.8049690937499999 0.6415402375 0.791542515625
0 0.8139853531250001 0.6634174890625 0.7046339125000001 0.5793934234375 0.6877667749999999 0.5872813531250001 0.7564654187500001 0.777365090625 0.8562296359375001 0.7572995859375 0.8139853531250001 0.6634174890625
0 0.8318949343750001 0.9475245359375 0.960188034375 0.9286782921875 0.8759670359375 0.7544001625 0.7639121171875 0.773566096875 0.8318949343750001 0.9475245359375
0 0.32652026093750003 0.3184444921875 0.381041334375 0.5322515140624999 0.5775188109375 0.4979788390625 0.5576285375000001 0.27367440625 0.32652026093750003 0.3184444921875
0 0.09361894375 0.3526576734375 0.174246896875 0.565334671875 0.38148959531250004 0.5348907374999999 0.324546521875 0.318734434375 0.09361894375 0.3526576734375
0 0.7678943734375 0.47542283750000003 0.7756364578125 0.2470592140625 0.5620242765625 0.27573374687499996 0.5823628140625 0.50267740625 0.7678943734375 0.47542283750000003
0 0.9780351546875 0.21191671250000002 0.77366271875 0.24734915625 0.7694198515624999 0.47249366875 0.956657584375 0.43146308906249997 0.9780351546875 0.21191671250000002
0 1 0.46541957343749996 0.9311727062499999 0.48389816718749995 0.9054932203125 0.6662054421875 0.9327641890624999 0.6838399390625 1 0.6649929 1 0.46541957343749996
0 1 0.6650197671875 0.9307904484374999 0.68412988125 0.9054932203125 0.6662054421875 0.9009098281249999 0.73450561875 0.9323958421875 0.765046303125 1 0.760269240625 1 0.6650197671875
0 0.1343029703125 0.7470323171875 0.176668896875 0.5676839546875 0.006344590625 0.1362209109375 0.024712221875000003 0.53058130625 0.062351809375 0.752191784375 0.1343029703125 0.7470323171875
0 0.327416784375 0.3237229421875 0.2517336140625 0.0210520765625 0.0026845031250000003 0.0576373671875 0.0060793234375 0.1305254984375 0.09164520312499999 0.352947615625 0.327416784375 0.3237229421875
0 0.41345700625 0 0.250208134375 0.0239812453125 0.32652026093750003 0.3184444921875 0.54381235625 0.27570400156249997 0.5161797499999999 0 0.41345700625 0
0 0.516170259375 0 0.5433640953125 0.273064778125 0.7598465375 0.24937875156249997 0.7676632515625 0 0.516170259375 0
0 0.7683455593749999 0 0.7613720171875 0.246449584375 0.9775868937500001 0.2092774890625 0.9435681546874999 0 0.7683455593749999 0