0 0 0.5757840359374999 0.2147173171875 0.5114720234375 0.0988665546875 0.1426517125 0.15204045 0.0812966625 0 0.11557336562500001 0 0.5757840359374999
0 0.371847253125 0.1003080671875 0.32726265468750004 0.0417937578125 0.1526556859375 0.0839005890625 0.10142870468750001 0.144816715625 0.22794088750000002 0.5414023593749999 0.4473268640625 0.48920034218749997 0.371847253125 0.1003080671875
0 0.37379416718749997 0.09986914531249999 0.4557297546875 0.4900485828125 0.6471425015625 0.44963823437499995 0.6658951921875 0.45089579375 0.6331464703125 0.060597946874999996 0.619518078125 0.0636703953125 0.4868118703125 0.0198360640625 0.43621866562499995 0.017774548437500003 0.3337186296875 0.04308091875 0.37379416718749997 0.09986914531249999
0 0.6491586093749999 0.2325162046875 0.6685585484375001 0.4448101015625 0.6820857375 0.44998835000000004 0.704250234375 0.64794585625 0.944437021875 0.5883117828125 0.9394139296875 0.575731078125 0.9472627765625001 0.30518418125 0.90604196875 0.13072120468749998 0.648721778125 0.057086576562500005 0.6325312359375 0.057994021875 0.63673668125 0.08447219375000001 0.6491586093749999 0.2325162046875
0 0.9474811921875 0.3928989953125 0.9394139296875 0.575731078125 0.9522246765625001 0.586556096875 0.9380290609375 0.8996732390625001 0.9753820187500001 0.8868120171875 0.987366834375 0.4749206265625 0.9718722140624999 0.409341184375 0.9474811921875 0.3928989953125
0 0.715052875 0.9280010093750001 0.7334007437500001 0.9622613546875 0.9321883203124999 0.900990003125 0.933370778125 0.593549234375 0.7068123843749999 0.6501108624999999 0.70097164375 0.651427625 0.707747240625 0.732178903125 0.690123815625 0.744379890625 0.715052875 0.9280010093750001
0 0 0.589517153125 0.1212122828125 0.8534395531250001 0.28946448125 0.801794865625 0.3089336140625 0.7974056546875 0.21072228437499999 0.5206005625000001 0 0.576125865625 0 0.589517153125
0 0.3593610109375 1 0.2978673703125 0.8026431046875 0.1212122828125 0.8534395531250001 0.106041796875 0.8239481375000001 0.09918099999999999 0.8556637609375001 0.1665703328125 1 0.3593610109375 1
0 0.3214407453125 0.8329827625 0.5097773125 0.7795527875 0.454398075 0.49309142968749997 0.22988780156250002 0.5409634390625 0.3214407453125 0.8329827625
0 0.7065167703124999 0.726971053125 0.6807540578125 0.45303119531249997 0.6697890203125 0.45001795156249996 0.46413264375 0.4908968234375 0.5200259093749999 0.788212803125 0.6914554921875 0.74133704375 0.7065167703124999 0.726971053125
0 0.5537352062500001 1 0.5090608703124999 0.7851995578125 0.31754691875 0.833860603125 0.335388759375 0.9093744296875 0.3630442765625 1 0.5537352062500001 1
0 0.55838095 0.985262865625 0.714235228125 0.9418984765625 0.6887921375 0.747422734375 0.515415640625 0.7947374171875 0.55838095 0.985262865625