0 0.33301504375 0.001937425 0.13584163437500002 0.000790303125 0.332098959375 0.0525446078125 0.33301504375 0.001937425
0 0.33398147499999997 0.3231958078125 0.34105109375 0.054114528125000005 0.1284904453125 0.0007475359375 0.050150359374999995 0.00029176562500000003 0.0426494875 0.304619221875 0.33398147499999997 0.3231958078125
0 0.3394754125 0.32848303749999996 0.0429270625 0.3087473890625 0.039117832812499996 0.479213221875 0.051737495312500006 0.6338104640625 0.3340921078125 0.58955449375 0.3394754125 0.32848303749999996
0 0.3282409984375 0.6632538734375 0.325777409375 0.5927376984375 0.052019173437499996 0.63726116875 0.0754947359375 0.9248486781249999 0.324777746875 0.8425837203125001 0.3282409984375 0.6632538734375
0 0.3228275734375 0.8458815062499999 0.0756216484375 0.926403409375 0.07725322968750001 0.9463911140624999 0.322466528125 0.9728686 0.3228275734375 0.8458815062499999
0 0.3510635515625 0.0497667640625 0.551395434375 0.099333046875 0.5532065375 0.006604703125 0.5214919671875 0.0030339515625 0.333220840625 0.001938621875 0.3324876328125 0.043708425 0.3510635515625 0.0497667640625
0 0.34070584375 0.05321665 0.3341576515625 0.316364775 0.5443806578125 0.3354693984375 0.5509756 0.10158138125 0.34070584375 0.05321665
0 0.5407380078124999 0.553046934375 0.5450590578125001 0.337838515625 0.3344834109375 0.31812148281249997 0.338254925 0.3294351765625 0.33461870312499997 0.5779892578125 0.5407380078124999 0.553046934375
0 0.334675675 0.5911889375 0.326581634375 0.59201965 0.3289151359375 0.664553246875 0.32640139218750003 0.83407029375 0.5313187390625 0.7665474031249999 0.535166196875 0.5558759140625 0.33495790312499996 0.5791738171875 0.334675675 0.5911889375
0 0.5228332203125 0.9715461671875 0.5242288578125 0.771503934375 0.325954678125 0.837462925 0.324592 0.97422628125 0.4850807171875 0.9918765890625 0.5228332203125 0.9715461671875
0 0.5226482828125001 0.9950445218749999 0.522426821875 0.97322235 0.4870868265625 0.99209721875 0.5226482828125001 0.9950445218749999
0 0.6699803859375 1 0.6730000984375 0.8911183796875 0.5354277125 0.9666213953125 0.5254731875 0.9529068234375 0.522437046875 0.9571619281249999 0.521190678125 0.995847909375 0.5589443359375 1 0.6699803859375 1
0 0.530600021875 0.7658947328125 0.524242296875 0.7709317875 0.523290159375 0.952093109375 0.5350750765625001 0.9660089859375001 0.6781655109375 0.8899655843750001 0.6806646578125 0.8460711812499999 0.682072578125 0.7705072953125 0.679429971875 0.7111331171875 0.5349392046875 0.7686664546875 0.530600021875 0.7658947328125
0 0.53247073125 0.764379590625 0.5352784046875 0.7698510140625 0.6846088265625 0.709408171875 0.6840697734375001 0.529230103125 0.539680090625 0.551209703125 0.536237553125 0.55714099375 0.53247073125 0.764379590625
0 0.6902948390625 0.34233879375 0.5489214296875 0.3296588921875 0.545099375 0.33612207031249997 0.5411981609375001 0.549082153125 0.6859404812500001 0.5277149609375 0.6902948390625 0.34233879375
0 0.5516271203125 0.10509479375 0.5445284906250001 0.329175765625 0.691446834375 0.3401709828125 0.699122775 0.1540128640625 0.5516271203125 0.10509479375
0 0.553559175 0.0072171125 0.5514491921875 0.0970444515625 0.69921685 0.1500078265625 0.7029325515625 0.023071345312499998 0.553559175 0.0072171125
0 0.7036781484375 0.0225797171875 0.699270609375 0.14771923125 0.814766409375 0.18393997812500001 0.8189928046875 0.0352618484375 0.7036781484375 0.0225797171875
0 0.70610340625 0.3412092625 0.7070774703125 0.330991109375 0.81095985 0.330369775 0.8143600125000001 0.185616165625 0.6988373343750001 0.15053971093750002 0.6925853875 0.33857531875 0.70610340625 0.3412092625
0 1 0.35058629375 0.8205450828125 0.3285558109375 0.707443546875 0.33103136875 0.6983704890625 0.5141677 0.97432251875 0.5944220109375 1 0.591752403125 1 0.35058629375
0 1 0.15762421875 0.826910975 0.1669195640625 0.821290678125 0.3280641828125 1 0.3475535171875 1 0.15762421875
0 0.8144406500000001 0.182183271875 0.8254095578125 0.18396324375 0.8272636140625 0.16753197343749998 0.9081502578125 0.1615134734375 0.9106096656249999 0.0568102671875 0.889279834375 0.042991909375 0.81969808125 0.03648666875 0.8144406500000001 0.182183271875
0 0.9802784828125001 0.0908591671875 0.911301503125 0.058607234375 0.9074181015624999 0.16143295156249998 0.9801703859374999 0.1579616046875 0.9802784828125001 0.0908591671875
0 1 0.09945011718749999 0.9813901578124999 0.0904078015625 0.980197265625 0.15681730625 1 0.1556031265625 1 0.09945011718749999
0 1 0.5923671078125 0.9741671625 0.5954535015625 0.699624921875 0.5159387062499999 0.69424100625 0.69658660625 0.968431265625 0.839645253125 1 0.8196649125000001 1 0.5923671078125
0 1 1 1 0.8202454296875 0.9680381171875 0.8401962453125 0.6933294125 0.7030228765625 0.687145278125 0.88536545625 0.8591004609375 1 1 1
0 0.8575463875 1 0.6874270499999999 0.88955605 0.6840989093750001 1 0.8575463875 1