0 0.072 0.6746666671875 0.032 0.704 0.036 0.8186666671875 0.098 0.8 0.092 0.6746666671875 0.072 0.6746666671875
0 0.152 0.6426666671875 0.094 0.6746666671875 0.098 0.8 0.162 0.7866666671875 0.152 0.6426666671875
0 0.22400000000000003 0.6053333328125 0.158 0.64 0.16 0.7866666671875 0.244 0.776 0.22400000000000003 0.6053333328125
0 0.34199999999999997 0.544 0.22400000000000003 0.6 0.244 0.784 0.376 0.7573333328125 0.34199999999999997 0.544
0 0.588 0.40533333281250006 0.558 0.4 0.34199999999999997 0.536 0.38 0.768 0.6559999999999999 0.7013333328125 0.588 0.40533333281250006
0 0.286 0.5333333328125 0.338275515625 0.5384963468749999 0.558 0.4026666671875 0.602 0.384 0.506 0.376 0.454 0.09066666718750001 0.256 0.31466666718749997 0.286 0.5333333328125
0 0.16999999999999998 0.4373333328125 0.188 0.6026666671875 0.21800000000000003 0.608 0.33799999999999997 0.544 0.29 0.5333333328125 0.26 0.3413333328125 0.16999999999999998 0.4373333328125
0 0.998 0.6346666671875 1 0.14666666718750002 0.5599999999999999 0.4 0.588 0.40800000000000003 0.658 0.7013333328125 0.998 0.6346666671875
0 0.658 0.7013333328125 0.714 1 1 0.9946666671875001 0.9960000000000001 0.6346666671875 0.658 0.7013333328125
0 0.662 0.696 0.38 0.7653333328125 0.41 0.9946666671875001 0.716 0.9973333328124999 0.662 0.696
0 0.41 0.9973333328124999 0.376 0.76 0.242 0.784 0.23399999999999999 0.8 0.258 0.9973333328124999 0.41 0.9973333328124999
0 0.254 0.9573333328125001 0.23199999999999998 0.8053333328125 0.244 0.7786666671875 0.162 0.792 0.156 0.8053333328125 0.16399999999999998 0.9573333328125001 0.254 0.9573333328125001
0 0.158 0.7866666671875 0.076 0.8133333328125 0.08199999999999999 0.9333333328125001 0.16399999999999998 0.9573333328125001 0.158 0.7866666671875
0 0.076 0.8133333328125 0.05 0.8213333328125 0.054000000000000006 0.9253333328125001 0.08199999999999999 0.9333333328125001 0.076 0.8133333328125
0 0.9960000000000001 0.0026666671875 0.518 0.0026666671875 0.45199999999999996 0.0773333328125 0.504 0.37333333281250003 0.604 0.384 0.998 0.1493333328125 0.9960000000000001 0.0026666671875
0 0.16799999999999998 0.4613333328125 0.124 0.5013333328125 0.13999999999999999 0.6426666671875 0.21800000000000003 0.6106666671875 0.188 0.5973333328125 0.16799999999999998 0.4613333328125
0 0.262 0.3386666671875 0.182 0.3306666671875 0.126 0.45599999999999996 0.128 0.49866666718749997 0.16999999999999998 0.4613333328125 0.16799999999999998 0.4373333328125 0.262 0.3386666671875
0 0.144 0.6426666671875 0.128 0.5066666671875 0.068 0.5546666671875 0.068 0.6799999999999999 0.092 0.6719999999999999 0.144 0.6426666671875
0 0.068 0.6746666671875 0.068 0.5573333328125 0.038 0.5946666671874999 0.044 0.6933333328125 0.068 0.6746666671875