0 0.1231506625 0.4873665890625 0.295650640625 0.43293177031249996 0.409055190625 0.3980470453125 0.3745283765625 0.3147159046875 0.3408314125 0.246902459375 0.3210033359375 0.22936875781250002 0.0165489171875 0.3157721609375 0.025131906250000002 0.4795453515625 0.046912721875 0.5107656265625 0.1231506625 0.4873665890625
0 0.3478883671875 0.2563108015625 0.39411143125 0.3637126625 0.41049598437499996 0.3961531484375 0.4232671078125 0.40427850625 0.7663133375 0.30212914375 0.7649215500000001 0.2977304328125 0.7439238203125 0.1862352203125 0.7323745828125 0.1432866671875 0.6644644890625 0.1349782421875 0.3328956046875 0.22826903125000003 0.3478883671875 0.2563108015625
0 0.7371118890624999 0.1453638234375 0.7653854796874999 0.2991966703125 0.7970568234375001 0.32192325781250003 0.959935175 0.282211965625 0.8959128843749999 0.07987116875 0.8593572203125 0.07394526093750001 0.6826328687500001 0.12147654999999999 0.6782614828125 0.1334508578125 0.7371118890624999 0.1453638234375
0 0.44612055625 0.52163866875 0.431640728125 0.4887705234375 0.40273007656250004 0.41674162187499997 0.40236415625 0.4026901625 0.19985253281249998 0.46543378906250005 0.05118609843750001 0.5113765421875 0.133915821875 0.630996921875 0.44612055625 0.52163866875
0 0.43256858749999993 0.4917029984375 0.4649227671875 0.5488251187500001 0.64592049375 0.501904746875 0.603702896875 0.36847711875 0.5947902218750001 0.35320382499999997 0.42089845625000005 0.4032399296875 0.409055190625 0.3980470453125 0.40236415625 0.4026901625 0.4070034515625 0.41735253906249997 0.43256858749999993 0.4917029984375
0 0.6278762421875 0.438428865625 0.649729940625 0.5010494249999999 0.83170453125 0.45076891406249997 0.8134413734375 0.354363740625 0.8065804406250001 0.3197849546875 0.7956160296875 0.3238171546875 0.7724914375 0.30231240000000004 0.59762280625 0.35570864062499996 0.6051436906250001 0.3665832203125 0.6278762421875 0.438428865625
0 1 0.4088358125 0.9603991031250001 0.2836782015625 0.8127585390625001 0.319968209375 0.81173266875 0.32962095625 0.835513978125 0.44991359375 0.8430838671875 0.4544955625 1 0.41771910625 1 0.4088358125
0 0.1785020734375 0.765463125 0.35141697656250004 0.71878715625 0.28810040625 0.60894163125 0.2902501546875 0.5770509140625 0.133915821875 0.630996921875 0.11836112031249998 0.614074134375 0.10185244062500001 0.658611225 0.1785020734375 0.765463125
0 0.3590358703125 0.7170765140625 0.5281413265625 0.6712558671875 0.480990403125 0.56092153125 0.47537424218749996 0.549619290625 0.46394590312500006 0.5521852546875 0.4446797625 0.5235325671875 0.2902501546875 0.5770509140625 0.28856433593749997 0.6104078687500001 0.3590358703125 0.7170765140625
0 0.6634289234375 0.512107259375 0.6616222109375001 0.4999496984375 0.4768150359375 0.5477253921874999 0.4819672671875 0.557561396875 0.5319507734375 0.6704005453125 0.7024970234375 0.6226860000000001 0.6634289234375 0.512107259375
0 0.668679165625 0.509358040625 0.7057935359374999 0.626657053125 0.8815900265625001 0.5761932875 0.85827265 0.4573668875 0.844988590625 0.4540679015625 0.8374187015624999 0.44948593125 0.6654316578125 0.49909437656250005 0.668679165625 0.509358040625
0 1 0.4209125921875 0.8616181671875 0.4550453296875 0.8839586796875001 0.5772318656250001 1 0.5476887359375 1 0.4209125921875
0 0.1657799515625 0.751045153125 0.1603826984375 0.7726722078125 0.22575100468749998 0.8632122390625 0.3877014984375 0.8205684718749999 0.3371070484375 0.7251409171875001 0.17994286718750002 0.7635692265625 0.1657799515625 0.751045153125
0 0.5572218796875 0.782506675 0.5080682234375 0.6851852203125001 0.5085811578125 0.680358846875 0.3575950765625 0.7189704124999999 0.34091649375 0.7242855953125 0.34277221406249997 0.7301505453125 0.392902734375 0.8241118625 0.5572218796875 0.782506675
0 0.69421818125 0.64810085 0.6848415796875 0.6313613203124999 0.5157361218750001 0.6771819671875 0.5156871171875 0.683474578125 0.5610313265625 0.781651353125 0.7244226125 0.7371136859375 0.69421818125 0.64810085
0 0.8344816453125 0.70455051875 0.88734996875 0.691109784375 0.8667671640625001 0.587373421875 0.86583930625 0.584440946875 0.692460471875 0.629650678125 0.6947801218749999 0.6369818656249999 0.7273042000000001 0.7333258890625001 0.8344816453125 0.70455051875
0 1 0.5507593921875 0.871553475 0.5831579640625 0.8906954875 0.6887882265624999 1 0.6611485109374999 1 0.5507593921875
0 0.4273805421875 0.913735615625 0.4340715765625 0.9090924984375001 0.4306051625 0.865899540625 0.406235796875 0.8211182375 0.39336666249999996 0.8255781015625001 0.3862607046875 0.8224623703124999 0.227655728125 0.8627845781250001 0.3776649453125 0.8275331484375 0.4273805421875 0.913735615625
0 0.42842361562500003 1 0.424547959375 0.9112308015625 0.3781288765625 0.8289993859375 0.2966897 0.8488550328125 0.215714453125 0.8701769140625 0.18777707187499998 1 0.42842361562500003 1
0 0.5572218796875 0.782506675 0.4081405203125 0.8206905765625001 0.45646432812500004 0.9024943328124999 0.6050817562499999 0.862844190625 0.5667454968750001 0.7803683703125001 0.5572218796875 0.782506675
0 0.7196363015625 0.7413291453124999 0.5710188734375 0.7809792859375 0.6069864796875 0.8624165296875 0.7608051437500001 0.8263097796875 0.7306007140624999 0.7372969421875 0.7196363015625 0.7413291453124999
0 0.9194101203124999 0.785987571875 0.8963606531250001 0.69379785625 0.8939920000000001 0.692759278125 0.7330183703125 0.7320429078124999 0.73863453125 0.7433451484375 0.7385855265625 0.7496377609375 0.7627098671875 0.8258821171875 0.9194101203124999 0.785987571875
0 1 0.6618237609375 0.900683034375 0.688116159375 0.8973375171875 0.6904377187499999 0.92089991875 0.7778010609375 1 0.7631849328125 1 0.6618237609375