0 0.027392526562500002 0 0.001319590625 0.0016708296875 0 0.028860765625 0 0.1795095921875 0.4533028640625 0.154747278125 0.45715471875 0 0.027392526562500002 0
0 0.4792989421875 0 0.44924378125000003 0.07698988749999999 0.45325859687500003 0.15583369062500002 0.5126788875 0.152025865625 0.9909746765625 0.10845904843750001 0.99539404375 0 0.4792989421875 0
0 0 0.4032501203125 0.4564861578125 0.3604228171875 0.4576949578125 0.15338224375 0 0.1816431796875 0 0.4032501203125
0 0.4469167140625 0.3469495609375 0.516880340625 0.3327139 0.983216275 0.2988638453125 0.9909746765625 0.10845904843750001 0.5156217046875 0.1507537046875 0.45654399218749997 0.1816289890625 0.4469167140625 0.3469495609375
0 0 0.5990604515625 0.4773706296875 0.5573789796875 0.4822189703125 0.3674423953125 0 0.400458615625 0 0.5990604515625
0 0.4630358140625 0.3415822953125 0.4505562515625 0.364053553125 0.48366824375000006 0.367349521875 0.481818559375 0.519168765625 0.975457540625 0.4658634109375 0.9791106468749999 0.3052599875 0.5138932546875 0.335072471875 0.4630358140625 0.3415822953125
0 0 0.787167134375 0.4320311125 0.7477431984375 0.4593248734375 0.6809795484375 0.43543017968750003 0.557899490625 0 0.5961611109375 0 0.787167134375
0 0.487615659375 0.5187972703125 0.483298534375 0.69569689375 0.9683303999999999 0.6407759546875 0.975457540625 0.4658634109375 0.487615659375 0.5187972703125
0 0 0.9883776953125001 0.45586997343749996 0.9076684359374999 0.4423088453125 0.74383384375 0 0.785349665625 0 0.9883776953125001
0 0.48474780781250004 0.6956040203125 0.4621655890625 0.859587628125 0.9625068421874999 0.807109721875 0.969165628125 0.64369143125 0.48474780781250004 0.6956040203125
0 0.45614714687499996 0.8653911890625 0.45936513906250004 0.96379043125 0.9574363921875 0.9315475031249999 0.9623846625000001 0.8101082234374999 0.45614714687499996 0.8653911890625
0 0 0.9933567703125 0.459276603125 0.965963259375 0.45727497812499995 0.908661975 0 0.9899278562499999 0 0.9933567703125