0 0.8076788578125 0.5254710234375 0.7961522265625 0.2558664828125 0.7879452546875 0.2535748671875 0.7026854015625 0.2629037578125 0.638890078125 0.2658814296875 0.6474928796875 0.5249237265625 0.8076788578125 0.5254710234375
0 0.7156109921875 0.2275296296875 0.671322140625 0.0182972078125 0.48013498906249996 0.07536515625 0.5251215124999999 0.2925890484375 0.7170063328125 0.24351257343750002 0.7156109921875 0.2275296296875
0 0.3114401953125 0.3212854546875 0.5117308078125 0.3226355296875 0.49754483125000004 0.1601422640625 0.48422160625000005 0.09924651875 0.3927483859375 0.106190746875 0.310778071875 0.1073420625 0.29353330781250003 0.11617100312499999 0.3114401953125 0.3212854546875
0 0.623140065625 0.3147607828125 0.5117308078125 0.3226355296875 0.4260058421875 0.3266367765625 0.452352259375 0.5367066671875 0.6457318328125 0.527680603125 0.623140065625 0.3147607828125
0 0.2157472109375 0.325751959375 0.2365779296875 0.54142865625 0.43195110625 0.5323095390625 0.4220186359375 0.32682288125 0.2157472109375 0.325751959375
0 0.7638195734375001 0.5275181718749999 0.6459643890625 0.5303444265625 0.57396209375 0.5310304828125 0.59140386875 0.7308172859375001 0.7827898375 0.7218842750000001 0.7638195734375001 0.5275181718749999
0 0.5542586125 0.534624828125 0.4463714484375 0.5369858234375 0.3606464828125 0.5409870671875 0.3847667390625 0.7484861875 0.5732288750000001 0.72899093125 0.5542586125 0.534624828125
0 0.17407853906249998 0.5363218015625 0.157531446875 0.553142215625 0.18188426093750001 0.7633051578125001 0.36459814375 0.746752884375 0.3776231421875 0.7354462234375 0.3561941609375 0.5358455234374999 0.2365779296875 0.54142865625 0.2341192125 0.536194059375 0.17407853906249998 0.5363218015625
0 0.5732288750000001 0.72899093125 0.539802725 0.735900465625 0.5577096125 0.9410149171875 0.8341228765625001 0.9200891906249999 0.8131590078125001 0.725816140625 0.8060154109375001 0.712776175 0.78408576875 0.7137997515625 0.7827898375 0.7218842750000001 0.59140386875 0.7308172859375001 0.5732288750000001 0.72899093125
0 0.3511080296875 0.7527318968750001 0.372071896875 0.9470049484375 0.5572444984375 0.93568726875 0.539802725 0.735900465625 0.3511080296875 0.7527318968750001
0 0.1796225515625 0.9666863078124999 0.37031084999999997 0.9497618250000001 0.34688826562499997 0.750254178125 0.18188426093750001 0.7633051578125001 0.17849531406250002 0.7474152671875001 0.1605528796875 0.7482527359375 0.1796225515625 0.9666863078124999
0 0.10353363906249999 0.9434909984375001 0.1775295390625 0.9427118921875 0.15832671874999998 0.7456819640625 0.10227325312499999 0.745623603125 0.09689070625 0.7298267625 0.0853941953125 0.7357127234374999 0.08948081249999999 0.7595940875 0.10353363906249999 0.9434909984375001