0 0 0.47148632187499995 0.14368832812500001 0.4680877375 0.127901309375 0.072669525 0 0.080067159375 0 0.47148632187499995
0 0.392241840625 0.0539660015625 0.127876065625 0.0683336015625 0.1436757046875 0.46591977343749996 0.4065938328125 0.46025016562500004 0.392241840625 0.0539660015625
0 0.67388678125 0.0479697734375 0.40644897343749997 0.0493818453125 0.40877793437500004 0.44937115 0.6724893140625 0.45127634375000003 0.67388678125 0.0479697734375
0 0.9428416703125 0.0497835140625 0.67462954375 0.0468727265625 0.6732446984375 0.45234725937500003 0.9376546609374999 0.44556753281250006 0.9428416703125 0.0497835140625
0 0 0.84219894375 0.396830340625 0.8420208 0.3885908453125 0.45622778124999996 0 0.46705134062500003 0 0.84219894375
0 0.3960497078125 0.8366139578125 0.947367053125 0.8269984984375001 0.963781928125 0.44504680468749996 0.40952069687500003 0.448274103125 0.406625390625 0.465670071875 0.38860978125 0.459479728125 0.3960497078125 0.8366139578125
0 0 1 0.130400121875 1 0.1204036640625 0.8435896546875 0 0.8424968015625 0 1
0 0.389133384375 1 0.384851490625 0.8433138140625 0.123425196875 0.8478733187499999 0.13154505625 1 0.389133384375 1
0 0.6567560421875 1 0.653730640625 0.8321197765624999 0.3885589875 0.8367446031249999 0.3868078828125 1 0.6567560421875 1
0 0.9011362500000001 1 0.9129223375000001 0.8297674328125 0.655946303125 0.8266606703124999 0.65415411875 1 0.9011362500000001 1
0 0.9392755312500001 1 0.9512125421875 0.813725515625 0.94960795625 0.8258753234375 0.927922725 0.8327580828125001 0.9197986625000001 1 0.9392755312500001 1
0 0.9479583328125001 0.7998858875 0.952139690625 0.7992575625 0.96470285625 0.6032120890625 0.963741725 0.438141840625 0.9479583328125001 0.7998858875