0 1 0 0.66958848125 0 0.667899065625 0.0018012984375 0.647731359375 0.2848610609375 0.6538757234375 0.28868900625 0.8001268140625 0.2884406765625 1 0.289957659375 1 0
0 0.6543331859375 0.072313396875 0.6601725453125 0.0100395125 0.6180706328125 0.0092610734375 0.25407272187499996 0.027864671875000004 0.2482079375 0.0320420125 0.24704515 0.0561160984375 0.24193016093750003 0.1964997390625 0.24139642656250002 0.2385857140625 0.237139221875 0.2887934390625 0.6400048390624999 0.293099275 0.6395155765625 0.279090028125 0.64060846875 0.2530146203125 0.6453549359374999 0.21681614374999997 0.64258456875 0.19485984375 0.645469303125 0.16272224062500001 0.6479346671874999 0.11857671249999999 0.6543331859375 0.072313396875
0 0.2516959484375 0 0.2501395671875 0.029982457812500002 0.252071196875 0.0279229046875 0.6180706328125 0.0092610734375 0.6621740703125 0.00998128125 0.6679689609375 0.0038026203125 0.668546071875 0 0.2516959484375 0
0 0.2290632296875 0.287025046875 0.23706932812499998 0.28679211875 0.24139642656250002 0.2385857140625 0.24193016093750003 0.1964997390625 0.24704515 0.0561160984375 0.2074784953125 0.0131934515625 0.0695130828125 0.0212141359375 0.0095372359375 0.02496243125 0.0182041890625 0.27312625 0.2025541453125 0.2737728234375 0.22263928593750001 0.27519181875 0.22499028437500002 0.2851401921875 0.2290632296875 0.287025046875
0 0.008665440625 0 0.0095372359375 0.02496243125 0.2074784953125 0.0131934515625 0.24704515 0.0561160984375 0.2482079375 0.0320420125 0.2501395671875 0.029982457812500002 0.2516959484375 0 0.008665440625 0
0 1 0.289904425 0.7961237640625 0.2885571421875 0.7737448484375 0.5656711734375001 0.7798892125 0.5694991203125 1 0.5824232640625 1 0.289904425
0 0.48767928125 0.2915209828125 0.47675035625 0.5522750515625 0.48096308906249996 0.55816255 0.7698815890625 0.56979028125 0.7737448484375 0.5656711734375001 0.7941222390625 0.288615375 0.6538757234375 0.28868900625 0.6400048390624999 0.293099275 0.48767928125 0.2915209828125
0 0.213641990625 0.533886334375 0.217714934375 0.535771190625 0.4728870953125 0.556394159375 0.47675035625 0.5522750515625 0.48767928125 0.2915209828125 0.237139221875 0.2887934390625 0.2229887609375 0.2851984234375 0.213641990625 0.533886334375
0 0.2150843578125 0.5178175328125 0.22270918125 0.277193140625 0.21263166249999998 0.27548298125000004 0.0182041890625 0.27312625 0.0259752125 0.495636584375 0.026795967187500002 0.5112975078125 0.2011435796875 0.52022648125 0.2150843578125 0.5178175328125
0 1 0.5827264109375 0.773954534375 0.5716751375 0.6314968078125001 0.5658030390625 0.614537884375 0.7686352609375 0.6173082515625 0.7905915609374999 0.6244311421875001 0.8224380015625 0.6385816046875 0.826033015625 1 0.864124828125 1 0.5827264109375
0 1 0.8624972156249999 0.7693097625 0.8402597921874999 0.7581642484375 0.9671288640625001 1 0.9558651828125001 1 0.8624972156249999
0 0.7492246203125 0.8388407984375 0.46153880156250005 0.8051403015625 0.46381990625 0.813087353125 0.4596135484375 0.9794881671875 0.5480443546875 0.9769153562499999 0.73608615 0.96815716875 0.7455710453125 0.84896386875 0.7492246203125 0.8388407984375
0 0.21020447656250002 0.72230168125 0.210020215625 0.7743942625 0.578186390625 0.8177733843749999 0.58030228125 0.76362125 0.5855125890624999 0.683335475 0.5911422640625 0.615057628125 0.593537734375 0.568910778125 0.5913964203125001 0.5649663687500001 0.2217179828125 0.535654725 0.21585320000000002 0.539832065625 0.21222504843749998 0.6080516796875 0.21278420781250001 0.6240622499999999 0.2078979484375 0.656258084375 0.21301931562499998 0.68816275625 0.21020447656250002 0.72230168125
0 0.44560287499999995 0.9798957953125 0.459607171875 0.8071998546874999 0.2080885859375 0.776453815625 0.197413815625 0.987116625 0.44560287499999995 0.9798957953125
0 0.20932126874999998 0.7543810515625 0.1893759171875 0.756964696875 0.038777531250000004 0.7399193828125 0.050465181250000005 0.962933028125 0.197413815625 0.987116625 0.20932126874999998 0.7543810515625
0 0.2093911625 0.7563823734375 0.21301931562499998 0.68816275625 0.20596631875 0.6583176374999999 0.2122949421875 0.6100530015625 0.2131082578125 0.5759723109375 0.21308283281249998 0.517875765625 0.20321499843750002 0.5221695703125 0.02690093125 0.51330034375 0.038674879687500004 0.7379606765625 0.1913774421875 0.756906465625 0.2093911625 0.7563823734375