0 0.0346789625 0.16624079375 0.0049142296875 0.282526640625 0.16353658437500002 0.3078222015625 0.199836353125 0.19780870781249998 0.0346789625 0.16624079375
0 0.20178618906249998 0.1980525953125 0.17196809062500001 0.306149346875 0.34745345781250003 0.3280992 0.37463619531250003 0.21421786874999998 0.20178618906249998 0.1980525953125
0 0.3772715578125 0.220002446875 0.348771140625 0.3309914890625 0.5287883375 0.350780715625 0.5566032328125 0.2342509796875 0.3772715578125 0.220002446875
0 0.5611350640625 0.2320903515625 0.5333201703125 0.3486200859375 0.717922565625 0.37443777968749997 0.747055140625 0.260800334375 0.5611350640625 0.2320903515625
0 0.7483194546874999 0.255503528125 0.721768875 0.36673645781249997 0.9115352609375 0.38774511718750004 0.9335540109375 0.27867281875 0.7483194546874999 0.255503528125
0 0.717922565625 0.37443777968749997 0.6913719859375 0.4856707078125 0.860429053125 0.5177263984375 0.8663852984375 0.534836253125 0.8772920640624999 0.514380690625 0.9070034281250001 0.389905746875 0.717922565625 0.37443777968749997
0 0.860375684375 0.509537303125 0.6900543046875 0.4827784171875 0.6758266546875 0.49190870625 0.66191920625 0.5501735734375 0.7138792921875 0.5512178359375 0.7822303374999999 0.5761320828125001 0.7831826984375 0.6226182578125 0.8377781453124999 0.6294471015624999 0.8644354609375 0.534592365625 0.860375684375 0.509537303125
0 0.7381312203125 0.6851700265625 0.834305409375 0.6944721 0.8443131828125001 0.6357194578125 0.8397279843750001 0.6296909890625 0.779968546875 0.6276711781250001 0.7381312203125 0.6851700265625
0 0.90839923125 0.703739815625 0.634211046875 0.6830815015625 0.608452725 0.8162333171875 0.8711019859375 0.859995596875 0.90839923125 0.703739815625
0 0 0.397947584375 0.137671528125 0.4245958234375 0.1434676734375 0.4171383890625 0.1726536140625 0.311690040625 0.166804103125 0.310958378125 0.0049142296875 0.282526640625 0 0.303114671875 0 0.397947584375
0 0.34882450625 0.3391805859375 0.343553784375 0.3276114265625 0.175235609375 0.3092855234375 0.146735190625 0.42027456562500004 0.3241703953125 0.44246830625 0.34882450625 0.3391805859375
0 0.5314236984375 0.3565652953125 0.5300526515625 0.3454839078125 0.3565704890625 0.33196703906249997 0.326752390625 0.4400637921875 0.5074551125 0.46539370937499996 0.5314236984375 0.3565652953125
0 0.6952182921875 0.47796938593749994 0.719872403125 0.374681665625 0.53463785 0.3515123765625 0.5061907984375 0.470690515625 0.6790408046875 0.48685578749999997 0.6952182921875 0.47796938593749994
0 0.6294574953125001 0.551568184375 0.6606015265625 0.547281284375 0.6745089734375 0.489016415625 0.49839145 0.469714965625 0.4839052125 0.5388173328125 0.498925121875 0.55160593125 0.4919714 0.580738365625 0.5810317640625 0.59460558125 0.5970491499999999 0.5611518906249999 0.6294574953125001 0.551568184375
0 0.45740800000000004 0.658239359375 0.636160884375 0.6833253906250001 0.591154521875 0.6531486937500001 0.5803996062500001 0.5972539828125 0.49523891718749996 0.5838745421875 0.46114757187500005 0.63415984375 0.45740800000000004 0.658239359375
0 0.32222055781250003 0.44222441874999996 0.2911915140625 0.5638070734375 0.3054725328125 0.56286588125 0.324597334375 0.507981078125 0.4793200140625 0.5327888656249999 0.5003412859374999 0.4699588546875 0.32222055781250003 0.44222441874999996
0 0.28860951875 0.5662115890625 0.2715412890625 0.6377184734375 0.31180235 0.6372994109375 0.30615805625000003 0.568406575 0.28860951875 0.5662115890625
0 0.5889543515625 0.8137944453125 0.5986501703125 0.8068247843749999 0.6258862765625001 0.7011325484375 0.6231441796875 0.6789697765625 0.23707637187500002 0.6306800984375001 0.20093670624999999 0.7652608812499999 0.5889543515625 0.8137944453125
0 0.272120078125 0.626880971875 0.2879239953125 0.5606708953124999 0.2711677171875 0.5803947968750001 0.2311734921875 0.6217593406249999 0.272120078125 0.626880971875
0 0.2879239953125 0.5606708953124999 0.32222055781250003 0.44222441874999996 0.141517834375 0.41689450156249996 0.11986440625000001 0.48237291562499995 0.24275753125000002 0.5059269093750001 0.28317869375 0.5300751390625 0.2879239953125 0.5606708953124999
0 0 0.5952973328125 0.07977169687499999 0.6082768265625 0.088621890625 0.571199184375 0.0916225734375 0.5333898796875001 0 0.52016615625 0 0.5952973328125
0 0 0.51745345 0.0883550546875 0.530253703125 0.0972586140625 0.50136515625 0.11665025468750001 0.4874258359375 0.138935840625 0.41929901718749996 0 0.3995413234375 0 0.51745345
0 0 0.7383407765625 0.19118751875 0.7640414437499999 0.200144446875 0.7433419953125 0.227959340625 0.6268122578125 0 0.596196578125 0 0.7383407765625