0 0.262 0.0826666671875 0.046 0.0933333328125 0.064 0.2826666671875 0.27999999999999997 0.2826666671875 0.282 0.27999999999999997 0.262 0.0826666671875
0 0.5519999999999999 0.2506666671875 0.55 0.1253333328125 0.544 0.0666666671875 0.534 0.016 0.526 0 0.48 0.0053333328125 0.256 0.05600000000000001 0.262 0.0826666671875 0.286 0.2826666671875 0.304 0.2853333328125 0.5519999999999999 0.2506666671875
0 0.186 0.2826666671875 0.064 0.2826666671875 0.062 0.272 0.03 0.2746666671875 0.002 0.27999999999999997 0.002 0.4613333328125 0.196 0.46399999999999997 0.186 0.2826666671875
0 0.196 0.46666666718750005 0 0.45866666718750004 0.002 0.584 0.01 0.6266666671875 0.202 0.6373333328124999 0.196 0.46666666718750005
0 0.20600000000000002 0.8 0.21600000000000003 0.784 0.21000000000000002 0.6426666671875 0.202 0.6373333328124999 0.01 0.6293333328124999 0.002 0.584 0 0.6746666671875 0.012 0.784 0.20600000000000002 0.8
0 0.21800000000000003 0.784 0.20800000000000002 0.8 0.014000000000000002 0.7866666671875 0.03 0.9253333328125001 0.21400000000000002 0.944 0.22599999999999998 0.9199999999999999 0.21800000000000003 0.784
0 0.42800000000000005 0.472 0.43 0.2693333328125 0.304 0.2853333328125 0.284 0.2826666671875 0.188 0.2826666671875 0.196 0.46666666718750005 0.41600000000000004 0.47466666718750006 0.42800000000000005 0.472
0 0.43 0.6293333328124999 0.42800000000000005 0.472 0.41600000000000004 0.4773333328125 0.196 0.4693333328125 0.20400000000000001 0.6373333328124999 0.41600000000000004 0.6559999999999999 0.43 0.6293333328124999
0 0.42800000000000005 0.8106666671875 0.43200000000000005 0.6293333328124999 0.41600000000000004 0.6559999999999999 0.20800000000000002 0.64 0.21600000000000003 0.784 0.22200000000000003 0.8 0.42800000000000005 0.8106666671875
0 0.42800000000000005 0.9706666671875 0.42800000000000005 0.8106666671875 0.22200000000000003 0.8 0.22599999999999998 0.9199999999999999 0.22799999999999998 0.952 0.42800000000000005 0.9706666671875
0 0.666 0.264 0.43 0.2693333328125 0.43 0.45599999999999996 0.662 0.46666666718750005 0.666 0.264
0 0.6559999999999999 0.6586666671875 0.6639999999999999 0.46666666718750005 0.43200000000000005 0.45599999999999996 0.43 0.6506666671875 0.65 0.6639999999999999 0.6559999999999999 0.6586666671875
0 0.658 0.6559999999999999 0.6519999999999999 0.6639999999999999 0.43 0.6506666671875 0.42800000000000005 0.8133333328125 0.6559999999999999 0.8346666671875 0.658 0.6559999999999999
0 0.634 0.9946666671875001 0.644 0.9866666671875001 0.6559999999999999 0.8373333328125 0.42800000000000005 0.8133333328125 0.42800000000000005 0.968 0.42800000000000005 0.9813333328124999 0.634 0.9946666671875001
0 0.834 0.2613333328125 0.8480000000000001 0.013333332812500001 0.562 0.016 0.5519999999999999 0.1226666671875 0.5519999999999999 0.2506666671875 0.564 0.2613333328125 0.834 0.2613333328125
0 0.9279999999999999 0.25866666718750003 0.6679999999999999 0.2666666671875 0.6639999999999999 0.45866666718750004 0.914 0.46666666718750005 0.9279999999999999 0.25866666718750003
0 0.9039999999999999 0.6639999999999999 0.9279999999999999 0.46666666718750005 0.6639999999999999 0.4613333328125 0.658 0.6186666671875 0.67 0.6506666671875 0.9039999999999999 0.6639999999999999
0 0.906 0.6666666671875 0.67 0.6533333328125 0.658 0.6186666671875 0.6559999999999999 0.8373333328125 0.8859999999999999 0.8586666671875 0.906 0.6666666671875
0 0.86 0.9973333328124999 0.8779999999999999 0.8586666671875 0.6559999999999999 0.8373333328125 0.644 0.9893333328124999 0.696 0.9973333328124999 0.86 0.9973333328124999
0 0.924 0.38133333281250004 0.9359999999999999 0.4106666671875 0.944 0.42133333281249996 0.994 0.4106666671875 1 0.36 0.998 0.23733333281250002 0.8939999999999999 0.24 0.8939999999999999 0.256 0.93 0.25866666718750003 0.924 0.38133333281250004