0 0.29562815 0.45454545468749996 0.28425158437500003 0.0032467546875 0.0039005359375 0.0054112546875 0.0039005359375 0.44805195 0.29562815 0.45454545468749996
0 0.28587680937500004 0.0064935046875 0.29400292499999997 0.4534632046875 0.603607996875 0.46969696875 0.6312367953125 0.0032467546875 0.28587680937500004 0.0064935046875
0 0.6328620171875 0.00108225 0.60523321875 0.47510822656249996 0.9237770203125001 0.47943722656250004 0.9765967812499999 0.00108225 0.6328620171875 0.00108225
0 0.9790346171875 0.009740259375000001 0.9319031359375 0.46753246875 0.99658703125 0.5 0.99658703125 0.0045454546875000005 0.9790346171875 0.009740259375000001
0 0.0039005359375 0.45021645 0.003087925 0.87012986875 0.29969120781249997 0.8766233765625 0.2964407609375 0.461038959375 0.0039005359375 0.45021645
0 0.29969120781249997 0.461038959375 0.307817325 0.8722943734375 0.5906062078125001 0.8722943734375 0.6101088906250001 0.48051948125 0.29969120781249997 0.461038959375
0 0.608483665625 0.4783549765625 0.5922314328125 0.8712121234374999 0.8798959859375 0.891774890625 0.9237770203125001 0.48268398125 0.608483665625 0.4783549765625
0 0.99658703125 0.9090909093749999 0.99658703125 0.5 0.9302779140625 0.46753246875 0.8880221031250001 0.8409090906250001 0.9375914203125 0.89935065 0.99658703125 0.9090909093749999
0 0.0039005359375 0.8658008640625001 0.016902325000000003 0.9945887453125 0.307817325 0.9945887453125 0.3102551609375 0.8766233765625 0.0039005359375 0.8658008640625001
0 0.5979197140625 0.90151515 0.5954818765625001 0.8755411265624999 0.30862993437499997 0.8744588734375001 0.3071672359375 0.9954545453125 0.5938566546875 0.9954545453125 0.5979197140625 0.90151515
0 0.92296440625 0.91991341875 0.8847716546875001 0.8625541140624999 0.8815212078125001 0.8928571406250001 0.6027953859374999 0.8766233765625 0.597269625 0.9954545453125 0.9112627984375001 0.9954545453125 0.92296440625 0.91991341875
0 0.99658703125 0.9954545453125 0.99658703125 0.9090909093749999 0.9400292531250001 0.89935065 0.89127255 0.8409090906250001 0.8847716546875001 0.858225109375 0.9221517953125 0.9231601734374999 0.9112627984375001 0.9954545453125 0.99658703125 0.9954545453125