0 0.9352103265625 0.08602854062500001 0.9333112124999999 0.07618552656250001 0.8658095749999999 0.0706754171875 0.86509631875 0.0901122171875 0.9352103265625 0.08602854062500001
0 0.8672747656249999 0.0930034359375 0.8670382078125 0.070775709375 0.7391643484375 0.060337457812499995 0.7368002546875 0.0960755640625 0.8672747656249999 0.0930034359375
0 0.5719314140625 0.129822859375 0.5749858109375 0.147753546875 0.628361571875 0.0978642515625 0.7407191734375 0.0943382640625 0.7387368203125 0.060302557812500004 0.6510125359375001 0.0531416875 0.6238180640625 0.054366465625000006 0.5719314140625 0.129822859375
0 0.811008371875 0.0932624828125 0.8072760671875001 0.13271513125 0.9354845359375 0.1252478390625 0.9332070671875 0.08614521875 0.811008371875 0.0932624828125
0 0.57507340625 0.14925749375 0.6311646109375 0.145990553125 0.8092793234375 0.13259845625 0.8090051125000001 0.0933791578125 0.624442653125 0.0996015515625 0.57507340625 0.14925749375
0 0.9374001984375001 0.12362721562500001 0.8071008765625001 0.1297072375 0.8093783453125001 0.16880985937499998 0.9398528578124999 0.1657377296875 0.9374001984375001 0.12362721562500001
0 0.76721091875 0.1350486609375 0.7716668359375001 0.1770425 0.80964113125 0.1733217 0.8073636625 0.134219078125 0.76721091875 0.1350486609375
0 0.8073750875 0.1689265359375 0.806084015625 0.2157822453125 0.9424807062499999 0.21085613906249998 0.9378496000000001 0.1658544078125 0.8073750875 0.1689265359375
0 0.7675727265625001 0.17577190468749998 0.7702005749999999 0.22089031406249998 0.8081748687499999 0.21716951406249999 0.80964113125 0.1733217 0.7675727265625001 0.17577190468749998
0 0.864266075 0.21390257343750002 0.8625370265625 0.25323854687499997 0.9447581734374999 0.24995876093749997 0.9405650421875 0.2124767625 0.864266075 0.21390257343750002
0 0.7681973171875 0.221006990625 0.7666434609375 0.2633508578125 0.8608841500000001 0.2593710125 0.8643536703124999 0.21540652031250002 0.7681973171875 0.221006990625
0 0.8603585796875001 0.2503473296875 0.8591551031250001 0.2987069859375 0.945470359375 0.2966977921875 0.9428425109375 0.25157938281250003 0.8603585796875001 0.2503473296875
0 0.7666434609375 0.2633508578125 0.7690961187500001 0.3054613734375 0.85933029375 0.3017148796875 0.8568776359375001 0.259604365625 0.7666434609375 0.2633508578125
0 0.8208647078125001 0.400534365625 0.8608422609374999 0.3966968890625 0.9509012453125001 0.389942503125 0.9472984265625 0.293573221875 0.8670805375 0.2967363328125 0.8258880828124999 0.31422600625 0.8208647078125001 0.400534365625
0 0.8665130781249999 0.425038528125 0.9427244515625001 0.42210876875 0.9408316421875 0.49314430781249996 0.9586857671875 0.48908632656249995 0.9529920984375 0.391329771875 0.8607546656249999 0.3951929421875 0.8226927749999999 0.3974097953125 0.820350565625 0.4262181390625 0.8665130781249999 0.425038528125
0 0.5274789078125 0.29840729062500004 0.767869790625 0.2844061140625 0.769214178125 0.134931984375 0.52908608125 0.153445 0.5274789078125 0.29840729062500004
0 0.5255632453125 0.3000279125 0.5313445125 0.39928841249999997 0.5574744515625001 0.399275565625 0.5595767296874999 0.43537029218749995 0.7658246421875 0.421848671875 0.767957384375 0.2859100609375 0.5255632453125 0.3000279125
0 0.7720971984375 0.42601048124999996 0.768387746875 0.53487804375 0.93701174375 0.5310930093749999 0.9408087890625 0.42372939374999996 0.7720971984375 0.42601048124999996
0 0.56340805625 0.4321290453125 0.5638688828125 0.5090636921875 0.6118708890625 0.5394669671875 0.6090907046875 0.5607555765625001 0.71953264375 0.5588502125 0.7703034093750001 0.5332574218749999 0.771922009375 0.4230025890625 0.56340805625 0.4321290453125
0 0.792602025 0.5364858203125 0.79061019375 0.571309953125 0.8291100578125 0.5766128375 0.8203315265625 0.6329589312499999 0.930861059375 0.6325575140625 0.9409306640624999 0.5293557109375 0.792602025 0.5364858203125
0 0.9308839125 0.7019724265625 0.9493930484374999 0.701590015625 0.9578170359374999 0.5983919234374999 0.937122190625 0.60201186875 0.9308839125 0.7019724265625
0 0.7905225984375 0.56980600625 0.764918228125 0.5788425359375 0.6927133703125 0.581538940625 0.6102294390624999 0.5803068875 0.589758890625 0.5739539171875 0.553875446875 0.5790619875 0.5586284265625 0.729690034375 0.8115644218750001 0.724012484375 0.8271067999999999 0.5767295125 0.7905225984375 0.56980600625
0 0.5586284265625 0.729690034375 0.567780190625 0.7487746390625001 0.5729597171874999 0.872214965625 0.8058631390625 0.8677041796875 0.8117396109374999 0.727020378125 0.5586284265625 0.729690034375
0 0.8182406734375001 0.6315716609375001 0.815483340625 0.722275184375 0.8162716953125001 0.7358107046875 0.918350225 0.728356259375 0.930861059375 0.6325575140625 0.8182406734375001 0.6315716609375001
0 0.92218155 0.7251150140625 0.9348142578124999 0.7349425843749999 0.9350008734375 0.7726579328125001 0.94285863125 0.78163993125 0.94949891875 0.7002930593750001 0.9246989515624999 0.6993145625 0.92218155 0.7251150140625
0 0.7562394078125 1 0.79728265 0.9964730828125001 0.8080415859375 0.870595396875 0.5690407984375 0.873952265625 0.5781759046875 1 0.7562394078125 1
0 0.494844090625 0.11771315 0.51905836875 0.1193209265625 0.5831626046875 0.11558728124999999 0.5811701609375 0.0474405046875 0.5745717140625 0.046901878125000004 0.49517161875 0.05431402656249999 0.494844090625 0.11771315
0 0.364719959375 0.1268010671875 0.3753075203125 0.274071190625 0.5257270093749999 0.2683283515625 0.5170551109375 0.11943760156250001 0.364719959375 0.1268010671875
0 0.157040065625 0.2882928703125 0.375219925 0.2725672421875 0.3625415125 0.1239098484375 0.14044273125 0.141372775 0.157040065625 0.2882928703125
0 0.3731290734375 0.2711799734375 0.383278659375 0.4109303625 0.5314321078125 0.400792359375 0.5238113484375 0.2699489734375 0.3731290734375 0.2711799734375
0 0.15503680625 0.288409546875 0.13291338125000002 0.288189040625 0.1472446734375 0.43071397187500005 0.36133042187500003 0.41371775 0.345258659375 0.2758213375 0.15503680625 0.288409546875
0 0.082058834375 0.5884335890625 0.290310003125 0.574795290625 0.2771936140625 0.4186181609375 0.053266767187499994 0.43920565937499995 0.082058834375 0.5884335890625
0 0.277281209375 0.42012210781250003 0.2875298171875 0.5960839015625 0.5623264531250001 0.586115015625 0.5615685609375001 0.40054615781249997 0.277281209375 0.42012210781250003
0 0.3595594859375 0.5903796031249999 0.3752047015625 0.7554637375000001 0.5515789421874999 0.7467001578125 0.552310165625 0.5866983984374999 0.3595594859375 0.5903796031249999
0 0.287442221875 0.5945799546874999 0.2924008546875 0.5761825625 0.10818877499999999 0.5884207421875 0.08938253125 0.610642765625 0.10685581250000001 0.77260233125 0.369107334375 0.754309821875 0.359384296875 0.5873717093749999 0.287442221875 0.5945799546874999
0 0.3072691421875 0.76243863125 0.3204731234375 0.9201197078125001 0.56913981875 0.9101636687499999 0.5718743 0.7500452328125 0.3072691421875 0.76243863125
0 0.5715187 1 0.56913981875 0.9101636687499999 0.3986001609375 0.9155693265625 0.40351768750000006 1 0.5715187 1
0 0.1129531796875 0.773756246875 0.10415179687500001 0.7606874312499999 0.09683952500000001 0.7731857140625 0.1062121828125 0.9341080359375 0.2865053453125 0.9236071546875 0.26711640000000003 0.7632682140625 0.1129531796875 0.773756246875
0 0.3825929703125 1 0.3724702203125 0.9155821734374999 0.1181441328125 0.93190403125 0.124206228125 1 0.3825929703125 1
0 0.023732049999999998 0.41527203281249997 0.1439274921875 0.4082714453125 0.13099771875 0.289809665625 0.00862383125 0.293919034375 0.023732049999999998 0.41527203281249997
0 0 0.5330012125 0.0686263453125 0.5303630421875 0.053266767187499994 0.43920565937499995 0.1472446734375 0.43071397187500005 0.1418366390625 0.4068841734375 0.027738565625 0.41503867968749997 0 0.4166542671875 0 0.5330012125
0 0 0.6226828609374999 0.07745058125 0.6128467718749999 0.09129819375 0.6090221421875001 0.1082763703125 0.5899246890625001 0.0802307671875 0.5915581609375 0.0705420078125 0.52874241875 0 0.5316164828125001 0 0.6226828609374999
0 0 0.831207571875 0.10078129843750001 0.8408633249999999 0.09335858124999999 0.7824427468749999 0 0.7913464125 0 0.831207571875
0 0 0.87232261875 0.1031463609375 0.8814698921874999 0.10069370312499999 0.839359378125 0 0.8318700484375 0 0.87232261875
0 0 0.9126718468749999 0.102895003125 0.9116655093749999 0.1030587671875 0.8799659453125 0 0.873534528125 0 0.9126718468749999
0 0 0.9482775125 0.11736720468749999 0.9530759640625 0.118231728125 0.9334079781250001 0.10821544218750001 0.9339913578125 0.10507344999999998 0.9145567265625001 0 0.913049003125 0 0.9482775125
0 0 0.9889229125 0.121910715625 0.9965737499999999 0.11736720468749999 0.9530759640625 0 0.9454998140624999 0 0.9889229125
0 0.8161841000000001 0.7343067578125 0.812977365625 0.782783090625 0.9147055156249999 0.7693128578125 0.923331709375 0.7793737796875 0.9373545109375 0.77855704375 0.9407364359375 0.73308860625 0.9199155078125001 0.7207198499999999 0.9166097515624999 0.732984778125 0.8161841000000001 0.7343067578125
0 0.812977365625 0.782783090625 0.807866396875 0.867587503125 0.8044730453125 0.8783484843749999 0.93668328125 0.8572910890625 0.9391599859375 0.8269502140625 0.9086957453125001 0.7696628859375 0.812977365625 0.782783090625
0 0.8002265984375001 0.9434849078124999 0.808163459375 0.9762217124999999 0.83629665625 0.9760921890625 0.8368983953125 0.9519123625000001 0.83732494375 0.9247246390624999 0.879743728125 0.928290221875 0.9246913390625 0.940762809375 0.9296708640625001 0.9431967515625 0.9359603328125001 0.8661475828125 0.804560640625 0.87985243125 0.8002265984375001 0.9434849078124999