0 0.3218656421875 0.10262028593750001 0.24184939375 0.10588667031250001 0.2419566171875 0.2688027625 0.318003090625 0.2630276015625 0.3218656421875 0.10262028593750001
0 0.4058827046875 0.09919058124999999 0.32386605 0.102538625 0.3179720546875 0.265699696875 0.3939874921875 0.26259663125 0.4058827046875 0.09919058124999999
0 0.47995980937500005 0.0908249859375 0.403913334375 0.096600146875 0.3961430765625 0.2491545 0.47409685 0.2513139625 0.47995980937500005 0.0908249859375
0 0.5580066859375 0.0849681671875 0.47999084375 0.0881528921875 0.4742209921875 0.2406255859375 0.5501743578125 0.24286670937500002 0.5580066859375 0.0849681671875
0 0.6399302359375 0.08963640625 0.5560373171874999 0.0823777328125 0.5501743578125 0.24286670937500002 0.6300975 0.2476166078125 0.6399302359375 0.08963640625
0 0.717852971875 0.09446796406249999 0.641961678125 0.086882653125 0.63609871875 0.2473716296875 0.716052896875 0.2494494328125 0.717852971875 0.09446796406249999
0 0.799962734375 0.0831036359375 0.7180702218749999 0.0757633046875 0.718270553125 0.2306631125 0.7961932890625001 0.23549466875 0.799962734375 0.0831036359375
0 0.2439570234375 0.26872110312499997 0.2380940640625 0.4292100796875 0.3180482421875 0.43128788125 0.3220039015625 0.26286428281249996 0.2439570234375 0.26872110312499997
0 0.411991146875 0.26186169375 0.33000552656250004 0.2625376453125 0.32611193906249997 0.42561705468750005 0.404034675 0.43044861250000005 0.411991146875 0.26186169375
0 0.49017628750000003 0.41624887031249996 0.48806865781250003 0.25341444062499996 0.4760972546875 0.251232303125 0.4160850671875 0.2536820921875 0.4081906671875 0.416924821875 0.49017628750000003 0.41624887031249996
0 0.574148196875 0.2445588875 0.496132353125 0.24774361250000002 0.4882689875 0.4083142484375 0.566222759375 0.4104737125 0.574148196875 0.2445588875
0 0.6520709328125001 0.2493904453125 0.5761486031249999 0.2444772265625 0.572130871875 0.418245015625 0.6541475265625001 0.414896971875 0.6520709328125001 0.2493904453125
0 0.7360259234375001 0.25130492968749996 0.6540713390625 0.249308784375 0.6541785625000001 0.41222487812499997 0.7361331468750001 0.41422102031249997 0.7360259234375001 0.25130492968749996
0 0.8180425796874999 0.2479568859375 0.7360259234375001 0.25130492968749996 0.7361021109375 0.4168931140625 0.8201191734375 0.4134634109375 0.8180425796874999 0.2479568859375
0 0.3200176140625 0.433878315625 0.2360936578125 0.4292917375 0.2259505640625 0.6139928828125 0.305935778125 0.613398590625 0.3200176140625 0.433878315625
0 0.4080354875 0.43028529375 0.328081309375 0.428207490625 0.30802929218749997 0.6053006484375001 0.3899838765625 0.6072967921875 0.4080354875 0.43028529375
0 0.49217669218750004 0.4161672109375 0.4081596296875 0.419596915625 0.4002031578125 0.5881838328125 0.480188371875 0.5875895437499999 0.49217669218750004 0.4161672109375
0 0.5682231671875 0.410392053125 0.49026939374999995 0.4082325875 0.478187965625 0.587671203125 0.562205028125 0.5842414984375 0.5682231671875 0.410392053125
0 0.6521471203125 0.41497863125 0.5701615 0.41565458125 0.562205028125 0.5842414984375 0.6461289828125001 0.5888280765625 0.6521471203125 0.41497863125
0 0.7301319281249999 0.414466 0.6541475265625001 0.414896971875 0.646097946875 0.5915001734375 0.7260831609375 0.59090588125 0.7301319281249999 0.414466
0 0.8061163296875 0.414035028125 0.73010089375 0.41713809375000005 0.7260831609375 0.59090588125 0.8081618890625 0.5822136484375 0.8061163296875 0.414035028125
0 0.30793618437500003 0.6133169328125 0.21991830937499998 0.6169099546875 0.20174255468750002 0.8046098296874999 0.28772898750000003 0.8037705609374999 0.30793618437500003 0.6133169328125
0 0.38992180468750004 0.6126409796875001 0.305935778125 0.613398590625 0.28772898750000003 0.8037705609374999 0.3757468625 0.8001775375 0.38992180468750004 0.6126409796875001
0 0.47400093749999994 0.6038670890625 0.39201531875 0.6045430374999999 0.3777783046875 0.7974237828125 0.46782762031249997 0.79107700625 0.47400093749999994 0.6038670890625
0 0.621751678125 0.621873125 0.49391189375 0.6110667750000001 0.484606765625 0.723621371875 0.6185098421874999 0.72883855625 0.621751678125 0.621873125
0 0.751653940625 0.6272536265624999 0.62372105 0.624463559375 0.6184788046875 0.7315106484375 0.748412103125 0.73421905625 0.751653940625 0.6272536265624999
0 0.4910876375 0.8542273546875 0.6210830078125 0.851591571875 0.622355475 0.7420357078125 0.5024242078125 0.738919003125 0.494360509375 0.744589828125 0.4910876375 0.8542273546875
0 0.762414946875 0.7336474390625 0.6364824609374999 0.7307757125000001 0.633178553125 0.84308533125 0.7611114437500001 0.8458753984375 0.762414946875 0.7336474390625