0 0.0118089765625 0.11433751875 0.0025222875 0.2283152 0.1699615875 0.23379257031249998 0.18117472968749998 0.245861290625 0.19714873593749999 0.2459544125 0.18660703437499998 0.22338667812500002 0.191420621875 0.11688501093749999 0.0118089765625 0.11433751875
0 0.38522698437499997 0.241049171875 0.3953066578125 0.23960751406249997 0.4068778578125 0.1211418921875 0.19360921250000002 0.11389693281249999 0.191254403125 0.24441963281249998 0.3804661203125 0.2530247671875 0.38522698437499997 0.241049171875
0 0.39559441875 0.23510793593749998 0.6048695609375 0.24232961406250003 0.6186293546875 0.120875915625 0.400983525 0.1196071125 0.39559441875 0.23510793593749998
0 0.6088630640625 0.24235289531249998 0.60143400625 0.2648158671875 0.611321840625 0.266373928125 0.62483706875 0.24244601875 0.824224378125 0.2481096359375 0.8307901531249999 0.2391454 0.8400768421875 0.125167715625 0.632318846875 0.12545697656250002 0.6088630640625 0.24235289531249998
0 0.830406471875 0.2451448375 0.9919929671875 0.24608683281250002 0.9952261796874999 0.134968534375 0.837600490625 0.1326553734375 0.830406471875 0.2451448375
0 0 0.3424187453125 0.1607708203125 0.34627039531250003 0.179082059375 0.247349509375 0.1721501796875 0.23080449375 0.0025222875 0.2283152 0 0.2677550328125 0 0.3424187453125
0 0.3845555421875 0.2515481890625 0.18127065 0.24436143124999998 0.156585478125 0.34924683437500004 0.1600993765625 0.3567694125 0.3714671921875 0.3625028703125 0.3845555421875 0.2515481890625
0 0.37394354375 0.3550152140625 0.585407278125 0.359248815625 0.596882559375 0.24228305312499998 0.3875114953125 0.23656123281250002 0.37394354375 0.3550152140625
0 0.8361089625 0.24967933750000001 0.6247411484375001 0.2439458765625 0.5990967734375 0.363829875 0.6197357218749999 0.35344726406250004 0.8252092046874999 0.3576459421875 0.8361089625 0.24967933750000001
0 0.8348092765624999 0.36370358125 0.9885020375 0.3660623390625 0.9920366171874999 0.24458666718750002 0.83249914375 0.24365661875 0.8348092765624999 0.36370358125
0 0 0.45956025624999997 0.1472987875 0.463224515625 0.1607708203125 0.34627039531250003 0 0.3424187453125 0 0.45956025624999997
0 0.363793571875 0.4824916328125 0.36665360625 0.46900453750000004 0.3628519453125 0.4659815375 0.3735598625 0.3610146515625 0.1600993765625 0.3567694125 0.1436889671875 0.4572017984375 0.152521678125 0.4752583140625 0.363793571875 0.4824916328125
0 0.578596940625 0.465738840625 0.5992886125 0.3608301578125 0.5796088671875 0.3562141734375 0.3720427140625 0.35350371406250003 0.364465015625 0.47199261718749996 0.5737401578125 0.47921429531250004 0.578596940625 0.465738840625
0 0.8130624828125 0.4851107203125 0.827014115625 0.3606573015625 0.6197357218749999 0.35344726406250004 0.599000853125 0.3653297359375 0.5877174140625 0.4792957765625 0.6000815984375001 0.47336618281250004 0.8130624828125 0.4851107203125
0 0.8111616515625 0.48359921874999995 0.9846871234375 0.487611653125 0.985197540625 0.479630503125 0.988460378125 0.367494034375 0.8269181953125001 0.3621571609375 0.8111616515625 0.48359921874999995
0 0 0.5729492234375 0.1317340859375 0.58166685625 0.1508126890625 0.47074709531250003 0.1436889671875 0.4572017984375 0 0.457747546875 0 0.5729492234375
0 0.3501297015625 0.6024454734375 0.3530856546875 0.5874585171875 0.365694403125 0.48400313281249996 0.148624096875 0.473735171875 0.127452825 0.586143153125 0.3501297015625 0.6024454734375
0 0.35279789375 0.591958096875 0.57025188125 0.59622661875 0.5956084953125 0.48084219843750003 0.36855443593750004 0.47051603750000004 0.35279789375 0.591958096875
0 0.5806193140625 0.59028538125 0.8054847828125 0.6035996234375001 0.8153469937500001 0.48062278281250004 0.5939954265625 0.47483112031249997 0.5806193140625 0.59028538125
0 0.984591203125 0.48911151249999996 0.8151551546875 0.48362249999999996 0.8072896937499999 0.60661098125 0.9765339031250001 0.6150997125 0.984591203125 0.48911151249999996
0 0 0.6985220984375 0.1040929609375 0.701539215625 0.127452825 0.586143153125 0 0.5721938046874999 0 0.6985220984375
0 0.3460402796875 0.603922053125 0.131158565625 0.5906660125000001 0.10931584999999999 0.7135730125 0.3245812453125 0.7208296125 0.337616871875 0.704401 0.3460402796875 0.603922053125
0 0.57025188125 0.59622661875 0.35279789375 0.591958096875 0.3411307734375 0.7119235765624999 0.5504059171875 0.7191452546875 0.5589684421875 0.7101926609375 0.57025188125 0.59622661875
0 0.5585847609375 0.7161921 0.78164531875 0.7264949796875 0.7975937015625 0.6020532015625 0.5744372234374999 0.5932501796875 0.5585847609375 0.7161921
0 0.9765339031250001 0.6150997125 0.7971141 0.6095524984375 0.7833543093750001 0.7310061984375 0.9689562046875 0.7335886140625 0.9765339031250001 0.6150997125
0 0 0.8224663015625 0.09033316875 0.8229929140625 0.09471035156249999 0.8170167562499999 0.1133093515625 0.7135962921875 0.1040929609375 0.701539215625 0 0.6973692171875 0 0.8224663015625
0 0.328522025 0.8153789640625 0.33771279375 0.7029011390625 0.3244853265625 0.722329471875 0.1114085203125 0.71208479375 0.0952682984375 0.8395262906250001 0.3065401921875 0.846759609375 0.328522025 0.8153789640625
0 0.340580875 0.8454576375 0.5503356203124999 0.8451800171875 0.5625782609375001 0.7162153796874999 0.3413226140625 0.708923859375 0.3277546640625 0.8273778390625001 0.32689138125 0.840876575 0.340580875 0.8454576375
0 0.7836420687500001 0.7265066203125 0.562482340625 0.7177152390625 0.554329121875 0.8452032968750001 0.77130350625 0.856971115625 0.7948552125 0.7385753375 0.7836420687500001 0.7265066203125
0 0.7951685953125 0.8586106609374999 0.960419303125 0.8670761109375 0.9688602828124999 0.7350884718749999 0.7973315640624999 0.73108768125 0.7969478828125001 0.7370871203125 0.774547221875 0.8374845843750001 0.7951685953125 0.8586106609374999
0 0 0.947188846875 0.07219619375 0.950422771875 0.08728129531249999 0.8394797281249999 0.0924258390625 0.8215046953125 0 0.8209658828125 0 0.947188846875
0 0.318904378125 0.8408300125 0.08528454375 0.8394680890625 0.075422334375 0.9624449281249999 0.28878689999999996 0.968190028125 0.310576890625 0.9398091015625001 0.318904378125 0.8408300125
0 0.312460146875 0.9728292906249999 0.5361921484375001 0.97263315625 0.5423486171875 0.8451334546875 0.3188084578125 0.8423298734375001 0.312460146875 0.9728292906249999
0 0.5502396984375 0.846679878125 0.53600030625 0.975632875 0.6647043125 0.9798124421875001 0.7618175015624999 0.9769867375000001 0.7733961765624999 0.855482896875 0.5502396984375 0.846679878125
0 0.795072675 0.860110521875 0.7746431421875 0.835984725 0.7733961765624999 0.855482896875 0.7656327640625 0.976875725 0.9520063546875001 0.9714528078125 0.960419303125 0.8670761109375 0.795072675 0.860110521875