0 0.533084853125 1 0.6327694859374999 0.97985866875 0.6481557640625 0.9735894 0.655449496875 0.9619570562499999 0.5964836359375 0.7499860218750001 0.3697618921875 0.8055588453125001 0.423948928125 1 0.533084853125 1
0 0.5972998546875 0.7395495921874999 0.657073228125 0.95480011875 0.6619270109375 0.9607611453124999 0.772044775 0.9404306484375 0.8748775046875 0.9180165734375001 0.82320538125 0.694413196875 0.5972998546875 0.7395495921874999
0 0.23065201562499998 0.5843843515625 0.30742668906250004 0.7999245937499999 0.5333409203125 0.741072275 0.45495122187500003 0.5189730531250001 0.23065201562499998 0.5843843515625
0 0.47599879375 0.5219443015625 0.5398184374999999 0.7398763640625 0.7624852046874999 0.695337925 0.6946192890625 0.4747243265625 0.47599879375 0.5219443015625
0 0.705143075 0.47620995 0.7657239625 0.6947399703125 0.8709792343749999 0.6821643671875 0.97948196875 0.6552748890625 0.985968190625 0.6403630546875 0.9278098437500001 0.4316715109375 0.705143075 0.47620995
0 0.2583425125 0.3255571765625 0.1352610140625 0.36199541874999996 0.1675789453125 0.465743234375 0.2144669328125 0.573658209375 0.22660574531250002 0.5817028171875 0.4347111609375 0.5192812984375 0.3579364859375 0.30374105625 0.2583425125 0.3255571765625
0 0.3846540625 0.30223690312499996 0.44766619218750003 0.5168894749999999 0.458997490625 0.5216545890625001 0.667094203125 0.47294898906249994 0.604082071875 0.2582964171875 0.3846540625 0.30223690312499996
0 0.6162295890625 0.2526251046875 0.6703416640625 0.4586351125 0.6776179890625 0.4744346140625 0.897045996875 0.43049413124999997 0.8397038703125 0.21136615625 0.6162295890625 0.2526251046875
0 0.045540015625 0.1351310796875 0.06329659374999999 0.2209958140625 0.11259841562499999 0.3524651875 0.12473722812500002 0.36050979375000003 0.3457976734375 0.29569645 0.2673992703125 0.08731314999999999 0.259306728125 0.0819500765625 0.045540015625 0.1351310796875
0 0.2827855453125 0.081043878125 0.330454928125 0.2333861109375 0.353082703125 0.29778003124999997 0.56846444375 0.2511580109375 0.5086823640625 0.04962340625 0.5014060421875 0.033823903125 0.2827855453125 0.081043878125
0 0.5733269328125 0.243403115625 0.785461209375 0.21109497500000002 0.7927636484375 0.18574671250000002 0.7644919875 0.0846804296875 0.7457778 0.0086779109375 0.6090807671875 0.007087296875 0.512746046875 0.024873096875 0.5733269328125 0.243403115625
0 0.18278239999999998 0.7475083203125 0.27186129375 0.710490653125 0.2249820125 0.58885975625 0.21122817343750003 0.5742561671875 0.16838645937500002 0.46902272656250005 0.1368760390625 0.3685544015625 0.1223059828125 0.364387240625 0.109359659375 0.3530631421875 0.056020271875000006 0.20519631249999998 0.0116519828125 0.222333078125 0.027102365625000003 0.5171439343750001 0.134201034375 0.75647765625 0.18278239999999998 0.7475083203125
0 0.36492616718750004 1 0.18349415 0.9016629484375001 0.197291515625 0.8476869312499999 0.15357263906250002 0.8489013734374999 0.1341313890625 0.8662050296875 0.11387391875 0.893945115625 0.1399879359375 1 0.36492616718750004 1
0 0.4207366 1 0.3697618921875 0.8055588453125001 0.36977059843750004 0.791842925 0.30499544375 0.803802040625 0.2783301046875 0.723010665625 0.245933821875 0.7427061421875 0.19972276093750002 0.8438094843749999 0.18349415 0.9016629484375001 0.36492616718750004 1 0.4207366 1
0 1 0.56682016875 0.9625503140625 0.5452578031249999 0.9900144609374999 0.6430445921875 0.98028948125 0.65855438125 0.871786746875 0.6854438609375 0.8223978687500001 0.6911337046875 0.8781162640625 0.917418615625 0.7663747703125 0.9449060515625 0.80279120625 0.969039875 1 0.9326301921875 1 0.56682016875
0 1 0.3673187203125 0.966796815625 0.23247313906249997 0.8502015390625 0.2539995453125 0.9002847562499999 0.429896175 0.9302410890624999 0.427794065625 0.9544751843749999 0.5124628859375 1 0.5060452609375 1 0.3673187203125
0 0.79519489375 0.18186926406249998 0.786268721875 0.214374465625 0.8388963578125 0.208086665625 0.852632784375 0.2501221 0.965989303125 0.229193646875 0.91216819375 0.0106140375 0.7457778 0.0086779109375 0.7652995015624999 0.087959921875 0.79519489375 0.18186926406249998