0 0.4342688328125 0.39 0.324963071875 0.3866666671875 0.3234859671875 0.54 0.4342688328125 0.55 0.4342688328125 0.39
0 0.546528803125 0.3933333328125 0.4342688328125 0.3866666671875 0.42983751875 0.5466666671875 0.5494830140625 0.5633333328125001 0.546528803125 0.3933333328125
0 0.6735598234375 0.3966666671875 0.5480059078124999 0.3966666671875 0.5494830140625 0.5633333328125001 0.675036928125 0.5700000000000001 0.6735598234375 0.3966666671875
0 0.8064992609375 0.3966666671875 0.6720827171875 0.3933333328125 0.6779911375000001 0.5733333328125 0.8050221562500001 0.5633333328125001 0.8064992609375 0.3966666671875
0 0.546528803125 0.22000000000000003 0.5450516984375 0.39 0.8050221562500001 0.3966666671875 0.8109305765625001 0.3933333328125 0.8212703109374999 0.23333333281250002 0.8064992609375 0.2233333328125 0.546528803125 0.22000000000000003
0 0.8050221562500001 0.71 0.807976365625 0.5666666671875 0.5480059078124999 0.5599999999999999 0.5494830140625 0.7266666671875 0.7991137375 0.74 0.8050221562500001 0.71
0 0.8035450515625 0.9166666671874999 0.8197932046874999 0.8366666671875 0.807976365625 0.7166666671875 0.7991137375 0.7433333328125 0.6779911375000001 0.7333333328125 0.6779911375000001 0.9166666671874999 0.8035450515625 0.9166666671874999
0 0.807976365625 1 0.8316100437499999 0.9733333328124999 0.8183161 0.8400000000000001 0.8035450515625 0.9199999999999999 0.5553914328125 0.89 0.5553914328125 1 0.807976365625 1
0 0.5553914328125 0.7233333328125 0.5539143281250001 0.9 0.6779911375000001 0.9066666671875 0.6765140328125 0.74 0.5553914328125 0.7233333328125
0 0.546528803125 0.5633333328125001 0.31757754843749997 0.54 0.319054653125 0.6966666671875 0.5480059078124999 0.7266666671875 0.546528803125 0.5633333328125001
0 0.3205317578125 0.3866666671875 0.5435745937500001 0.3933333328125 0.546528803125 0.2233333328125 0.3234859671875 0.2233333328125 0.3205317578125 0.3866666671875
0 0.5539143281250001 0.73 0.4342688328125 0.7133333328125 0.4357459375 0.8699999999999999 0.5553914328125 0.89 0.5539143281250001 0.73
0 0.4342688328125 0.7133333328125 0.324963071875 0.7 0.3264401765625 0.8533333328125 0.43279172812500005 0.8699999999999999 0.4342688328125 0.7133333328125
0 0.5539143281250001 0.8866666671875001 0.3279172828125 0.85 0.3264401765625 1 0.5553914328125 0.9933333328125 0.5539143281250001 0.8866666671875001
0 0.8124076812500001 0.08333333281250001 0.788774003125 0.0466666671875 0.66469719375 0.05 0.6661742984375 0.2233333328125 0.8124076812500001 0.2233333328125 0.8124076812500001 0.08333333281250001
0 0.66469719375 0.0466666671875 0.5391432796875 0.0466666671875 0.537666175 0.2166666671875 0.66469719375 0.2233333328125 0.66469719375 0.0466666671875
0 0.540620384375 0.0566666671875 0.4180206796875 0.0666666671875 0.42245199375000003 0.2233333328125 0.540620384375 0.22000000000000003 0.540620384375 0.0566666671875
0 0.41654357500000005 0.0666666671875 0.3101920234375 0.06 0.31166912812500003 0.2233333328125 0.42245199375000003 0.22999999999999998 0.41654357500000005 0.0666666671875
0 0.2998522890625 0.4266666671875 0.298375184375 0.36 0.2540620390625 0.37 0.20679468281250002 0.37333333281250003 0.20384047343749997 0.44333333281250004 0.24815361875000003 0.44666666718750003 0.2998522890625 0.4266666671875
0 0.2998522890625 0.36 0.30428360468750004 0.3 0.26292466718749996 0.3 0.20827178750000003 0.3 0.2097488921875 0.37666666718749997 0.25553914375 0.37 0.2998522890625 0.36
0 0.3028065 0.24333333281249997 0.26292466718749996 0.2366666671875 0.21418020625 0.2366666671875 0.2127031015625 0.30333333281249997 0.26440177187499997 0.30333333281249997 0.3028065 0.30333333281249997 0.3028065 0.24333333281249997
0 0.324963071875 0.24333333281249997 0.2998522890625 0.24333333281249997 0.3028065 0.2966666671875 0.3205317578125 0.30333333281249997 0.324963071875 0.24333333281249997
0 0.3220088625 0.30333333281249997 0.30132939375 0.29333333281249996 0.30132939375 0.3566666671875 0.3234859671875 0.3566666671875 0.3220088625 0.30333333281249997
0 0.3220088625 0.36 0.2968980796875 0.3633333328125 0.2998522890625 0.4033333328125 0.3234859671875 0.41333333281250006 0.3220088625 0.36
0 0.3264401765625 0.41 0.3028065 0.41333333281250006 0.30132939375 0.46666666718750005 0.3220088625 0.46333333281250005 0.3264401765625 0.41
0 0.298375184375 0.4733333328125 0.3028065 0.5166666671875 0.324963071875 0.5233333328125 0.324963071875 0.46666666718750005 0.298375184375 0.4733333328125
0 0.30428360468750004 0.52 0.305760709375 0.5733333328125 0.319054653125 0.58 0.3220088625 0.5233333328125 0.30428360468750004 0.52
0 0.30428360468750004 0.5700000000000001 0.30428360468750004 0.6366666671875 0.31757754843749997 0.6366666671875 0.3205317578125 0.5733333328125 0.30428360468750004 0.5700000000000001
0 0.319054653125 0.6366666671875 0.2998522890625 0.6333333328124999 0.30132939375 0.6833333328125 0.3205317578125 0.6933333328125 0.319054653125 0.6366666671875
0 0.2968980796875 0.6866666671874999 0.298375184375 0.74 0.3279172828125 0.75 0.3264401765625 0.6966666671875 0.2968980796875 0.6866666671874999
0 0.2968980796875 0.7433333328125 0.2998522890625 0.7966666671875 0.324963071875 0.7966666671875 0.3264401765625 0.7433333328125 0.2968980796875 0.7433333328125
0 0.24667651406250002 0.79 0.298375184375 0.7433333328125 0.295420975 0.6866666671874999 0.24667651406250002 0.7233333328125 0.2008862625 0.7166666671875 0.20236336718749998 0.7933333328125001 0.24667651406250002 0.79
0 0.2008862625 0.8533333328125 0.24372230468749997 0.86 0.2968980796875 0.8166666671874999 0.298375184375 0.7433333328125 0.24667651406250002 0.79 0.20384047343749997 0.7933333328125001 0.2008862625 0.8533333328125
0 0.2008862625 0.9233333328125 0.245199409375 0.93 0.2968980796875 0.8733333328124999 0.295420975 0.8233333328124999 0.24372230468749997 0.86 0.2008862625 0.8633333328124999 0.2008862625 0.9233333328125
0 0.20236336718749998 0.86 0.15214180156249998 0.85 0.1550960125 0.9199999999999999 0.1994091578125 0.9266666671875001 0.20236336718749998 0.86
0 0.150664696875 0.8533333328125 0.1093057609375 0.8466666671875 0.11078286562499999 0.9166666671874999 0.1550960125 0.9266666671875001 0.150664696875 0.8533333328125
0 0.20236336718749998 0.7933333328125001 0.15361890625000002 0.7833333328125 0.15361890625000002 0.8533333328125 0.2008862625 0.86 0.20236336718749998 0.7933333328125001
0 0.1994091578125 0.7166666671875 0.1565731171875 0.7166666671875 0.1565731171875 0.78 0.1994091578125 0.7966666671875 0.1994091578125 0.7166666671875
0 0.1550960125 0.72 0.11225997031249998 0.71 0.11225997031249998 0.78 0.1550960125 0.7833333328125 0.1550960125 0.72
0 0.15361890625000002 0.79 0.11225997031249998 0.7766666671875 0.1093057609375 0.85 0.15361890625000002 0.8533333328125 0.15361890625000002 0.79
0 0.2998522890625 0.63 0.2525849328125 0.65 0.20679468281250002 0.6466666671875 0.205317578125 0.7166666671875 0.24815361875000003 0.7233333328125 0.30132939375 0.6866666671874999 0.2998522890625 0.63
0 0.20679468281250002 0.6533333328125 0.1565731171875 0.6466666671875 0.15361890625000002 0.7166666671875 0.205317578125 0.7133333328125 0.20679468281250002 0.6533333328125
0 0.1565731171875 0.6533333328125 0.11669128437500001 0.6466666671875 0.113737075 0.71 0.15361890625000002 0.72 0.1565731171875 0.6533333328125
0 0.3028065 0.6333333328124999 0.3028065 0.5566666671875 0.2540620390625 0.5833333328125 0.2097488921875 0.5833333328125 0.2097488921875 0.65 0.2525849328125 0.65 0.3028065 0.6333333328124999
0 0.2097488921875 0.5866666671874999 0.16100443125 0.5833333328125 0.16100443125 0.6466666671875 0.20827178750000003 0.6533333328125 0.2097488921875 0.5866666671874999
0 0.1595273265625 0.5833333328125 0.118168390625 0.5766666671875 0.118168390625 0.65 0.1624815359375 0.6466666671875 0.1595273265625 0.5833333328125
0 0.30428360468750004 0.5566666671875 0.2998522890625 0.4933333328125 0.24815361875000003 0.5166666671875 0.20384047343749997 0.51 0.20384047343749997 0.58 0.2540620390625 0.5833333328125 0.30428360468750004 0.5566666671875
0 0.30428360468750004 0.4933333328125 0.3028065 0.43 0.24815361875000003 0.44666666718750003 0.20384047343749997 0.45 0.20384047343749997 0.51 0.24815361875000003 0.5166666671875 0.30428360468750004 0.4933333328125
0 0.205317578125 0.37333333281250003 0.1565731171875 0.37333333281250003 0.1565731171875 0.43666666718749997 0.20236336718749998 0.44000000000000006 0.205317578125 0.37333333281250003
0 0.20827178750000003 0.30333333281249997 0.1624815359375 0.30333333281249997 0.1565731171875 0.37333333281250003 0.20827178750000003 0.37333333281250003 0.20827178750000003 0.30333333281249997
0 0.21122599687500002 0.22999999999999998 0.1654357453125 0.22999999999999998 0.163958640625 0.3066666671875 0.21122599687500002 0.30333333281249997 0.21122599687500002 0.22999999999999998
0 0.1669128515625 0.23333333281250002 0.113737075 0.22999999999999998 0.1152141796875 0.3 0.1624815359375 0.3066666671875 0.1669128515625 0.23333333281250002
0 0.1624815359375 0.31 0.1152141796875 0.2966666671875 0.11078286562499999 0.37666666718749997 0.1565731171875 0.37 0.1624815359375 0.31
0 0.1550960125 0.38 0.10635155156250001 0.38 0.11225997031249998 0.43666666718749997 0.1565731171875 0.44000000000000006 0.1550960125 0.38
0 0.1565731171875 0.44000000000000006 0.16100443125 0.51 0.205317578125 0.51 0.205317578125 0.44000000000000006 0.1565731171875 0.44000000000000006
0 0.20384047343749997 0.5133333328125 0.158050221875 0.5033333328125 0.16100443125 0.58 0.20236336718749998 0.58 0.20384047343749997 0.5133333328125
0 0.113737075 0.51 0.1550960125 0.5066666671875 0.158050221875 0.43666666718749997 0.11225997031249998 0.44333333281250004 0.113737075 0.51
0 0.1565731171875 0.5066666671875 0.11225997031249998 0.51 0.11669128437500001 0.5733333328125 0.16100443125 0.5833333328125 0.1565731171875 0.5066666671875