0 0.9216748546875 0.0872692421875 0.814270071875 0.0580695765625 0.8155196484375 0.1238786015625 0.83346655625 0.3173989234375 0.902998053125 0.334463584375 0.95474588125 0.33172569375 0.9466444968750001 0.14717556874999999 0.9216748546875 0.0872692421875
0 0.729758246875 0.08881272968750001 0.691486396875 0.10228566562500001 0.7143732796875 0.33412059375 0.8358668765624999 0.3283285796875 0.8170584296875001 0.13299475624999998 0.7974123453125 0.093109909375 0.729758246875 0.08881272968750001
0 0.573608265625 0.1171573484375 0.5931539 0.2905345578125 0.5960171921875 0.3288856546875 0.6529942 0.3077695 0.7087260875 0.30313297031249997 0.6918250171875 0.1059369921875 0.6766259640625 0.091574946875 0.573608265625 0.1171573484375
0 0.46437549999999994 0.135534396875 0.46240817500000003 0.1666558171875 0.4869387484375 0.3564031828125 0.5966944328125 0.3361883046875 0.5705007296875 0.11355467500000001 0.46437549999999994 0.135534396875
0 0.356462784375 0.1008577453125 0.3458845296875 0.1961328046875 0.3676461875 0.3859288234375 0.477939778125 0.356561303125 0.4622088921875 0.179459790625 0.460481359375 0.0935441390625 0.356462784375 0.1008577453125
0 0.24899805625 0.10091734687500001 0.22682122656249998 0.19822484375 0.24738272343749998 0.38255603437499996 0.362461965625 0.3823626390625 0.344146465625 0.1998206203125 0.35455540937499996 0.10271989687500001 0.24899805625 0.10091734687500001
0 0.145796059375 0.13198890000000002 0.11426219687500001 0.1508293609375 0.10381882499999999 0.1802710703125 0.1326870625 0.36445630625000003 0.23984314375000002 0.34611574218749996 0.2244059203125 0.1946100046875 0.24655277656250002 0.1119321421875 0.145796059375 0.13198890000000002
0 0.12810515 0.4047668578125 0.1342258421875 0.3735724609375 0.10174213593749999 0.18030755781250002 0.11166259375000001 0.15270367499999998 0.132275125 0.14319830625000002 0.13178218125000002 0.130406496875 0.0350245125 0.141249796875 0.0013401125 0.2303456578125 0.001638621875 0.2816553046875 0.0233643734375 0.42672225781249995 0.12810515 0.4047668578125
0 0.069250740625 0.4131155296875 0.0233643734375 0.42672225781249995 0.042018496875 0.6129156015625 0.1558975796875 0.6072573796875 0.13016684843749998 0.412045184375 0.069250740625 0.4131155296875
0 0.1325027640625 0.3699454578125 0.1299975375 0.41021952187500005 0.1531886109375 0.5780467625 0.263636525 0.557819721875 0.2424277609375 0.35155624531249996 0.1325027640625 0.3699454578125
0 0.2445988234375 0.3899195015625 0.2687757875 0.5833303609375 0.3811160890625 0.5685559828125 0.3647079625 0.38415181249999997 0.2445988234375 0.3899195015625
0 0.3660774328125 0.3914423046875 0.3862853234375 0.5794369859375 0.49945718906250003 0.58110574375 0.47964786718749997 0.367503121875 0.3660774328125 0.3914423046875
0 0.4817395390625 0.3601518125 0.49742546406250004 0.5591977828125 0.6173652921875 0.5516044265625 0.5973716765625 0.3434909625 0.4817395390625 0.3601518125
0 0.67185368125 0.30926676249999996 0.6413956265625 0.3098019328125 0.5940948296874999 0.3380626203125 0.6203484796875001 0.5314369906249999 0.7313043234375 0.5166869390625 0.7125108640625 0.314038296875 0.67185368125 0.30926676249999996
0 0.7160963578125 0.3377475953125 0.7323052 0.5349557359375 0.8503076796875 0.5438541671875 0.8330979609375 0.32837723125 0.7160963578125 0.3377475953125
0 0.85410744375 0.5474446765625001 0.97577035 0.5434783265625 0.9631470015625 0.3699794875 0.9480078921875 0.326358171875 0.8360661593750001 0.31552460937500004 0.85410744375 0.5474446765625001
0 0.8523843640625 0.5438176765625 0.8602475796875 0.5912241140625001 0.8767006671875001 0.7536838312499999 0.9900418453125001 0.757178253125 0.97486385 0.5636092765625 0.9633102375 0.5436972609375 0.8523843640625 0.5438176765625
0 0.745596878125 0.5511799359375 0.7399841171875 0.5878513203125 0.7602069921875 0.7685311859375 0.8751469000000001 0.7518824937499999 0.86215495625 0.5893619625000001 0.8515228265625 0.542004178125 0.745596878125 0.5511799359375
0 0.690094246875 0.528382859375 0.6232717171875 0.5405288171875 0.6178732250000001 0.5570814203125 0.6387733437499999 0.7450639359375 0.6738927 0.7499327765625 0.7557899328125 0.728378753125 0.7368121796875 0.5312192671875 0.690094246875 0.528382859375
0 0.5046713859375 0.57004229375 0.5271102828124999 0.7671409687499999 0.637174615625 0.76520705 0.6178732250000001 0.5570814203125 0.5046713859375 0.57004229375
0 0.38660895625 0.590403128125 0.4109702171875 0.7783248296874999 0.5255265421875001 0.7799692625 0.50397915625 0.5700544562500001 0.38660895625 0.590403128125
0 0.27897491875 0.5886370671875001 0.27439300625 0.6289476171875 0.2987992265625 0.7949248718749999 0.4100936921875 0.7838261453125 0.38679325468750003 0.584913975 0.27897491875 0.5886370671875001
0 0.26240639374999997 0.5669845296875 0.1677104265625 0.585106159375 0.1570977390625 0.61272220625 0.1793973 0.7933655828124999 0.2943072328125 0.7913465234375 0.271101171875 0.6308340968749999 0.2734370875 0.588734371875 0.26240639374999997 0.5669845296875
0 0.052217626562499994 0.6182223078125 0.0729634234375 0.7970643500000001 0.17905868125 0.7897142546875 0.1590201015625 0.6035452390625 0.052217626562499994 0.6182223078125
0 0.07190259843749999 0.808054815625 0.0922947875 0.99056034375 0.2014825921875 0.99412774375 0.18198191875 0.798806084375 0.07190259843749999 0.808054815625
0 0.18578168281250002 0.8023965937499999 0.20269774062499998 0.992277753125 0.31311568125 0.9866803453124999 0.297753390625 0.798600525 0.18578168281250002 0.8023965937499999
0 0.29723047187499996 0.80043835 0.31416151718749996 0.9830046937500001 0.42596391406249995 0.9773829609375 0.409570775 0.7856639765625 0.29723047187499996 0.80043835
0 0.410248015625 0.7929666265625 0.42854852968749996 0.9828234609375001 0.54104315625 0.977189565625 0.5244807078125 0.7836449156249999 0.410248015625 0.7929666265625
0 0.5258651624999999 0.7836205890625 0.5439813796874999 0.9789665765625 0.657168234375 0.9733205187499999 0.6387133953124999 0.7743232015625 0.5258651624999999 0.7836205890625
0 0.6473887328125 0.7631989421875 0.6390220453125 0.7926041625 0.664444128125 0.969535396875 0.7723074249999999 0.9438678515625 0.7495149171875 0.750432671875 0.6473887328125 0.7631989421875
0 0.8233840859375 0.7619352015625 0.758991846875 0.7703811765624999 0.7757236078124999 0.9657514875000001 0.8897570124999999 0.9692337484375001 0.8758091531250001 0.766499965625 0.8233840859375 0.7619352015625
0 1 0.8247332234375 0.994688159375 0.7698970796875 0.8780701375 0.7609743234375 0.8975408375 0.9709256171874999 1 0.9726067687500001 1 0.8247332234375