0 0.64186206875 0.6891891890624999 0.7522068953125001 0.6819405609375 0.8391034484375 0.5328259296875 0.7977241375 0.35678782343750004 0.44186206875 0.358858859375 0.42531034375 0.36403645 0.41013793125 0.5317904109375 0.42806896562499996 0.6032411734375 0.623931034375 0.601170134375 0.64186206875 0.6891891890624999
0 0.0777241375 0.66537226875 0.1025517234375 0.6198094640625 0.4294482765625 0.604276690625 0.40875862031250004 0.533861446875 0.404620690625 0.37024955937500004 0.0211724140625 0.38578233281249996 0 0.47597597656249996 0.00186206875 0.5825308062500001 0.0777241375 0.66537226875
0 0.7522068953125001 0.6829760796875 0.783931034375 0.742000621875 0.998 0.73123123125 0.998 0.465465465625 0.8377241375000001 0.4789789796875 0.8473793093750001 0.5317904109375 0.807379309375 0.59599254375 0.7522068953125001 0.6829760796875
0 0.998 0.4609609609375 0.998 0.340840840625 0.9273793093749999 0.152790721875 0.6487586203125 0.15693279375 0.6597931046875 0.35264575 0.8004827578124999 0.35161023125 0.8363448281249999 0.47794346093750006 0.998 0.4609609609375
0 0.43772413749999994 0.35678782343750004 0.6625517234375 0.355752303125 0.65703448125 0.30397639062500004 0.6432413796875001 0.1061924 0.35358620625000003 0.10205032656249999 0.3122068953125 0.2936212078125 0.33013793125 0.3598943765625 0.33289655156250003 0.37232059687499997 0.41703448125 0.3671430046875 0.43772413749999994 0.35678782343750004
0 0 0.3873873875 0.02668965625 0.386817853125 0.32599999999999996 0.37024955937500004 0.30668965625 0.2925856890625 0.3522068953125 0.10101480781250001 0.08186206875 0.0927306625 0 0.2477477484375 0 0.3873873875
0 0.335655171875 0.0036760906250000005 0.1342758625 0.0016050546875 0.095655171875 0.08962410625 0.335655171875 0.097908253125 0.35496551875 0.0409547484375 0.335655171875 0.0036760906250000005
0 0.647379309375 0.15589727656250002 0.76186206875 0.15175520468749998 0.724620690625 0.0243864546875 0.3522068953125 0.0274930109375 0.34531034374999997 0.0999792890625 0.64186206875 0.10308584375 0.647379309375 0.15589727656250002
0 0.9287586203125 0.1496841671875 0.9522068953125 0.220099409375 0.998 0.21621621562499999 0.998 0.0450450453125 0.9728965515624999 0.0047116078125 0.9494482765625 0.0036760906250000005 0.9494482765625 0.057523040625 0.9011724140625 0.07202029531250001 0.8432413796875 0.0658071859375 0.7811724140625 0.06062959531249999 0.806 0.0036760906250000005 0.71358620625 0.0047116078125 0.7108275859375001 0.0181733453125 0.7273793093750001 0.021279901562500002 0.7632413796875 0.150719684375 0.9287586203125 0.1496841671875
0 0.09841379375 0.6218805015625 0.0625517234375 0.7927410171875 0.35910344843750003 0.7823858343750001 0.366 0.6094542828125 0.09841379375 0.6218805015625
0 0.6225517234375 0.8030962 0.647379309375 0.7627109859375001 0.623931034375 0.601170134375 0.366 0.6073832453125 0.3604827578125 0.780314796875 0.43358620625000005 0.7834213531249999 0.43634482812500003 0.8175934546875 0.6225517234375 0.8030962
0 0.46117241406250004 0.8207000109375 0.48600000000000004 0.9977736343749999 0.75358620625 0.968779125 0.70531034375 0.796883090625 0.46117241406250004 0.8207000109375
0 0.46117241406250004 0.822771046875 0.43496551875 0.8217355281250001 0.42531034375 0.7844568703125 0.3632413796875 0.7844568703125 0.1315172421875 0.79066998125 0.1011724140625 0.99466708125 0.426 0.9984984984375 0.45599999999999996 0.9984984984375 0.46117241406250004 0.822771046875
0 0.1094482765625 0.0016050546875 0.0004827578125 0.0047116078125 0 0.1516516515625 0.055655171875 0.1465776125 0.0804827578125 0.0948016984375 0.13841379375 0.0047116078125 0.1094482765625 0.0016050546875
0 0 0.24174174218750002 0.05427586250000001 0.14554209375 0 0.15015015 0 0.24174174218750002