0 0.6847879328124999 0.2098387 0.684181146875 0.35795312031250004 0.99429525625 0.37923230625 0.9966104046875 0.2465975578125 0.984590434375 0.1951014515625 0.6847879328124999 0.2098387
0 0.4066497328125 0.2149048890625 0.3928373625 0.3607008203125 0.6729385453125001 0.3896658515625 0.691390725 0.21099794218749998 0.6593047234375 0.1986273328125 0.4066497328125 0.2149048890625
0 0.42231802968750004 0.0559601671875 0.4160364125 0.196340946875 0.42171124375 0.20407458437499998 0.7064522359375001 0.2001676390625 0.7185157421875 0.1147005046875 0.68632268125 0.0551498859375 0.42231802968750004 0.0559601671875
0 0.24632678281249998 0.20023184062500002 0.1948606375 0.373103534375 0.39387238281250003 0.401306434375 0.40375878906249996 0.187448065625 0.2509665921875 0.1673598671875 0.24632678281249998 0.20023184062500002
0 0.14057504062499998 0.13450394062499998 0.1350072671875 0.1739503109375 0.23404915937499998 0.191338959375 0.2471476875 0.1464774375 0.14057504062499998 0.13450394062499998
0 0.108596096875 0.1693133375 0.07601036875 0.3522371546875 0.1882578453125 0.371944290625 0.24065195312499998 0.192498203125 0.108596096875 0.1693133375
0 0.15999075000000001 0.38045610625 0.1517461515625 0.4868056703125 0.3771690671875 0.51964554375 0.39387238281250003 0.401306434375 0.15999075000000001 0.38045610625
0 0 0.5477489156249999 0.11327147343749999 0.5676358328125 0.138540565625 0.484487184375 0.1675215046875 0.37504095625 0.0165852328125 0.341803965625 0 0.436827559375 0 0.5477489156249999
0 0.1170903796875 0.5885182625 0.3199210328125 0.637603590625 0.337552309375 0.5126900859375 0.137612603125 0.49106157968749997 0.1170903796875 0.5885182625
0 0.1161624171875 0.5950926562500001 0.10224298750000001 0.6937085796875 0.27680654531250004 0.7513057265625 0.31074847031249997 0.7505275484375 0.3199210328125 0.637603590625 0.1161624171875 0.5950926562500001
0 0 0.6542892640625 0.10224298750000001 0.6937085796875 0.1189463046875 0.5753694703125001 0 0.5544862328125 0 0.6542892640625
0 0 0.7710485125 0.085539671875 0.8120476906249999 0.10224298750000001 0.6937085796875 0 0.660548840625 0 0.7710485125
0 0 0.8913693593750001 0.0640894859375 0.9160787671874999 0.084611709375 0.8186220859375 0 0.7735739546875 0 0.8913693593750001
0 0.0556307703125 0.9280683125 0.138683190625 0.9628616593749999 0.303753009375 0.991842740625 0.32138428750000003 0.8669292375 0.2705249265625 0.8916865093749999 0.090286540625 0.8263557234375 0.0556307703125 0.9280683125
0 0.1013150265625 0.700282975 0.084611709375 0.8186220859375 0.2705249265625 0.8916865093749999 0.31385353125000004 0.8723443890624999 0.3164233015625 0.7582611859374999 0.1013150265625 0.700282975
0 0.3913026140625 0.5153896375 0.6035199453125 0.545911025 0.65066745625 0.54745133125 0.6786133765625 0.397399490625 0.4126457390625 0.3641785515625 0.3913026140625 0.5153896375
0 0.3432271390625 0.5204237234375 0.32095605312500003 0.6782092046875 0.5992013109375 0.7203230234375 0.6148696078125 0.5613783 0.3432271390625 0.5204237234375
0 0.3332336765625 0.6871020859375 0.32231225 0.8603548421875 0.5959176984375001 0.9353406375000001 0.6124068968749999 0.7226415109375 0.3332336765625 0.6871020859375
0 0.580024746875 1 0.5883869421875 0.9407557890625 0.32138428750000003 0.8669292375 0.3103558015625 0.993001984375 0.35021494999999997 1 0.580024746875 1
0 0.9318784578124999 1 0.9363719765624999 0.9681644609375001 0.6137630921875 0.9047871484375 0.5908318546875 1 0.9318784578124999 1
0 0.6062323390625 0.9102023000000001 0.9372999390625001 0.961590065625 0.9538961953125 0.7960709484375 0.9038577406250001 0.7670738171875 0.6312873125 0.732693634375 0.6062323390625 0.9102023000000001
0 0.6142628203125 0.7094927203125 0.9453304203125 0.7608804859375 0.9656385249999999 0.5690637890625 0.6308590781250001 0.5439736015625 0.6142628203125 0.7094927203125
0 0.6675848890625 0.5234722390625001 0.9910201375 0.566863746875 0.9941676234375001 0.3865443859375 0.6832531859375 0.36452751562499996 0.6675848890625 0.5234722390625001
0 0.708308159375 0.1870188515625 0.992121190625 0.1896863 0.9970393874999999 0.22202115781249998 0.9988885109375 0.116084953125 0.7325422296874999 0.0632645890625 0.708308159375 0.1870188515625