0 0 0.2570274375 0.46937364062500003 0.24327404062500002 0.45722658593750004 0.030810020312500002 0 0.0466989765625 0 0.2570274375
0 0.47942785 0.2408445359375 0.9695133390624999 0.2143869546875 0.9561579468750001 0.0501101140625 0.5196581499999999 0.027234129687500004 0.45714239843750004 0.029774484375 0.47942785 0.2408445359375
0 0.9696118374999999 0.2155985328125 0.4828353765625 0.24072505937500002 0.446110259375 0.25135913906249996 0.4797127203125 0.475532715625 0.98832661875 0.4457981015625 0.9696118374999999 0.2155985328125
0 0 0.497441096875 0.46633517343750003 0.47911723593750005 0.454460703125 0.24898937187499998 0 0.2619064765625 0 0.497441096875
0 0.057355896875 0.660653775 0.585586803125 0.6639406328125 0.6304698703125 0.5855188234375001 0.62905461875 0.463026925 0.6040874734375 0.4711717609375 0.4717832140625 0.4830801625 0.00955813125 0.4930562515625 0.057355896875 0.660653775
0 0.9597413156249999 0.6425137375000001 0.9930545640625 0.50395378125 0.9897056031250001 0.4627601765625 0.9732990671874999 0.45199515625000003 0.656651584375 0.46621324062499997 0.656996525 0.638590065625 0.9597413156249999 0.6425137375000001
0 0.9876909578124999 0.5449544046875 0.9616976421875 0.64556060625 0.6606566140625 0.6415771953125 0.650013096875 0.6367579515624999 0.6427652765625 0.8208243640624999 0.9955132000000001 0.8236232109375001 0.9970845875000001 0.5535247390625 0.9965020234375 0.546358965625 0.9876909578124999 0.5449544046875
0 0 0.5591735531250001 0.021591940625 0.8247633750000001 0.2943355921875 0.84342624375 0.31642035625 0.8208436484374999 0.3037081109375 0.6644777671875 0.057524271875 0.662724846875 0.00503615 0.50048421875 0 0.500267565625 0 0.5591735531250001
0 0.6170204234375001 0.8404198328125 0.6285818062499999 0.6883952828125001 0.6267897609374999 0.6033021468750001 0.5826002109374999 0.6692377875 0.3052434984375 0.662346959375 0.3279899328125 0.8370537828125 0.6170204234375001 0.8404198328125
0 0.6431179499999999 0.7200787140625 0.6326428078124999 0.7173305421875 0.6269062578125 0.8359192562500001 0.6120775078125 0.8426701218750001 0.615008128125 0.9838016609375 0.994530425 0.99254773125 0.9954926437499999 0.827156378125 0.6429336515624999 0.8228954359375 0.6431179499999999 0.7200787140625
0 0.2997836296875 0.84738916875 0.3212030921875 0.984756971875 0.593027575 0.9866493421874999 0.6045329859375 0.9810534890625 0.6018549265625001 0.84302855625 0.326454540625 0.8391845921875 0.31795574375 0.8187128375 0.2997836296875 0.84738916875
0 0.0216904390625 0.8259749515625 0.0340027953125 0.9774220359375001 0.2934377515625 0.9794995828124999 0.3133777921875 0.9725695 0.289392675 0.8456765328125 0.0216904390625 0.8259749515625