0 0.980211334375 0.1011399640625 0.9536637499999999 0.1040840734375 0.9588601484374999 0.1789335421875 0.9876200296875 0.17574409062500002 0.980211334375 0.1011399640625
0 0.9124018796875 0.1840857328125 0.9588601484374999 0.1789335421875 0.9534991125 0.10242620468750001 0.90908850625 0.10567518281249999 0.9124018796875 0.1840857328125
0 0.859635990625 0.193289690625 0.9124018796875 0.1840857328125 0.90908850625 0.10567518281249999 0.858041 0.1096601890625 0.859635990625 0.193289690625
0 0.7475907109375 0.12358518125 0.746644128125 0.2041442875 0.7687671125 0.2016908625 0.859635990625 0.193289690625 0.8582056390625 0.11131805937499999 0.760370590625 0.1171395171875 0.7475907109375 0.12358518125
0 0.6428307328125 0.2173332484375 0.746644128125 0.2041442875 0.7474260734375 0.1219273109375 0.6318926375 0.129711509375 0.6428307328125 0.2173332484375
0 0.4996486375 0.1494056640625 0.5153406046875 0.2398524578125 0.6428307328125 0.2173332484375 0.632057275 0.131369378125 0.5628174671874999 0.132343515625 0.4996486375 0.1494056640625
0 0.35584923125 0.16535292031249998 0.376459709375 0.26028263906250004 0.5153406046875 0.2398524578125 0.5016962984375 0.1475024515625 0.359615278125 0.1582307578125 0.35584923125 0.16535292031249998
0 0.21971579062500002 0.28101769062500004 0.37424741250000004 0.26052798125 0.3555199546875 0.16203718281249999 0.193857525 0.1782893109375 0.21971579062500002 0.28101769062500004
0 0.0476504171875 0.305128009375 0.21971579062500002 0.28101769062500004 0.19402216249999998 0.17994717968750001 0.10061171093750002 0.1852779546875 0.012119768749999999 0.1950916515625 0.005939003125 0.204110303125 0.007077331250000001 0.2432320953125 0.0282336421875 0.3123097 0.0476504171875 0.305128009375
0 0.9924871546875 0.24727782187499997 0.9876200296875 0.17574409062500002 0.9809317468750001 0.2435309265625 0.9924871546875 0.24727782187499997
0 0.9876200296875 0.17574409062500002 0.897080428125 0.18746100000000002 0.8956399312500001 0.2630464984375 0.9024414640625 0.2639683390625 0.983637959375 0.24825919062500001 0.9876200296875 0.17574409062500002
0 0.8598006281250001 0.19494756093750001 0.793267034375 0.2006499640625 0.7989573453125 0.280473040625 0.89580456875 0.264704365625 0.897080428125 0.18746100000000002 0.8598006281250001 0.19494756093750001
0 0.6915013 0.211935715625 0.695637865625 0.2986356140625 0.796745046875 0.28071838437499996 0.793267034375 0.2006499640625 0.6915013 0.211935715625
0 0.6450430328125 0.21708790625000002 0.5813802875 0.22917644531249998 0.5923183828125 0.31679818593750003 0.695802503125 0.3002934828125 0.6916659390625 0.2135935859375 0.6450430328125 0.21708790625000002
0 0.5153406046875 0.2398524578125 0.4559378203125 0.24979244218750002 0.4736774515625 0.338336025 0.5923183828125 0.31679818593750003 0.583427946875 0.227273234375 0.5153406046875 0.2398524578125
0 0.376295071875 0.25862477031250003 0.31263232812499997 0.270713309375 0.3330781703125 0.3639851578125 0.4736774515625 0.338336025 0.45815012031249996 0.24954710000000002 0.376295071875 0.25862477031250003
0 0.0587119078125 0.303901296875 0.091207071875 0.40589365 0.3330781703125 0.3639851578125 0.31263232812499997 0.270713309375 0.0587119078125 0.303901296875
0 0.8583601296875001 0.2705330578125 0.8589672953124999 0.3442153421875 0.97064205625 0.3200977921875 0.9705288062499999 0.25138911406250003 0.8583601296875001 0.2705330578125
0 0.9924871546875 0.24727782187499997 0.97036416875 0.249731246875 0.9726897156250001 0.3181945796875 0.999566575 0.318566209375 0.9924871546875 0.24727782187499997
0 0.759300609375 0.286547075 0.762449346875 0.36329975625 0.8589672953124999 0.3442153421875 0.8583601296875001 0.2705330578125 0.759300609375 0.286547075
0 0.6474612109375 0.30900675624999996 0.6572468421875 0.38502341093750003 0.762449346875 0.36329975625 0.759300609375 0.286547075 0.6474612109375 0.30900675624999996
0 0.5352925359375 0.3281506984375 0.54557208125 0.409140959375 0.6572468421875 0.38502341093750003 0.6474612109375 0.30900675624999996 0.5352925359375 0.3281506984375
0 0.40337781093749997 0.351160590625 0.42078816718749995 0.43638843437499997 0.54540744375 0.4074830921875 0.5352925359375 0.3281506984375 0.40337781093749997 0.351160590625
0 0.256141634375 0.3775457515625 0.27847050156250003 0.46725651875 0.420623528125 0.43473056562499995 0.40337781093749997 0.351160590625 0.256141634375 0.3775457515625
0 0.0821932390625 0.40521715 0.107392953125 0.5013140546875 0.2675736453125 0.4701410984375 0.24966937812499998 0.3799396484375 0.0821932390625 0.40521715
0 1 0.3229307140625 0.999566575 0.318566209375 0.9726897156250001 0.3181945796875 0.9791105874999999 0.3828514890625 1 0.385682725 1 0.3229307140625
0 1 0.3853052671875 0.97894595 0.38119362031250004 0.9768469015625 0.4501476390625 1 0.4539795328125 1 0.3853052671875
0 1 0.453612721875 0.9768469015625 0.4501476390625 0.9744185765625 0.51578591875 1 0.51837124375 1 0.453612721875
0 1 0.5181627140625 0.9788431750000001 0.515295234375 0.9759209375 0.57595990625 1 0.581310625 1 0.5181627140625
0 1 0.580226228125 0.9759209375 0.57595990625 0.9710230484375 0.6167301421875 1 0.6100999421875 1 0.580226228125
0 0.9030486265625 0.337650625 0.9048802640625 0.4011403484375 0.9167649453125 0.408202984375 0.9770629265625 0.3847547015625 0.97047741875 0.318439921875 0.9030486265625 0.337650625
0 0.8084137015625 0.3531739578125 0.811068528125 0.42495302968750004 0.9048802640625 0.4011403484375 0.9028839906250001 0.3359927546875 0.8084137015625 0.3531739578125
0 0.707800434375 0.37606479375 0.710290621875 0.44618599843749995 0.8090208656250001 0.426856240625 0.8084137015625 0.3531739578125 0.707800434375 0.37606479375
0 0.5981733328125001 0.3982791328125 0.6098419890625 0.47073470781250004 0.710290621875 0.44618599843749995 0.707800434375 0.37606479375 0.5981733328125001 0.3982791328125
0 0.477649378125 0.423378053125 0.4964488421875 0.50007120625 0.6098419890625 0.47073470781250004 0.5959610359374999 0.3985244765625 0.477649378125 0.423378053125
0 0.3443455421875 0.4549226375 0.3634742828125 0.5349315296875 0.4964488421875 0.50007120625 0.47781401562500003 0.42503592343749996 0.3443455421875 0.4549226375
0 0.107392953125 0.5013140546875 0.133323225 0.5822447890625 0.3633096453125 0.5332736609375 0.3465578421875 0.45467729375 0.107392953125 0.5013140546875
0 0.97971775 0.4565337734375 0.9796971296875 0.4112806125 0.9772275640625001 0.3864125703125 0.9559277671874999 0.3971553421875 0.9512871453124999 0.463038965625 0.97971775 0.4565337734375
0 0.912175709375 0.40703579999999995 0.9004556656249999 0.401631034375 0.8570328828125 0.41482722968749997 0.8612414546875 0.47972948281249994 0.9511225078125 0.46138109531250004 0.95355083125 0.395742815625 0.912175709375 0.40703579999999995
0 0.76100885 0.43888525468750006 0.765382059375 0.5054453750000001 0.8614060921875 0.481387353125 0.8546559468750001 0.4134147046875 0.76100885 0.43888525468750006
0 0.6558063453125 0.46060890624999995 0.6671457265625 0.529748740625 0.7677589953124999 0.5068579015625 0.7586319140625 0.437472725 0.6558063453125 0.46060890624999995
0 0.5442962203125 0.4863843265625 0.5513756421875 0.5576727140625 0.6649334265625 0.529994084375 0.6578540046875 0.4587056953125 0.5442962203125 0.4863843265625
0 0.4201708578125 0.5202632796875 0.43626411093749995 0.592228165625 0.5513756421875 0.5576727140625 0.5442962203125 0.4863843265625 0.4201708578125 0.5202632796875
0 0.2867023859375 0.5501499921875 0.30787878750000003 0.6282556734375 0.43626411093749995 0.592228165625 0.4223831546875 0.5200179375 0.2867023859375 0.5501499921875
0 0.133323225 0.5822447890625 0.1152749421875 0.535638628125 0.098235103125 0.5442328437499999 0.1248033078125 0.586541896875 0.1461443484375 0.666305446875 0.29427572031250004 0.6264119890625001 0.2756408921875 0.5513767046875 0.133323225 0.5822447890625
0 0.9744185765625 0.51578591875 0.9775054515624999 0.456779115625 0.8963089562500001 0.4724882640625 0.9000236156250001 0.5324169078125001 0.9744185765625 0.51578591875
0 0.9737086406250001 0.5762052484375 0.9766308765625 0.5155405765625 0.9395157140625001 0.52468500625 0.9430657359374999 0.5829557796875 0.9737086406250001 0.5762052484375
0 0.9004867624999999 0.6496944859375 0.9440741828125001 0.6381561578125 0.9452986546875 0.6279635984375 0.9689753874999999 0.618633353125 0.971660978125 0.578108459375 0.897430653125 0.59639731875 0.9004867624999999 0.6496944859375
0 0.8558908953125 0.6060324328125 0.941018075 0.5848589921875 0.9395157140625001 0.52468500625 0.8543885343750001 0.545858446875 0.8558908953125 0.6060324328125
0 0.7491346453125 0.63463290625 0.7499578328125 0.6429222546875 0.7620997796875 0.6750982750000001 0.7787383328125 0.6849859640625 0.900322125 0.6480366156249999 0.89538299375 0.5983005312499999 0.7491346453125 0.63463290625
0 0.743372325 0.576607475 0.7491346453125 0.63463290625 0.8558908953125 0.6060324328125 0.854553171875 0.547516315625 0.743372325 0.576607475
0 0.8024972203124999 0.49630094375 0.808753453125 0.5592999859375001 0.9000236156250001 0.5324169078125001 0.8940966578125 0.4727336078125 0.8024972203124999 0.49630094375
0 0.7147770812500001 0.581454796875 0.8067057921874999 0.561203196875 0.8002849234375 0.4965462875 0.7066378249999999 0.5220168359375 0.7147770812500001 0.581454796875
0 0.5952923375 0.5494501265625 0.6064670828125001 0.616932090625 0.71527099375 0.5864284046875 0.7066378249999999 0.5220168359375 0.5952923375 0.5494501265625
0 0.47968689375 0.5790319703125 0.4934032078125 0.64958433125 0.6064670828125001 0.616932090625 0.5930800390625001 0.54969546875 0.47968689375 0.5790319703125
0 0.3536785046875 0.6164720046875 0.37181941875 0.68653368125 0.493567846875 0.6512422015625 0.47968689375 0.5790319703125 0.3536785046875 0.6164720046875
0 0.30787878750000003 0.6282556734375 0.2922280578125 0.6283152000000001 0.1463089859375 0.6679633171875 0.1174358515625 0.6024440921875 0.10449133749999999 0.6072318859375 0.1314814453125 0.676312190625 0.1518346578125 0.746128525 0.37165478125 0.684875809375 0.3538431421875 0.6181298734375 0.30787878750000003 0.6282556734375
0 0.7147770812500001 0.581454796875 0.7132233328125 0.5883316171875 0.6042547828125 0.6171774328125 0.613052590625 0.68324686875 0.628209403125 0.678213734375 0.623527540625 0.653591034375 0.7379085140625 0.63420175 0.7513469421875001 0.634387565625 0.743372325 0.576607475 0.7147770812500001 0.581454796875
0 0.485047928125 0.6555393109375001 0.5006472671875 0.7225305890625 0.613052590625 0.68324686875 0.60630244375 0.615274221875 0.485047928125 0.6555393109375001
0 0.35871026562499997 0.6896636046875 0.3768511796875 0.7597252796875 0.5008119062499999 0.7241884578125 0.48283562968749993 0.655784653125 0.35871026562499997 0.6896636046875
0 0.1472454234375 0.7449613390625001 0.1663741640625 0.8249702328125 0.3770158171875 0.7613831484375 0.3588749015625 0.6913214734375 0.1472454234375 0.7449613390625001
0 0.4985996078125 0.7244338015625 0.5108341859375 0.7800653343749999 0.6034934578125 0.7446475671874999 0.5970932078125 0.72524381875 0.61298058125 0.705044515625 0.6111695671875 0.686807953125 0.4985996078125 0.7244338015625
0 0.3768511796875 0.7597252796875 0.39449818125 0.8248133484375 0.5108341859375 0.7800653343749999 0.5008119062499999 0.7241884578125 0.3768511796875 0.7597252796875
0 0.1663741640625 0.8249702328125 0.186068825 0.8881550875 0.3853197109375 0.8224789781249999 0.39449818125 0.8248133484375 0.3768511796875 0.7597252796875 0.1663741640625 0.8249702328125
0 0.623527540625 0.653591034375 0.628209403125 0.678213734375 0.63018505625 0.6981081687499999 0.61298058125 0.705044515625 0.5970932078125 0.72524381875 0.601445796875 0.7465507796875 0.6426562796875 0.7335999281250001 0.642347625 0.7755373484375 0.7017196453125 0.8779013328125 0.7452350562500001 0.888160653125 0.858792840625 0.8604820203125 0.862723525 0.8550177281250001 0.8255877421875001 0.8189089953125 0.7891105078125 0.789431740625 0.79287655625 0.7823095796875 0.8809672140625 0.7909777890624999 0.8677654296874999 0.770652196875 0.8477621125000001 0.7494047640625 0.7859617734375 0.7126790625 0.7834922062499999 0.68781101875 0.75955820625 0.672027878125 0.7447100453125 0.6351235921875 0.623527540625 0.653591034375
0 0.05806383281250001 0.500080109375 0.03171165625 0.39237812031249997 0.0134061046875 0.320658575 0.0087673796875 0.301315284375 0.014886628125 0.511620215625 0.0435655703125 0.5117447234375 0.05806383281250001 0.500080109375
0 0.097422390625 0.7387537875 0.1014970921875 0.6896942015625 0.041682546875 0.5153058046875 0.014841346875 0.5100639859375 0.015056559375 0.5174603921875 0.0391720703125 0.7602988578125001 0.097422390625 0.7387537875
0 0.0950454546875 0.7373412609375001 0.039336707812499996 0.7619567265625 0.05217845 0.891270546875 0.13001018125 0.8642016546875 0.1386021078125 0.8381069015625 0.10584968125000001 0.7110011640625 0.0950454546875 0.7373412609375001
0 0.164460375 0.94083528125 0.13876674687499999 0.8397647703125 0.13017481875 0.865859525 0.05217845 0.891270546875 0.0628394859375 0.9986250999999999 0.11289973906249999 0.9965853015624999 0.1593978484375 0.9799476484375 0.164460375 0.94083528125
0 0.1551378859375 0.982096203125 0.11634386875 0.9964449640625 0.18136080937500001 0.9937957265625 0.164460375 0.94083528125 0.1551378859375 0.982096203125
0 1 0.6122265796875 0.9541478484375 0.6269822296875 0.9546623828125 0.6772089984375 0.9178764968750001 0.6896691671874999 0.92517194375 0.69556461875 1 0.6759853921875 1 0.6122265796875
0 1 0.6754511140624999 0.8638861328124999 0.709065684375 0.8780963640625 0.784591653125 0.79287655625 0.7823095796875 0.788781234375 0.786116003125 0.90223624375 0.892538984375 0.9011044015625 0.926187059375 0.91569529375 0.9379779609375 1 0.928628625 1 0.6754511140624999