0 0.24811396718749998 0.6921774984375 0.383966134375 0.66510195625 0.3750760421875 0.48480266875 0.23597874062500002 0.5001215875 0.24811396718749998 0.6921774984375
0 0.027936551562500002 0.49057827343750005 0.0465137859375 0.6291499375 0.09420070781249999 0.71953623125 0.24397830156250003 0.6910782234374999 0.228178328125 0.5024058328125001 0.1645735859375 0.47097405468750003 0.027936551562500002 0.49057827343750005
0 0.096504003125 0.7223272671875 0.0461998390625 0.6261614078125 0.057761528124999996 0.774488640625 0.11905688437499999 0.9178784984374999 0.2675786890625 0.8774663687500001 0.248427915625 0.6951660265624999 0.096504003125 0.7223272671875
0 0.26773566249999997 0.8789606359375 0.394531625 0.842215215625 0.388572721875 0.6706840265625 0.24214592812500002 0.692769984375 0.26773566249999997 0.8789606359375
0 0.22755043437500003 0.49642877187499995 0.38287645625 0.48251842500000003 0.3725736 0.288770753125 0.21583481718750003 0.2892327140625 0.15939954843749998 0.306914190625 0.1667199046875 0.472270825 0.22755043437500003 0.49642877187499995
0 0.029768925 0.48888651406249994 0.1691801734375 0.476556125 0.157410203125 0.3071116875 0.025328446875 0.3126750328125 0.0056277578125 0.32241400625 0.007358785937499999 0.42158454843750004 0.013174946875 0.464866471875 0.029768925 0.48888651406249994
0 0.15526388124999999 0.3058149171875 0.20986677656250002 0.2898251984375 0.29205788906249996 0.2877049640625 0.29405028125 0.23013290937500003 0.016537928125 0.2289961875 0.004052390625 0.23216131718750002 0.005598453125 0.320735134375 0.023339099999999998 0.312872528125 0.15526388124999999 0.3058149171875
0 0.28651555 0.1584081859375 0.0025061703125 0.14357838125 0.0041005546875 0.23492059062499998 0.2937363328125 0.227144378125 0.28651555 0.1584081859375
0 0.28991156875 0.28640819375 0.344251825 0.2870528875 0.33101169218750004 0.19928623750000002 0.2934223875 0.22415585 0.28991156875 0.28640819375
0 0.340116159375 0.2859536125 0.4002674828125 0.28451155781250004 0.393258028125 0.1795180109375 0.327189971875 0.20117549218750003 0.340116159375 0.2859536125
0 0.28630726875 0.13729097968749998 0.293579359375 0.22565011406250002 0.3348334109375 0.19739698125 0.3356756796875 0.10974213125000001 0.28630726875 0.13729097968749998
0 0.32917931875 0.20097799843750003 0.3952473734375 0.1793205140625 0.394833853125 0.07971154531249999 0.33766502656249997 0.1095446359375 0.32917931875 0.20097799843750003
0 0.47671406406249994 0.01722821875 0.45451730156250003 0.016412134375 0.395881359375 0.07054845781249999 0.39906909375 0.17743125937499998 0.47963916093750003 0.14074543281250002 0.47671406406249994 0.01722821875
0 0.4022568296875 0.2843140625 0.47675319062500005 0.2663493953125 0.47335717343750006 0.13834938593749999 0.39111170624999997 0.178221240625 0.4022568296875 0.2843140625
0 0.40617203125 0.4937943640625 0.481190625 0.4999354328125 0.478428590625 0.2631633703125 0.40424617500000004 0.2841165671875 0.40617203125 0.4937943640625
0 0.3810440828125 0.484210184375 0.4044966328125 0.4969803890625 0.4067064421875 0.2884018671875 0.3744059734375 0.28707899375 0.3810440828125 0.484210184375
0 0.47507779218749996 0.26953541875 0.5732893421874999 0.24770654687500002 0.58674385 0.2418412875 0.5883740296875 0.1042832046875 0.5660202953125 0.101972853125 0.47183874687499994 0.1430296765625 0.47507779218749996 0.26953541875
0 0.5014226359375 0 0.47456774375000005 0.015931448437500002 0.4774928421875 0.13944866250000001 0.5640309484375 0.10217034843749999 0.56038894375 0 0.5014226359375 0
0 0.5586252609375 0 0.5640309484375 0.10217034843749999 0.5923527234375 0.1038882140625 0.71391420625 0.0555836640625 0.7151744453125 0 0.5586252609375 0
0 0.5887331953125 0.24164379062500002 0.726417734375 0.21287648906249998 0.7298289812500001 0.0540037046875 0.5923527234375 0.1038882140625 0.5887331953125 0.24164379062500002
0 0.8552721968749999 0 0.7275256859375 0.05121266875 0.7284070828125 0.21267899375 0.9331015171875 0.1712197984375 0.9370155468749999 0 0.8552721968749999 0
0 0.7134627328125001 0 0.7136002578125 0.0525951328125 0.84415518125 0 0.7134627328125001 0
0 0.950018703125 0 0.93294454375 0.169725534375 0.9701142375 0.15999606718749998 0.9580059562500001 0 0.950018703125 0
0 0.48365089218749996 0.504220734375 0.577672421875 0.5190442046875 0.5870577953125 0.2448298171875 0.47889951249999996 0.267646165625 0.48365089218749996 0.504220734375
0 0.5796617671875001 0.5188467078125 0.7070825796875 0.5454529078125 0.728878003125 0.217161790625 0.5885762234375 0.2401495265625 0.5796617671875001 0.5188467078125
0 0.710590353125 0.5405751234375 0.9118252796874999 0.580991215625 0.94074495625 0.1674412875 0.72856405625 0.214173259375 0.710590353125 0.5405751234375
0 1 0.40621604375000003 0.9745638515625 0.164083871875 0.9331015171875 0.1712197984375 0.91166830625 0.5794969484375 1 0.6012159640625 1 0.40621604375000003
0 0.5699111343750001 0.770449625 0.693455871875 0.8366966984375 0.7070825796875 0.5454529078125 0.577515446875 0.5175499375 0.5699111343750001 0.770449625
0 0.485419775 0.712404265625 0.571586534375 0.7672635999999999 0.577672421875 0.5190442046875 0.48579721249999996 0.5055175046875 0.485419775 0.712404265625
0 0.4800796296875 0.7189738109375 0.4822894390625 0.5103952890625 0.40831835312500003 0.49509113437499996 0.40893710937499994 0.6731918703125 0.4800796296875 0.7189738109375
0 0.3836521859375 0.662113425 0.4087801375 0.67169760625 0.4044966328125 0.4969803890625 0.3772223609375 0.48609943906249997 0.3836521859375 0.662113425
0 0.693612846875 0.8381909625 0.8689832187500001 0.938549046875 0.9078465859374999 0.5813862046875 0.7150399671875001 0.5446629296875 0.693612846875 0.8381909625
0 1 0.6022120515625 0.9041818390625 0.5847697234375 0.8729619124999999 0.9381540562499999 0.8971993312500001 0.9583955874999999 1 0.948189915625 1 0.6022120515625
0 0.6957591671875 0.8394877328125 0.6861715984375001 0.9778357953124999 0.8632234625 0.9602587375 0.86746479375 0.9432293359375 0.6957591671875 0.8394877328125
0 0.5567070859375 0.9891787078125001 0.68999331875 0.975946540625 0.689634153125 0.8385859531250001 0.5695971890625 0.7674610937499999 0.5567070859375 0.9891787078125001
0 0.48106364375000005 0.9196860203125 0.554403790625 0.986387671875 0.567607840625 0.767658590625 0.475473040625 0.713391740625 0.48106364375000005 0.9196860203125
0 0.42274773750000005 0.8620617562499999 0.4815345640625 0.9241688140625 0.4756300140625 0.71488600625 0.41354369843749994 0.6787739390625 0.42274773750000005 0.8620617562499999
0 0.3951595203125 0.8481922765625001 0.4206014171875 0.8607649859375 0.40940803125 0.6776746671875 0.3861124546875 0.666398725 0.3951595203125 0.8481922765625001