0 0.172739934375 0.2135691375 0.179721440625 0.174822896875 0.1934972421875 0.00337750625 0.10935718593749999 0.0019088375000000002 0.075333790625 0.190733253125 0.172739934375 0.2135691375
0 0.17471831875 0.21408789375 0.32914875 0.2654018265625 0.3375277109375 0.2648937609375 0.3781827984375 0.006601204687499999 0.19730585 0.0034439859375 0.18216525781249998 0.17275856875 0.17471831875 0.21408789375
0 0.488932246875 0.31000402031249996 0.5442033687500001 0.03775350625 0.4743366390625 0.0082795765625 0.380281453125 0.0066378375 0.338458578125 0.2597275953125 0.488932246875 0.31000402031249996
0 0.63160095625 0.047144534375000005 0.5480434843750001 0.02793993125 0.495681615625 0.29554303125 0.6362633734375 0.3432256828125 0.7059652468750001 0.082874453125 0.63160095625 0.047144534375000005
0 0.6440602546875 0.3344496140625 0.780568603125 0.370243671875 0.8499216890625 0.1233266109375 0.7068961140625001 0.0777082875 0.6440602546875 0.3344496140625
0 1 0.1674525328125 0.9611765078125 0.149793778125 0.921608871875 0.1394186890625 0.859348165625 0.1285034671875 0.8534130203125001 0.12694720312500002 0.78301241875 0.36817934375 0.7910425937500001 0.3811054484375 0.9284818093749999 0.41173333906250004 1 0.17967809375 1 0.1674525328125
0 1 0.18606169687500002 0.92894724375 0.40915025624999996 1 0.433943809375 1 0.18606169687500002
0 1 0.43616597500000004 0.9324385734374999 0.412770846875 0.8709978609375 0.6157755015624999 0.9867915249999999 0.6515481796875 1 0.6210718749999999 1 0.43616597500000004
0 0.931973140625 0.41535392968749996 0.7989561203125 0.383180465625 0.7846420140625 0.3821322671875 0.73192905 0.5711946859375 0.7390283546874999 0.5892869546874999 0.8676231781249999 0.62300599375 0.931973140625 0.41535392968749996
0 0.78010316875 0.37282675468750004 0.6499954 0.336005878125 0.5970502953125 0.5493535515625 0.7271580640625 0.5861744265625 0.78417658125 0.38471535 0.78010316875 0.37282675468750004
0 0.6387071890625 0.3411613546875 0.5046426562499999 0.30330296875 0.4635678421875 0.5197631687500001 0.5912317984375 0.5586483734375001 0.6446423359375 0.3427176171875 0.6387071890625 0.3411613546875
0 0.5023154875 0.3162183828125 0.502198840625 0.3053672984375 0.4913760640625 0.307939690625 0.353354765625 0.269043796875 0.31286203281249997 0.493772 0.45239627968749996 0.53576973125 0.5023154875 0.3162183828125
0 0.3459066734375 0.264385696875 0.33950609374999996 0.265412515625 0.3286833171875 0.267984909375 0.192058321875 0.2213397671875 0.166927209375 0.45280108593749996 0.30890526875 0.492734490625 0.3459066734375 0.264385696875
0 0.07486835625 0.1933163359375 0.0343756234375 0.41804453906249994 0.16297044375 0.451763578125 0.186123175 0.219783503125 0.1722745015625 0.216152221875 0.07486835625 0.1933163359375
0 0.1743753015625 0.45745918750000003 0.16646177499999998 0.45538416875000004 0.033910190624999996 0.420627621875 0.030922535937500002 0.442212865625 0.0431524296875 0.61710850625 0.155643615625 0.6419062640625001 0.1743753015625 0.45745918750000003
0 0.318331746875 0.4979113453125 0.1783320671875 0.458496696875 0.15773864375 0.653276103125 0.2867989 0.6844120609375001 0.29168652968750003 0.680283403125 0.318331746875 0.4979113453125
0 0.46170610781250004 0.5300955 0.4567018296875 0.523373071875 0.4543746609375 0.536288484375 0.322288509375 0.4989488546875 0.29273404531249997 0.6859683234375 0.4193504859375 0.7191686093749999 0.46170610781250004 0.5300955
0 0.5907663640624999 0.56123145625 0.46508079062499996 0.52286500625 0.46368448906250004 0.5306142546875 0.4373869078125 0.6535647203125 0.42900910000000003 0.700060209375 0.4344788125 0.7041995562500001 0.5486428796875 0.7260193109374999 0.5907663640624999 0.56123145625
0 0.681194465625 0.7607758609374999 0.7286710140625 0.589276265625 0.5980978109375 0.5550384703125 0.595188559375 0.5596858828125 0.5601632296875 0.6965785796875 0.5590002234375 0.7260300015625 0.5684266984375 0.73120685625 0.681194465625 0.7607758609374999
0 0.8577312687499999 0.620412221875 0.7370499734375 0.5887682 0.7306493953125 0.5897950187500001 0.68363828125 0.75871153125 0.69306475625 0.7638883859375001 0.8023411921875001 0.7898367984375 0.8577312687499999 0.620412221875
0 0.9566503624999999 0.64634994375 0.8734416765624999 0.613711171875 0.870649075 0.6292096671875 0.8587787828125 0.6260971421875 0.8114177296875 0.7624603953125 0.8995140453125 0.7909705125000001 0.9566503624999999 0.64634994375
0 0.8487783062500001 0.9345642609375 0.9014924265625 0.791489265625 0.8114177296875 0.7624603953125 0.761729503125 0.9117390640625 0.8487783062500001 0.9345642609375
0 0.8396219984375 1 0.8564596953124999 0.9609245328125 0.8483128734375001 0.9371473437500001 0.7632424531249999 0.9148409031250001 0.7560276531250001 0.931884971875 0.7477653390625 0.943244125 0.726949959375 1 0.8396219984375 1
0 0.6448894828125 0.9162688921875001 0.6483808109375 0.9198894828125 0.7526529703125 0.9391154671875 0.7998973781250001 0.7919011265625 0.6866641765625 0.76491520625 0.6448894828125 0.9162688921875001
0 0.7220087875 1 0.7418301921875 0.9416878609375001 0.6439586140625 0.92143505625 0.63511421875 0.9245262046875 0.612824471875 1 0.7220087875 1
0 0.1749654640625 0.78763916875 0.1860180703125 0.6688066703125 0.1552948296875 0.6553404328125 0.1547127484375 0.6470724296875 0.0478801265625 0.6190596890625 0.046137534375 0.659797478125 0.055105484375 0.788045134375 0.16437598125 0.8119137328124999 0.1749654640625 0.78763916875
0 0.1864835046875 0.6662235875 0.17380245625 0.8170905875000001 0.2958800515625 0.8409853593750001 0.31205243125000004 0.6937389515625 0.1864835046875 0.6662235875
0 0.1698456921875 0.8160530781249999 0.0553203734375 0.7911181953125 0.062041481249999995 0.8872345125000001 0.1590252234375 0.9106003218750001 0.1698456921875 0.8160530781249999
0 0.2914578546875 0.8425309328124999 0.1733370234375 0.8196736703124999 0.1644949359375 0.91473966875 0.27679726875 0.9468917546875 0.2914578546875 0.8425309328124999
0 0.4265652859375 0.7021245390625 0.42132886875000003 0.7196873640625 0.321944340625 0.6963327234375 0.29832386718750004 0.8389210296874999 0.4106262015625 0.8710731171875 0.44437072187500004 0.7067933281250001 0.4265652859375 0.7021245390625
0 0.2807540328125 0.9479292640624999 0.38956503750000004 0.9764607578125 0.4106262015625 0.8710731171875 0.29832386718750004 0.8389210296874999 0.29355288281249997 0.853900775 0.2807540328125 0.9479292640624999
0 0.52874703125 0.89393038125 0.56749583125 0.736373021875 0.44832748437500003 0.7078308375 0.41504839687499995 0.86952754375 0.52874703125 0.89393038125
0 0.49332760000000003 1 0.5199026375 0.8970215296875 0.4126045828125 0.871591871875 0.392008853125 0.97439643125 0.4805576703125 1 0.49332760000000003 1
0 0.528281596875 0.8965134640624999 0.635579653125 0.9219431218749999 0.683754928125 0.7695626171875001 0.5723834625 0.7322443640625 0.528281596875 0.8965134640624999
0 0.609815209375 1 0.63511421875 0.9245262046875 0.5258377828125 0.8985777921875 0.4955983953125 1 0.609815209375 1