0 0 0.43181818125 0.3145161296875 0.4227272734375 0.2661290328125 0.2227272734375 0.3145161296875 0.1863636359375 0 0.2 0 0.43181818125
0 0.6774193546875 0.41818181875000004 0.6612903218749999 0.21818181874999998 0.65322580625 0.16818181875 0.3145161296875 0.18181818125 0.2661290328125 0.2227272734375 0.3225806453125 0.43181818125 0.6774193546875 0.41818181875000004
0 1 0.1863636359375 0.991935484375 0.16363636406249998 0.6612903218749999 0.16818181875 0.6612903218749999 0.21818181874999998 0.6774193546875 0.41363636406250004 1 0.409090909375 1 0.1863636359375
0 0 0.6727272734375 0.33064516093749996 0.6636363640625 0.2822580640625 0.48181818125 0.3145161296875 0.4227272734375 0 0.43181818125 0 0.6727272734375
0 0.701612903125 0.6590909093749999 0.6854838703125 0.47727272656249997 0.6774193546875 0.41818181875000004 0.3145161296875 0.43181818125 0.2822580640625 0.4863636359375 0.33064516093749996 0.6636363640625 0.701612903125 0.6590909093749999
0 1 0.409090909375 0.6774193546875 0.41818181875000004 0.6935483875 0.47727272656249997 0.701612903125 0.6545454546875 1 0.6545454546875 1 0.409090909375
0 0.161290321875 0.790909090625 0.09677419375 0.6727272734375 0.008064515625000001 0.6727272734375 0 0.8136363640625 0.13709677343749999 0.8136363640625 0.161290321875 0.790909090625
0 0.1290322578125 0.6727272734375 0.1774193546875 0.8136363640625 0.59677419375 0.809090909375 0.5887096781250001 0.6636363640625 0.1290322578125 0.6727272734375
0 1 0.6590909093749999 0.70967741875 0.6545454546875 0.6935483875 0.6590909093749999 0.5887096781250001 0.6636363640625 0.604838709375 0.809090909375 1 0.809090909375 1 0.6590909093749999
0 0 0.95 0.10483870937499999 0.9454545453125001 0.0322580640625 0.81818181875 0 0.8136363640625 0 0.95
0 0.36290322656249996 0.8136363640625 0.04032258125 0.8136363640625 0.10483870937499999 0.9454545453125001 0.40322580625000004 0.9363636359375 0.36290322656249996 0.8136363640625
0 0.701612903125 0.8136363640625 0.3709677421875 0.8136363640625 0.40322580625000004 0.9363636359375 0.70967741875 0.940909090625 0.701612903125 0.8136363640625
0 1 0.809090909375 0.701612903125 0.809090909375 0.7177419359375 0.940909090625 1 0.9363636359375 1 0.809090909375
0 0.20161290312500002 1 0.1774193546875 0.9454545453125001 0 0.95 0 1 0.20161290312500002 1
0 0.6209677421875 1 0.6129032265625 0.940909090625 0.40322580625000004 0.9363636359375 0.2258064515625 0.940909090625 0.25 1 0.6209677421875 1
0 1 0.9363636359375 0.70967741875 0.9454545453125001 0.6129032265625 0.940909090625 0.6209677421875 1 1 1 1 0.9363636359375