0 0.018078703125 0.49909957499999996 0.019472628125 0.512341590625 0.02682409375 0.5282064578125001 0.0304361875 0.544529759375 0.0529663484375 0.5786531296875 0.14540524531250001 0.55726075 0.1463567703125 0.5303182843750001 0.1450901265625 0.50029453125 0.156308246875 0.49891922656250004 0.161790028125 0.5150133125 0.1642293953125 0.5381868390625 0.19518982812500002 0.5444508734375 0.2618015921875 0.5295780421875 0.3055075109375 0.3330859328125 0.22407169218749998 0.13516965 0.039287818749999995 0.214828384375 0.0053293359375000005 0.305317446875 0.008467190624999999 0.4850850484375 0.013293884375 0.48962649843749995 0.018078703125 0.49909957499999996
0 0.358837465625 0.44391078593750005 0.3639707640625 0.4566943671875 0.402537225 0.44525979375 0.42345226093750005 0.44604890625 0.44962787656250003 0.4428398640625 0.45675814218750005 0.438612490625 0.4323310921875 0.26053293593750004 0.42228569687500006 0.2550580140625 0.4001979359375 0.2611191265625 0.36128299375 0.26924319375 0.30928024375 0.27897178437500003 0.2846258328125 0.27864110625 0.307377196875 0.332856715625 0.2900408921875 0.4020466171875 0.30005292968749997 0.4611772515625 0.32435885937500003 0.4581974265625 0.33301033125 0.4504303328125 0.34574965625 0.44551530625 0.358837465625 0.44391078593750005
0 0.4298917234375 0.237359409375 0.4582793484375 0.4350727703125 0.5376304375000001 0.41528491250000005 0.5488485578125 0.413909609375 0.5251184703125 0.2424510609375 0.5177670046875 0.22658619375 0.46728545937500005 0.23277506250000002 0.4298917234375 0.237359409375
0 0.62883605 0.31021306875 0.62012401875 0.22745047187499998 0.61663920625 0.19434543437500001 0.606118046875 0.2023417453125 0.57876970625 0.21240101406249998 0.5469850296875001 0.21629770937499998 0.5245487890625 0.2190483171875 0.5273366390625001 0.2455323484375 0.548500078125 0.41059910468750005 0.5656757406249999 0.411846653125 0.5858938140625 0.4060147578125 0.60576340625 0.3968723609375 0.6244602734375 0.3945801875 0.63976625 0.3960569515625 0.62883605 0.31021306875
0 0.7297991390624999 0.29783533125 0.72770825 0.2779723078125 0.72178406875 0.22169374375 0.7169053296875 0.1753466890625 0.618857371875 0.1974267203125 0.621993703125 0.2272212546875 0.6303572546875 0.306673346875 0.6412874562499999 0.3925172296875 0.6468965156250001 0.39182957812499997 0.697029578125 0.3823302046875 0.7419020625 0.3768289890625 0.73271426875 0.30753762500000004 0.7297991390624999 0.29783533125
0 0.802556284375 0.3593333046875 0.84555908125 0.35406130625 0.8219562734375 0.165821021875 0.81647449375 0.1497269375 0.76599295 0.15591580625 0.739817334375 0.15912484843750002 0.7274264890625 0.16735037656250001 0.7169053296875 0.1753466890625 0.7236537546874999 0.2214645265625 0.7295779359375001 0.277743090625 0.7316688250000001 0.29760611406250004 0.7349324375 0.3106189125 0.74085661875 0.366897478125 0.748683846875 0.36929111406250004 0.802556284375 0.3593333046875
0 0.309710328125 0.7148385 0.326537509375 0.7127755453125 0.3407980421875 0.7043207984375 0.31019224843750004 0.50352615 0.3099710484375 0.48343390937499997 0.360579871875 0.46046330468749996 0.35696777968750004 0.44414000312499996 0.34609813906250003 0.44882581093749996 0.33301033125 0.4504303328125 0.3224891734375 0.45842664375000003 0.2985317265625 0.46471697343749996 0.27796516875 0.4672383640625 0.259931903125 0.529807259375 0.21014732343750003 0.542617134375 0.223771453125 0.618071071875 0.23935919062500002 0.7301697671875 0.2505773109375 0.7287944640624999 0.2633166375 0.7238794375000001 0.309710328125 0.7148385
0 0.21318357500000001 0.733378809375 0.22592289999999998 0.7284637859374999 0.23866222656249997 0.7235487609375 0.20640794843750002 0.54307556875 0.184541390625 0.5692289234375 0.1724990265625 0.58076495625 0.17750504375 0.610330271875 0.1865989171875 0.6427476578125 0.1949958296875 0.6685440375 0.2063078703125 0.704042709375 0.21318357500000001 0.733378809375
0 0.15085366718749998 0.627010546875 0.1466718921875 0.5872845015625 0.143884040625 0.5608004703125 0.051445145312499996 0.58219285 0.056926924999999996 0.598286934375 0.0702359328125 0.616774653125 0.08436918593750001 0.62510164375 0.101196365625 0.6230386875 0.11802354687500001 0.6209757312499999 0.1340264859375 0.6290735046875 0.15690512968749998 0.6665073765625 0.15085366718749998 0.627010546875
0 0.34149500312500003 0.7109418062499999 0.44515202187499997 0.6881741234375001 0.4531065296875 0.6737860203125 0.4375187921875 0.5616873250000001 0.42519466718750004 0.4626014265625 0.44962787656250003 0.4428398640625 0.425321946875 0.44581968906249997 0.40066753750000006 0.44548901093750004 0.3658404515625 0.45646515 0.360579871875 0.46046330468749996 0.3103195296875 0.48674441249999995 0.3105407296875 0.5068366531249999 0.34149500312500003 0.7109418062499999
0 0.5527424140625 0.540854840625 0.5449485453125 0.48480549375 0.53610923125 0.41882463281250004 0.45301876874999997 0.4390709265625 0.42706435468750004 0.46237220937499995 0.43938847968749994 0.5614581078125 0.456718625 0.690109321875 0.481024553125 0.687129496875 0.5663331828125 0.669964490625 0.5671574265625 0.6598037625 0.5612332453125 0.6035251984375 0.5527424140625 0.540854840625
0 0.6727174921875 0.5831511484375 0.6638781781249999 0.5171702875 0.656781271875 0.4677419484375 0.649335884375 0.4150031046875 0.647244996875 0.39514008125 0.6416359375 0.3958277328125 0.6263299609375 0.3943509703125 0.60763309375 0.39664314218749996 0.5877635015625 0.405785540625 0.5675454265625001 0.4116174359375 0.5488485578125 0.413909609375 0.5376304375000001 0.41528491250000005 0.5439031 0.47487398281250004 0.5523939312499999 0.5375443375 0.5608847625 0.60021469375 0.5671574265625 0.6598037625 0.6621629718750001 0.6448031734375 0.682381046875 0.6389712796875 0.6727174921875 0.5831511484375
0 0.7920623265625 0.5115150203125001 0.7852199796875 0.42852320781250003 0.778123075 0.37909486718749996 0.7655110296875 0.36722815625 0.7505535359375 0.3690618953125 0.7437717484374999 0.376599771875 0.6951598921875 0.382559421875 0.6468965156250001 0.39182957812499997 0.6586509609375 0.46751273125 0.665747865625 0.5169410703125 0.6745871796875 0.58292193125 0.6861204203125 0.6385128453125 0.8054318953124999 0.6205324296875 0.7960229 0.5311488265625 0.7920623265625 0.5115150203125001
0 0.852174065625 0.614801996875 0.9340918046875 0.6014059296875 0.9192010296875001 0.49592824062499996 0.9174586234375001 0.479375721875 0.9042163359375 0.353576575 0.84555908125 0.35406130625 0.8062956578125 0.3588748703125 0.767380715625 0.36699893906250003 0.7784715578125 0.3824053703125 0.7855684625 0.4318337109375 0.792410809375 0.514825525 0.79637138125 0.53445933125 0.8050834140625 0.6172219265625001 0.81104095625 0.6198447781249999 0.852174065625 0.614801996875
0 0.1909018140625 0.8635330859374999 0.19825328281250001 0.879397953125 0.20512898750000003 0.908734053125 0.214571340625 0.9444619421875 0.2331409296875 0.9589515046875 0.2570983765625 0.9526611765625 0.2671437734375 0.9581360968749999 0.2672710546875 0.9413543609374999 0.25329844218750003 0.8625899218749999 0.23292588749999998 0.7410181484375 0.237141021875 0.72708848125 0.2150532609375 0.7331495921875 0.2137532578125 0.7567815546875 0.2116290109375 0.79057424375 0.1999351265625 0.8054207796874999 0.1771504046875 0.8048608859374999 0.180065534375 0.8145631812499999 0.1909018140625 0.8635330859374999
0 0.36535237187499997 0.865618615625 0.3630402828125 0.8256633531249999 0.35721002031250004 0.8062587640625001 0.341843484375 0.7142523093750001 0.324667821875 0.7130047625 0.305970953125 0.7152969359375 0.2651863234375 0.7236502203125 0.24905610625 0.7323341859375 0.23935919062500002 0.7301697671875 0.23514405625 0.7440994359374999 0.2529499609375 0.8592794156249999 0.266922571875 0.93804385625 0.272752834375 0.9574484453125001 0.301146615625 0.9573206890625 0.3509311984375 0.9445108140625 0.3745401640625 0.9349099796875 0.36535237187499997 0.865618615625
0 0.4871971359375 0.90768570625 0.458936790625 0.6931906078125001 0.4534550109375 0.677096525 0.44702170781249995 0.68794490625 0.341843484375 0.7142523093750001 0.35686154062500003 0.8029482609375 0.3630402828125 0.8256633531249999 0.3650038890625 0.8623081125000001 0.375237128125 0.9415309875 0.3868037296875 0.9434661859375 0.47433052968749995 0.9293824687500001 0.48333048125 0.9249258796875001 0.4871971359375 0.90768570625
0 0.5761240187500001 0.709002884375 0.56937559375 0.6628850500000001 0.5666816640625 0.6732749953125 0.48289423906250006 0.6869002796875 0.458936790625 0.6931906078125001 0.48684865468750005 0.904375203125 0.4882425796875 0.9176172171875001 0.5110273015625 0.9181771124999999 0.5783360281250001 0.9099252890624999 0.6004237890625 0.903864178125 0.5874026999999999 0.798157271875 0.5761240187500001 0.709002884375
0 0.7197352640625 0.8858837640624999 0.7077596203125001 0.79010836875 0.6952142953125 0.6709302296875 0.690208275 0.6413649140625 0.682729528125 0.6422817828125 0.6602932859374999 0.6450323906250001 0.56937559375 0.6628850500000001 0.5754270578125 0.702381878125 0.5867057390625 0.7915362640625 0.6000753078125001 0.9005536749999999 0.6333811890625001 0.89311725625 0.6561659140625 0.8936771531250001 0.7126049984375 0.8901111374999999 0.7197352640625 0.8858837640624999
0 0.2555771703125 0.956200896875 0.2312712421875 0.959180721875 0.2487922140625 0.991921528125 0.2689528390625 0.9912175046874999 0.26375288124999996 0.9619050359375001 0.2555771703125 0.956200896875
0 0.371149271875 0.93867891875 0.3509311984375 0.9445108140625 0.2996254109375 0.9608604109375 0.2712316265625 0.9609881671875 0.26597105 0.9649863218749999 0.270740334375 0.9911550828125 0.3738542265625 0.9875542671875 0.368803825 0.9523793671874999 0.371149271875 0.93867891875
0 0.47433052968749995 0.9293824687500001 0.388673415625 0.94323696875 0.373367440625 0.9417602046875 0.368803825 0.9523793671874999 0.3738542265625 0.9875542671875 0.4874607 0.9835870421875 0.4802880703125 0.9320053203124999 0.47433052968749995 0.9293824687500001
0 0.5989025828125001 0.9074038984374999 0.5802057140625 0.9096960718749999 0.5128969890625 0.9179478953125001 0.490112265625 0.9173880000000001 0.4821577578125 0.931776103125 0.4893530703125 0.9835209578124999 0.5392855359375 0.9817772781249999 0.6058722078125001 0.9736139749999999 0.5989025828125001 0.9074038984374999
0 0.6004237890625 0.903864178125 0.607741896875 0.9733847578124999 0.723662478125 0.9591732828125 0.716344371875 0.8896527015625001 0.6580355984375 0.8934479359375 0.635250875 0.8928880390625 0.6004237890625 0.903864178125
0 0.8283711 0.74849599375 0.8132591234375001 0.622926065625 0.803562209375 0.620761646875 0.6920779640625 0.6411356968749999 0.6948658140624999 0.6676197265625 0.707411140625 0.786797865625 0.7193867828125 0.8825732593750001 0.7365624453125 0.8838208078124999 0.7705652890625 0.8830053984375 0.84383155625 0.8773764265624999 0.84034674375 0.8442713890625001 0.8283711 0.74849599375
0 0.9359614921875 0.6011767125 0.8503043796875 0.6150312140625 0.8151288109375001 0.6226968484375 0.82802261875 0.7451854906250001 0.83964978125 0.8376503796874999 0.84208915 0.8608239078125001 0.8499163781249999 0.8632175421875001 0.8667435593749999 0.8611545859374999 0.96770665 0.8487768484375 0.9359614921875 0.6011767125
0 0.7197352640625 0.8858837640624999 0.7166928515625 0.8929632062499999 0.7255321671875 0.9589440640625 0.843322434375 0.944503371875 0.842404271875 0.9177901234375 0.836701290625 0.8816038 0.7743046625 0.8825469640625 0.7197352640625 0.8858837640624999
0 0.839267940625 0.8879955890625 0.842055790625 0.9144796203125001 0.845192121875 0.9442741546875 0.9798095734375 0.9277705062500001 0.9680551296875001 0.8520873515625 0.8499163781249999 0.8632175421875001 0.84430731875 0.86390519375 0.839267940625 0.8879955890625
0 1 0.8448177921875001 0.9807944578125 0.847172328125 0.9793671703125 0.8875860250000001 1 0.9162473578125001 1 0.8448177921875001
0 1 0.9168913234374999 0.979715653125 0.890896528125 0.9816792609375 0.9275412875000001 1 0.9252952265625 1 0.9168913234374999