0 0.275398871875 0.47069697499999996 0.118965578125 0.47333824375000005 0.0686341296875 0.594507040625 0.0919712921875 0.614992909375 0.21263911562499999 0.603380753125 0.26868180625 0.6056645515625 0.27931816875000004 0.58806581875 0.288047278125 0.5102821203125 0.275398871875 0.47069697499999996
0 0 0.822406203125 0.0025211 0.8232257625000001 0.053890128125000006 0.9019558421875 0.15628225625 0.8971123406249999 0.26504572187500003 0.8820097078125 0.2804186609375 0.843566459375 0.2741939890625 0.7922216390625 0.272496315625 0.7260344875 0.2763840546875 0.6720963953125 0.2666278875 0.6070835328124999 0.21263911562499999 0.603380753125 0.0919712921875 0.614992909375 0.0598945015625 0.6151884265625001 0 0.7707975031250001 0 0.822406203125
0 0.131960109375 0.9622391578125 0.37266701874999997 0.9570213984375 0.38904598125 0.947170090625 0.40215542031249996 0.9161480093750001 0.3933528796875 0.88122763125 0.3011255609375 0.8819773156249999 0.2804186609375 0.843566459375 0.26504572187500003 0.8820097078125 0.16028530624999998 0.89727546875 0.055944048437500005 0.9005368593749999 0.044720821875 0.877539284375 0.03587640625 0.9012217640625 0.0650085625 0.9279545078125 0.09377395468750001 0.9651910765625 0.131960109375 0.9622391578125
0 0.4573909515625 0.539723265625 0.441892184375 0.4669629796875 0.2974680390625 0.47009363593750003 0.2861505421875 0.5071994640625 0.28131969375 0.5881473828125 0.28479879375 0.6033159718750001 0.3790276375 0.60264785 0.4612997296875 0.599989796875 0.45976975937500003 0.58640331875 0.4573909515625 0.539723265625
0 0.4634374015625 0.4813650984375 0.4566469046875 0.503628596875 0.4679854375 0.5807273921875 0.48878660781249994 0.5590348453125 0.649275346875 0.55505615625 0.7396059296875 0.5512238140625 0.736022040625 0.5390563187499999 0.692292346875 0.47115631875 0.4634374015625 0.4813650984375
0 0.505909815625 0.8722903109375 0.5029546640625 0.8421162624999999 0.5107406640625001 0.7913423921875 0.5071462546875 0.722072584375 0.49512658906249996 0.664480884375 0.471307353125 0.6003976171875001 0.37497219375 0.60398526875 0.29080336875 0.603560665625 0.28538565625 0.643912278125 0.280282315625 0.675260615625 0.2744978390625 0.7261160531249999 0.2779350640625 0.7998874984375 0.2843169203125 0.8467306812500001 0.305076215625 0.8836409921874999 0.4735186578125 0.8814891062499999 0.505909815625 0.8722903109375
0 0.5049561890625001 0.8421978265625001 0.505909815625 0.8722903109375 0.4735186578125 0.8814891062499999 0.405362028125 0.881717015625 0.40795041562499995 0.9223948859375 0.41875448125 0.9573968296875 0.4708465171875 0.9580169515625 0.601259990625 0.9543153468750001 0.611309490625 0.8961203109375001 0.5592698484375 0.8939996406249999 0.516535659375 0.7975892671875 0.5049561890625001 0.8421978265625001
0 0.9127746296874999 0.758137209375 0.88943746875 0.737651340625 0.8281132124999999 0.6570128953125 0.5246779046875 0.6792092625 0.516588053125 0.7960887203125 0.55732071875 0.8924175312499999 0.613311015625 0.896201875 0.7682143375 0.8799741265625001 0.8628099453125 0.8688021828125001 0.9198376203124999 0.78547329375 0.9127746296874999 0.758137209375
0 0.6145266171875 0.918791628125 0.627489390625 0.9493734984375 0.8020411968750001 0.9444652140625 0.81083321875 0.92228328125 0.844639040625 0.8725697421874999 0.7682143375 0.8799741265625001 0.615312540625 0.8962834390625 0.6145266171875 0.918791628125
0 0.802040996875 0.65745310625 0.8025649453125 0.642447646875 0.7781169718750001 0.5963709328125 0.7516150781250001 0.5517132 0.649275346875 0.55505615625 0.4887342125 0.5605353890625 0.48441679375 0.5693755375 0.47936584687500006 0.599223328125 0.478737109375 0.6172298828125 0.495231378125 0.66147979375 0.5092525703125 0.7191530546875 0.5192601921875 0.719560875 0.52478269375 0.67620816875 0.802040996875 0.65745310625
0 0.3499371578125 0.23030014062499998 0.3653100984375 0.19185689374999998 0.360919246875 0.08799296250000001 0.3521691 0.0515720375 0.20189756406249998 0.049956362500000004 0.11172416562500001 0.049287065625 0.0897597890625 0.0468893140625 0.036515065624999996 0.079281203125 0.0376258765625 0.10487205 0.05775643125 0.1597889125 0.0742507015625 0.2040388234375 0.0853691375 0.230037490625 0.1675364375 0.23038052968749997 0.30574643125 0.2330073671875 0.3499371578125 0.23030014062499998
0 0.20395148437500002 0.04853738125 0.3561721484375 0.0517351671875 0.361233615625 0.0789896875 0.3746050296875 0.0404648765625 0.37518137500000004 0.0239588703125 0.1390014625 0.014334296875 0.09808025625 0.0382122953125 0.09776588750000001 0.047215571875 0.1197826578125 0.048112778125 0.20395148437500002 0.04853738125
0 0.3746050296875 0.0404648765625 0.5306715609375 0.048327428125 0.54631699375 0.059483765625 0.5375362203125 0.0313079203125 0.49563658281249995 0.028867543750000002 0.3771829 0.024040434375 0.3746050296875 0.0404648765625
0 0.5465581296875001 0.22478851562500002 0.55234260625 0.17393308125 0.5550671406250001 0.0959046890625 0.5286700359375 0.0482458640625 0.3745526359375 0.041965423437499996 0.3591796953125 0.08040866875 0.360919246875 0.08799296250000001 0.365257703125 0.193357440625 0.3780108984375 0.22994149375 0.38991525625 0.2334319703125 0.45201491562499996 0.23445991406250002 0.5401867921875 0.23504764531250003 0.5465581296875001 0.22478851562500002
0 0.56069443125 0.049550890624999996 0.578760546875 0.048784421875 0.632906503125 0.0479855640625 0.71681335625 0.05591289687499999 0.7209735890625 0.0515743875 0.6991140031249999 0.0461755421875 0.673069875 0.03920185625 0.545348784375 0.03176295 0.5464217828125 0.056482671875 0.56069443125 0.049550890624999996
0 0.081208903125 0.2343760015625 0.12131282968749998 0.3487113625 0.1934725078125 0.34864658125000003 0.2796428578125 0.34915275 0.28601419687499996 0.33889362031250003 0.2786787125 0.261957953125 0.2656635421875 0.232876628125 0.1675364375 0.23038052968749997 0.081208903125 0.2343760015625
0 0.29765657968750003 0.34988682656250003 0.2879633265625 0.3404757296875 0.2815395921875 0.3522354046875 0.1193113046875 0.3486297984375 0.14819200625 0.439967584375 0.16805006718749999 0.44528486562499997 0.2221960234375 0.4444860046875 0.3022570109375 0.44774857343749996 0.3644090640625 0.447275971875 0.3789436859375 0.4328414609375 0.371660596875 0.35440524687499997 0.29765657968750003 0.34988682656250003
0 0.379960028125 0.231523603125 0.3651529140625 0.1963585328125 0.3498847625 0.2318006875 0.30374490625 0.23292580312500002 0.2737220359375 0.2317023390625 0.28268176093749997 0.26212108125 0.2879633265625 0.3404757296875 0.3016596296875 0.3500499546875 0.4478757203125 0.3530030484375 0.4566677421875 0.33082111406250003 0.4519625203125 0.2359604578125 0.3898628625 0.2349325171875 0.379960028125 0.231523603125
0 0.4478757203125 0.3530030484375 0.37171299375 0.3529047015625 0.382579971875 0.44350840937499997 0.42450720000000003 0.4482223484375 0.5026190578125 0.44990280625 0.5288484578125 0.4449609578125 0.5419473796875 0.35683656406250003 0.47389554062499994 0.3540633828125 0.456562953125 0.33382220625 0.4478757203125 0.3530030484375
0 0.22614667812499997 0.4461496796875 0.1700515921875 0.4453664296875 0.148034821875 0.4444692234375 0.1597296 0.45396188281249994 0.1631563046875 0.47063101874999996 0.2753464765625 0.4721975203125 0.284306203125 0.5026162609375 0.29752043281249996 0.46859308750000006 0.3115311046875 0.4691640375 0.306207665625 0.449412246875 0.22614667812499997 0.4461496796875
0 0.3789436859375 0.4328414609375 0.3603536203125 0.44861338906250003 0.3122122390625 0.4496569390625 0.31558655 0.4678266203125 0.43989065937499994 0.46688141562499996 0.452643853125 0.50346546875 0.465491321875 0.4799461171875 0.46253616875 0.44977206875000003 0.4225580703125 0.446640240625 0.382579971875 0.44350840937499997 0.3789436859375 0.4328414609375
0 0.5681557421875 0.237690090625 0.5527198890625 0.2205315703125 0.5401867921875 0.23504764531250003 0.45596557187500003 0.2361235875 0.45661534843749996 0.33232166093750004 0.4719464109375 0.3524812734375 0.54805674375 0.354080165625 0.7063343765625001 0.35602209687499997 0.7220216875000001 0.308575575 0.732280765625 0.24437835312499998 0.6662304515625 0.24168673593749998 0.5681557421875 0.237690090625
0 0.5455417890625001 0.426106371875 0.5608204578125 0.4477665296875 0.6891800109374999 0.44548390781249997 0.7083359015624999 0.3561036625 0.54805674375 0.354080165625 0.542429453125 0.4004339625 0.5455417890625001 0.426106371875
0 0.7537001546875 0.14757694062499999 0.7673335453125001 0.10154939999999998 0.71681335625 0.05591289687499999 0.634908028125 0.048067128125000004 0.5565865921875 0.0523888546875 0.5475325953125 0.0820735171875 0.556963875 0.0989873453125 0.5563980500000001 0.1725956640625 0.5527198890625 0.2205315703125 0.5703144515624999 0.233270015625 0.666282846875 0.24018618906250003 0.7304364265625 0.23979515 0.7537001546875 0.14757694062499999
0 0.6891800109374999 0.44548390781249997 0.5608204578125 0.4477665296875 0.5475433140625 0.42618793750000006 0.538216825 0.4062730171875 0.5328515078125 0.44512408593749997 0.5005651390625 0.45132178749999996 0.46253616875 0.44977206875000003 0.465491321875 0.4799461171875 0.6964001859375 0.4683183546875 0.699187634375 0.445891728125 0.6936022203125 0.43364266718750005 0.6891800109374999 0.44548390781249997
0 0.7581015265625 0.3085431828125 0.7240232125 0.30865713906250003 0.708388296875 0.354603115625 0.6936022203125 0.43364266718750005 0.719674434375 0.43320245625 0.7319350390625 0.3690868 0.8080977656250001 0.3691851453125 0.80846453125 0.358681325 0.7581015265625 0.3085431828125
0 0.8080453703125 0.37068569375 0.73188264375 0.37058734531250004 0.719674434375 0.43320245625 0.7304366250000001 0.5268072578125 0.784425396875 0.5305100375 0.860483334375 0.5336094765625 0.8673786203124999 0.5083448859375 0.8932831328124999 0.45530400000000004 0.8561867546874999 0.369642140625 0.8080453703125 0.37068569375
0 0.8713292750000001 0.510008559375 0.8830240546875 0.5195012218749999 0.975094190625 0.5232531734375 0.9798097296874999 0.388204034375 0.875730446875 0.3839626953125 0.871151053125 0.40030557499999997 0.895337053125 0.45388501875 0.8713292750000001 0.510008559375
0 0.9189991031250001 0.522469921875 0.882971659375 0.5210017671875 0.8693277500000001 0.5099269953125 0.8605881234374999 0.530608384375 0.7843730015625 0.53201058125 0.7343872796875 0.5284709328125 0.7436089796875 0.5513869437500001 0.755618128125 0.5518763296875 0.7782217609375001 0.593369840625 0.8883056187499999 0.59785586875 0.9189991031250001 0.522469921875
0 0.9210006281249999 0.5225514859375 0.8947817468749999 0.58459565 0.908582840625 0.59116878125 0.9720908500000001 0.5907816796875001 0.9740247906249999 0.5538799 0.975094190625 0.5232531734375 0.9210006281249999 0.5225514859375
0 0.8492283531249999 0.05229285625 0.888996871875 0.061426871875 0.892811759375 0.052000364062500005 0.8188272296875001 0.047691254687500004 0.8192578781250001 0.0495688484375 0.8492283531249999 0.05229285625
0 0.9347175703125 0.07230612187499999 0.990917446875 0.0700882828125 0.99134863125 0.0577394828125 0.8942404749999999 0.0520835765625 0.8889444765625001 0.0629274171875 0.9347175703125 0.07230612187499999
0 0.8434962718750001 0.101647746875 0.855505421875 0.10213713124999999 0.867084890625 0.057528571875000004 0.847226828125 0.0522112921875 0.8071963343749999 0.05058000781250001 0.7996723078125 0.09385115000000001 0.8434962718750001 0.101647746875
0 0.853503896875 0.1020555671875 0.8394932234375 0.10148461718749999 0.7996723078125 0.09385115000000001 0.7881452328125 0.1369591640625 0.8418720296875 0.1481646734375 0.853503896875 0.1020555671875
0 0.9170287374999999 0.11967108281250001 0.9632209890625001 0.11704541875 0.974800459375 0.0724368609375 0.9347175703125 0.07230612187499999 0.8670324968750001 0.0590291171875 0.8575069453124999 0.10221869531250001 0.9170287374999999 0.11967108281250001
0 0.9033429515625 0.16719916875000002 0.9496923890625 0.16007186874999998 0.9612194640625 0.1169638546875 0.916976340625 0.1211716265625 0.8575069453124999 0.10221869531250001 0.8417672406250001 0.15116576406249999 0.9033429515625 0.16719916875000002
0 0.990917446875 0.0700882828125 0.974800459375 0.0724368609375 0.963273384375 0.1155448734375 0.98913601875 0.121106846875 0.990917446875 0.0700882828125
0 0.987564171875 0.1661232265625 0.98913601875 0.121106846875 0.9632209890625001 0.11704541875 0.9517463078124999 0.1586528875 0.9655474015625 0.1652260203125 0.987564171875 0.1661232265625