0 0.7901759984375001 0 0.800258825 0.166077590625 0.991520365625 0.2029986796875 0.960704475 0 0.7901759984375001 0
0 0.68519340625 0 0.7051141765625 0.1615296078125 0.7870097828125 0.17060207031250002 0.8007094374999999 0.1639458734375 0.7902849203125 0 0.68519340625 0
0 0.7344288765625 0.51274289375 0.825986759375 0.6364664703125 0.7893122828125 0.1755694734375 0.702066146875 0.1618512828125 0.7344288765625 0.51274289375
0 1 0.25885800625 0.9919251765625001 0.20566536562499999 0.797350015625 0.1622162515625 0.8275272515625 0.6415142890625 0.9984344234375 0.88503948125 1 0.8849627124999999 1 0.25885800625
0 1 0.89013159375 0.9984509015624999 0.890248140625 0.8275437265625 0.646722946875 0.8549076812499999 0.9595851671875 1 0.944394953125 1 0.89013159375
0 0.7728069468750001 0.9338610796875001 0.8072371640625 0.9648245109375001 0.8547864203125 0.95980638125 0.8246349203125 0.6428616140625001 0.730323925 0.5163023484375 0.7728069468750001 0.9338610796875001
0 0.6156510921875 0 0.6270121296875 0.146846390625 0.67905023125 0.16323819687500002 0.7025167609375 0.1597195671875 0.6849031109375 0 0.6156510921875 0
0 0.6772313 0.1665563953125 0.7069966125 0.51563796875 0.73428965625 0.51692590625 0.699624428125 0.161066890625 0.6772313 0.1665563953125
0 0.626700734375 0.1447950921875 0.20619544374999998 0.17979457968749998 0.1274796796875 0.212069709375 0.231104534375 0.6804901828125 0.7154792234375 0.64291853125 0.676174375 0.169794178125 0.626700734375 0.1447950921875
0 0.7148729125 0.6440245984375 0.2343082625 0.6811941546875 0.30090749843750003 0.9958662109375 0.5344736640625001 0.9917892984375 0.7492835828125 0.9676060124999999 0.7148729125 0.6440245984375
0 0.2554500796875 0.810264959375 0.1739086265625 0.4312169 0.029055478125 0.453404453125 0.031969878125000004 0.49888304687499996 0.0838544375 0.8406709140625 0.2554500796875 0.810264959375
0 0.1273239828125 0.2110440609375 0.137352821875 0.20060694843750002 0.208170071875 0.1775020265625 0.17842456874999998 0.027455546874999997 0.00272958125 0.0425945296875 0.0287193234375 0.4481588328125 0.1761946484375 0.4309756421875 0.1273239828125 0.2110440609375
0 0.22990265468749999 0.8306764671875 0.08557187968749999 0.8438243171875 0.1091604359375 0.9992131687500001 0.27083385937500004 0.9963911484375 0.2340570390625 0.8427429890625 0.22990265468749999 0.8306764671875
0 0.0838544375 0.8406709140625 0.23127097187499998 0.8294899828125001 0.2722475890625 0.9963664718749999 0.2985943859375 0.9959065875 0.25912089374999997 0.8140458765625 0.0838544375 0.8406709140625
0 0.41883096093749994 0 0.18116120468750002 0.025082576562499997 0.21137379687500002 0.1782059984375 0.62578303125 0.143849865625 0.6141148546874999 0 0.41883096093749994 0