0 0.536551446875 0.322862221875 0.9319395390625 0.29756179843749997 0.9522451375 0.127620965625 0.5392893109375 0.1584069421875 0.536551446875 0.322862221875
0 0.0800837359375 0.177925859375 0.13174392031249998 0.344092434375 0.5185600015625 0.3238057859375 0.51230214375 0.159822290625 0.0800837359375 0.177925859375
0 1 0.2968860734375 0.9405115515625001 0.2925480234375 0.8068468421875 0.3132507375 0.7929947015625001 0.4554678375 1 0.4488046828125 1 0.2968860734375
0 0.52439415 0.4832472890625 0.784422690625 0.4604816125 0.7888553968750001 0.31419430312499996 0.5194074234375 0.3328897703125 0.52439415 0.4832472890625
0 0.23154429375 0.347986809375 0.26394189843750004 0.5014709734375 0.5153984281249999 0.48371907187499996 0.5194074234375 0.3328897703125 0.23154429375 0.347986809375
0 0.27293762187500004 0.500999190625 0.2225485703125 0.34845859375 0.0268410828125 0.35421864062499997 0.038218378125 0.5043634703125 0.03989625 0.5223495203125 0.27293762187500004 0.500999190625
0 1 0.4531547296875 0.8114098593750001 0.4590662640625 0.7954391671875001 0.5785734046875 0.9929213562499999 0.5636521984375 1 0.5410053921875 1 0.4531547296875
0 0.5518050296875 0.48637393281249997 0.5628215062499999 0.6044657265625 0.7872908640625 0.588129171875 0.7934184125 0.46000982968750004 0.5518050296875 0.48637393281249997
0 0.291352778125 0.5045976171875 0.3027929640625 0.6272314015625 0.5358343359375 0.605881075 0.533813584375 0.4873174984375 0.291352778125 0.5045976171875
0 0.050912726562499996 0.6404413124999999 0.292949821875 0.6186192015625 0.2827807671875 0.50961139375 0.03989625 0.5223495203125 0.050912726562499996 0.6404413124999999
0 0.795862878125 0.583115396875 0.7782951421875001 0.5886009546875 0.7589347656250001 0.6717721578125 0.9474212328125 0.6573227328125 0.983925634375 0.5641239812500001 0.795862878125 0.583115396875
0 0.5452537703125 0.6099512812500001 0.544732259375 0.70126290625 0.74221445 0.6863417 0.769723128125 0.5936147296875001 0.5452537703125 0.6099512812500001
0 0.3027929640625 0.6272314015625 0.310843465625 0.7135292515625 0.5353128265625 0.697192696875 0.54567748125 0.6144932734374999 0.3027929640625 0.6272314015625
0 0.060332159375000007 0.6445115218749999 0.09579354062499999 0.7339360140625 0.3018477453125 0.7140010343750001 0.3027929640625 0.6272314015625 0.060332159375000007 0.6445115218749999
0 0.7499390421875 0.6722439390625 0.732795015625 0.6822714890625 0.728883821875 0.7372471765624999 0.900226265625 0.7328253015625 0.9204340640625001 0.6587380796875 0.7499390421875 0.6722439390625
0 0.5361602484375 0.70627668125 0.550240496875 0.7603088015624999 0.7293075328125 0.74178916875 0.7246467171875 0.6918272562500001 0.5361602484375 0.70627668125
0 0.3292586234375 0.717127678125 0.3368854140625 0.798883534375 0.54251590625 0.7744065609375 0.5361602484375 0.70627668125 0.3292586234375 0.717127678125
0 0.0876452390625 0.74349178125 0.13167863124999998 0.8279025000000001 0.3193176796875 0.8043690921875 0.3112671765625 0.7180712437500001 0.0876452390625 0.74349178125
0 0.06955599375 0.8402889609375 0.1141108984375 0.8333880562499999 0.0696537953125 0.7444353453125 0.06955599375 0.8402889609375
0 0.0598106484375 0.7358231453124999 0.0867978171875 0.734407796875 0.061179581250000004 0.6535955046875 0.051760146875 0.649525296875 0.0598106484375 0.7358231453124999