0 0.6371997140625 0 0.6382797015625 0.024323554687500002 0.655710909375 0.10175939375000001 0.9092505750000001 0.034403959375 0.903660971875 0 0.6371997140625 0
0 0.6530837046875 0.1035008234375 0.7022026703125 0.48941634375 0.717080315625 0.5093406859375 0.7483684359375 0.5228001515625 0.9664955031250001 0.43838974375 0.9690201703125 0.40228532031249997 0.9092505750000001 0.034403959375 0.6530837046875 0.1035008234375
0 0.713805878125 0.5070984046875 0.7015966140625001 0.49165670156249996 0.7310161515625 0.76229303125 0.7664289296875 0.7891984921875 0.945308071875 0.7413841296875 0.966491365625 0.4384489109375 0.7449733671875001 0.5257860125 0.713805878125 0.5070984046875
0 0.72960105625 0.7595537453125 0.7479294703125 0.9022180859375 0.9375568203125001 0.8522321921874999 0.9450087843749999 0.7456641515625 0.765661065625 0.7904429203125 0.72960105625 0.7595537453125
0 0.7236582312500001 0.752828821875 0.72224894375 0.7978902546875 0.4998544625 0.850062 0.515835203125 0.9663351984374999 0.7490209484375 0.9029655109375 0.73457303125 0.760303096875 0.7236582312500001 0.752828821875
0 0.42762014531250003 0.5129315765625 0.46270006874999997 0.794525040625 0.4815434703125 0.8507998062500001 0.7209956546875 0.7961469 0.7227285578125 0.7530773234375 0.6972660687500001 0.44709034843750006 0.42762014531250003 0.5129315765625
0 0.304607078125 0.10208320625 0.3894595328125 0.49299569062500004 0.3979912875 0.5156554640625 0.42745833749999995 0.511935646875 0.6966188359375 0.44310663593750005 0.63512589375 0.016853128125 0.304607078125 0.10208320625
0 0.3921152234375 0 0.30067669375 0.024156140625 0.3126505046875 0.097854840625 0.6332253718749999 0.011126059375 0.6332900359375 0 0.3921152234375 0
0 0 0.1913571140625 0.09741913906250001 0.5523527968749999 0.3849318046875 0.4890100515625 0.30493069375 0.10407506562499999 0.29728452656250004 0.05104235781250001 0 0.123628896875 0 0.1913571140625
0 0 0.1261345734375 0.29724335 0.0448182859375 0.2953811046875 0.021414931249999998 0 0.10390811250000001 0 0.1261345734375
0 0 0.33418568125000003 0.024066684375 0.3277526609375 0.0332810421875 0.3128195078125 0 0.18905834375 0 0.33418568125000003
0 0 0.6743646640625001 0.11279092187499999 0.6469659937500001 0.0961658515625 0.550609440625 0.03453433125 0.3145628625 0.0232988203125 0.32899709062500004 0 0.335722846875 0 0.6743646640625001
0 0.0993196609375 0.558079865625 0.170174253125 0.8508943609375 0.172277759375 0.86384143125 0.184404665625 0.866834990625 0.1887323109375 0.8875009859375 0.25740737187499996 0.874340053125 0.42871109843750005 0.842059934375 0.43271222343750004 0.836833715625 0.4352570703125 0.8226441421875 0.44992882968750003 0.8114481250000001 0.43057096875 0.5131820015625 0.3939901625 0.5208816828125 0.38569966718750004 0.48776562187500005 0.0993196609375 0.558079865625
0 0 0.78396873125 0.027283284375 0.9518971140625 0.1650903546875 0.9270742265624999 0.1679530171875 0.86707579375 0.167708853125 0.853631721875 0.1157417453125 0.6472164203124999 0 0.6761582359375 0 0.78396873125
0 0.1881262546875 0.8897413421874999 0.1814538421875 0.8665845640625 0.16734696093749998 0.8693161515625001 0.165413971875 0.92906608125 0.027627934375000003 0.9540184406250001 0.034407837499999996 0.9957486890625 0.25260100625000004 0.9868579984375 0.227375446875 0.8865242984374999 0.1881262546875 0.8897413421874999
0 0.5009459421875 0.8508094265624999 0.48186708749999996 0.8527916624999999 0.46144678125 0.7927816859375 0.4446158203125 0.665304775 0.4502524484375 0.8134399828125 0.43836970312499995 0.8238904968749999 0.4356218671875 0.8308600703125 0.4325915921875 0.8420618609374999 0.2332359140625 0.8808010796874999 0.2592494484375 0.9865870953125 0.47647024687500006 0.9777360265624999 0.51413766875 0.967828128125 0.5009459421875 0.8508094265624999