0 0.5411991265625 0.3881894078125 0.540676778125 0.46779094375 0.9364082671875 0.582290728125 0.9816399609375001 0.5029954 0.9891594937500001 0.318452875 0.6111449703125 0.198882196875 0.5411991265625 0.3881894078125
0 0.42241536562500004 0.3292036765625 0.5497993343750001 0.3704624875 0.6034852078124999 0.19412208749999998 0.463404653125 0.1544488484375 0.42241536562500004 0.3292036765625
0 0.18445048749999998 0.0663766359375 0.168499046875 0.21961192812500002 0.41259224375 0.1949701359375 0.41691841093750004 0.1519276671875 0.3889597453125 0.1291970640625 0.18445048749999998 0.0663766359375
0 0.41797907656250005 0.15341079062500002 0.41153158124999994 0.1934870140625 0.4571922703125 0.1889033140625 0.46691059062500007 0.1578635625 0.404279271875 0.1387172796875 0.41797907656250005 0.15341079062500002
0 0.9346997171875 0.582876921875 0.6991700171875 0.5168466703125 0.62230113125 0.7039115578125 0.8714418 0.7800482140625 0.977446840625 0.6059019578125 0.9781897984375 0.5876684812499999 0.9538751828124999 0.5605981828125 0.9346997171875 0.582876921875
0 0.540028890625 0.469860259375 0.5528036625 0.3657376609375 0.4214435328125 0.332307653125 0.3954705671875 0.42987628125 0.3480024015625 0.625324278125 0.6161148078124999 0.704187009375 0.696489634375 0.5205368421875 0.540028890625 0.469860259375
0 0.25358198125000003 0.2790780046875 0.1370397671875 0.247028678125 0.0699360015625 0.28113372187499996 0.40032440312500006 0.360794340625 0.25358198125000003 0.2790780046875
0 0 0.5424859 0.3486502890625 0.6232549625 0.3954705671875 0.42987628125 0.395198746875 0.3625529203125 0.07774204375 0.275684975 0.030446484375 0.2871464328125 0 0.384390740625 0 0.5424859
0 0.86631614375 0.7818067937500001 0.5490057203125 0.68472999375 0.5033609984375 0.849999884375 0.8036119609375 0.9187596062500001 0.899693025 0.7823611046875001 0.8860506656249999 0.752871640625 0.86631614375 0.7818067937500001
0 0.2757676546875 0.6076258390625 0.248770728125 0.7766564640625 0.48250304218749995 0.8386858078125 0.554131378125 0.682971415625 0.2757676546875 0.6076258390625
0 0 0.6078743203125 0.007321206249999999 0.7246629671875 0.2508032234375 0.7750356109375 0.2757676546875 0.6076258390625 0 0.543007690625 0 0.6078743203125
0 0.7551381328125 1 0.8074418421875 0.9211396640625 0.5827538984375 0.8643188937499999 0.533864415625 0.98637330625 0.5801627218750001 1 0.7551381328125 1
0 0.33461644687500003 0.804461315625 0.306318421875 0.9240685093750001 0.5270302046875 0.9887180796875 0.5827538984375 0.8643188937499999 0.33461644687500003 0.804461315625
0 0 0.8116995546875 0.0025040781250000002 0.866690028125 0.30299015156250003 0.9298279953125 0.32418746875000004 0.7988042734375 0 0.7230630390624999 0 0.8116995546875
0 0.584319709375 1 0.45715190000000006 0.9683641296875001 0.44870713906250004 1 0.584319709375 1
0 0.45192438749999997 1 0.45715190000000006 0.9683641296875001 0.2435408234375 0.915131084375 0.24551587343749998 0.9283061859374999 0.3593202546875 0.978841640625 0.3711406203125 1 0.45192438749999997 1
0 0.0023342140625000002 0.8945091796875 0.080675353125 0.9198833484375 0.1196941796875 0.8966700421875 0.236706615625 0.9174758562499999 0.003151965625 0.8646207109375 0.0023342140625000002 0.8945091796875
0 0.085432740625 0.11152351093749999 0.12951563906250002 0.12493558125 0.1730810625 0.0832066265625 0.1699565171875 0.0639613 0.10599670624999999 0.04584339375 0.085432740625 0.11152351093749999
0 0.06665694531250001 0.17149231250000002 0.11650043125000001 0.18111787343750002 0.12951563906250002 0.12493558125 0.085432740625 0.11152351093749999 0.06665694531250001 0.17149231250000002
0 0.049669321875 0.2257498 0.1342705515625 0.246131746875 0.1178850390625 0.1815663390625 0.06710398906250001 0.1700644859375 0.049669321875 0.2257498