0 0.1483196375 0.0959927140625 0.1434530515625 0.03041894375 0.0384738390625 0.0613843359375 0.0190074953125 0.1214936234375 0.028045440625 0.3054644796875 0.0801874328125 0.3072859734375 0.1483196375 0.2890710359375 0.1483196375 0.0959927140625
0 0.2706795140625 0.072313296875 0.23105159999999997 0.059562840625 0.163614621875 0.06502732343749999 0.1476244109375 0.1051001828125 0.146929184375 0.3 0.2692890609375 0.3036429859375 0.2706795140625 0.072313296875
0 0.387477578125 0.2963570140625 0.386782353125 0.258105646875 0.390258484375 0.085063753125 0.28458404531250003 0.0613843359375 0.2706795140625 0.0759562828125 0.27206996875 0.27267759687500004 0.3283833203125 0.2763205828125 0.387477578125 0.2963570140625
0 0.5014947359375 0.10145719375 0.3930393921875 0.08142076718749999 0.387477578125 0.3036429859375 0.4994090578125 0.32185792343749997 0.5063613234375001 0.1324225859375 0.5014947359375 0.10145719375
0 0.62594029375 0.159744990625 0.60647395 0.06502732343749999 0.5014947359375 0.059562840625 0.5077517765625 0.14517304375 0.508447003125 0.32185792343749997 0.621768934375 0.34918032656250003 0.62594029375 0.159744990625
0 0.7455192640625 0.159744990625 0.71423406875 0.0632058296875 0.6085596296875 0.06684881718749999 0.6280259734375 0.16338797656249998 0.6266355203125 0.345537340625 0.7420431328125 0.343715846875 0.7455192640625 0.159744990625
0 0.8671839140625 0.13970855937499999 0.8539746109375 0.11056466406250001 0.8206037359374999 0.0923497265625 0.7177102015625 0.074134790625 0.7476049437500001 0.156102003125 0.746214490625 0.3072859734375 0.8553650640624999 0.32367941718750004 0.8671839140625 0.13970855937499999
0 0.8546698375 0.3327868859375 0.8637077828124999 0.3637522765625 0.9707726750000001 0.38378870625 0.9812010734375001 0.20163934375 0.9325352140625001 0.09963570000000001 0.834508265625 0.0905282328125 0.8352034921874999 0.10327869062499999 0.8567555171875 0.11238615625 0.8692695953125 0.13970855937499999 0.8546698375 0.3327868859375
0 0.9234972671874999 0.37103825 0.8623173296875001 0.37103825 0.8546698375 0.5659380703125 0.969382221875 0.56958105625 0.9707726750000001 0.38378870625 0.9234972671874999 0.37103825
0 0.8560602906250001 0.329143896875 0.7441288109374999 0.31275045625 0.7420431328125 0.5185792328125001 0.8546698375 0.5367941703125 0.8623173296875001 0.36921675625 0.8560602906250001 0.329143896875
0 0.6245498406250001 0.3473588328125 0.6252450671875 0.531329690625 0.7392622249999999 0.5440801468750001 0.7455192640625 0.3510018203125 0.6245498406250001 0.3473588328125
0 0.5077517765625 0.3327868859375 0.5077517765625 0.545901640625 0.6210737078124999 0.542258653125 0.6238546140625 0.354644809375 0.5077517765625 0.3327868859375
0 0.387477578125 0.31092896406250004 0.386782353125 0.5185792328125001 0.5077517765625 0.5240437171875 0.5049708703125 0.325500909375 0.387477578125 0.31092896406250004
0 0.340202171875 0.2781420765625 0.30961220156249997 0.2781420765625 0.2692890609375 0.28360655625 0.2692890609375 0.48579235 0.38191576562499996 0.49854280624999997 0.390258484375 0.3054644796875 0.340202171875 0.2781420765625
0 0.14971009062500001 0.3 0.152490996875 0.514936246875 0.2699842875 0.5040072859375 0.26789860781249997 0.3072859734375 0.14971009062500001 0.3
0 0.1490148640625 0.5185792328125001 0.14553873125 0.28724954375 0.0343024796875 0.3 0.023178853125000003 0.343715846875 0.026654987499999998 0.516757740625 0.1490148640625 0.5185792328125001
0 0.146929184375 0.5622950828125 0.1504053171875 0.514936246875 0.039169065625 0.516757740625 0.029435893749999997 0.5367941703125 0.0322167984375 0.729872496875 0.14553873125 0.7244080140625 0.146929184375 0.5622950828125
0 0.26720338125 0.5568306 0.25816543593749997 0.5204007296875 0.15110054374999998 0.513114753125 0.1448435046875 0.560473590625 0.146929184375 0.7225865203125 0.2637272484375 0.7371584703125 0.26720338125 0.5568306
0 0.386782353125 0.5240437171875 0.3798300859375 0.5076502734375 0.3116978828125 0.496721309375 0.26511770156250003 0.5003643 0.2644224765625 0.697085609375 0.348544890625 0.717122040625 0.3833062203125 0.7116575593750001 0.386782353125 0.5240437171875
0 0.386782353125 0.5240437171875 0.386782353125 0.731693990625 0.49732337812500005 0.731693990625 0.5014947359375 0.5349726765625 0.386782353125 0.5240437171875
0 0.5021899624999999 0.5349726765625 0.500104284375 0.74444444375 0.61481666875 0.74080145625 0.621768934375 0.5531876140625 0.5021899624999999 0.5349726765625
0 0.729529053125 0.5495446265624999 0.6210737078124999 0.5477231328125 0.616207121875 0.7462659359375 0.7288338265625 0.75537340625 0.737871771875 0.5896174859375 0.729529053125 0.5495446265624999
0 0.8539746109375 0.57140255 0.8407653046875 0.5440801468750001 0.7441288109374999 0.527686703125 0.7350908671874999 0.5495446265624999 0.74134790625 0.5914389796874999 0.7330051875 0.7517304203124999 0.8484127984375001 0.7517304203124999 0.8539746109375 0.57140255
0 0.851193703125 0.5622950828125 0.8484127984375001 0.7480874328125 0.9554776890625 0.7535519140625 0.95964905 0.5750455359375 0.851193703125 0.5622950828125
0 0.84632711875 0.7571949 0.8449366656249999 0.9520947171874999 0.9540872359374999 0.9466302359375 0.9575633703124999 0.7644808734375 0.84632711875 0.7571949
0 0.7302242796875 0.75901639375 0.732309959375 0.9466302359375 0.8435462109375 0.9502732234375 0.842850984375 0.7608378859375 0.7302242796875 0.75901639375
0 0.6169023484375 0.7480874328125 0.6182928015625 0.9393442640625 0.73091950625 0.94298725 0.73091950625 0.7608378859375 0.6169023484375 0.7480874328125
0 0.5014947359375 0.7480874328125 0.502885190625 0.94116575625 0.616207121875 0.94480874375 0.6169023484375 0.75537340625 0.5014947359375 0.7480874328125
0 0.3860871265625 0.74080145625 0.3860871265625 0.9393442640625 0.500104284375 0.94298725 0.500104284375 0.7480874328125 0.3860871265625 0.74080145625
0 0.3763539546875 0.729872496875 0.2727651953125 0.7189435328125 0.26789860781249997 0.91202185625 0.37843963281250004 0.9357012765625001 0.387477578125 0.75901639375 0.3763539546875 0.729872496875
0 0.199766403125 0.731693990625 0.1476244109375 0.7371584703125 0.152490996875 0.9393442640625 0.2665081546875 0.9338797796874999 0.26511770156250003 0.7389799640625 0.199766403125 0.731693990625
0 0.1448435046875 0.731693990625 0.028740667187500003 0.74262295 0.028045440625 0.9102003640625 0.037083385937500005 0.94480874375 0.1448435046875 0.94116575625 0.1448435046875 0.731693990625