0 0.305623471875 0.27914830468749996 0.22885085625 0.2596274453125 0.1017114921875 0.25279514375 0.0034229812499999997 0.25669931562500004 0.0009779953125 0.4240906953125 0.16625916875 0.45141989843749997 0.3007334953125 0.4528839640625 0.305623471875 0.27914830468749996
0 0.1559902203125 0.2552352515625 0.15012224999999998 0.10931681875000002 0 0.0819876140625 0.0014669921875 0.25669931562500004 0.10220048749999999 0.25181909999999996 0.1559902203125 0.2552352515625
0 0.44987775 0.09077200156250001 0.243031784375 0.10053243125 0.2449877765625 0.26255557343749997 0.2992665046875 0.275732153125 0.44792175937499995 0.2820764328125 0.44987775 0.09077200156250001
0 0.2449877765625 0.2630435953125 0.243031784375 0.1127329703125 0.15110024375 0.11810120625000001 0.15647921874999998 0.2547472296875 0.2293398546875 0.2596274453125 0.2449877765625 0.2630435953125
0 0.7471882640625 0.284516540625 0.7599022 0.108828796875 0.595599021875 0.069299053125 0.5114914421875 0.0717391609375 0.45134474375 0.088819915625 0.44743276249999997 0.28061236875 0.5941320296875 0.2786602828125 0.7471882640625 0.284516540625
0 0.37603912031250003 0.45434802812499997 0.372127140625 0.2825644546875 0.3061124703125 0.2781722609375 0.3022004875 0.4509318765625 0.36136919375 0.457764178125 0.37603912031250003 0.45434802812499997
0 0.7261613703124999 0.28939675625 0.5946210265625 0.27914830468749996 0.37555012187500003 0.2835404984375 0.37799510937499997 0.45922824375 0.5882640578125 0.4748449328125 0.7149144265625 0.46654856562499997 0.7261613703124999 0.28939675625
0 0.28606357031249996 0.6217394078125 0.2953545234375 0.45630011406250004 0.1584352078125 0.4528839640625 0 0.42994695156249996 0.0004889984375 0.5934341578125 0.1584352078125 0.6324758796875 0.28606357031249996 0.6217394078125
0 0.275794621875 0.7837625484374999 0.28361858125 0.6232034703125 0.1584352078125 0.63393994375 0.0004889984375 0.595874265625 0.0004889984375 0.7588734515625 0.1398533 0.80718758125 0.275794621875 0.7837625484374999
0 0.26797065937500003 0.9360252593749999 0.2738386296875 0.7847385906250001 0.1393643046875 0.807675603125 0.0004889984375 0.7608255374999999 0.0004889984375 0.91211220625 0.12713936406249998 0.9799471953125 0.26797065937500003 0.9360252593749999
0 0.2704156484375 0.9355372375 0.12616137031250002 0.9809232390625 0.0014669921875 0.91357626875 0 0.9980039921875001 0.26992665 0.9980039921875001 0.2704156484375 0.9355372375
0 0.336919315625 0.7881547421875 0.3349633265625 0.630035771875 0.34963325156249997 0.62515555625 0.2904645484375 0.6129550203125 0.28264058593749997 0.624667534375 0.276772615625 0.7720500312499999 0.336919315625 0.7881547421875
0 0.43863080625000006 0.6383321375000001 0.4391198046875 0.467524609375 0.37799510937499997 0.4606923078125 0.37799510937499997 0.45483605000000005 0.361858190625 0.457764178125 0.30366748125 0.45141989843749997 0.29633251875 0.4553240703125 0.28655256875 0.6119789765625 0.4317848421875 0.6412602671875 0.43863080625000006 0.6383321375000001
0 0.7070904640625 0.6275956640625 0.715403421875 0.4670365875 0.5892420546875 0.47679701718749995 0.4552567234375 0.46654856562499997 0.444498778125 0.4714287796875 0.4396088015625 0.642236309375 0.5828850859375 0.6646853 0.7070904640625 0.6275956640625
0 0.64645476875 0.8047474734375 0.6533007343749999 0.6441883953125 0.5838630796875 0.6666373859375 0.4391198046875 0.6412602671875 0.4303178484375 0.642236309375 0.3491442546875 0.62369149375 0.33349633125 0.630035771875 0.3422982875 0.79303495625 0.54621026875 0.8428131515624999 0.64645476875 0.8047474734375
0 0.2772616140625 0.7744901390625001 0.2753056234375 0.7818104625 0.27334963437500004 0.785714634375 0.2684596578125 0.9111361640625001 0.4327628359375 0.9599383140625 0.4303178484375 0.8154839468749999 0.3422982875 0.79303495625 0.33545232187499996 0.7876667203125 0.2772616140625 0.7744901390625001
0 0.6855745718749999 0.9399294312500001 0.6938875296875 0.8003552796875001 0.6894865515624999 0.794499021875 0.5476772624999999 0.8442772156249999 0.4327628359375 0.8169480124999999 0.43325183437500003 0.95945029375 0.5398533 0.99605190625 0.5784841078125 0.9970279484375 0.6855745718749999 0.9399294312500001
0 0.863080684375 0.8271964625000001 0.8723716375 0.66370925625 0.72127139375 0.63393994375 0.7007334953125001 0.638820159375 0.6909535453125 0.7993792375 0.84107579375 0.8374449140625 0.863080684375 0.8271964625000001
0 0.9506112453125001 0.6681014484375 0.9672371640625 0.49436579218750004 0.7163814187499999 0.46654856562499997 0.7051344734375 0.62954775 0.9393643046875001 0.6778618796875 0.9506112453125001 0.6681014484375
0 0.8738386296874999 0.47045273906249996 0.8870415640625 0.2903728 0.7246943765625 0.2884207140625 0.714425428125 0.46313241562499996 0.865525671875 0.47923712500000004 0.8738386296874999 0.47045273906249996
0 0.76136919375 0.0946761734375 0.7476772625 0.2869566484375 0.998 0.28742515 0.9970660140625001 0.08393969999999999 0.76136919375 0.0946761734375
0 0.8914425421875001 0.2923248859375 0.8772616140625 0.48362931875 0.998 0.49301397187499996 0.998 0.2934131734375 0.8914425421875001 0.2923248859375
0 0.972127140625 0.4948538125 0.9525672374999999 0.679813965625 0.998 0.686626746875 0.998 0.49700598749999997 0.972127140625 0.4948538125
0 0.998 0.686626746875 0.9540342296875 0.680790009375 0.9515892421875 0.6681014484375 0.9388753062499999 0.67932594375 0.88117359375 0.6661493625 0.8748166265625 0.67054155625 0.8635696812500001 0.8428131515624999 0.998 0.87025948125 0.998 0.686626746875
0 0.8420537906250001 0.8384209578125 0.6953545234375 0.802307365625 0.68997555 0.9496898625 0.8440097796874999 0.9970279484375 0.9279999999999999 0.9980039921875001 0.9383863078125 0.8608699484375 0.863080684375 0.8442772156249999 0.8611246937500001 0.8291485484375001 0.8420537906250001 0.8384209578125
0 0.330786515625 0.942833434375 0.330786515625 0.9980039921875001 0.542022471875 0.9971069109374999 0.34651685468750004 0.9352082359375 0.330786515625 0.942833434375
0 0.9437751000000001 0.8601271359375 0.932 0.9980039921875001 0.9960000000000001 0.9980039921875001 0.9971887562499999 0.8733536953125001 0.9437751000000001 0.8601271359375
0 0.6993914796875 0.6396942421875 0.70628803125 0.636860153125 0.7058823515625 0.6303822375 0.6535496953125 0.6441478109375 0.6462474640625 0.797593453125 0.663691684375 0.8016421515625 0.6900608515625 0.79354475625 0.6993914796875 0.6396942421875
0 0.6259634875 0.972092328125 0.6247464500000001 0.997599121875 0.68600405625 0.997599121875 0.686815415625 0.9421319640625001 0.6259634875 0.972092328125
0 0.6892494921875 0.9967893828125 0.8450304265625 0.9971942515625001 0.6908722093749999 0.9522537078125 0.6892494921875 0.9967893828125
0 0.3300699296875 0.997538721875 0.33193473125 0.9431021390625001 0.34498834375 0.93472728125 0.26759906875 0.9128595953125 0.26713286875 0.935657821875 0.271328671875 0.9365883609375001 0.2703962703125 0.9970734531250001 0.3300699296875 0.997538721875