0 0.0251459546875 0.23769808124999997 0.27535446406249997 0.24916597343750002 0.2763969953125 0.05733945 0.02201835 0.043786490625 0.0251459546875 0.23769808124999997
0 0.27848206875 0.058381985937500006 0.280567140625 0.2522935765625 0.52452043125 0.25646371874999996 0.53181818125 0.0677648046875 0.27848206875 0.058381985937500006
0 0.544328609375 0.0677648046875 0.5359883234375 0.2554211859375 0.7830692234375001 0.2595913265625 0.79557965 0.068807340625 0.544328609375 0.0677648046875
0 0.7976647234375001 0.0698498734375 0.7882819 0.25646371874999996 0.9954545453125 0.259090909375 0.9954545453125 0.0772727265625 0.7976647234375001 0.0698498734375
0 0.7851542953124999 0.26376146875 0.7736864046874999 0.45037531406250003 0.9954545453125 0.45454545468749996 0.9954545453125 0.2636363640625 0.7851542953124999 0.26376146875
0 0.7757714765625 0.27001668125 0.5307756453125 0.26376146875 0.527648040625 0.4493327765625 0.7695162640625 0.45767305937499997 0.7757714765625 0.27001668125
0 0.5266055046875 0.26376146875 0.28577981874999997 0.2554211859375 0.2836947453125 0.43786488593749995 0.52452043125 0.448290240625 0.5266055046875 0.26376146875
0 0.2743119265625 0.250208509375 0.02306088125 0.2397831546875 0.0157631359375 0.42848206875 0.2743119265625 0.43786488593749995 0.2743119265625 0.250208509375
0 0.2763969953125 0.448290240625 0.026188490624999998 0.43786488593749995 0.0209758140625 0.6223936640625001 0.2680567140625 0.63177648125 0.2763969953125 0.448290240625
0 0.2743119265625 0.636989159375 0.0272310265625 0.6276063359374999 0.0209758140625 0.8027522953125 0.2680567140625 0.8204753953124999 0.2743119265625 0.636989159375
0 0.20909090937500002 0.9954545453125 0.240909090625 0.9954545453125 0.2618015 0.9789407812500001 0.2670141765625 0.8246455359375 0.25450375468750003 0.8256880734375001 0.012635531250000002 0.8048373640625 0 0.95 0.001167640625 0.9789407812500001 0.20909090937500002 0.9954545453125
0 0.53181818125 0.45350291875000004 0.28890742343750003 0.43682235 0.27848206875 0.629691409375 0.5213928265625001 0.63386155 0.53181818125 0.45350291875000004
0 0.7716013359375 0.4618432046875 0.5307756453125 0.45141785 0.5266055046875 0.63386155 0.7643035859375 0.6411593 0.7716013359375 0.4618432046875
0 0.52556296875 0.6401167640625001 0.280567140625 0.63386155 0.273269390625 0.8131776500000001 0.5161801500000001 0.81526271875 0.52556296875 0.6401167640625001
0 0.5286905765625 0.6401167640625001 0.5224353640625 0.8204753953124999 0.76326105 0.8236030046874999 0.76326105 0.6474145140625 0.5286905765625 0.6401167640625001
0 0.76326105 0.8319432859375 0.5234778999999999 0.8225604687500001 0.5193077546875 0.9924937453125 0.740909090625 0.9954545453125 0.759090909375 0.9954545453125 0.76326105 0.8319432859375
0 0.5193077546875 0.817347790625 0.27535446406249997 0.817347790625 0.2636363640625 0.9954545453125 0.509090909375 0.9954545453125 0.5193077546875 0.817347790625
0 0.9954545453125 0.9954545453125 0.9954545453125 0.71818181875 0.8080900765625 0.71413678125 0.7705588 0.6880733953125 0.7684737265625 0.9247289406249999 0.8272727265625001 0.9954545453125 0.9954545453125 0.9954545453125
0 0.9954545453125 0.71818181875 0.9954545453125 0.45454545468749996 0.7768140140625001 0.45767305937499997 0.7695162640625 0.6849457859375 0.8112176812499999 0.71517931875 0.9954545453125 0.71818181875