0 1 0.701376059375 0.9868252515625 0.7067932859375 0.69840210625 0.7048496937500001 0.6892787359375 0.8385144078125 0.7066318734375 0.8675405484375001 1 0.8757803140625 1 0.701376059375
0 0.3623521984375 0.8555278046874999 0.37831795625 0.8581149343750001 0.67488935625 0.8542527 0.6965422296875 0.6986946609375 0.3658959375 0.7033979859375 0.3623521984375 0.8555278046874999
0 0.3658486875 0.705426384375 0.3517900546875 0.7069658921875 0.033134196875 0.7114044796875 0.04063105 0.8723649312499999 0.36020882187500003 0.8615431546875 0.3658486875 0.705426384375
0 0.5262280031250001 0.52831824375 0.38201643125 0.5273464484375 0.3673264203125 0.4699925828125 0.349801415625 0.5343425734375 0.024920398437499998 0.5350509453125001 0.032858240625 0.70547961875 0.5203046390625 0.6966053999999999 0.5262280031250001 0.52831824375
0 1 0.542888540625 0.5282296296875 0.528388084375 0.5242133921875001 0.7008018796875 0.9887796281250001 0.7088915265625 1 0.700896740625 1 0.542888540625
0 0.3692335453125 0.47411921875 0.3594917828125 0.3763370875 0.339853521875 0.3594114921875 0.025409237499999997 0.3565599609375 0.022474643750000002 0.48253961093750003 0.02501266875 0.537032028125 0.3498486640625 0.532314175 0.3692335453125 0.47411921875
0 0.3741174140625 0.350456809375 0.3595390328125 0.374308690625 0.3692335453125 0.47411921875 0.3799675546875 0.529305003125 0.6984150921875 0.53229621875 0.7122977109375 0.366316825 0.3741174140625 0.350456809375
0 1 0.364303921875 0.7363172234375 0.3671549234375 0.720115215625 0.37470978125 0.7066105953124999 0.52446199375 0.730346609375 0.537470478125 1 0.54687933125 1 0.364303921875
0 1 0.1836566921875 0.5225342234375 0.170901221875 0.5036218421875 0.208812203125 0.49367809375 0.29169713750000004 0.5041758546875 0.35702490937500003 1 0.36221508281250003 1 0.1836566921875
0 1 0 0.7204772375 0 0.7107343203125 0.1754379296875 1 0.1855311046875 1 0
0 0.35892135937499997 0 0.360308015625 0.169300853125 0.70873269375 0.1753680890625 0.7204422187499999 0 0.35892135937499997 0
0 0.033715007812499996 0 0.0298034734375 0.1679189875 0.3584008890625 0.1651742171875 0.36049508750000003 0 0.033715007812499996 0
0 0.3584008890625 0.1651742171875 0.0298034734375 0.1679189875 0.025409237499999997 0.3565599609375 0.4962166 0.35471714374999996 0.49446420937499996 0.171951840625 0.360308015625 0.169300853125 0.3584008890625 0.1651742171875