0 0.30737704843749997 0.12769230781250002 0.278688525 0.095384615625 0.008196721875 0.0923076921875 0.0184426234375 0.21076923125000002 0.278688525 0.21538461562500003 0.3155737703125 0.23230769218749997 0.30737704843749997 0.12769230781250002
0 0.3032786890625 0.124615384375 0.3155737703125 0.233846153125 0.40163934375 0.23692307656249997 0.3934426234375 0.13076923125 0.3032786890625 0.124615384375
0 0.395491803125 0.13076923125 0.40163934375 0.2384615390625 0.5512295078125 0.23692307656249997 0.5532786890625 0.13076923125 0.395491803125 0.13076923125
0 0.55532786875 0.12769230781250002 0.55532786875 0.23692307656249997 0.7069672125 0.23692307656249997 0.7110655734375 0.13538461562499998 0.55532786875 0.12769230781250002
0 0.7110655734375 0.13384615312499998 0.7069672125 0.23692307656249997 0.8565573765625001 0.233846153125 0.868852459375 0.13076923125 0.7110655734375 0.13384615312499998
0 0.8709016390625001 0.13384615312499998 0.8606557374999999 0.2384615390625 0.9979508203125 0.24 1 0.13384615312499998 0.8709016390625001 0.13384615312499998
0 1 0.24153846093750003 0.8606557374999999 0.24 0.8524590156249999 0.32769230781249997 0.8790983609374999 0.3415384609375 1 0.33999999999999997 1 0.24153846093750003
0 0.84836065625 0.3369230765625 0.8586065578125 0.24153846093750003 0.8524590156249999 0.233846153125 0.7069672125 0.2384615390625 0.6987704921875 0.3369230765625 0.84836065625 0.3369230765625
0 0.6926229515625 0.33999999999999997 0.702868853125 0.24 0.547131146875 0.24 0.547131146875 0.335384615625 0.6926229515625 0.33999999999999997
0 0.5430327875 0.3323076921875 0.547131146875 0.23692307656249997 0.395491803125 0.24615384687500003 0.40163934375 0.333846153125 0.5430327875 0.3323076921875
0 0.397540984375 0.3323076921875 0.397540984375 0.23692307656249997 0.3217213109375 0.24 0.3217213109375 0.33076923125 0.397540984375 0.3323076921875
0 0.0245901640625 0.31846153906249997 0.0307377046875 0.32769230781249997 0.2889344265625 0.335384615625 0.31762295156250003 0.32769230781249997 0.31762295156250003 0.235384615625 0.27459016406250003 0.2184615390625 0.020491803125 0.21076923125000002 0.0245901640625 0.31846153906249997
0 0.0307377046875 0.43692307656249996 0.022540984375 0.32461538437500004 0 0.31846153906249997 0.0020491796875 0.4323076921875 0.0307377046875 0.43692307656249996
0 0 0.4723076921875 0.0245901640625 0.475384615625 0.028688525 0.4384615390625 0 0.43076923125000005 0 0.4723076921875
0 0.02663934375 0.5846153843749999 0.034836065625 0.5476923078125 0.028688525 0.48 0 0.4723076921875 0.0102459015625 0.586153846875 0.02663934375 0.5846153843749999
0 0.032786885937499996 0.6523076921875 0.0245901640625 0.586153846875 0 0.58923076875 0.012295081250000001 0.6615384609375 0.032786885937499996 0.6523076921875
0 0.02663934375 0.32769230781249997 0.032786885937499996 0.4384615390625 0.2950819671875 0.446153846875 0.2930327875 0.3384615390625 0.02663934375 0.32769230781249997
0 0.5430327875 0.32923076875 0.2889344265625 0.33076923125 0.2950819671875 0.44461538437500003 0.5512295078125 0.4476923078125 0.5512295078125 0.3384615390625 0.5430327875 0.32923076875
0 0.6987704921875 0.3369230765625 0.55532786875 0.3369230765625 0.5594262296875 0.4384615390625 0.770491803125 0.4323076921875 0.7889344265625 0.33999999999999997 0.6987704921875 0.3369230765625
0 1 0.3384615390625 0.8729508203125 0.3430769234375 0.8524590156249999 0.326153846875 0.84836065625 0.3369230765625 0.784836065625 0.33999999999999997 0.772540984375 0.43076923125000005 1 0.433846153125 1 0.3384615390625
0 0.7807377046874999 0.435384615625 0.77663934375 0.5230769234375 0.9959016390625001 0.52923076875 0.9979508203125 0.4323076921875 0.7807377046874999 0.435384615625
0 0.965163934375 0.61076923125 0.9774590156249999 0.52923076875 0.8319672125 0.526153846875 0.8258196718749999 0.615384615625 0.965163934375 0.61076923125
0 0.8278688531249999 0.6169230765625 0.8155737703125 0.6984615390625 0.965163934375 0.7 0.9692622953125 0.61076923125 0.8278688531249999 0.6169230765625
0 1 0.72923076875 0.9836065578125 0.7015384609375 0.9692622953125 0.7 0.8176229515625 0.6984615390625 0.79098360625 0.706153846875 0.7868852453125 0.7215384609375 0.8032786890624999 0.8369230765625 0.8176229515625 0.8430769234375 1 0.8446153843750001 1 0.72923076875
0 1 0.84923076875 0.79098360625 0.83076923125 0.7930327875 0.855384615625 0.784836065625 0.9369230765625 1 0.9323076921875 1 0.84923076875
0 0.7827868859375 0.9276923078125 0.784836065625 0.846153846875 0.547131146875 0.84923076875 0.5573770484375 0.933846153125 0.7827868859375 0.9276923078125
0 0.784836065625 0.8384615390624999 0.7889344265625 0.7584615390625 0.75 0.7015384609375 0.5430327875 0.6984615390625 0.54098360625 0.8446153843750001 0.77663934375 0.8523076921875001 0.7827868859375 0.8446153843750001 0.784836065625 0.8384615390624999
0 0.68032786875 0.6184615390625 0.6782786890625 0.6876923078125 0.8176229515625 0.706153846875 0.8258196718749999 0.613846153125 0.68032786875 0.6184615390625
0 0.770491803125 0.524615384375 0.6823770484375 0.52923076875 0.6782786890625 0.6076923078124999 0.8278688531249999 0.6169230765625 0.8258196718749999 0.524615384375 0.770491803125 0.524615384375
0 0.6762295078125 0.693846153125 0.68032786875 0.61076923125 0.5491803281250001 0.613846153125 0.5430327875 0.693846153125 0.6762295078125 0.693846153125
0 0.5430327875 0.526153846875 0.55532786875 0.6123076921874999 0.6762295078125 0.61076923125 0.6864754093750001 0.5307692312500001 0.5430327875 0.526153846875
0 0.7745901640625 0.4323076921875 0.5532786890625 0.43692307656249996 0.5573770484375 0.526153846875 0.6782786890625 0.52923076875 0.7684426234374999 0.5230769234375 0.7745901640625 0.4323076921875
0 0.54098360625 0.5476923078125 0.54098360625 0.5323076921875 0.55532786875 0.5230769234375 0.5491803281250001 0.4476923078125 0.3012295078125 0.4415384609375 0.2889344265625 0.54923076875 0.54098360625 0.5476923078125
0 0.2930327875 0.54923076875 0.2889344265625 0.4476923078125 0.028688525 0.433846153125 0.036885245312499995 0.5476923078125 0.2930327875 0.54923076875
0 0.29713114687500003 0.6569230765625 0.2930327875 0.54923076875 0.036885245312499995 0.54923076875 0.028688525 0.566153846875 0.0245901640625 0.6015384609375001 0.032786885937499996 0.6569230765625 0.29713114687500003 0.6569230765625
0 0.29713114687500003 0.5538461531250001 0.29713114687500003 0.6569230765625 0.5450819671875 0.6584615390625 0.5491803281250001 0.5476923078125 0.29713114687500003 0.5538461531250001
0 0.5368852453125 0.7553846156249999 0.5389344265625 0.6553846156249999 0.28688524531250004 0.6615384609375 0.29098360625 0.7615384609375 0.5368852453125 0.7553846156249999
0 0.284836065625 0.764615384375 0.29098360625 0.855384615625 0.5327868859375 0.8507692312499999 0.54098360625 0.7553846156249999 0.284836065625 0.764615384375
0 0.2889344265625 0.855384615625 0.29098360625 0.9461538468749999 0.5307377046874999 0.9461538468749999 0.5389344265625 0.8476923078124999 0.2889344265625 0.855384615625
0 0.28688524531250004 0.9476923078124999 0.2889344265625 0.8584615390625 0.036885245312499995 0.8584615390625 0.0450819671875 0.95076923125 0.28688524531250004 0.9476923078124999
0 0.028688525 0.753846153125 0.034836065625 0.855384615625 0.2889344265625 0.855384615625 0.27459016406250003 0.7630769234375 0.028688525 0.753846153125
0 0.04098360625 0.90923076875 0.032786885937499996 0.8215384609375 0.0020491796875 0.8246153843749999 0.0020491796875 0.9123076921875001 0.04098360625 0.90923076875
0 0.0184426234375 0.664615384375 0.0040983609375 0.8215384609375 0.0307377046875 0.8246153843749999 0.0184426234375 0.664615384375
0 0.0245901640625 0.7523076921875 0.278688525 0.7676923078125 0.2827868859375 0.76 0.2889344265625 0.6615384609375 0.034836065625 0.6523076921875 0.0184426234375 0.6584615390625 0.0245901640625 0.7523076921875