0 0.5823542078124999 0.11094955 0.584041778125 0.198308153125 0.6033934750000001 0.20074406250000001 0.652033525 0.31920616874999996 0.666932603125 0.5112301859375 0.9515268812500001 0.4842176328125 0.969238290625 0.22618618906250001 0.78865399375 0.0880451890625 0.5823542078124999 0.11094955
0 0.6659925062500001 0.51031273125 0.65153168125 0.503992153125 0.6656500640624999 0.662354846875 0.676793234375 0.696605553125 0.9321374812500001 0.6886650296875 0.9493087250000001 0.48032135 0.6659925062500001 0.51031273125
0 0.6788424109375 0.6994711515625001 0.663748465625 0.670022565625 0.662670371875 0.6923463484375 0.676053103125 0.7209907078125 0.7350696875 0.7197132625 0.75506184375 0.8561034812500001 0.9191930062500001 0.8457241109375 0.9270776296875001 0.691519009375 0.6788424109375 0.6994711515625001
0 0.42509278437500003 0.7219545078125 0.66223721875 0.69452095 0.654982853125 0.606924271875 0.644517846875 0.4997445640625 0.3820955578125 0.5319453953125 0.42509278437500003 0.7219545078125
0 0.460538246875 0.8803520499999999 0.62888435625 0.8619652703125 0.609134971875 0.7318723968749999 0.66303931875 0.7186796421875 0.6600928515625 0.6958913250000001 0.421575165625 0.724582028125 0.460538246875 0.8803520499999999
0 0.1657859421875 0.7779743421875 0.2207210984375 0.9155665578125 0.4461298078125 0.8888007625000001 0.44852876718749995 0.8504505437500001 0.4164415234375 0.7221693499999999 0.4084233828125 0.745512203125 0.1657859421875 0.7779743421875
0 0.37798314375 0.64654313125 0.1276345421875 0.6801375703125 0.1648458453125 0.7770568875 0.40533891874999994 0.7459651218750001 0.4181003515625 0.7082042859375 0.3915370953125 0.5991664328125 0.3820623328125 0.5847252140625 0.37798314375 0.64654313125
0 0.335757034375 0.45642078750000004 0.3419473671875 0.446012315625 0.3195348484375 0.35747494999999996 0.3522737546875 0.23445173281249998 0.339938134375 0.15921166874999998 0.114529425 0.1859774640625 0.007485206249999999 0.321594946875 0.00946213125 0.40653176562500004 0.04019815 0.48398787499999996 0.335757034375 0.45642078750000004
0 0.037620628125 0.48753285156250004 0.1139234296875 0.683206396875 0.377549990625 0.6487177328125 0.3783543296875 0.5958246828125 0.3415142125 0.44818691718750003 0.335926015625 0.45745147499999994 0.037620628125 0.48753285156250004
0 0.47760633593749996 0.2234365140625 0.35535821875 0.2339988140625 0.3194396578125 0.3617109234375 0.3619727453125 0.529622715625 0.5117382765625 0.50868679375 0.4847750921875 0.349043721875 0.47760633593749996 0.2234365140625
0 0.51472755 0.512469846875 0.6630246359374999 0.49702704531249997 0.654325471875 0.3283691109375 0.6016608578125 0.20944247031250002 0.4805218203125 0.22195290937499998 0.4887258640625 0.3442415984375 0.51472755 0.512469846875