0 0.252 0.088 0.148 0.0826666671875 0.072 0.096 0.064 0.2773333328125 0.076 0.296 0.10400000000000001 0.29333333281249996 0.16999999999999998 0.288 0.23199999999999998 0.29333333281249996 0.25 0.31466666718749997 0.268 0.3066666671875 0.256 0.2613333328125 0.264 0.10933333281249999 0.252 0.088
0 0.44800000000000006 0.304 0.454 0.288 0.44400000000000006 0.096 0.388 0.0826666671875 0.322 0.088 0.27 0.10133333281250001 0.262 0.1573333328125 0.26 0.2746666671875 0.274 0.3066666671875 0.32 0.2906666671875 0.344 0.2906666671875 0.43 0.29333333281249996 0.44800000000000006 0.304
0 0.63 0.1066666671875 0.576 0.09066666718750001 0.514 0.09066666718750001 0.45599999999999996 0.10133333281250001 0.458 0.1546666671875 0.45599999999999996 0.2533333328125 0.458 0.288 0.45599999999999996 0.30133333281249997 0.45599999999999996 0.304 0.548 0.29333333281249996 0.5980000000000001 0.29333333281249996 0.636 0.30133333281249997 0.638 0.27999999999999997 0.63 0.1066666671875
0 0.8160000000000001 0.10933333281249999 0.738 0.096 0.644 0.1066666671875 0.64 0.12 0.64 0.2773333328125 0.64 0.32 0.65 0.3173333328125 0.6639999999999999 0.31466666718749997 0.716 0.304 0.79 0.304 0.8160000000000001 0.3093333328125 0.826 0.2853333328125 0.8160000000000001 0.10933333281249999
0 1 0.1573333328125 0.992 0.1146666671875 0.9179999999999999 0.1066666671875 0.858 0.1146666671875 0.82 0.1253333328125 0.8240000000000001 0.1973333328125 0.828 0.2666666671875 0.826 0.30133333281249997 0.8400000000000001 0.32799999999999996 0.93 0.312 1 0.312 1 0.1573333328125
0 0.238 0.5519999999999999 0.238 0.5333333328125 0.258 0.528 0.254 0.504 0.252 0.32 0.23399999999999999 0.296 0.16599999999999998 0.288 0.10200000000000001 0.2906666671875 0.078 0.2986666671875 0.06 0.3066666671875 0.046 0.5093333328125 0.066 0.512 0.11399999999999999 0.512 0.192 0.52 0.22200000000000003 0.5333333328125 0.23199999999999998 0.5466666671875 0.238 0.5519999999999999
0 0.442 0.5386666671875 0.446 0.5573333328125 0.45 0.5306666671875 0.458 0.5253333328124999 0.454 0.49866666718749997 0.44800000000000006 0.48 0.442 0.3066666671875 0.43200000000000005 0.29333333281249996 0.344 0.2906666671875 0.322 0.288 0.27599999999999997 0.3066666671875 0.268 0.3093333328125 0.256 0.31466666718749997 0.252 0.3253333328125 0.258 0.5146666671875 0.264 0.528 0.344 0.512 0.42800000000000005 0.52 0.442 0.5386666671875
0 0.644 0.504 0.648 0.4853333328125 0.634 0.304 0.5980000000000001 0.29333333281249996 0.546 0.29333333281249996 0.45999999999999996 0.304 0.45199999999999996 0.32 0.45199999999999996 0.3946666671875 0.45599999999999996 0.4853333328125 0.45999999999999996 0.5333333328125 0.534 0.5146666671875 0.606 0.5173333328124999 0.636 0.5226666671875 0.644 0.504
0 0.8320000000000001 0.31466666718749997 0.8160000000000001 0.312 0.794 0.304 0.716 0.304 0.666 0.312 0.65 0.3173333328125 0.644 0.3413333328125 0.642 0.38133333281250004 0.65 0.49066666718749996 0.64 0.5173333328124999 0.646 0.5333333328125 0.65 0.5466666671875 0.662 0.5413333328125 0.742 0.5253333328124999 0.798 0.5253333328124999 0.834 0.5333333328125 0.844 0.5066666671875 0.8320000000000001 0.31466666718749997
0 1 0.31466666718749997 0.93 0.312 0.8400000000000001 0.32799999999999996 0.836 0.344 0.8460000000000001 0.45866666718750004 0.8460000000000001 0.5066666671875 0.8400000000000001 0.528 0.85 0.536 0.85 0.5599999999999999 0.868 0.5386666671875 0.9400000000000001 0.5333333328125 1 0.5333333328125 1 0.31466666718749997
0 0.11399999999999999 0.512 0.044 0.5173333328124999 0.034 0.5253333328124999 0.03 0.5413333328125 0.01 0.7226666671875 0.008 0.7466666671875 0.08199999999999999 0.76 0.128 0.7653333328125 0.194 0.768 0.23399999999999999 0.784 0.238 0.768 0.254 0.76 0.23399999999999999 0.7493333328125 0.238 0.5626666671875 0.22599999999999998 0.536 0.194 0.52 0.11399999999999999 0.512
0 0.446 0.776 0.44800000000000006 0.7546666671875 0.44800000000000006 0.7146666671874999 0.446 0.6559999999999999 0.44400000000000006 0.576 0.44000000000000006 0.544 0.43 0.52 0.348 0.512 0.27 0.528 0.24 0.536 0.236 0.5546666671875 0.236 0.7466666671875 0.254 0.7573333328125 0.308 0.7546666671875 0.37 0.7573333328125 0.446 0.776
0 0.636 0.768 0.6519999999999999 0.7413333328125 0.64 0.5306666671875 0.606 0.5146666671875 0.534 0.5146666671875 0.46399999999999997 0.5333333328125 0.45199999999999996 0.5386666671875 0.45 0.608 0.45 0.752 0.48200000000000004 0.768 0.61 0.7653333328125 0.636 0.768
0 0.868 0.744 0.868 0.728 0.85 0.5626666671875 0.85 0.536 0.836 0.5333333328125 0.798 0.5253333328124999 0.744 0.5253333328124999 0.6639999999999999 0.5413333328125 0.65 0.5626666671875 0.6559999999999999 0.736 0.6559999999999999 0.776 0.702 0.768 0.764 0.76 0.8119999999999999 0.7653333328125 0.86 0.7546666671875 0.868 0.744
0 0.866 0.5386666671875 0.852 0.5626666671875 0.8699999999999999 0.728 0.8720000000000001 0.744 0.8619999999999999 0.76 0.8640000000000001 0.7786666671875 0.8640000000000001 0.7973333328125001 0.8800000000000001 0.792 0.9480000000000001 0.7813333328125001 0.998 0.776 1 0.5333333328125 0.9400000000000001 0.5333333328125 0.866 0.5386666671875
0 0.22200000000000003 1 0.23199999999999998 0.7866666671875 0.192 0.768 0.128 0.7653333328125 0.05600000000000001 0.7706666671875 0.018 0.7786666671875 0 0.96 0 1 0.22200000000000003 1
0 0.446 0.7893333328125001 0.446 0.776 0.37 0.7573333328125 0.306 0.7546666671875 0.24 0.768 0.236 0.7866666671875 0.22599999999999998 0.9973333328124999 0.44400000000000006 1 0.44400000000000006 0.9706666671875 0.44800000000000006 0.8186666671875 0.446 0.7893333328125001
0 0.612 0.768 0.5519999999999999 0.7653333328125 0.466 0.7733333328125 0.45599999999999996 0.7866666671875 0.45 0.9146666671875 0.446 0.9973333328124999 0.658 0.9973333328124999 0.6559999999999999 0.8 0.654 0.784 0.612 0.768
0 0.86 0.7813333328125001 0.8160000000000001 0.7653333328125 0.764 0.76 0.704 0.768 0.6679999999999999 0.776 0.6599999999999999 0.7866666671875 0.662 0.968 0.666 1 0.876 0.9973333328124999 0.8640000000000001 0.8 0.86 0.7813333328125001
0 0.8800000000000001 0.9973333328124999 1 0.9973333328124999 0.998 0.7813333328125001 0.944 0.7813333328125001 0.8800000000000001 0.7946666671875 0.868 0.808 0.8800000000000001 0.9973333328124999