0 0.6719999999999999 0.5072463765624999 0.6719999999999999 0.72463768125 0.9460000000000001 0.7507246375000001 0.966 0.5217391296875 0.6719999999999999 0.5072463765624999
0 0.646 0.52753623125 0.388 0.5072463765624999 0.39 0.7072463765625 0.65 0.7333333328125 0.646 0.52753623125
0 0.648 0.736231884375 0.388 0.7072463765625 0.39 0.9072463765625001 0.64 0.9304347828124999 0.648 0.736231884375
0 0.6599999999999999 0.9971014500000001 0.648 0.8434782609375 0.64 0.9275362312500001 0.414 0.9130434781250001 0.41600000000000004 0.9971014500000001 0.6599999999999999 0.9971014500000001
0 0.6719999999999999 0.72753623125 0.6639999999999999 0.9246376812499999 0.93 0.9652173906250001 0.95 0.7507246375000001 0.6719999999999999 0.72753623125
0 0.666 0.9246376812499999 0.6719999999999999 0.9942028984375 0.9279999999999999 1 0.932 0.962318840625 0.666 0.9246376812499999
0 0.414 0.910144928125 0.39 0.9188405796874999 0.39 0.886956521875 0.148 0.8608695656249999 0.158 0.9971014500000001 0.414 0.9971014500000001 0.414 0.910144928125
0 0.39 0.886956521875 0.388 0.698550725 0.136 0.6840579703125 0.148 0.8579710140625 0.39 0.886956521875
0 0.128 0.4956521734375 0.13799999999999998 0.660869565625 0.136 0.686956521875 0.39 0.698550725 0.39 0.5072463765624999 0.378 0.4956521734375 0.128 0.4956521734375
0 0.382 0.28985507187500004 0.386 0.5043478265625 0.646 0.5304347828125 0.658 0.313043478125 0.382 0.28985507187500004
0 0.382 0.49855072500000003 0.374 0.2695652171875 0.10600000000000001 0.2695652171875 0.126 0.4927536234375 0.382 0.49855072500000003
0 0.37 0.0318840578125 0.374 0.2840579703125 0.6639999999999999 0.310144928125 0.678 0.0463768109375 0.37 0.0318840578125
0 0.10400000000000001 0.2695652171875 0.374 0.2666666671875 0.366 0.07246376875 0.352 0.023188406249999998 0.08 0.0434782609375 0.10400000000000001 0.2695652171875
0 0.118 0.41449275312499995 0.094 0.42608695625 0.10200000000000001 0.559420290625 0.132 0.57681159375 0.118 0.41449275312499995
0 0.99 0.2782608703125 0.97 0.263768115625 0.688 0.263768115625 0.6719999999999999 0.5043478265625 0.968 0.5217391296875 0.99 0.2782608703125
0 0.9960000000000001 0.0811594203125 1 0.0202898546875 0.696 0.0202898546875 0.688 0.260869565625 0.97 0.263768115625 0.982 0.263768115625 0.9960000000000001 0.0811594203125