0 0.6434832 0 0.6543599015625 0.0723693859375 0.7007887453125 0.0374948625 0.8931990953125 0.007056190625 0.8917251687500001 0 0.6434832 0
0 0.7195118328125 0.19479854531250002 0.9236788203125 0.1529730984375 0.8938086890625 0.0099745296875 0.70192265625 0.0361563 0.652718378125 0.07804480625 0.67821633125 0.21364623906250002 0.7195118328125 0.19479854531250002
0 0.7435770296875 0.3370748296875 0.9526345578125 0.291594159375 0.9242884140625 0.1558914375 0.72601645 0.1921034515625 0.67821633125 0.21364623906250002 0.7002839625 0.3395924984375 0.7435770296875 0.3370748296875
0 0.730567803125 0.34246502031250003 0.75033471875 0.5047658546875 0.7744127984375 0.50499718125 0.9817291515625 0.44258088906250004 0.9821281046875001 0.4327898890625 0.9535489515625001 0.2959716703125 0.730567803125 0.34246502031250003
0 0.7545715125 0.5047478875 0.78135065625 0.6600167734375 0.9757492750000001 0.5893375796875 0.98179216875 0.4410343734375 0.7732788875 0.5063357468749999 0.7545715125 0.5047478875
0 0.8061322328125 0.79895563125 0.9698230890625 0.7347765953125001 0.9757352421875 0.58968199375 0.7817681875 0.662015634375 0.8061322328125 0.79895563125
0 0.78384295625 0.8140549 0.7983335484375 0.9240282296875 0.8748660656249999 0.9046976624999999 0.964677653125 0.8610546343750001 0.9697611921875 0.7362956765625001 0.79798609375 0.8073261468749999 0.78384295625 0.8140549
0 0.7836341921875001 0.81305546875 0.46520698125 0.93977881875 0.47155630937500004 0.9970195078125 0.514420153125 0.9967701328125 0.79810848125 0.9251161953124999 0.7836341921875001 0.81305546875
0 0.780425509375 0.6623547671875001 0.44803533125 0.783135434375 0.4705776828125 0.9384222875000001 0.7987024734375 0.8039887203125 0.780425509375 0.6623547671875001
0 0.750961015625 0.5077641484375001 0.40210268281249995 0.6106089609375001 0.44782656718749997 0.782136003125 0.7817681875 0.662015634375 0.750961015625 0.5077641484375001
0 0.72943389375 0.34380357968749997 0.70741486875 0.33989569531249997 0.6957483203125 0.3449467515625 0.3670916125 0.42269798906249995 0.4047880359375 0.6099306953125 0.7436213421875 0.5064615171875 0.72943389375 0.34380357968749997
0 0.6717732078124999 0.19633475 0.3643619515625 0.253989565625 0.33156863125 0.28647219218750003 0.3670916125 0.42269798906249995 0.6978073734375 0.34127019375 0.6717732078124999 0.19633475
0 0.66908785625 0.197013015625 0.6485144765624999 0.044385321875 0.33248235625 0.08107005625 0.29900125312500003 0.13056097656250001 0.3329113078125 0.286133059375 0.3599163921875 0.253008103125 0.66908785625 0.197013015625
0 0.434327196875 0 0.303963015625 0.032508946875 0.30742193906250004 0.05583498906249999 0.2895782203125 0.0719157203125 0.29733113125 0.12256552968750001 0.3215321859375 0.0827836890625 0.6439502359375 0.0360687109375 0.6388066046875001 0 0.434327196875 0
0 0.0872846046875 0.09144617656250001 0.28760925 0.0692565609375 0.3067956453125 0.052836698437499996 0.302112725 0.037184935937500004 0.0872846046875 0.09144617656250001
0 0 0.304070365625 0.318574965625 0.25187634375 0.287084303125 0.0672848296875 0.0989104453125 0.0832489203125 0 0.1082317 0 0.304070365625
0 0 0.5079092015625 0.362228521875 0.4197176640625 0.3216665796875 0.245834659375 0 0.30019213906250003 0 0.5079092015625
0 0 0.661022884375 0.0143700171875 0.7298170890625 0.3996260984375 0.6122866578124999 0.36533140625 0.42103825937500006 0 0.5052452374999999 0 0.661022884375
0 0.014979610937499999 0.7327354234375 0.0539936609375 0.919509065625 0.43078931093749995 0.7885435921874999 0.40633947812500004 0.61059099375 0.014979610937499999 0.7327354234375
0 0.45248089062499997 0.7841168984375 0.06163927500000001 0.9228177015625001 0.057729928124999996 0.9311702468749999 0.07309465000000001 0.9993376890624999 0.3373514171875 0.9978002890625 0.4734718 0.938743453125 0.45248089062499997 0.7841168984375
0 0.339741784375 0.9977863812500001 0.47140905312500003 0.9970203640624999 0.46490813124999997 0.94511510625 0.339741784375 0.9977863812500001