0 0 0.41320507187500005 0.023435528125 0.40862067968750004 0.012642553125 0.214347628125 0 0.220287046875 0 0.41320507187500005
0 0.12301751718750001 0.39331277187499997 0.1131066734375 0.16698078125 0.10910850000000001 0.1671668859375 0.0125494734375 0.21168380625 0.0236216875 0.41394832656249997 0.12301751718750001 0.39331277187499997
0 0.23346857499999998 0.11601958906250001 0.1131066734375 0.16698078125 0.123203675 0.39864042187500004 0.2444963734375 0.37431746875 0.23346857499999998 0.11601958906250001
0 0.3909753984375 0.039315987499999996 0.23346857499999998 0.11601958906250001 0.242590365625 0.3770743453125 0.4056777125 0.3454696484375 0.3909753984375 0.039315987499999996
0 0.3930675625 0.0418867609375 0.40377170625 0.3482265234375 0.6263662390625 0.300511140625 0.6101101875 0.0035495171875 0.48690704062499995 0.0028327421875 0.471820975 0.0035349593749999996 0.3930675625 0.0418867609375
0 0.972345634375 0.23104357812499998 0.9608594328125 0.0055901171875 0.6160800578125001 0.0035842484374999997 0.6303644109375 0.3003250359375 0.972345634375 0.23104357812499998
0 0 0.6094686796875 0.0363206703125 0.6054645015625 0.0335240390625 0.41081924374999995 0 0.4182515515625 0 0.6094686796875
0 0.12510968281249998 0.39588354375 0.0335240390625 0.41081924374999995 0.0365068296875 0.61079215 0.134834365625 0.6168878875 0.12510968281249998 0.39588354375
0 0.2465885390625 0.3768882421875 0.1252027625 0.3985473703125 0.136833453125 0.616794834375 0.26133526875 0.6270085421875 0.2465885390625 0.3768882421875
0 0.4057707921875 0.348133471875 0.2445894515625 0.37698129375 0.2614283484375 0.6296723671875 0.42200679531249996 0.6408749609375 0.4057707921875 0.348133471875
0 0.624367153125 0.30060419375 0.4057707921875 0.348133471875 0.42200679531249996 0.6408749609375 0.6367467265625 0.6548927921875001 0.624367153125 0.30060419375
0 0.9605372765625001 0.2369295390625 0.624367153125 0.30060419375 0.63683980625 0.6575566140625 0.9763607921874999 0.689779625 0.9605372765625001 0.2369295390625
0 0 0.760150534375 0.0006692671875 0.788558634375 0.047206725 0.802401378125 0.03641375 0.608128325 0 0.6122590125 0 0.760150534375
0 0.1429237921875 0.619179503125 0.0365068296875 0.61079215 0.0472998046875 0.8050652015624999 0.150556309375 0.8376130749999999 0.1429237921875 0.619179503125
0 0.2653334421875 0.6268224390625 0.1429237921875 0.619179503125 0.1506493890625 0.8402768984375 0.2741759953125 0.8798857234374999 0.2653334421875 0.6268224390625
0 0.4280971328125 0.6432596265625 0.265426521875 0.6294862625000001 0.274269075 0.8825495468750001 0.4402418859375 0.933523396875 0.4280971328125 0.6432596265625
0 0.6446627312500001 0.9960483734375 0.668558684375 0.992267921875 0.6548315796875 0.6567191453125 0.4280971328125 0.6432596265625 0.44033496562499996 0.9361872203124999 0.6446627312500001 0.9960483734375
0 0.6686517640625 0.994931746875 0.9829903484375 0.9803001124999999 0.9880512484375 0.690361378125 0.6568306671874999 0.65662609375 0.6686517640625 0.994931746875