0 0.1274123734375 0 0.1204944890625 0.203027803125 0.27009668124999997 0.2367879125 0.4878190375 0.2711581078125 0.5202621921875 0.0718633390625 0.513940190625 0 0.1274123734375 0
0 0.07281989062500001 0 0.057807467187499996 0.1823986625 0.11968497812500001 0.1933747515625 0.13021194062500002 0 0.07281989062500001 0
0 0.0353968859375 0.4546838015625 0.1330908078125 0.45924218906250003 0.138098040625 0.24249734687500002 0.053891054687499995 0.2299824734375 0.0353968859375 0.4546838015625
0 0.14520623125 0.5361589375 0.1294106015625 0.5234445812499999 0.1334361703125 0.45504608593749996 0.034961728125 0.45997089375 0.0349063796875 0.46065540625 0.0467742671875 0.617274540625 0.1307276875 0.624372946875 0.14520623125 0.5361589375
0 0.133021209375 0.6257397 0.0471519828125 0.6222592015624999 0.0590052078125 0.7786848156249999 0.1327627109375 0.784788121875 0.133021209375 0.6257397
0 0.1430916703125 0.7957120843750001 0.1328490515625 0.783739096875 0.058972737500000004 0.778256321875 0.06988149375 0.9222178921875 0.14076622968750002 0.9311523921875 0.1430916703125 0.7957120843750001
0 0.477145765625 0.5762329359375 0.5016827328125 0.2878567453125 0.4656069859375 0.2681926484375 0.20592673593750002 0.2271602296875 0.1433595859375 0.22729150781250002 0.1287036546875 0.5222896484375 0.477145765625 0.5762329359375
0 0.1444830625 0.525456859375 0.135401596875 0.7819587703125 0.45087099531249997 0.827257765625 0.47564553125 0.5749720921875 0.1444830625 0.525456859375
0 0.45532857968749996 0.9757787984374999 0.46504760625 0.8206660171875001 0.46403820781249994 0.745232 0.447870525 0.824736078125 0.145541653125 0.7854336453124999 0.1434714015625 0.9341437203125 0.45532857968749996 0.9757787984374999
0 0.55719700625 0 0.5368511109375 0.08468360312499999 0.522021971875 0.2258784484375 0.8610958609375 0.3156903671875 0.91403471875 0.042772106250000004 0.570706465625 0 0.55719700625 0
0 0.4924987015625 0.5358605437499999 0.8155718359374999 0.595961875 0.8652512 0.32366900625 0.572981275 0.24010573750000003 0.5325560578124999 0.25379864531249996 0.4924987015625 0.5358605437499999
0 1 0.3452691078125 0.8640099875 0.31926108124999997 0.8179354765625 0.5867324609375 0.84017996875 0.6087922046875 1 0.6268338703125 1 0.3452691078125
0 0.49525637031249997 0.5510764515625 0.46503138593750004 0.811118875 0.7819146765625 0.8587277406249999 0.82079570625 0.6104464843749999 0.8134509968750001 0.592497071875 0.5081054296875 0.541125809375 0.49525637031249997 0.5510764515625
0 1 0.629911403125 0.840541553125 0.61414324375 0.8156419546875 0.5853657078125 0.819813515625 0.6028914859375 0.786366715625 0.8338688484375 0.7892269468750001 0.8575828718749999 1 0.8752365140625 1 0.629911403125
0 1 0.87652493125 0.7858811171875 0.8592572875 0.768585621875 0.9838746640625 0.9996647078124999 0.9784962390624999 1 0.9735717390625 1 0.87652493125
0 0.46442700156249994 0.8184620593749999 0.4587881734375 0.9746710609375 0.5612018156249999 0.9887015765625 0.767452884375 0.9839010296874999 0.7870197640625001 0.855167090625 0.46442700156249994 0.8184620593749999
0 0.5168891515625 0.0056587359375 0.523349003125 0.0733360015625 0.49891407499999996 0.2143089625 0.506156225 0.2237602625 0.523608546875 0.22609026875 0.5373691546875 0.078389446875 0.5522417265625 0.014620759375 0.5168891515625 0.0056587359375
0 0.9845242781250001 0.141269390625 0.896917290625 0.133815465625 0.864889615625 0.31831796562500003 0.9718107453125 0.3347137765625 0.9845242781250001 0.141269390625