0 1 0.22311194687499997 0.923263228125 0.2145009859375 0.918059765625 0.2302257859375 0.9042303234375 0.36434219843750004 1 0.3793686265625 1 0.22311194687499997
0 0.8258849515625 0.197033503125 0.8143426828125 0.3482183671875 0.902066034375 0.367285609375 0.91793688125 0.2102139234375 0.8258849515625 0.197033503125
0 0.691759634375 0.18630097031249998 0.6748910171875 0.33319876875 0.804396128125 0.3530974484375 0.8221396328124999 0.19636167499999999 0.691759634375 0.18630097031249998
0 0.8636297624999999 0.20047244062499997 0.8758781765625001 0.0627407921875 0.7856989078125001 0.0498962859375 0.7709945765625 0.1938506703125 0.8636297624999999 0.20047244062499997
0 0.6939386078124999 0.033436540625 0.6806924234375 0.1609943015625 0.6805236781249999 0.184285490625 0.7635039406249999 0.19250701875 0.7784998984375 0.045273307812500004 0.6939386078124999 0.033436540625
0 1 0.381521134375 0.9566647796875 0.373747765625 0.9416688203125 0.5209814765624999 1 0.535384034375 1 0.381521134375
0 1 0.5369391984375 0.935759215625 0.5232530625 0.8870700749999999 0.51451931875 0.870784715625 0.65485846875 1 0.68670816875 1 0.5369391984375
0 0.9566647796875 0.373747765625 0.8589948734374999 0.35955960625 0.84212625625 0.506457403125 0.935759215625 0.5232530625 0.9566647796875 0.373747765625
0 0.7610333390624999 0.3486507734375 0.75036595625 0.48999766093749997 0.838672565625 0.502506253125 0.856830584375 0.3625030171875 0.7610333390624999 0.3486507734375
0 0.869203684375 0.6512432296874999 0.885197415625 0.5141834078125 0.7934371171875 0.4977236625 0.7814803328125 0.6321759874999999 0.869203684375 0.6512432296874999
0 0.6528501062500001 0.6024393296875 0.7774433859375 0.6347834859375 0.7896918 0.4970518359375 0.6645152624999999 0.47126632968750004 0.6528501062500001 0.6024393296875
0 0.7466206375 0.48932583437500005 0.7472038953125 0.482767184375 0.7610333390624999 0.3486507734375 0.6767636765625 0.33353468125 0.6648068921875 0.4679870046875 0.7466206375 0.48932583437500005
0 0.7189617515625 0.75755865625 0.7290458765625 0.6227704187499999 0.6528501062500001 0.6024393296875 0.639603921875 0.7299970921875001 0.7189617515625 0.75755865625
0 0.8205145484375 0.6425094890625 0.7324995671875 0.6267215703125 0.718670121875 0.7608379828125 0.8042291859375 0.7828486359375 0.8205145484375 0.6425094890625
0 0.915145278125 0.6694790328125 0.869203684375 0.6512432296874999 0.8205145484375 0.6425094890625 0.81013879375 0.7805770515625 0.8988599171875 0.8098181828125 0.915145278125 0.6694790328125
0 1 0.6869318515625 0.9191822249999999 0.6668715359374999 0.9016074640625 0.8003161203125 0.9028968656249999 0.8072106828125 0.9994002562500001 0.8345161421875 1 0.8293201265624999 1 0.6869318515625
0 0.8470087187500001 0.7938539640625 0.8356351921874999 0.9217476390625 0.9700062812500001 0.9725038984375001 0.990036959375 0.8328365765625 0.8470087187500001 0.7938539640625
0 0.9620818281249999 1 0.9665525921875 0.9685527484374999 0.8356351921874999 0.9217476390625 0.8229277859374999 1 0.9620818281249999 1
0 0.833470903125 0.9246910500000001 0.848881378125 0.794189878125 0.763905571875 0.765620571875 0.7466224390625 0.895785834375 0.833470903125 0.9246910500000001
0 0.8203222546875001 1 0.83159824375 0.9243551374999999 0.7000975875 0.884108678125 0.6879692078125 1 0.8203222546875001 1
0 0.6879692078125 1 0.7000975875 0.884108678125 0.6244850765625001 0.8572189390625 0.6062041734375 0.9772103109374999 0.67256205 1 0.6879692078125 1
0 0.745041409375 0.8921705937500001 0.7577043359375 0.7711714828125 0.6411849515625 0.733612328125 0.6244850765625001 0.8572189390625 0.745041409375 0.8921705937500001
0 0.60753763125 0.534341825 0.6326341984375 0.5088588578125 0.6443452109375001 0.33438280625 0.46024135624999996 0.30802196875 0.4439101390625 0.49166416718750006 0.60753763125 0.534341825
0 0.35062935 0.27836511875 0.3358791625 0.46562255468749997 0.44016482031250004 0.4909923421875 0.454623378125 0.3070142296875 0.35062935 0.27836511875
0 0.3450113734375 0.277357378125 0.192036578125 0.24325384843750003 0.182612740625 0.434798353125 0.33371487499999997 0.468565965625 0.3450113734375 0.277357378125
0 0.1868331140625 0.25897864843749996 0.0607816921875 0.2430311171875 0.0496539390625 0.41094851875 0.180448453125 0.4377417640625 0.1868331140625 0.25897864843749996
0 0.0927251 0.418674521875 0.045908618750000005 0.4102766921875 0.04054775 0.46346290625000003 0.050354350000000006 0.5755528625 0.0856342921875 0.5839844234375 0.0927251 0.418674521875
0 0.1879390875 0.439085415625 0.1823211125 0.438077678125 0.094597759375 0.41901043437499996 0.0875069515625 0.5843203359375 0.18184605468749998 0.6145692078125 0.1879390875 0.439085415625
0 0.16351929062499998 0.7778636296875 0.172468071875 0.762810659375 0.179681765625 0.61751261875 0.050342387499999995 0.57541611875 0.0652519734375 0.7458334718749999 0.1519917078125 0.7791274765625 0.16351929062499998 0.7778636296875
0 0.2868983953125 0.4601681390625 0.189811746875 0.4394213296875 0.1824293125 0.60801055625 0.277351671875 0.631700778125 0.2868983953125 0.4601681390625
0 0.3877303640625 0.48158677499999997 0.2871900234375 0.4568888140625 0.2754790125 0.6313648640625 0.3773087515625 0.6629573875 0.3877303640625 0.48158677499999997
0 0.4957613375 0.5076283859374999 0.3874387328125 0.4848660984375 0.3773087515625 0.6629573875 0.48475646875 0.69555765 0.4957613375 0.5076283859374999
0 0.62325621875 0.6571003078125 0.63017828125 0.5150815953125 0.60753763125 0.534341825 0.5051246328125 0.5093079515625 0.484464840625 0.6988369765625 0.599694821875 0.729501565625 0.62325621875 0.6571003078125
0 0.4269956625 0.6818650171875 0.4115393328125 0.8556692421875001 0.5693801046875 0.9206303468750001 0.596978446875 0.8456215921875 0.6083519734375 0.71772791875 0.5881672390625 0.7307654109375 0.4269956625 0.6818650171875
0 0.4115393328125 0.8556692421875001 0.42512300468750003 0.681529103125 0.3248742953125 0.6535518203125 0.31403816875 0.8181898953125 0.4115393328125 0.8556692421875001
0 0.3251659234375 0.6502724953125 0.1843019703125 0.6083464703125 0.179681765625 0.61751261875 0.17346584375000001 0.772984546875 0.3137465390625 0.8214692203125 0.3251659234375 0.6502724953125
0 0.1482463890625 0.7784556499999999 0.1463737296875 0.7781197375 0.08574249218749999 0.7539173031249999 0.08572780625000001 0.9038383187499999 0.1632129765625 0.931063971875 0.169428896875 0.77559204375 0.1482463890625 0.7784556499999999
0 0.17346584375000001 0.772984546875 0.17130155625000001 0.7759279578125 0.1632129765625 0.931063971875 0.2565543078125 0.951138953125 0.263768 0.8058409140625 0.17346584375000001 0.772984546875
0 0.2565543078125 0.951138953125 0.3579695328125 0.965998940625 0.36747039843749996 0.8377693531249999 0.263768 0.8058409140625 0.2565543078125 0.951138953125
0 0.4606741578125 0.9877534875 0.47000628125 0.8828150875 0.3655977390625 0.8374334390625 0.35767790312500003 0.9692782640625 0.4606741578125 0.9877534875
0 0.58694046875 1 0.5994343640625 0.8393988546875001 0.5712527640625 0.9209662609375 0.4793695765625 0.8844946531250001 0.47032908281249997 0.9861537281249999 0.5363858968749999 1 0.58694046875 1
0 0.6748910171875 0.33319876875 0.693923921875 0.18335755781250002 0.6805236781249999 0.184285490625 0.6806924234375 0.1609943015625 0.6713291265625 0.1593147359375 0.6637467765625 0.24457718750000002 0.6583287125 0.3268962234375 0.6748910171875 0.33319876875
0 0.6713291265625 0.1593147359375 0.6392481484375 0.1135804859375 0.5284696265625 0.09704093593749999 0.5092221218749999 0.3134763859375 0.6256186203125 0.3310236765625 0.6580370828125 0.33017555 0.6713291265625 0.1593147359375
0 0.6373754890625001 0.11324457343750001 0.6694564671875 0.158978821875 0.6809840515625 0.1577149765625 0.6942302359375 0.030157215625 0.543744334375 0.0031634124999999997 0.4723970546875 0.0027483250000000002 0.4660886171875 0.0925144515625 0.6373754890625001 0.11324457343750001
0 0.46825290624999993 0.089571040625 0.469588165625 0.05316255156250001 0.47245575000000006 0.0027486671875 0.3573657796875 0.0020790937499999998 0.353729065625 0.0723596625 0.46825290624999993 0.089571040625
0 0.3534374375 0.0756389890625 0.3573287859375 0.002078878125 0.20029287187499997 0.0011652703125 0.19742346875 0.054316846875000005 0.3534374375 0.0756389890625
0 0.195965325 0.070713471875 0.19742346875 0.054316846875000005 0.20029287187499997 0.0011652703125 0.0812342625 0.0004726078125 0.0755318796875 0.05577368125 0.195965325 0.070713471875
0 0.0592006625 0.23941587968750003 0.0947811875 0.2457982296875 0.097712159375 0.06308396250000001 0.0774045390625 0.05610959375 0.0592006625 0.23941587968750003
0 0.19232820625 0.239974525 0.2015833015625 0.0717212109375 0.0980037890625 0.0598046390625 0.0966538453125 0.2461341421875 0.1887057734375 0.2593145625 0.19232820625 0.239974525
0 0.3041650421875 0.073463896875 0.201460415625 0.051709348437500004 0.19232820625 0.239974525 0.2947412046875 0.2650083984375 0.3041650421875 0.073463896875
0 0.41207312968750004 0.0794936453125 0.30445667187500003 0.070184571875 0.2947412046875 0.2650083984375 0.3971542 0.29004227031249996 0.41207312968750004 0.0794936453125
0 0.5281779984375 0.10032026093749999 0.41365416093749996 0.08310888281249999 0.3971542 0.29004227031249996 0.5092221218749999 0.3134763859375 0.5281779984375 0.10032026093749999
0 0.07903904218749999 0.9034203828124999 0.080450184375 0.919549815625 0.1629213484375 0.934343296875 0.07903904218749999 0.9034203828124999
0 0.64706538125 0.3332632625 0.6354553171874999 0.49711433281249995 0.6645152624999999 0.47126632968750004 0.6709310984375 0.3991211796875 0.6745993875 0.3364780921875 0.64706538125 0.3332632625
0 0.6245739171875 0.6610961093750001 0.6531417375 0.5991600046875 0.6645152624999999 0.47126632968750004 0.6367991671875 0.4986517453125 0.6245739171875 0.6610961093750001
0 0.6010153953125 0.8430140937499999 0.6329423140625 0.7621185140625 0.6454823546874999 0.6211075390625 0.607062571875 0.7108333546875001 0.6010153953125 0.8430140937499999
0 0.594036353125 1 0.604039884375 0.9801537234375 0.6274472234374999 0.7811226390625 0.5979762203125001 0.8557954796875 0.5905721640625 1 0.594036353125 1