0 0.059473171874999994 0 0.0511328171875 0.0782052109375 0.056846342187499996 0.1986086921875 0.3153963671875 0.20161902812500002 0.3092866046875 0.09824979687499999 0.32192326250000003 0 0.059473171874999994 0
0 0.027191315625 0 0.0208972859375 0.197593771875 0.056846342187499996 0.1986086921875 0.0592219734375 0.1879870609375 0.048781951562499995 0.087762196875 0.061497571875000004 0 0.027191315625 0
0 0.3294033515625 0 0.3167097859375 0.099401153125 0.317425290625 0.2059023671875 0.5705315343749999 0.2141739640625 0.5794070296875 0 0.3294033515625 0
0 0.5796051640625 0 0.5727090453125 0.2120694609375 0.8353664500000001 0.2215171890625 0.8425603374999999 0 0.5796051640625 0
0 1 0 0.8446602328124999 0 0.8375439609375 0.2194126859375 1 0.2264249578125 1 0
0 1 0.228581475 0.8247017671875 0.22245795 0.82445145 0.37048014218750003 0.8196984078125 0.4833072578125 1 0.49277845468750003 1 0.228581475
0 0.8268297499999999 0.2224827265625 0.5651620453125 0.21624130312499998 0.557065771875 0.4727948859375 0.8164569046875 0.48539937499999997 0.8268297499999999 0.2224827265625
0 0.28711079375000004 0.365288734375 0.2997283296875 0.46340909375 0.5549130234375 0.47383474843749995 0.5585030125 0.3652538078125 0.568378784375 0.215213828125 0.30883906250000004 0.20899718437499998 0.28711079375000004 0.365288734375
0 0.024403859375 0.3579702828125 0.033829420312500004 0.45605348125 0.3016829578125 0.47088635468750006 0.285057103125 0.3620700359375 0.30025283593749996 0.21209199843749998 0.050437628125 0.199599003125 0.024403859375 0.3579702828125
0 0.27963096875 0.732602090625 0.2738431484375 0.6153925328125001 0.29208226718749997 0.4718395 0.0326168390625 0.4624289328125 0.0162490671875 0.5584442296875001 0.0206810578125 0.7107618734375001 0.02442150625 0.7232410781249999 0.27963096875 0.732602090625
0 0.2795814375 0.7347313734375 0.5423378999999999 0.73992054375 0.5484300140625 0.47801898125 0.292206090625 0.4665163 0.27248198125 0.6281558328125 0.2795814375 0.7347313734375
0 0.8110378859375 0.4895959953125 0.550508465625 0.4801730390625 0.54124914375 0.7409727953125 0.8092760359375 0.7483531859375 0.8110378859375 0.4895959953125
0 1 0.496797328125 0.821727334375 0.48759059687499995 0.8092760359375 0.7483531859375 1 0.7534590140625 1 0.496797328125
0 1 0.7595142546875 0.804846715625 0.75575611875 0.7984839703125 0.9377848656250001 0.817635825 0.938007853125 0.810298928125 0.9681684625000001 1 0.9604387359375 1 0.7595142546875
0 0.79093696875 0.9419567093750001 0.7986361171875 0.7482293046875 0.5401108578125 0.744154328125 0.5304066578125 0.9783256828125 0.5542187249999999 0.97860293125 0.80659288125 0.968319471875 0.8132065031250001 0.945410784375 0.79093696875 0.9419567093750001
0 0.2622807078125 0.9752038546874999 0.52615069375 0.97827613125 0.5338012 0.740886078125 0.27720580781250004 0.7453529999999999 0.26163860625 0.9113006484374999 0.2622807078125 0.9752038546874999
0 0.2563681765625 0.909109428125 0.2720839671875 0.7367739375 0.0212503328125 0.7303265859375 0.028277762499999998 0.9718436468749999 0.258173328125 0.9687664578125 0.2563681765625 0.909109428125