0 0.9441733515624999 0.218742996875 0.947800278125 0.2586093265625 0.9757775375 0.25730653124999997 0.9918731125000001 0.2592260359375 0.992134365625 0.21650962968749998 0.9741489859374999 0.217347140625 0.9441733515624999 0.218742996875
0 0.949798653125 0.2585162703125 0.9259267171875001 0.2622969140625 0.9267952781250001 0.2836085890625 0.9307920296875001 0.283422475 0.9787530421874999 0.2811891078125 0.9776673421875 0.254549515625 0.949798653125 0.2585162703125
0 0.860848884375 0.286679465625 0.880832640625 0.285748896875 0.9267952781250001 0.2836085890625 0.925818146875 0.259632953125 0.8597631828125 0.26003987500000003 0.860848884375 0.286679465625
0 0.9937629171875001 0.25646901875 0.9757775375 0.25730653124999997 0.9768632374999999 0.283946125 0.9948486171875001 0.2831086125 0.9937629171875001 0.25646901875
0 0.792144125 0.2711956875 0.794902490625 0.2897503453125 0.8388667515625 0.2877030921875 0.8402137078124999 0.2716262796875 0.792144125 0.2711956875
0 0.8587419390625 0.28410856406249996 0.8597190687499999 0.3080841984375 0.9216687109375 0.3051994328125 0.9249054718749999 0.2863656046875 0.8587419390625 0.28410856406249996
0 0.9947400468750001 0.2804446515625 0.9587692875 0.282119678125 0.9597464171875 0.30609531093750003 0.995717178125 0.3044202875 0.9947400468750001 0.2804446515625
0 0.92177728125 0.3078633921875 0.9597464171875 0.30609531093750003 0.9587692875 0.282119678125 0.9267952781250001 0.2836085890625 0.92177728125 0.3078633921875
0 0.7809138609375 0.2904017421875 0.7816738515625 0.309049459375 0.8598276390624999 0.3107481578125 0.858850509375 0.2867725234375 0.7809138609375 0.2904017421875
0 0.995717178125 0.3044202875 0.96174479375 0.3060022546875 0.962504784375 0.32464996875 0.99647716875 0.3230680015625 0.995717178125 0.3044202875
0 0.9962159140625 0.3657844078125 0.99647716875 0.3230680015625 0.9724966609375001 0.324184684375 0.9763407281250001 0.36937893593750004 0.9962159140625 0.3657844078125
0 0.927402584375 0.3476366671875 0.9694770421875001 0.3483464328125 0.9684999109374999 0.3243707984375 0.9284238296874999 0.323567978125 0.927402584375 0.3476366671875
0 0.927402584375 0.3476366671875 0.926381340625 0.37170535937500004 0.9703456015624999 0.36965810625 0.9715839875000001 0.350917334375 0.927402584375 0.3476366671875
0 0.8617174453124999 0.3079911421875 0.8606961999999999 0.33205983125 0.9208646078125 0.3345960421875 0.9196703359375 0.3052924921875 0.8617174453124999 0.3079911421875
0 0.7796754765625 0.309142515625 0.774440340625 0.328069403125 0.8586978234375 0.33215288906249996 0.8559394578124999 0.31359823124999997 0.7796754765625 0.309142515625
0 0.9678688328125 0.40713964999999996 0.9662402812499999 0.3671802609375 0.924491534375 0.374462375 0.9279013203125 0.40900078906250004 0.9678688328125 0.40713964999999996
0 0.9982142906249999 0.36569134999999997 0.966457421875 0.3725081796875 0.9678688328125 0.40713964999999996 0.999842840625 0.40565074062499995 0.9982142906249999 0.36569134999999997
0 0.97360270625 0.449576884375 0.9719741546874999 0.40961749531249997 0.9239045703125001 0.409186903125 0.9255331218749999 0.44914629218749996 0.97360270625 0.449576884375
0 1 0.409506921875 0.999842840625 0.40565074062499995 0.9719741546874999 0.40961749531249997 0.97182146875 0.45499786093749994 1 0.4536856921875 1 0.409506921875
0 0.9007722828125001 0.33286265312499996 0.8586978234375 0.33215288906249996 0.774440340625 0.328069403125 0.766229696875 0.323113709375 0.726696465625 0.3356306859375 0.726455553125 0.47709969843750005 0.7428768390625 0.48701108125000003 0.9210579750000001 0.48672089218750003 0.9228629828124999 0.3345029859375 0.9007722828125001 0.33286265312499996
0 0.7319926296875 0.6129616234374999 0.7450685828125 0.639042875 0.925356665625 0.641323590625 0.93369965 0.5021463078124999 0.9211665453125001 0.48938485312499996 0.7428768390625 0.48701108125000003 0.726455553125 0.47709969843750005 0.7319926296875 0.6129616234374999
0 0.9232497203125 0.6387526875 0.745177153125 0.6417068359375 0.745414634375 0.7457873609375001 0.770806553125 0.7793021484375 0.9388872421875 0.7768132859375 0.947338796875 0.6402999640625 0.9285934265625 0.622489759375 0.9232497203125 0.6387526875
0 0.770915121875 0.7819661078125 0.745414634375 0.7457873609375001 0.7461949671875 0.8631876843749999 0.7614864390625 0.8945037953125 0.7756922078125 0.899180315625 0.9321083515625 0.905241671875 0.938778671875 0.774149325 0.770915121875 0.7819661078125
0 0.7441965921875 0.863280740625 0.7262112109375 0.8641182515624999 0.7231033640625 0.9843686484375 0.900958790625 0.97608658125 0.9021327187500001 0.906637528125 0.7756922078125 0.899180315625 0.7614864390625 0.8945037953125 0.7441965921875 0.863280740625
0 0.6202190421875 0 0.5654625531249999 0.01484990625 0.5628975546875 0.14842009843749998 0.7348664234375 0.1430811609375 0.7310252562499999 0 0.6202190421875 0
0 0.5148279703124999 0.14798950625 0.5166940046875 0.2920294203125 0.738730834375 0.2870280203125 0.7347578546875 0.14041720156249998 0.5148279703124999 0.14798950625
0 0.5166940046875 0.2920294203125 0.5027053765625 0.2926808203125 0.504571409375 0.43672073593749994 0.7266082390624999 0.431719334375 0.7248066609375 0.338387703125 0.7228523984375 0.290436434375 0.5166940046875 0.2920294203125
0 0.5025730328125 0.43681379218750005 0.512106859375 0.5724896015625001 0.7301469375 0.5676743156249999 0.7266082390624999 0.431719334375 0.5025730328125 0.43681379218750005
0 0.512106859375 0.5724896015625001 0.517209653125 0.6976956875 0.7275819390625 0.7012445078125 0.7321011984375 0.6156255828125 0.7300383671875 0.56501035625 0.512106859375 0.5724896015625001
0 0.732250453125 0.8157947578125 0.74515338125 0.788503765625 0.743416259375 0.7458804171875 0.7451330390625001 0.689751159375 0.7294717453125 0.6984874921875 0.52720153125 0.6972304046875 0.531978615625 0.8144446125 0.732250453125 0.8157947578125
0 0.531978615625 0.8144446125 0.5317614749999999 0.8091166937500001 0.5196626515625 0.8070110765624999 0.510213625 0.8207961578124999 0.5133180421875 0.9460953015625 0.7256887046875 0.9495510625 0.72631978125 0.8667822109375001 0.72091161875 0.8323368546875001 0.71837039375 0.8191101156249999 0.531978615625 0.8144446125
0 0.3992716703125 0.0145817515625 0.3837189453125 0.025982046874999998 0.3969238125 0.1534798640625 0.5148279703124999 0.14798950625 0.558792234375 0.145942253125 0.5489326984375 0.0022745656249999998 0.5048598640625 0.0016578562500000002 0.3992716703125 0.0145817515625
0 0.3969238125 0.1534798640625 0.27291595625 0.15658543281249998 0.2807771171875 0.300346178125 0.5027053765625 0.2926808203125 0.498840965625 0.1487339609375 0.3969238125 0.1534798640625
0 0.2668970578125 0.30366153749999997 0.27076146562500003 0.4476083953125 0.4923640140625 0.43195115624999997 0.490715121875 0.2932391609375 0.2668970578125 0.30366153749999997
0 0.2766480234375 0.44466526406250007 0.2861818484375 0.580341075 0.5020064109375 0.570290928125 0.4943623921875 0.4318581 0.2766480234375 0.44466526406250007
0 0.28007815156250004 0.5779562859375 0.28739646093750004 0.708397234375 0.49911570312500003 0.695869240625 0.4959027140625 0.5679061375 0.28007815156250004 0.5779562859375
0 0.501114078125 0.695776184375 0.303274896875 0.70498881875 0.310267496875 0.827437890625 0.5084323890625 0.8262171328125 0.5197712218749999 0.8096750359374999 0.5165582328125 0.6817119328125 0.502569603125 0.68236333125 0.501114078125 0.695776184375
0 0.3123744421875 0.83000879375 0.307400559375 0.8062192734375 0.290392309375 0.8310324187499999 0.295060825 0.9455826671875001 0.507431484375 0.94903843125 0.50254583125 0.8291602640625 0.3123744421875 0.83000879375
0 0.2308415 0.1558756703125 0.3888217390625 0.15118813281250001 0.3856087515625 0.023225029687500003 0.22119910312500002 0.0175359 0.2308415 0.1558756703125
0 0.0730783984375 0.165891125 0.22895169375000002 0.1586326859375 0.22163338437500002 0.0281917375 0.057766585937500003 0.0358224046875 0.0730783984375 0.165891125
0 0.0474252265625 0.17509274375 0.053179440625 0.31628258593749997 0.2747819890625 0.30062535 0.26492245468750003 0.15695766093750002 0.0474252265625 0.17509274375
0 0.0391908109375 0.3169339828125 0.0508315828125 0.455180696875 0.268763090625 0.447701453125 0.2590121265625 0.306697721875 0.0391908109375 0.3169339828125
0 0.0508315828125 0.455180696875 0.064253590625 0.5880064328125 0.2740830265625 0.5782354562500001 0.2668732859375 0.45045846875000006 0.0508315828125 0.455180696875
0 0.06636053593749999 0.5905773359375 0.07745845625 0.7155042515625001 0.28739646093750004 0.708397234375 0.27797120625 0.575385384375 0.06636053593749999 0.5905773359375
0 0.07745845625 0.7155042515625001 0.0743743796875 0.6889577171875 0.059473076562500005 0.7163417640625 0.0725693734375 0.8411756234375 0.274622446875 0.8371047921875 0.2901751703125 0.8257045 0.28739646093750004 0.708397234375 0.07745845625 0.7155042515625001
0 0.08256125 0.8407103390625 0.08879385937499999 0.9445116953125 0.295060825 0.9455826671875001 0.290718021875 0.839024296875 0.08256125 0.8407103390625