0 0.1227804875 0.0769647703125 0.1170894296875 0.002168021875 0.00082926875 0.002168021875 0 0.0773333328125 0.1227804875 0.0769647703125
0 0.12034146406249999 0.002168021875 0.12196747968749999 0.07804878125 0.3528617875 0.0704607046875 0.3504227640625 0.005420053125 0.12034146406249999 0.002168021875
0 0.3504227640625 0.005420053125 0.3520487796875 0.0682926828125 0.57969105625 0.06937669375 0.58213008125 0.00325203125 0.3504227640625 0.005420053125
0 0.580504065625 0.005420053125 0.5813170734375 0.074796746875 0.8138373984375 0.091056909375 0.81465040625 0.0010840109375 0.580504065625 0.005420053125
0 0.81465040625 0.0010840109375 0.8138373984375 0.0953929546875 0.998 0.096 0.998 0.0026666671875 0.81465040625 0.0010840109375
0 0.1187154484375 0.07804878125 0.0032682921875 0.0791327921875 0 0.23733333281250002 0.11627642187500001 0.24065040468749999 0.1187154484375 0.07804878125
0 0.3528617875 0.074796746875 0.1170894296875 0.0737127359375 0.11627642187500001 0.238482384375 0.34960975625 0.23739837343749998 0.3528617875 0.074796746875
0 0.586195121875 0.0737127359375 0.3520487796875 0.06937669375 0.34879674843749997 0.22872628750000001 0.5837560984375 0.2363143625 0.586195121875 0.0737127359375
0 0.8170894296875 0.0953929546875 0.5829430906249999 0.080216803125 0.586195121875 0.2395663953125 0.816276421875 0.25040650468750003 0.8170894296875 0.0953929546875
0 0.998 0.0986666671875 0.8195284562499999 0.09322493281250001 0.8284715437499999 0.2623306234375 0.998 0.25866666718750003 0.998 0.0986666671875
0 0.1170894296875 0.24065040468749999 0.0016422765625 0.2363143625 0 0.4 0.1187154484375 0.40433604218749997 0.1170894296875 0.24065040468749999
0 0.35530081406249997 0.2352303515625 0.1170894296875 0.24173441874999999 0.12115447187499999 0.4 0.3536747953125 0.3989159890625 0.35530081406249997 0.2352303515625
0 0.591886178125 0.2363143625 0.3536747953125 0.23306233125000003 0.3528617875 0.40433604218749997 0.5910731703125001 0.405420053125 0.591886178125 0.2363143625
0 0.8252195125 0.2482384828125 0.5951382125 0.2460704609375 0.591886178125 0.4162601625 0.8292845515625 0.421680215625 0.8252195125 0.2482384828125
0 0.998 0.25866666718750003 0.830097559375 0.271002709375 0.830097559375 0.427100271875 0.998 0.4266666671875 0.998 0.25866666718750003
0 0.11952845625 0.40433604218749997 0.0016422765625 0.3989159890625 0 0.568 0.1170894296875 0.5723577234375 0.11952845625 0.40433604218749997
0 0.3504227640625 0.3989159890625 0.11952845625 0.4 0.11221138125 0.5701897015624999 0.351235771875 0.57669376875 0.3504227640625 0.3989159890625
0 0.591886178125 0.40325203125 0.351235771875 0.40758807499999994 0.34879674843749997 0.58319783125 0.5943252046875 0.5810298109375001 0.591886178125 0.40325203125
0 0.821154471875 0.42059620468750003 0.5959512203124999 0.421680215625 0.5935121953125 0.5951219515624999 0.8244065046875001 0.5810298109375001 0.821154471875 0.42059620468750003
0 0.8292845515625 0.4281842828125 0.8398536578125 0.5994579953125 0.998 0.5946666671874999 0.998 0.4266666671875 0.8292845515625 0.4281842828125
0 0 0.744 0.11465040625 0.7436314375 0.117902440625 0.5734417328125 0 0.5706666671875 0 0.744
0 0.3520487796875 0.5756097578125 0.11221138125 0.5712737125 0.11221138125 0.7414634140625 0.3536747953125 0.7425474265625 0.3520487796875 0.5756097578125
0 0.5935121953125 0.5788617890625 0.351235771875 0.5788617890625 0.34879674843749997 0.74688346875 0.5894471546875 0.7501355015625 0.5935121953125 0.5788617890625
0 0.8276585359374999 0.5842818421875 0.5926991859374999 0.5951219515624999 0.5935121953125 0.762059621875 0.830097559375 0.75447154375 0.8276585359374999 0.5842818421875
0 0.998 0.592 0.831723578125 0.598373984375 0.8260325203125 0.772899728125 0.998 0.7626666671875 0.998 0.592
0 0.1187154484375 0.9214092140625001 0.1170894296875 0.7403794031250001 0.0016422765625 0.7447154484375 0.0040813 0.91815718125 0.1187154484375 0.9214092140625001
0 0.34879674843749997 0.7414634140625 0.11952845625 0.7425474265625 0.12196747968749999 0.9149051500000001 0.35530081406249997 0.9192411921874999 0.34879674843749997 0.7414634140625
0 0.5910731703125001 0.7523035234375001 0.351235771875 0.749051490625 0.3536747953125 0.9214092140625001 0.5975772359375 0.923577234375 0.5910731703125001 0.7523035234375001
0 0.8292845515625 0.7555555546875 0.5910731703125001 0.7663956640625 0.5959512203124999 0.9452574531250001 0.8276585359374999 0.928997290625 0.8292845515625 0.7555555546875
0 0.998 0.768 0.8292845515625 0.778319784375 0.8195284562499999 0.9355013546875 0.998 0.9333333328125001 0.998 0.768
0 0.12928455156250002 0.9203252031250001 0.0065203265625000005 0.9170731703125 0.00082926875 0.9972899734375 0.12847154375 0.99295393125 0.12928455156250002 0.9203252031250001
0 0.3585528453125 0.9224932234375001 0.126845528125 0.9203252031250001 0.12521951250000002 0.9918699203125 0.3577398375 0.9962059625 0.3585528453125 0.9224932234375001
0 0.596764228125 0.9214092140625001 0.3569268296875 0.9203252031250001 0.3569268296875 0.9962059625 0.600016259375 0.9962059625 0.596764228125 0.9214092140625001
0 0.834975609375 0.928997290625 0.5975772359375 0.9463414640625001 0.59839024375 0.9951219515625 0.836 0.9973333328124999 0.834975609375 0.928997290625
0 0.998 0.9333333328125001 0.8374146343750001 0.9344173437500001 0.8374146343750001 0.99295393125 0.998 0.9973333328124999 0.998 0.9333333328125001