0 0.834 0.53153153125 0.834 0.36786786718750003 0.746 0.3378378375 0.624 0.34984985 0.41600000000000004 0.36336336406249997 0.41 0.396396396875 0.43600000000000005 0.5630630625 0.612 0.5495495499999999 0.834 0.53153153125
0 0.8480000000000001 0.5390390390625 0.834 0.5330330328125 0.612 0.552552553125 0.446 0.5615615609375 0.458 0.5885885890625 0.476 0.73123123125 0.8380000000000001 0.684684684375 0.8480000000000001 0.5390390390625
0 0.476 0.73123123125 0.492 0.85585585625 0.8240000000000001 0.8003003 0.8300000000000001 0.684684684375 0.476 0.73123123125
0 0.82 0.8378378375000001 0.8099999999999999 0.803303303125 0.492 0.8573573578125 0.484 0.8273273265625001 0.45999999999999996 0.8303303296875001 0.47800000000000004 0.9729729734375001 0.8099999999999999 0.95045045 0.808 0.846846846875 0.82 0.8378378375000001
0 0 0.6291291296875 0.422 0.5765765765624999 0.41600000000000004 0.48198198124999997 0.40199999999999997 0.40990990937499994 0.376 0.36186186249999996 0.158 0.3828828828125 0.158 0.390390390625 0.11200000000000002 0.40090090156249997 0.098 0.40540540468749997 0.064 0.40540540468749997 0.05600000000000001 0.3918918921875 0.018 0.396396396875 0 0.41141141093750005 0 0.6291291296875
0 0.472 0.7387387390625 0.45199999999999996 0.5930930937500001 0.442 0.5645645640625 0.42400000000000004 0.5660660656250001 0.42400000000000004 0.578078078125 0.012 0.6306306312500001 0 0.647147146875 0.022 0.696696696875 0.064 0.7882882890625 0.472 0.7387387390625
0 0.45999999999999996 0.864864865625 0.438 0.7432432437500001 0.064 0.7882882890625 0.046 0.7627627625 0.03 0.791291290625 0.086 0.9129129125000001 0.45599999999999996 0.8828828828124999 0.45999999999999996 0.864864865625
0 0.242 1 0.476 0.9744744750000001 0.45599999999999996 0.8858858859375 0.10600000000000001 0.9144144140625 0.132 1 0.242 1
0 0.382 0.35285285312500003 0.41600000000000004 0.33183183125000004 0.40599999999999997 0.3003003 0.398 0.2177177171875 0.364 0.202702703125 0.35 0.20570570625 0.03 0.2267267265625 0.068 0.36336336406249997 0.156 0.3603603609375 0.158 0.36786786718750003 0.382 0.35285285312500003
0 0.5980000000000001 0.283783784375 0.5940000000000001 0.21171171093750002 0.584 0.20420420468749997 0.40199999999999997 0.2177177171875 0.40599999999999997 0.303303303125 0.58 0.28978978906249997 0.5980000000000001 0.283783784375
0 0.41600000000000004 0.3333333328125 0.398 0.3453453453125 0.40800000000000003 0.3873873875 0.414 0.36186186249999996 0.612 0.34984985 0.72 0.340840840625 0.6759999999999999 0.31831831875 0.41600000000000004 0.3333333328125
0 0.524 0.20420420468749997 0.518 0.1741741734375 0.33799999999999997 0.190690690625 0.33999999999999997 0.20570570625 0.364 0.20420420468749997 0.396 0.2177177171875 0.524 0.20420420468749997
0 0.418 0.33183183125000004 0.674 0.31381381406250003 0.634 0.2957957953125 0.41200000000000003 0.3123123125 0.418 0.33183183125000004