0 0.0417154640625 0 0.0339561359375 0.0952976015625 0.21513889531250002 0.10749318593749999 0.22688235625000003 0.1107862359375 0.234362565625 0 0.0417154640625 0
0 0.02180636875 0.2445171796875 0.071858415625 0.2444709359375 0.0798044171875 0.0977065234375 0.0339561359375 0.0952976015625 0.02180636875 0.2445171796875
0 0.2346390109375 0.1138698140625 0.224888953125 0.11068150000000002 0.21336245156250003 0.10472381718749998 0.0835742625 0.10058062812499999 0.08182543437499999 0.24499461562499997 0.23219853750000002 0.2421912515625 0.2346390109375 0.1138698140625
0 0.0720753765625 0.2418063015625 0.07054350625 0.3835556515625 0.2237778546875 0.3701984828125 0.228428690625 0.23931714531249998 0.0780555859375 0.2421205078125 0.0720753765625 0.2418063015625
0 0.20400818437499998 0.858874103125 0.00526566875 0.9050915359375 0.00557444375 0.9581655874999999 0.199099625 0.968333621875 0.20400818437499998 0.858874103125
0 0.22302046875 0.9695904515624999 0.3466114859375 0.976084065625 0.35333725 0.8934803703125 0.2386692125 0.9249200656250001 0.2152230515625 0.94242041875 0.22302046875 0.9695904515624999
0 0.4551770265625 0.872070803125 0.3610939046875 0.8965639484375 0.35857190625 0.9767124796875001 0.45243806875 0.9548839687499999 0.4551770265625 0.872070803125
0 0.4154720046875 0.9663219046875 0.4143872046875 0.9796450796875 0.483987353125 0.9833019515625001 0.5544249234375 0.98084221875 0.5586985734375001 0.928354603125 0.4154720046875 0.9663219046875
0 0.6532156171875 0.8985321875000001 0.5606919765625 0.9284593375 0.5564325625000001 0.980772109375 0.6126894546874999 0.9788075765625001 0.64558125 0.9677079703125001 0.6532156171875 0.8985321875000001
0 0.643587846875 0.9676032328125 0.717736934375 0.9420627312500001 0.72736470625 0.8729916843750001 0.6512222140625 0.8984274515624999 0.643587846875 0.9676032328125
0 0.733344915625 0.873305890625 0.74228104375 0.7881422953125 0.6127913390625 0.8295073828125 0.6060655749999999 0.9121110781249999 0.6552090203125001 0.8986369218749999 0.733344915625 0.873305890625
0 0.45717043124999995 0.872175540625 0.45243806875 0.9548839687499999 0.5586985734375001 0.928354603125 0.6060655749999999 0.9121110781249999 0.6107979359375 0.829402646875 0.46579492499999997 0.8646005765625 0.45717043124999995 0.872175540625
0 0.404040178125 0.8854402234375 0.41319326562500003 0.79761199375 0.2333937921875 0.8176015031249999 0.213202034375 0.795132328125 0.2093375140625 0.8671822171875 0.22315590468750002 0.9187529078125 0.2364588484375 0.9274799640625 0.355330653125 0.89358510625 0.404040178125 0.8854402234375
0 0.06719574687499999 0.891826340625 0.2060015875 0.8589788390624999 0.21008306875 0.784264315625 0.20514689531250002 0.746540478125 0.0649985328125 0.7712893375000001 0.06719574687499999 0.891826340625
0 0.0568079578125 0.773535028125 0.00454608125 0.7814050171875 0.00525475 0.903214859375 0.053024962499999995 0.893757825 0.0568079578125 0.773535028125
0 0.0667881234375 0.65096180625 0.003817821875 0.6562277265625001 0.0045603109375 0.78385095625 0.066774975 0.7740587078125001 0.0667881234375 0.65096180625
0 0.405816621875 0.8882095921875001 0.45916383437499997 0.8722802749999999 0.46380152187499996 0.864495840625 0.56607521875 0.837757003125 0.5767877890625 0.7553627781250001 0.41739703281249996 0.795156828125 0.405816621875 0.8882095921875001
0 0.6597244203125 0.8185931265624999 0.669352190625 0.7495220796875001 0.6644567828125 0.735884696875 0.5787811921875 0.755467515625 0.5658582578125 0.8404216375000001 0.6597244203125 0.8185931265624999
0 0.7459286046875 0.7187570437499999 0.66800966875 0.7414234390625001 0.65994138125 0.8159284921875001 0.7420640828125 0.7908069328125 0.7459286046875 0.7187570437499999
0 0.632223078125 0.6646142 0.6197340640625 0.744239053125 0.664673740625 0.7332200609374999 0.66800966875 0.7414234390625001 0.7519088140625 0.71907125 0.7584176171875 0.6391321921875 0.632223078125 0.6646142
0 0.6195171046875 0.7469036859375 0.6260259078125 0.666964628125 0.47634444687500005 0.6858605390625 0.46654047812500005 0.7816826734375 0.6195171046875 0.7469036859375
0 0.41917347656250004 0.7979262 0.4683169203125 0.7844520453125 0.47634444687500005 0.6858605390625 0.3625442484375 0.7066416921875 0.3547336828125 0.8025685640625 0.41917347656250004 0.7979262
0 0.2509544140625 0.7248629453125 0.2364851453125 0.681286159375 0.22608420625 0.68609175 0.21896528437499999 0.7981111703125 0.2314003890625 0.8174967656250001 0.3547336828125 0.8025685640625 0.3625442484375 0.7066416921875 0.2509544140625 0.7248629453125
0 0.221324234375 0.621616825 0.075195659375 0.6460514765625 0.075182509375 0.7691483796874999 0.2175412375 0.7418396203125 0.221324234375 0.621616825
0 0.2193308296875 0.6215120875 0.22289686562500002 0.503953928125 0.07763613124999999 0.5177300390624999 0.0732022546875 0.645946740625 0.2193308296875 0.6215120875
0 0.071222 0.522745103125 0.0030788390625 0.5292076031249999 0.0038304984374999997 0.6584067953125 0.0687815265625 0.651066540625 0.071222 0.522745103125
0 0.702263071875 0.566604865625 0.6953203484375 0.6518731953125 0.7666081921875 0.636886496875 0.7771038031249999 0.5571569109375 0.702263071875 0.566604865625
0 0.702263071875 0.566604865625 0.60926475 0.5777748328125 0.5998947015625 0.6682677 0.6973137515625 0.65197793125 0.702263071875 0.566604865625
0 0.8497078734375 0.7964626609375001 0.8195490984375 0.7734698046874999 0.7717481765625 0.795042603125 0.7566687875 0.7835461765625 0.7400706796875001 0.790702196875 0.733344915625 0.873305890625 0.7734707078125 0.8968224234375001 0.8400801015624999 0.8655337062499999 0.8497078734375 0.7964626609375001
0 0.8959493109375 0.7694558578125 0.8327705171875 0.7340239546875 0.8237528656249999 0.77101464375 0.8494909125 0.7991272953124999 0.84207350625 0.86563844375 0.8905253078124999 0.836071740625 0.8959493109375 0.7694558578125
0 0.938543190625 0.8118343078124999 0.9413229109374999 0.753107596875 0.8590779203125001 0.7059697953125 0.8300854703124999 0.7178266718749999 0.8309940734374999 0.731254584375 0.8959493109375 0.7694558578125 0.8927356718749999 0.8335118406250001 0.938543190625 0.8118343078124999
0 0.9405365937499999 0.8119390453124999 0.9777196171875 0.797836475 0.9831436218749999 0.73122059375 0.911774253125 0.6980343828125 0.85929488125 0.7033051609375 0.9413229109374999 0.753107596875 0.9405365937499999 0.8119390453124999
0 0.2616262234375 0.6183822671875 0.24125826875 0.62266418125 0.2364851453125 0.681286159375 0.2527308578125 0.727632315625 0.43604245625000004 0.68909509375 0.44320214062499996 0.6011621296875 0.2616262234375 0.6183822671875
0 0.6070543875000001 0.5803347328124999 0.44320214062499996 0.6011621296875 0.4358254953125 0.6917597296875 0.4761274859375 0.688525175 0.5996777421874999 0.670932334375 0.6070543875000001 0.5803347328124999
0 0.010090521875 0.3884074859375 0.0683331421875 0.3861155515625 0.071858415625 0.2444709359375 0.02180636875 0.2445171796875 0.010090521875 0.3884074859375
0 0.22489026875 0.5040586625000001 0.23088362812500002 0.381275965625 0.225554296875 0.37296785312499997 0.07054350625 0.3835556515625 0.009873560937500001 0.391072121875 0.0027819093749999997 0.4781695265625 0.003092540625 0.531562546875 0.0754257671875 0.5202899390625 0.22489026875 0.5040586625000001
0 0.7566687875 0.7835461765625 0.7737415796875 0.7951473375 0.8237528656249999 0.77101464375 0.8418828421875 0.622109271875 0.7953429187500001 0.603607803125 0.7712051171875001 0.605015609375 0.7666081921875 0.636886496875 0.7584176171875 0.6391321921875 0.7519088140625 0.71907125 0.7459286046875 0.7187570437499999 0.74336584375 0.7748191203125 0.7566687875 0.7835461765625
0 0.6487528109375 0.48618836875 0.6415931265625 0.5741213359375 0.7790972078125 0.5572616453125 0.7904606578125 0.46687351718750003 0.6487528109375 0.48618836875
0 0.6469763687500001 0.48341899687499995 0.48997217343750005 0.493902059375 0.479734284375 0.595053465625 0.6415931265625 0.5741213359375 0.6469763687500001 0.48341899687499995
0 0.48797876875 0.49379732499999995 0.37504641250000004 0.5039199359375 0.366584965625 0.6078407140625 0.48151072656249994 0.5978228375 0.48797876875 0.49379732499999995
0 0.25258095625 0.5081896 0.2368506890625 0.504687078125 0.22548723750000002 0.5950752078125 0.24125826875 0.62266418125 0.2616262234375 0.6183822671875 0.3663680078125 0.6105053500000001 0.377039815625 0.504024671875 0.25258095625 0.5081896
0 0.719009765625 0.38551440000000003 0.7094227578125001 0.47867189843749997 0.7924540609374999 0.4669782515625 0.7991798265625001 0.3843745578125 0.719009765625 0.38551440000000003
0 0.6487528109375 0.48618836875 0.7074293546875 0.4785671640625 0.7187928046875001 0.3881790359375 0.62024819375 0.393705525 0.61087814375 0.48419839218750005 0.6487528109375 0.48618836875
0 0.48797876875 0.49379732499999995 0.6106611843749999 0.48686302656249997 0.62024819375 0.393705525 0.44816461093750004 0.3926921609375 0.4377097609375 0.4965082015625 0.48797876875 0.49379732499999995
0 0.4374928015625 0.4991728375 0.44816461093750004 0.3926921609375 0.25835735625 0.3880715375 0.23552131406250001 0.3734915328125 0.23309399218750002 0.37871606875 0.22489026875 0.5040586625000001 0.2368506890625 0.504687078125 0.25258095625 0.5081896 0.37504641250000004 0.5039199359375 0.4374928015625 0.4991728375
0 0.7187928046875001 0.3881790359375 0.7991798265625001 0.3843745578125 0.8075873609374999 0.37946422968750004 0.8209442171875001 0.2891808359375 0.6889456640625 0.28759755 0.6767143718749999 0.3886442203125 0.7187928046875001 0.3881790359375
0 0.6889456640625 0.28759755 0.5190724453125 0.28402428281250003 0.5101770796875 0.3932743328125 0.6767143718749999 0.3886442203125 0.6889456640625 0.28759755
0 0.5190724453125 0.28402428281250003 0.39769179062500004 0.2749707703125 0.38836250625 0.3895500890625 0.5101770796875 0.3932743328125 0.5190724453125 0.28402428281250003
0 0.2645676765625 0.26262420625 0.22868641250000002 0.2607389625 0.223994815625 0.36753384843750003 0.23573827500000002 0.3708268984375 0.25636395312500004 0.387966803125 0.38836250625 0.3895500890625 0.39747483125 0.2776354046875 0.2645676765625 0.26262420625
0 0.47323731249999995 0.158518459375 0.267225109375 0.131638134375 0.23446281249999998 0.140620903125 0.232415496875 0.23952661718749998 0.22890337343749997 0.2580743296875 0.264350715625 0.26528884218750004 0.46347410624999996 0.27842705 0.47323731249999995 0.158518459375
0 0.6535522312500001 0.1813725859375 0.473020353125 0.1611830953125 0.4654675109375 0.27853178437500004 0.6448738265625 0.287958 0.6535522312500001 0.1813725859375
0 0.6448738265625 0.287958 0.815180965625 0.2862019921875 0.822557609375 0.1956043921875 0.6535522312500001 0.1813725859375 0.6448738265625 0.287958
0 0.2861690171875 0.0710846703125 0.23477444687500001 0.063032271875 0.22887575937500002 0.11089097187500001 0.2346390109375 0.1138698140625 0.23446281249999998 0.140620903125 0.2652317046875 0.1315333984375 0.2791855296875 0.13226654843750002 0.2861690171875 0.0710846703125
0 0.383194909375 0.0842106265625 0.2861690171875 0.0710846703125 0.2791855296875 0.13226654843750002 0.37820482499999997 0.145497240625 0.383194909375 0.0842106265625
0 0.43358620312499996 0.1537591109375 0.57247356875 0.169084515625 0.5787654125 0.0918100921875 0.4383185640625 0.071050678125 0.3951553296875 0.084839040625 0.3919416890625 0.14889502500000001 0.43358620312499996 0.1537591109375
0 0.600516653125 0.119713271875 0.5746024078125 0.11835170937499999 0.5722566078125 0.171749153125 0.60016425625 0.173215453125 0.600516653125 0.119713271875
0 0.8419236046874999 0.646195725 0.8399302015625001 0.6460909906250001 0.83030243125 0.7151620375000001 0.857301478125 0.7032004234375 0.9139846171875 0.695474484375 0.9166289015625001 0.6875853125 0.8419236046874999 0.646195725
0 0.9952933890625 0.5820010140625 0.9793461609375 0.581163128125 0.9740983546875001 0.621027921875 0.9918220265625 0.6246351796875 0.9952933890625 0.5820010140625
0 1 0.48858709375 0.9909265734374999 0.48811036406249997 0.9793461609375 0.581163128125 0.9952933890625 0.5820010140625 1 0.5241959171875 1 0.48858709375
0 0.9275584328124999 0.6025264531250001 0.9385694875 0.565640503125 0.8707530046875 0.537993034375 0.8615183937499999 0.5776483578125 0.9275584328124999 0.6025264531250001
0 0.946543103125 0.5660594453125001 0.9537843109375 0.5262993875 0.89506700625 0.5098341390625001 0.8882597171875 0.544264925 0.946543103125 0.5660594453125001
0 0.955994675 0.5237394859375 0.9632358828124999 0.48397942968749996 0.92224225 0.4711214390625 0.91478408125 0.51354613125 0.955994675 0.5237394859375
0 0.897060409375 0.509938875 0.8443233156250001 0.49378783437499996 0.8377329874999999 0.5255539859375 0.8882597171875 0.544264925 0.897060409375 0.509938875
0 0.791491546875 0.5525607906250001 0.8613014328125 0.58031299375 0.8707530046875 0.537993034375 0.8377329874999999 0.5255539859375 0.79652239375 0.5153606296875 0.791491546875 0.5525607906250001
0 0.9220252890625 0.4737860734375 0.88103165625 0.4609280828125 0.8735734875000001 0.503352775 0.91478408125 0.51354613125 0.9220252890625 0.4737860734375
0 0.9157465953124999 0.42796359375000004 0.9085053859375 0.467723653125 0.9652292875 0.48408416406250004 0.9768912234375 0.43920430781249997 0.9157465953124999 0.42796359375000004
0 0.8812486171874999 0.45826344687500004 0.8260841984375 0.4473369421875 0.8190599515624999 0.4844323640625 0.8715800843749999 0.5032480406250001 0.8812486171874999 0.45826344687500004
0 0.794528990625 0.51525589375 0.8122526625000001 0.5188631515625 0.8190599515624999 0.4844323640625 0.7920201421875 0.4723075234375 0.7849958921875 0.5094029453125 0.794528990625 0.51525589375
0 0.826301159375 0.4446723046875 0.7950575828125 0.4350026265625 0.7920201421875 0.4723075234375 0.8188429906250001 0.4870969984375 0.826301159375 0.4446723046875
0 0.8890052718750001 0.46134702499999997 0.89845684375 0.4190270671875 0.847062271875 0.41097466875000005 0.8398210640625001 0.4507347265625 0.8890052718750001 0.46134702499999997
0 0.9215098453125 0.4309424375 0.9768912234375 0.43920430781249997 0.979060825 0.41255795468749995 0.9807965062499999 0.391240871875 0.9032707296875 0.38449154375 0.89845684375 0.4190270671875 0.9215098453125 0.4309424375
0 0.9326563374999999 0.3432189421875 0.9232047640625 0.3855389 0.9845663531250001 0.394114978125 0.9900311187499999 0.35158554999999997 0.9326563374999999 0.3432189421875
0 0.9052641328125001 0.38459627812499997 0.8664808624999999 0.3691783890625 0.8590226937500001 0.4116030828125 0.8964634406249999 0.41892233125 0.9052641328125001 0.38459627812499997
0 0.866263903125 0.371843025 0.89729051875 0.3841773359375 0.9214283218749999 0.3827695296875 0.9306629328125 0.3431142078125 0.8715117078124999 0.33197823125000003 0.866263903125 0.371843025
0 0.8490556765624999 0.411079403125 0.8532594437500001 0.4086242390625 0.862277096875 0.371633553125 0.8228429453125001 0.36420956718749997 0.817595140625 0.40407436093750004 0.8490556765624999 0.411079403125
0 0.836051215625 0.44786061874999994 0.8393056187499999 0.4078910890625 0.7978780640625 0.40036236875000003 0.7950575828125 0.4350026265625 0.836051215625 0.44786061874999994
0 0.9522918875 0.298758028125 0.9443997984375001 0.3465119921875 0.9878207546875 0.35414545 0.9917260375 0.3061820140625 0.9522918875 0.298758028125
0 1 0.2558536046875 0.941809425 0.2553907125 0.9365616187500001 0.2952555078125 0.9937194406250001 0.3062867484375 1 0.2672369203125 1 0.2558536046875
0 0.9522918875 0.298758028125 0.9124238171875 0.2966633140625 0.9069590515625 0.33919274375 0.9443997984375001 0.3465119921875 0.9522918875 0.298758028125
0 1 0.2045454171875 0.9696355499999999 0.20868410625 0.965947228125 0.25398290625 1 0.258191940625 1 0.2045454171875
0 1 0.1606260828125 0.959370046875 0.1626521546875 0.9521288390624999 0.20241221406249998 0.9776091640625 0.20910305 1 0.20535900312500002 1 0.1606260828125
0 0.965947228125 0.25398290625 0.9696355499999999 0.20868410625 0.9297674796875001 0.2065893921875 0.9238687921875 0.2544480921875 0.943802828125 0.25549545 0.965947228125 0.25398290625
0 0.882969834375 0.1666661046875 0.8777220281250001 0.2065308984375 0.9516949171875 0.207741484375 0.9595870078125 0.159987521875 0.9372256484375001 0.16416469843749998 0.882969834375 0.1666661046875
0 0.8840007234374999 0.25235337812499997 0.8807463203125 0.2923229078125 0.936344659375 0.2979201421875 0.9395990609375 0.2579506125 0.8840007234374999 0.25235337812499997
0 0.8695183046875 0.33187349374999997 0.9067420921875 0.3418573796875 0.9122068578125001 0.2993279484375 0.8807463203125 0.2923229078125 0.8406612906250001 0.292892828125 0.837840809375 0.3275330875 0.8695183046875 0.33187349374999997
0 0.8628056890625 0.2913802859375 0.8700469 0.251620228125 0.822639134375 0.2437772984375 0.8149640046875 0.2888666296875 0.8628056890625 0.2913802859375
0 0.8345864078125 0.3675026171875 0.83762385 0.3301977234375 0.8159133703125001 0.32638099375 0.8130928890625 0.361021253125 0.8345864078125 0.3675026171875
0 0.812875928125 0.3636858890625 0.8055939578125001 0.37935949375 0.8011732296874999 0.38447929375 0.7958846609375 0.40025763437500006 0.817595140625 0.40407436093750004 0.8248363484375 0.364314303125 0.812875928125 0.3636858890625
0 0.8777220281250001 0.2065308984375 0.8575710328125 0.2081481765625 0.85431663125 0.24811770625000001 0.8700469 0.251620228125 0.8840007234374999 0.25235337812499997 0.925862196875 0.254552828125 0.9295505187499999 0.20925402656249997 0.8777220281250001 0.2065308984375
0 0.8575710328125 0.2081481765625 0.8777220281250001 0.2065308984375 0.88318679375 0.16400146875 0.8351281500000001 0.164152446875 0.8278869390624999 0.20391250468750002 0.8575710328125 0.2081481765625
0 0.7828657390625 0.166758590625 0.7809130953125 0.1907403078125 0.8245510125 0.19570912812500002 0.8327008250000001 0.1693769828125 0.7828657390625 0.166758590625
0 0.7410042640625 0.1645591390625 0.7390516234375 0.18854085781250002 0.78113005625 0.18807567187500002 0.7828657390625 0.166758590625 0.7410042640625 0.1645591390625