0 0.8119999999999999 0.2213333328125 0.794 0.184 0.792 0.1813333328125 0.40599999999999997 0.1386666671875 0.386 0.16 0.392 0.45066666718750004 0.748 0.496 0.8119999999999999 0.2213333328125
0 0.752 0.584 0.758 0.5386666671875 0.75 0.496 0.392 0.45066666718750004 0.384 0.49866666718749997 0.386 0.5573333328125 0.738 0.6106666671875 0.752 0.584
0 0.73 0.6453333328124999 0.74 0.6106666671875 0.382 0.5599999999999999 0.382 0.6213333328124999 0.722 0.6666666671875 0.73 0.6453333328124999
0 0.732 0.7946666671875 0.716 0.6666666671875 0.378 0.6213333328124999 0.348 0.744 0.354 0.8 0.714 0.8506666671875 0.732 0.7946666671875
0 0.714 0.8480000000000001 0.352 0.8 0.356 0.8506666671875 0.7 0.9013333328125 0.714 0.8480000000000001
0 0.026000000000000002 0.6639999999999999 0.062 0.6693333328125 0.041999999999999996 0.704 0.064 0.7306666671875 0.076 0.7466666671875 0.057999999999999996 0.7733333328125 0.352 0.8053333328125 0.348 0.7466666671875 0.376 0.6213333328124999 0.052000000000000005 0.5733333328125 0.03 0.6106666671875 0.054000000000000006 0.6293333328124999 0.026000000000000002 0.6639999999999999
0 0.10200000000000001 0.8213333328125 0.356 0.8560000000000001 0.352 0.808 0.057999999999999996 0.776 0.05 0.8 0.08199999999999999 0.7946666671875 0.10200000000000001 0.8213333328125
0 0.041999999999999996 0.40800000000000003 0.016 0.44266666718750003 0.034 0.5146666671875 0.382 0.5599999999999999 0.384 0.504 0.392 0.44800000000000006 0.041999999999999996 0.40800000000000003
0 0.382 0.5599999999999999 0.03 0.5146666671875 0.048 0.5733333328125 0.38 0.6213333328124999 0.382 0.5599999999999999
0 0 0.23199999999999998 0.041999999999999996 0.40800000000000003 0.39 0.45066666718750004 0.386 0.1573333328125 0.404 0.136 0.02 0.0986666671875 0 0.12 0 0.23199999999999998
0 1 0.1813333328125 0.8099999999999999 0.16799999999999998 0.8140000000000001 0.2213333328125 0.748 0.49866666718749997 1 0.52 1 0.1813333328125
0 1 0.0186666671875 0.772 0.0053333328125 0.8119999999999999 0.088 0.792 0.1786666671875 1 0.1786666671875 1 0.0186666671875
0 0.414 0.0026666671875 0.396 0.0453333328125 0.396 0.13333333281249998 0.792 0.1813333328125 0.8099999999999999 0.088 0.774 0 0.414 0.0026666671875
0 0.002 0.0026666671875 0 0.0293333328125 0.018 0.0986666671875 0.396 0.13333333281249998 0.396 0.0453333328125 0.418 0 0.002 0.0026666671875
0 1 0.5173333328124999 0.752 0.49866666718749997 0.76 0.5386666671875 0.748 0.5973333328125 1 0.6373333328124999 1 0.5173333328124999
0 1 0.6373333328124999 0.746 0.6026666671875 0.736 0.6639999999999999 1 0.696 1 0.6373333328124999
0 1 0.6933333328125 0.722 0.6693333328125 0.732 0.7946666671875 0.716 0.8506666671875 1 0.8906666671875 1 0.6933333328125
0 1 0.8933333328125 0.714 0.8506666671875 0.7 0.9013333328125 1 0.944 1 0.8933333328125