0 1 0.0965190265625 0.8106652328124999 0.0611832765625 0.7016113109375001 0.07025125625 0.67342975 0.1729724046875 0.7227912812499999 0.18016776875 0.684537984375 0.384764590625 0.72814163125 0.40968199531250005 0.9414944265624999 0.41938389843749996 1 0.2335776203125 1 0.0965190265625
0 0.7339149265625 0.4120635859375 0.7052459359375 0.39815806875000004 0.6473491625000001 0.6798917578125 0.6616913640625001 0.6968963328125 0.8828077140625 0.7091078375000001 0.96996593125 0.435286978125 0.9434846859375 0.4195119078125 0.7339149265625 0.4120635859375
0 0.970163415625 0.433289415625 0.945474946875 0.4196399171875 0.7317271796875 0.4139331390625 0.7032556750000001 0.398030059375 0.64874696875 0.686012453125 0.6065285625 0.9104568875 0.61489998125 0.9270774328125 0.81530838125 0.925895459375 0.8846004890625 0.7112334078125 0.970163415625 0.433289415625
0 0.38205496562499996 0.9322039421874999 0.60315590625 0.9243118140625001 0.6485494828125 0.6880100171875 0.4125138875 0.6848902578125 0.38205496562499996 0.9322039421874999
0 0.12833249062500002 0.7027970234375001 0.1321029609375 0.9482917453124999 0.36952094999999996 0.9374285703125 0.38923863124999997 0.6974650875 0.12833249062500002 0.7027970234375001
0 0.4232368734375 0.39409165 0.40767894218749995 0.3488651859375 0.3877763421875 0.347585090625 0.3826109125 0.35931444375 0.14178944531249998 0.3438252828125 0.116736825 0.374378171875 0.1196865359375 0.58765588125 0.1253393953125 0.6925531921875 0.1263422296875 0.7026690140625 0.38923863124999997 0.6974650875 0.40593524218750004 0.6703952828124999 0.4232368734375 0.39409165
0 0.440738834375 0.3791352296875 0.40772801718749996 0.6725208546875 0.41032614218749996 0.686759809375 0.644371478125 0.6897515609375 0.6984852140625 0.4057642890625 0.683550559375 0.3947524015625 0.440738834375 0.3791352296875
0 0.44612972500000003 0.1422708015625 0.41966388906249996 0.146599365625 0.3993075234375 0.33224464062500003 0.40588616875000005 0.3467396140625 0.423023978125 0.37598558125000003 0.43874857343749996 0.3790072203125 0.68374804375 0.3927548390625 0.7208010203125 0.180039759375 0.44612972500000003 0.1422708015625
0 0.11951418124999999 0.10317115937500002 0.11810380937500001 0.3402916046875 0.380620653125 0.35918643437500003 0.38817131250000003 0.343589965625 0.40971258906249997 0.145959315625 0.4011436828125 0.13133633281249998 0.11951418124999999 0.10317115937500002
0 1 0.339585746875 0.9840181859375001 0.333667325 0.9698888828125 0.3347688203125 0.9621407375000001 0.3523628515625 0.9414944265624999 0.41938389843749996 0.971956190625 0.4354149859375 0.9534976265624999 0.5005664828125 0.9913125671874999 0.5029986656250001 1 0.46856213281250003 1 0.339585746875
0 0.049597373437499995 0 0.047408209374999996 0.022143409375 0.11627737187500001 0.03461399375 0.161871278125 0.05965940937500001 0.16615544375 0 0.049597373437499995 0
0 0.10959370156249999 0.1427383734375 0.11553366093749999 0.10291513906250001 0.1613096421875 0.1058593609375 0.1636640515625 0.0617849828125 0.11428711093749999 0.034485985937500005 0.047408209374999996 0.022143409375 0.0381418234375 0.136132465625 0.10959370156249999 0.1427383734375
0 0.1636640515625 0.0617849828125 0.163299903125 0.10598736875 0.2050953625 0.1086755703125 0.207860153125 0.0807097 0.1636640515625 0.0617849828125
0 0.0381418234375 0.136132465625 0.0256848578125 0.241875253125 0.11485159062500001 0.2516308109375 0.11138647500000001 0.1448639453125 0.0381418234375 0.136132465625
0 0.0164030640625 0.33576067656249997 0.11114560468750001 0.34989538593749997 0.11465410625000001 0.253628371875 0.0256848578125 0.241875253125 0.0164030640625 0.33576067656249997
0 0.0067262984375 0.433641225 0.1094298796875 0.44828797343750004 0.11094812031250001 0.3518929484375 0.016205578125 0.3377582390625 0.0067262984375 0.433641225
0 0.9533001406249999 0.5025640453125 0.9475422546875001 0.5202860859375 0.9805867359375 0.5304524984375 0.9913125671874999 0.5029986656250001 0.9533001406249999 0.5025640453125