0 0.2655178171875 0.7391315578125 0.05682735625 0.7499439640625 0.07160508593750001 0.9449639390625 0.2962717203125 0.9355376062499999 0.2655178171875 0.7391315578125
0 0.24564418125 0.475340540625 0.036498878125 0.473475734375 0.0372264015625 0.49127246874999997 0.0568148953125 0.7497795234375 0.2698869328125 0.73482956875 0.24564418125 0.475340540625
0 0.02128049375 0.10120257343750001 0.0366844671875 0.47801565156250003 0.2634918234375 0.467212415625 0.22791258124999997 0.1527685359375 0.221873153125 0.11621127499999999 0.02128049375 0.10120257343750001
0 0.22587109062500002 0.10282945156250001 0.2722300578125 0.45860843593749995 0.5943150640625 0.44372183437499996 0.5911755328125 0.144563190625 0.526110515625 0.10945279687500001 0.22587109062500002 0.10282945156250001
0 0.267860940625 0.46291042656250003 0.3012131046875 0.72287530625 0.6048936968749999 0.70249708125 0.599055359375 0.44849967656249995 0.267860940625 0.46291042656250003
0 0.2831798703125 0.726463515625 0.3099358375 0.9362513890624999 0.58136230625 0.9051278390625 0.5870460515625 0.71062520625 0.2831798703125 0.726463515625
0 0.2920881921875 0.9443795140625 0.07164899375 0.9455433843750001 0.07447549375 0.9828443874999999 0.2941296828125 0.9943185968750001 0.2920881921875 0.9443795140625
0 0.47161615 1 0.4686081921875 0.926419165625 0.31904525 0.936727240625 0.32601262656249996 0.995984084375 0.40289049062500004 1 0.47161615 1
0 0.581238715625 0.0126676828125 0.5864352359375 0.139785346875 0.9498837765625 0.1361199203125 0.9549102093749999 0.036717609375 0.581238715625 0.0126676828125
0 0.622872884375 0.1416887625 0.6303815328125 0.43654541562500004 0.9440994875 0.4393426265625 0.93640525 0.1399460578125 0.622872884375 0.1416887625
0 0.630567121875 0.44108533124999993 0.6407745765625 0.690780746875 0.9038339921875 0.677341009375 0.9304353687500001 0.4386288453125 0.630567121875 0.44108533124999993
0 0.6316651625 0.6903048921875 0.6360187796875 0.9079829625 0.7389211203125 0.8680561156250001 0.88160173125 0.9117511828125 0.9042051734375001 0.6864208421875 0.6316651625 0.6903048921875