0 0.662951628125 0.0053999125 0.6573487124999999 0.0379366671875 0.780592621875 0.0635282609375 0.7851293312500001 0.0767802796875 0.7990837796875 0.0772688734375 0.9020318203125001 0.10542313437499999 0.9903713890624999 0.127067646875 0.9985861296874999 0.0186586796875 0.8005026187500001 0.01021604375 0.662951628125 0.0053999125
0 0.9675143046875 0.23701097343750002 0.98192685625 0.2385091546875 0.9900635765624999 0.1311298109375 0.9872188984375001 0.131318875 0.9675143046875 0.23701097343750002
0 0.780961875 0.078271009375 0.765252575 0.202106109375 0.77884608125 0.20585535625 0.9675143046875 0.23701097343750002 0.987579840625 0.1280582203125 0.7891163171875 0.076919878125 0.780961875 0.078271009375
0 0.5067373203125001 0.006476903125 0.48843494375 0.009109365625000001 0.46567065156250004 0.1605204375 0.763620025 0.19877565625 0.7824056421875001 0.0652283890625 0.5067373203125001 0.006476903125
0 0.0174030828125 0 0.0057069640625 0.121502484375 0.0408596359375 0.1112767734375 0.46567065156250004 0.1605204375 0.48879588749999997 0.0058487109374999995 0.4703569515625 0 0.0174030828125 0
0 0.884559359375 0.335578521875 0.9741008296875 0.34178831718749997 0.982067190625 0.23665717968750002 0.9026314046874999 0.22655597031250002 0.884559359375 0.335578521875
0 0.733176221875 0.20261965312500002 0.7200018296875 0.32163356875 0.757517246875 0.3262204046875 0.886552853125 0.33564832187500004 0.9026314046874999 0.22655597031250002 0.780839575 0.20592515625000002 0.733176221875 0.20261965312500002
0 0.5407014859375 0.169694109375 0.51684605625 0.31288374375 0.5451158953124999 0.310600275 0.7200018296875 0.32163356875 0.741872078125 0.1963775390625 0.5407014859375 0.169694109375
0 0.3273894671875 0.1442222140625 0.3046251734375 0.2956332859375 0.3158642453125 0.302573390625 0.51684605625 0.31288374375 0.5407014859375 0.169694109375 0.3273894671875 0.1442222140625
0 0 0.286339478125 0.0369557515625 0.291171203125 0.3046251734375 0.2956332859375 0.3273894671875 0.1442222140625 0.0704010828125 0.1155844140625 0.0408596359375 0.1112767734375 0.0037134703125000002 0.1214326859375 0 0.154979178125 0 0.286339478125
0 0.9328139859375 0.44201346093750005 0.96595079375 0.44934339999999995 0.973934775 0.34397972656250003 0.9536097171875 0.3445427984375 0.9328139859375 0.44201346093750005
0 0.757517246875 0.3262204046875 0.728156271875 0.3202824359375 0.7122665015625 0.4457478640625 0.7298469921875 0.4496367109375 0.932633515625 0.4436437875 0.9559641515624999 0.3413519421875 0.757517246875 0.3262204046875
0 0.5451158953124999 0.310600275 0.51684605625 0.31288374375 0.45504778593750006 0.310719975 0.4371063515625 0.3100917828125 0.4150639421875 0.4549815453125 0.4348183984375 0.45730986093750003 0.7122665015625 0.4457478640625 0.728156271875 0.3202824359375 0.5451158953124999 0.310600275
0 0 0.45907429375 0.023445346875000002 0.46745598125 0.4150639421875 0.4549815453125 0.43728682343749997 0.30846145625 0.3156837734375 0.30420371875 0.3046251734375 0.2956332859375 0.0387687734375 0.29287132968749996 0 0.2867344 0 0.45907429375
0 0.553156346875 0.4549066921875 0.532377234375 0.588384159375 0.678254828125 0.572215428125 0.706105553125 0.4471687953125 0.553156346875 0.4549066921875
0 0.4348183984375 0.45730986093750003 0.4150639421875 0.4549815453125 0.338589340625 0.45885049218749996 0.3174492875 0.595588615625 0.34808187031250004 0.60811769375 0.532377234375 0.588384159375 0.5533368171874999 0.45327636406250005 0.4348183984375 0.45730986093750003
0 0 0.6014079640625 0.078616046875 0.6379622890625 0.3167274015625 0.6021099265625 0.3405828328125 0.45892029218749997 0.0214518546875 0.4673861828125 0 0.4594609875 0 0.6014079640625
0 0 0.78562359375 0.015260017187499999 0.7944986921875 0.384564321875 0.7305069109375 0.40280852500000003 0.6018506265625 0.34808187031250004 0.60811769375 0.317268815625 0.59721894375 0.3167274015625 0.6021099265625 0.078616046875 0.6379622890625 0 0.60247928125 0 0.78562359375
0 0.40280852500000003 0.6018506265625 0.384564321875 0.7305069109375 0.669247890625 0.6897386140624999 0.688222290625 0.572564421875 0.40280852500000003 0.6018506265625
0 0.4740827078125 0.717274790625 0.45674085781249996 0.8377794359375 0.6232669515625 0.79778398125 0.64079758125 0.6936524109375 0.4740827078125 0.717274790625
0 0.255906278125 0.75382514375 0.237834234375 0.8628476968750001 0.264118890625 0.87849783125 0.45855387968750005 0.8394795625 0.474263178125 0.7156444640624999 0.255906278125 0.75382514375
0 0 0.93097744375 0.23784254531250001 0.8808510999999999 0.2560867484375 0.7521948171874999 0.015440487499999999 0.7928683640624999 0 0.78454818125 0 0.93097744375
0 0.62526044375 0.7978537796875 0.353817746875 0.8636353828125 0.33900249374999997 0.9613154421875001 0.342087125 0.969606678125 0.6117167984375 0.9021249484375 0.6364995140625 0.804793884375 0.62526044375 0.7978537796875
0 0 0.9854520296875 0.24532496250000002 0.9940416953125 0.33810013906249997 0.9694670796875 0.3518242546875 0.863565584375 0.264118890625 0.87849783125 0.235840740625 0.8627778984375001 0.23784254531250001 0.8808510999999999 0.00010044218750000001 0.9314462109375 0 0.9313612125 0 0.9854520296875
0 0.552116421875 1 0.5800429375 0.98939485 0.595046971875 0.9080878671875 0.4386688140625 0.9468019890624999 0.43090024531250004 0.9989026734375 0.4622404203125 1 0.552116421875 1
0 0.24532496250000002 0.9940416953125 0.428906753125 0.9988328750000001 0.44066230781250004 0.9468717890624999 0.24532496250000002 0.9940416953125
0 0.706286025 0.44553846718749995 0.6825944453125 0.5510909671875 0.7728513359375 0.5673443421875 0.885020025 0.5483587 0.9001962203125 0.4474179859375 0.706286025 0.44553846718749995
0 0.88302653125 0.5482889015625 0.7708578421875 0.56727454375 0.682774915625 0.549460640625 0.678254828125 0.572215428125 0.6885832328125 0.5693037671875001 0.67648335625 0.660532315625 0.722883409375 0.6752501109375 0.857341459375 0.6537716031249999 0.907900659375 0.64899526875 0.9268833687500001 0.5498244796875 0.88302653125 0.5482889015625
0 0.8983831984374999 0.4457178609375 0.8828460609375 0.5499192296875 0.9288768609375 0.549894278125 0.9556946203125 0.542650028125 0.96315525 0.4862358484375 0.9659492843749999 0.4493633015625 0.93082049375 0.44194366093750004 0.8983831984374999 0.4457178609375
0 0.9077201890625 0.6506255953125 0.94577701875 0.6503214500000001 0.95551415 0.54428035625 0.9268833687500001 0.5498244796875 0.9077201890625 0.6506255953125
0 0.8506806484375 0.7501005296875001 0.9367534624999999 0.7318378296875 0.9455965468749999 0.6519517765625 0.907900659375 0.64899526875 0.8553479671875 0.6537018046874999 0.8305652515625 0.7510328687500001 0.8506806484375 0.7501005296875001
0 0.722883409375 0.6752501109375 0.67648335625 0.660532315625 0.6712413828125 0.6898084124999999 0.64297154375 0.69209188125 0.6301331640625001 0.753834934375 0.7149593000000001 0.7829913328125 0.8303847796875001 0.752663196875 0.8553479671875 0.6537018046874999 0.722883409375 0.6752501109375
0 0.936572990625 0.7334681562500001 0.8832984140625 0.7446960046875 0.8653902203125 0.8160814234375 0.9293541453125 0.7986812609375 0.936572990625 0.7334681562500001
0 0.852674140625 0.7501703296875 0.8283912875 0.752593396875 0.7149593000000001 0.7829913328125 0.6303136359375 0.7522046062500001 0.6248995015625 0.8011144359375001 0.6364995140625 0.804793884375 0.6213066984375 0.8697277937499999 0.680939315625 0.89145549375 0.8652097515625 0.8177117515625 0.8832984140625 0.7446960046875 0.852674140625 0.7501703296875
0 0.9293541453125 0.7986812609375 0.9063429 0.8076954375 0.8806495171875 0.8951747375 0.9205110609375 0.8785673140625001 0.9293541453125 0.7986812609375
0 0.8065044203125 0.8418426218749999 0.790056615625 0.9361922265624999 0.8786560250000001 0.8951049390625 0.9065233703125 0.8060651109375 0.8065044203125 0.8418426218749999
0 0.680939315625 0.89145549375 0.6213066984375 0.8697277937499999 0.6138907625 0.9005644203125 0.5930534796875 0.9080180671875 0.5878198171875 0.95529756875 0.6663045328125 0.9875052249999999 0.7896956734375 0.9394528828125001 0.808317440625 0.8435427484375 0.680939315625 0.89145549375
0 0.5911858953125 0.0028871500000000002 0.586846278125 0.024011609375 0.6593422046875 0.038006465625 0.662951628125 0.0053999125 0.5911858953125 0.0028871500000000002