0 0.54787590625 0.3688340375 0.8336129015625 0.3356971625 0.9018084343749999 0.2914673203125 0.873873309375 0.017650353125 0.8376111546875 0.0048730796875 0.7435920281249999 0.0043260921875 0.51009265625 0.08286999687499999 0.54787590625 0.3688340375
0 0.0087466515625 0.1181282765625 0.10311385937499999 0.5150423 0.5562857984375 0.4539396546875 0.5034293828124999 0.064903528125 0.4991315171875 0.04931310625 0.0087466515625 0.1181282765625
0 0.8339993937499999 0.3383400359375 0.5458969890625001 0.36910086249999996 0.5562857984375 0.4539396546875 0.526988540625 0.46058488437499995 0.5521569453125 0.6188905015625 0.8749210328125001 0.631965875 0.8989003312499999 0.5613580203125 0.87560310625 0.31925554375 0.8339993937499999 0.3383400359375
0 0.8749210328125001 0.631965875 0.5509510125 0.6244430734375 0.5716357171875 0.8210830453125 0.5660854578125 0.8245263921875001 0.5703833234375 0.8401168109375 0.8735124390625 0.9259092656250001 0.9222440171875 0.7899793046875 0.8945095468750001 0.5727299875 0.8749210328125001 0.631965875
0 0.8735124390625 0.9259092656250001 0.5687908984375001 0.843026509375 0.5633335578125 0.819507465625 0.5530060234375 0.83167990625 0.5749895796875 0.9958049171875001 0.9157497546875 0.9525541015625001 0.90144956875 0.8547677625000001 0.8735124390625 0.9259092656250001
0 0.5638640234375 1 0.573397153125 0.9987146171875001 0.5558043828125 0.8232176359375 0.1434631703125 0.8599500390625 0.13336793281249998 0.8047165093749999 0.09244428593750001 0.8560491390625 0.1250360171875 1 0.5638640234375 1
0 0.0964505859375 0.4970758296875 0.06787984999999999 0.5224880015625 0.1434631703125 0.8599500390625 0.5696567984375001 0.8213498687499999 0.523417196875 0.46376140625 0.1050927765625 0.5147754765625 0.0964505859375 0.4970758296875
0 0.0063812421874999995 0.115752228125 0.08751682968749999 0.1048124546875 0.08481138906249999 0.0863123359375 0.0005054093750000001 0.086872603125 0.00156268125 0.26860196406250003 0.042263675 0.26452828125 0.0063812421874999995 0.115752228125
0 0.0426501671875 0.2671711546875 0.0015700546874999998 0.2698695984375 0.002630471875 0.45213977187500004 0.08321695625 0.4341805015625 0.0426501671875 0.2671711546875
0 0.051136154687500004 0.5597804265625 0.0784080390625 0.5668832125 0.06590093281250001 0.522754825 0.09606409375 0.49443295468750004 0.08321695625 0.4341805015625 0.0345170203125 0.44613684375 0.051136154687500004 0.5597804265625
0 0.07446502187500001 0.677909284375 0.1013504140625 0.6823691984375 0.0784080390625 0.5668832125 0.05350156406249999 0.5621564765625 0.07446502187500001 0.677909284375
0 0.097793890625 0.7960381437499999 0.131002525 0.8023404609375 0.10410231406249999 0.687388121875 0.080788265625 0.6797516890625 0.097793890625 0.7960381437499999
0 0.052851134375 0.7508931890625 0.0889510453125 0.7217708468749999 0.08117475625000001 0.6823945609375001 0.07446502187500001 0.677909284375 0.0325381046875 0.446403665625 0.0026319484375 0.4523936296875 0.0031123265625 0.5349634046875 0.032721934375 0.7374373578125 0.052851134375 0.7508931890625
0 0.084034390625 0.770943521875 0.0323354421875 0.7347944859375 0.0609358140625 0.9303671625 0.10138005000000001 0.9033540468749999 0.0912383515625 0.8616017109375 0.099200478125 0.847053221875 0.084034390625 0.770943521875
0 0.084034390625 0.770943521875 0.0972215625 0.8473200468750001 0.131389015625 0.804983334375 0.09581497343749999 0.7963049671875 0.0889510453125 0.7217708468749999 0.052851134375 0.7508931890625 0.084034390625 0.770943521875
0 0.125553275 1 0.1017665421875 0.9059969203125 0.061322304687499996 0.9330100359375001 0.07111885625 1 0.125553275 1