0 0.891191653125 0.11222404687500001 0.9772317984375001 0.073232540625 0.9744822828125 0.045387242187499996 0.897514321875 0.0418024015625 0.8941857531249999 0.04371799375 0.891191653125 0.11222404687500001
0 0.89520981875 0.0540890609375 0.8939803515625 0.0416378046875 0.81651560625 0.038029825 0.8155047375000001 0.0939878390625 0.89520981875 0.0540890609375
0 0.7690954453125001 0.11812638125 0.8182912874999999 0.0939715484375 0.8138971156249999 0.0379078671875 0.7101145421874999 0.033074115625 0.7148601109375 0.1194811640625 0.7690954453125001 0.11812638125
0 0.8036821046875 0.10132089531249999 0.804336959375 0.12207117187500001 0.8894291687500001 0.122611403125 0.8927304859375 0.057216671875 0.8036821046875 0.10132089531249999
0 0.89082244375 0.1226032578125 0.981794975 0.126222225 0.975691 0.0785234703125 0.8882002906249999 0.110166125 0.89082244375 0.1226032578125
0 1 0.30381411875 0.9826501265625 0.12810585000000002 0.7950960640625 0.1273137234375 0.799267684375 0.3389812109375 1 0.34161774375 1 0.30381411875
0 0.3887312484375 0.12035010625 0.3663148578125 0.14746149687500001 0.3927384703125 0.3444710203125 0.799267684375 0.3389812109375 0.79437921875 0.120053978125 0.3887312484375 0.12035010625
0 0.3608657375 0.12051301562500001 0.0052875796875 0.1135264703125 0.0157052046875 0.3371970328125 0.3925336578125 0.34239680625 0.3608657375 0.12051301562500001
0 0.3160597 0.5420833078125 0.29191060625 0.3398719625 0.015838509375 0.34005914531250003 0.0221178125 0.47487830468750003 0.0290148 0.544726525 0.3160597 0.5420833078125
0 0.3231284859375 0.5430796890625 0.698596009375 0.5336206531250001 0.6935835609375001 0.3416744828125 0.2947995625 0.3408927796875 0.3231284859375 0.5430796890625
0 1 0.3416550390625 0.6879080546874999 0.340669959375 0.695809459375 0.5336369453125 1 0.53578606875 1 0.3416550390625
0 1 0.5343502375 0.771046334375 0.5331970874999999 0.7909751859374999 0.72090523125 1 0.7187807312500001 1 0.5343502375
0 0.4081182859375 0.5425828109374999 0.43032165625 0.7250891312500001 0.7909751859374999 0.72090523125 0.7686694078125 0.5373618062500001 0.4081182859375 0.5425828109374999
0 0.029307682812500003 0.54769265 0.04761284375 0.7330754500000001 0.4215523765625 0.720989578125 0.4053317359375 0.5425991031249999 0.029307682812500003 0.54769265
0 0.047905728125000005 0.736041575 0.0647464765625 0.9065937515625 0.33477304375 0.901019928125 0.32056011562500003 0.728843946875 0.047905728125000005 0.736041575
0 0.321748578125 0.7267615890625 0.33667835 0.9061973156249999 0.697803496875 0.8926713124999999 0.68121364375 0.724660046875 0.321748578125 0.7267615890625
0 1 0.7201606968750001 0.683795384375 0.7225695421875 0.700999675 0.896803446875 1 0.893926228125 1 0.7201606968750001
0 1 1 1 0.8944506703125 0.7903741140625 0.8983563468750001 0.7921696875 1 1 1
0 0.7925037703125 1 0.784903421875 0.8994260359374999 0.697905903125 0.89370841875 0.438489865625 0.9066398015624999 0.45219170468750003 1 0.7925037703125 1
0 0.453098521875 1 0.436891778125 0.904573734375 0.0647464765625 0.9065937515625 0.07396964218749999 1 0.453098521875 1