0 0.2855246609375 0.2143368640625 0.293314853125 0.05471976562500001 0.20472199375 0.029814878125 0.183558634375 0.0239218390625 0.101069425 0.003529421875 0.095113159375 0.0033214250000000002 0.0755836328125 0.163705365625 0.2855246609375 0.2143368640625
0 0.5515361140625 0.2763375625 0.5632198140625 0.11841763593750002 0.4058903296875 0.0794417828125 0.310814309375 0.057093396875 0.2964982109375 0.056620003125 0.297618475 0.21614835625 0.5515361140625 0.2763375625
0 0.07482756562500001 0.16427288125 0.057215035937500006 0.30948421875 0.2814262375 0.360953559375 0.285340975 0.2157946515625 0.07482756562500001 0.16427288125
0 0.544671715625 0.2752204921875 0.2947904265625 0.21592158125 0.28809083750000003 0.21598831093749998 0.28615245 0.36208771562500003 0.530282421875 0.41801242656250004 0.544671715625 0.2752204921875
0 0.2865482875 0.363031115625 0.2831559484375 0.36135968749999997 0.057074053125 0.30925510625 0.03994844375 0.4451692234375 0.2823224375 0.498690440625 0.2865482875 0.363031115625
0 0.2886495390625 0.36269440468749997 0.289279753125 0.50066319375 0.523939290625 0.5500508359375 0.5357414875 0.419621165625 0.2886495390625 0.36269440468749997
0 0.2884535546875 0.499050415625 0.040809165625 0.44650798125 0.039659239062500004 0.4533071796875 0.05078876718749999 0.5805182734375001 0.2856248359375 0.627706546875 0.2884535546875 0.499050415625
0 0.2916387265625 0.5023659640625 0.28746836249999996 0.6253303578125 0.5139485515625 0.670189071875 0.5289334625000001 0.5512642171875 0.2916387265625 0.5023659640625
0 0.5324984374999999 0.5515655421875 0.5170831671875 0.66982101875 0.7379822203125 0.7181246984375 0.7611810015625 0.6034547546875 0.5324984374999999 0.5515655421875
0 0.5306388796875 0.549984109375 0.7587184421875001 0.60257404375 0.7902556374999999 0.4789160359375 0.6420668109375 0.4417825609375 0.62079903125 0.434920903125 0.5852072140625 0.41102344999999996 0.5333713984374999 0.397582234375 0.53184973125 0.4178284 0.5372397375 0.41998517968750004 0.5306388796875 0.549984109375
0 0.6053059125 0.2964475375 0.585345325 0.40992736875 0.6237955359375 0.4356489328125 0.641636446875 0.4411131828125 0.853216746875 0.49393060625 0.8871684015625 0.3592804390625 0.66530750625 0.30227079375 0.6493606796875 0.29811395625000003 0.6053059125 0.2964475375
0 0.596781290625 0.2946588125 0.546132978125 0.28404779375 0.53347498125 0.39676017343750003 0.58438101875 0.4094106734375 0.596781290625 0.2946588125
0 0.5511986703125 0.2765238671875 0.5467039125 0.27543182499999996 0.5453067828125 0.28243501718749997 0.5885328890625 0.2906779234375 0.6030023484375 0.1676741078125 0.5621537109375 0.156902328125 0.5511986703125 0.2765238671875
0 0.91468311875 0.21035794375 0.839789015625 0.187925596875 0.6604821703125 0.1404076203125 0.615625890625 0.1696114765625 0.59445684375 0.29268202187500003 0.6043761328125 0.29565682187500003 0.6508589312499999 0.298477971875 0.665272978125 0.3025448125 0.873322828125 0.35478689218750004 0.91468311875 0.21035794375
0 1 0.236143346875 0.9362431484375 0.2189850625 0.9164058328125 0.2661286875 0.8982246390625 0.361401834375 0.902581284375 0.36358995625 1 0.387209253125 1 0.236143346875
0 1 0.38837045 0.9015479203125001 0.3636213015625 0.885513546875 0.36424414843749997 0.8577990515625 0.4902429625 0.8700082640625 0.495468578125 1 0.5274541953125 1 0.38837045
0 1 0.528714528125 0.8694397921875 0.49589527968749997 0.8544227453125 0.4925291609375 0.824646378125 0.48783640000000006 0.7927181984375 0.47979674687499996 0.7667140421875 0.5881369171874999 0.7969849046874999 0.6093295484375 1 0.65495041875 1 0.528714528125
0 1 0.65581191875 0.8066625046875 0.61422249375 0.780190996875 0.730356575 0.915904309375 0.8460752546875 1 0.8601862625000001 1 0.65581191875
0 0.28209438593749997 0.6271312015625 0.050809731250000004 0.5807578906249999 0.062214723437499994 0.7111175421875 0.2781126921875 0.752683115625 0.28209438593749997 0.6271312015625
0 0.28853625312500003 0.6250249921875 0.2805986671875 0.732953646875 0.2762766203125 0.8448672296874999 0.2816826625 0.8509816328124999 0.31531625937499996 0.857741178125 0.5440888328125 0.8966614359375 0.563520396875 0.7669557546875 0.5172373078125 0.6726825609375 0.28853625312500003 0.6250249921875
0 0.53110138125 0.6729444625000001 0.52679529375 0.6744399421875 0.5241921625 0.6828445796875 0.5634858687500001 0.7672297765625 0.5474515671875 0.8822283499999999 0.5558676828125 0.9012176734375 0.8082670125 0.9487023609375 0.8372035421874999 0.8252597250000001 0.748504509375 0.7203987781250001 0.53110138125 0.6729444625000001
0 0.796033421875 0.6084708015625 0.7624893265625 0.5870643390625 0.759790203125 0.6013836296874999 0.76218490625 0.6036838953125 0.7402939046875 0.713501459375 0.747852128125 0.7209841375 0.7806662281250001 0.73042958125 0.8062425390625 0.612669653125 0.796033421875 0.6084708015625
0 1 0.860213815625 0.9163905 0.8463816515625 0.7824027625000001 0.7308514890625 0.7769766390624999 0.7526094984375 0.8389506421874999 0.8253574890625 0.8169138484375 0.9221285078125 0.8449900078124999 0.9549721203124999 0.9956066281249999 0.9846920109375 1 0.951733321875 1 0.860213815625
0 0.6858289875 1 0.5989011359374999 0.9774367234374999 0.5916130171875 0.9835358109375001 0.5897869890624999 1 0.6858289875 1