0 0.5728006765625 0.29156365 0.6028213421874999 0.0675457640625 0.1157945015625 0.0327572 0.0880758953125 0.2467353921875 0.098275196875 0.2514422515625 0.5728006765625 0.29156365
0 0.073172909375 0.5281692125 0.5301032328125 0.5742853140624999 0.57050481875 0.3063982515625 0.569190721875 0.29384651562499997 0.0936808953125 0.2534284890625 0.068985275 0.522513459375 0.073172909375 0.5281692125
0 0.0502345796875 0.76952055 0.485684596875 0.8317861984375 0.4917354703125 0.8221679109375 0.5219055671875 0.5748459296874999 0.06805365468749999 0.5301504796875001 0.043514575 0.761299934375 0.0502345796875 0.76952055
0 0.477917796875 0.966927109375 0.5003903765625 0.8145270218749999 0.487152140625 0.8330839859375001 0.06576995468749999 0.775448878125 0.060220720312499997 0.7809549203125 0.0451017546875 0.9339158765625 0.477917796875 0.966927109375
0 0.0675823734375 0.504025659375 0.042798551562499995 0.5305959687499999 0.009199525 0.5270404359375 0.01369925625 0.7848299 0.04299579375 0.75888865 0.0675823734375 0.504025659375
0 0.051299403125 0.770787621875 0.0425214125 0.7594453984375 0.0137124578125 0.785586140625 0.01626316875 0.9317163328125 0.0312039921875 0.9328558828125001 0.051299403125 0.770787621875
0 0.065684853125 0.50625265 0.0868892296875 0.24579533750000002 0.036075228125 0.2425126421875 0.008260546875 0.47324638124999996 0.009180882812500001 0.5259724484375 0.0428702140625 0.5300085046875 0.065684853125 0.50625265
0 0.109135096875 0.033444703125 0.062894309375 0.0293249515625 0.0368806625 0.24257407187500002 0.0863431875 0.24693955 0.109135096875 0.033444703125
0 1 0.10273993125 0.6042385109375 0.06810423125000001 0.576046428125 0.2963839359375 0.5871639 0.295722509375 0.59080120625 0.29700617500000004 1 0.33685370937500003 1 0.10273993125
0 1 0.3383900828125 0.582918509375 0.2994236875 0.5794610015625 0.31928486718750004 0.57495783125 0.319444528125 0.5344003796875 0.5699247375 0.9899511593750001 0.6071855796875 1 0.525673584375 1 0.3383900828125
0 0.9594397593749999 0.8629601078125001 0.9901712625 0.6082086109375 0.5618364875 0.5740298 0.527829903125 0.8471470218749999 0.8457599453125001 0.8618364890624999 0.9594397593749999 0.8629601078125001
0 0.8462609625 0.8633840671874999 0.5270856546875 0.8475933796874999 0.5220523765625 0.8351345578125 0.5033636171875 0.968545884375 0.5056008390625 0.968718196875 0.94410089375 0.9406178374999999 0.9586955109374999 0.863406465625 0.8462609625 0.8633840671874999