0 0.994044525 0.0719630671875 0.99134863125 0.005767496875 0.85732821875 0.004987789062499999 0.859875509375 0.0675345 0.994044525 0.0719630671875
0 1 0.218195140625 0.99428838125 0.0779507875 0.8697479953125 0.0644242859375 0.8749428937499999 0.24108529375 1 0.2544303609375 1 0.218195140625
0 1 0.2515152296875 0.8730659390625 0.24410242656249997 0.87414114375 0.417816115625 1 0.42756951406250004 1 0.2515152296875
0 1 0.430755246875 0.87238611875 0.42382710625 0.8752163484375 0.5915298078125 1 0.5980698453125 1 0.430755246875
0 1 0.5987265171875 0.8774590874999999 0.59749425625 0.876535409375 0.7712312171875 1 0.7697938453125001 1 0.5987265171875
0 1 0.7697938453125001 0.8745365265625 0.7712544875 0.8752459437500001 0.9359866 1 0.93453421875 1 0.7697938453125001
0 1 0.936967396875 0.8732470609374999 0.9360098703125 0.8718097953124999 0.9989274734375 1 0.9974350859375001 1 0.936967396875
0 0.779683809375 1 0.8678120281249999 0.9989740140625001 0.8694931531250001 0.9420441328125 0.6396216109374999 0.9447202890625 0.6360497328125 1 0.779683809375 1
0 0.6378732828125 1 0.6357457734375 0.9477606906249999 0.40399727656250006 0.9534539796875 0.407722678125 1 0.6378732828125 1
0 0.3977286578125 1 0.39388093281250003 0.9505764734375 0.1715172109375 0.9411841046875 0.172127384375 1 0.3977286578125 1
0 0.1699128953125 1 0.1677633 0.94721836875 0.029352662499999998 0.9368486218750001 0.0319245765625 1 0.1699128953125 1
0 0.1414710484375 0.0070067125 0.00020136249999999997 0.008651368750000001 0.0018069249999999998 0.07763288125 0.146396215625 0.0788360796875 0.1414710484375 0.0070067125
0 0.1446411890625 0.0848470703125 0.0018773328124999998 0.08065785156250001 0.0059186015625 0.2542872640625 0.1475933484375 0.25554363125 0.1446411890625 0.0848470703125
0 0.14783720625000002 0.26153135 0.00599033125 0.25736903906249997 0.009960881250000001 0.42796008125 0.15291017499999998 0.4351985 0.14783720625000002 0.26153135
0 0.1467916 0.43227445312499996 0.0106237 0.42786915625 0.01781748125 0.60450689375 0.1537415234375 0.602924471875 0.1467916 0.43227445312499996
0 0.14623370468750002 0.6149929953125 0.01781748125 0.60450689375 0.0228904515625 0.77817404375 0.15693753906250002 0.77960875 0.14623370468750002 0.6149929953125
0 0.0291088046875 0.9308609015625 0.16764137343750002 0.9442245093749999 0.161057234375 0.7825560687500001 0.0228904515625 0.77817404375 0.0291088046875 0.9308609015625
0 0.1454688140625 0.00696016875 0.152392865625 0.0787662671875 0.37590197187499996 0.06717834375000001 0.3733414734375 0.004307284375 0.1454688140625 0.00696016875
0 0.3841413609375 0.0730729796875 0.6298820390625 0.067216796875 0.627293184375 0.003649484375 0.4956365640625 0.0028835296874999998 0.38133700625 0.0042141999999999995 0.3841413609375 0.0730729796875
0 0.8582424109375 0.07653934999999999 0.855327915625 0.0049761515625 0.6292934875 0.0036611218750000002 0.63175899375 0.0641996640625 0.8582424109375 0.07653934999999999
0 0.15639063125 0.07871972499999999 0.155466953125 0.2524566875 0.37697717656249996 0.24089203593750003 0.3761458296875 0.07316606406250001 0.15639063125 0.07871972499999999
0 0.38121879999999997 0.24683321249999998 0.38453674375 0.426511353125 0.630765134375 0.43263060937500003 0.6232055671875 0.2470112921875 0.38121879999999997 0.24683321249999998
0 0.630521278125 0.4266428890625 0.63396115 0.6093148890625 0.87594791875 0.6094929671875 0.8706310921875 0.4298380984375 0.630521278125 0.4266428890625
0 0.390097428125 0.6121539421875 0.3951703984375 0.785821090625 0.6390341203125 0.7829820375 0.634083078125 0.61230875 0.390097428125 0.6121539421875
0 0.1631780453125 0.785526659375 0.1732722375 0.935173115625 0.399633725 0.944518940625 0.3889298921875 0.779903184375 0.1631780453125 0.785526659375
0 0.1505455078125 0.426240190625 0.15973817343750002 0.6028546578125 0.38985357187499997 0.606166221875 0.3825378609375 0.42653462500000006 0.1505455078125 0.426240190625
0 0.151834971875 0.2614848078125 0.1544213453125 0.4231997890625 0.38053897812500004 0.4265578953125 0.37909798906250003 0.2438626234375 0.151834971875 0.2614848078125
0 0.1602258875 0.6148300984375 0.16880890937499998 0.776475265625 0.3928057296875 0.7768627828125 0.38397885 0.6092298953124999 0.1602258875 0.6148300984375
0 0.39741313906250003 0.7917855406250001 0.40587423281249996 0.9504368484375 0.6397435406249999 0.94771415 0.6350363546875 0.7830285796875 0.39741313906250003 0.7917855406250001
0 0.633037471875 0.78305185 0.6398654671874999 0.950708009375 0.8672504125 0.936079684375 0.8687837343749999 0.777312021875 0.633037471875 0.78305185
0 0.8727815 0.77726548125 0.8700731984375001 0.612556640625 0.6362038906249999 0.6152793375 0.6429099593750001 0.7799416375 0.8727815 0.77726548125
0 0.380387453125 0.07910724218750001 0.385216565625 0.24678667187499997 0.6292022171875 0.24694147812499997 0.6277612265625 0.06424620625000001 0.380387453125 0.07910724218750001
0 0.8733097953125 0.2500901453125 0.8702357078125 0.076399725 0.6300039671875 0.07021065625 0.6348330796874999 0.2378900859375 0.6350769374999999 0.24387780625 0.8733097953125 0.2500901453125
0 0.6290802890625 0.24394761874999998 0.632276303125 0.4206318984375 0.8726299750000001 0.42981482812499994 0.8695558859375 0.25612440625 0.6290802890625 0.24394761874999998
0 0.3849025296875 0.4354929328125 0.3920963109375 0.6121306718749999 0.633839221875 0.6063210296875 0.62888818125 0.435647740625 0.3849025296875 0.4354929328125