0 0.918483246875 0.143719196875 0.9823798625 0.14912789843750002 0.982730259375 0.071242615625 0.9286368656249999 0.06907913437499999 0.918483246875 0.143719196875
0 0.8222641234375001 0.2821819234375 0.988914375 0.295325065625 0.980268453125 0.151291378125 0.8363126125000001 0.142637459375 0.8222641234375001 0.2821819234375
0 0.806807728125 0.4076637703125 0.9909315484375 0.4238898703125 0.9845946124999999 0.2908358453125 0.8254060781250001 0.2778549640625 0.806807728125 0.4076637703125
0 0.8088939796875 0.4044185515625 0.7921806203124999 0.5223282140625 0.9939446437499999 0.555316765625 0.99422394375 0.5313138187499999 0.9909315484375 0.4238898703125 0.8088939796875 0.4044185515625
0 0.80522643125 0.525573434375 0.7917556546875 0.6434831 0.992464771875 0.6824966531250001 0.993292878125 0.611329365625 0.9896521375 0.55478041875 0.80522643125 0.525573434375
0 0.78140168125 0.755984065625 0.991057528125 0.8034349390625 0.9924659468750001 0.6823957375 0.7917556546875 0.6434831 0.78140168125 0.755984065625
0 0.779443025 0.8576676296875 0.9897637859374999 0.9146188109375 0.9910395015625 0.804984146875 0.785725128125 0.755984065625 0.779443025 0.8576676296875
0 0.978763634375 1 0.9895271484375 0.9349554687499999 0.9897558999999999 0.9152965296875 0.7772813015625 0.85766763125 0.7669776390624999 0.972332075 0.8454648718750001 1 0.978763634375 1
0 0.8491480640625 1 0.777886884375 0.976659034375 0.7750979953125 1 0.8491480640625 1
0 0.5109490359375 0.1880705375 0.50713054375 0.30273498593750003 0.76854809375 0.2962445453125 0.8201024 0.2821819234375 0.8225138890625001 0.199969678125 0.7753072828125 0.16859922031250002 0.5109490359375 0.1880705375
0 0.5896803453125 0.41307247187499996 0.7767700203125 0.41739943124999995 0.8066567843750001 0.40117333125 0.8129892015625 0.3016532453125 0.5903317265625 0.30165324375 0.5896803453125 0.41307247187499996
0 0.5291017859375 0.410908990625 0.5314665749999999 0.51259255625 0.775163565625 0.5342273546875 0.789993740625 0.521246475 0.8078131171875 0.4044185515625 0.771416028125 0.4195629109375 0.5291017859375 0.410908990625
0 0.5913434390625001 0.6240117796875 0.7864268234375 0.646728321875 0.7956999375 0.5342273546875 0.5910397453125 0.5180012546875 0.5913434390625001 0.6240117796875
0 0.515584309375 0.7127144640624999 0.742515821875 0.75706580625 0.7821051812500001 0.7397579640624999 0.7778805578125 0.65105528125 0.5123147625 0.6186030796875001 0.515584309375 0.7127144640624999
0 0.5818439093750001 0.7267770859375 0.578905021875 0.832787609375 0.763381046875 0.8641580687499999 0.7717763640624999 0.8533406703124999 0.786403471875 0.7386762250000001 0.7382175328125 0.7581475453125 0.5818439093750001 0.7267770859375
0 0.6288762250000001 0.8436050093749999 0.6353632015625 0.936634653125 0.762629034375 0.9712503359375001 0.7772813015625 0.85766763125 0.7590072828125 0.8619945890625 0.6288762250000001 0.8436050093749999
0 0.7730534625 1 0.778992903125 0.977740775 0.636519534375 0.9398798749999999 0.6317338984374999 1 0.7730534625 1
0 0.631650853125 1 0.6322445953125 0.8490137093750001 0.4268296875 0.80033540625 0.2972278359375 0.8511771906250001 0.2986929125 1 0.631650853125 1
0 0.2548603234375 0.1913157609375 0.26044254218749996 0.29191758437500004 0.4811143953125 0.299489765625 0.5082114062499999 0.3027349875 0.5067513765625 0.193479240625 0.48395265781249996 0.18915228125 0.2548603234375 0.1913157609375
0 0.427249228125 0.40009158749999996 0.58741799375 0.408745509375 0.5935743078125 0.30165324375 0.4249095953125 0.299489765625 0.427249228125 0.40009158749999996
0 0.2661253859375 0.39684636875 0.424082115625 0.403336809375 0.42269755781249996 0.2973262859375 0.27127631406249997 0.2929993265625 0.2661253859375 0.39684636875
0 0.289026546875 0.49852993437500004 0.524905934375 0.509347334375 0.5279706078124999 0.4087455109375 0.28563120937500003 0.39900985 0.289026546875 0.49852993437500004
0 0.42441277343749995 0.60345871875 0.5902877359375001 0.6250935203125 0.588878021875 0.5180012546875 0.4210677546875 0.5061021140624999 0.42441277343749995 0.60345871875
0 0.28766895312499996 0.48663079531250003 0.2725117359375 0.485549053125 0.2834731015625 0.5850691390625 0.427655359375 0.60345871875 0.41893118593749995 0.5071838546875 0.2879708421875 0.49961167343749996 0.28766895312499996 0.48663079531250003
0 0.2780706 0.67809878125 0.4959778609375 0.706224021875 0.49831387656250004 0.620766559375 0.2845791203125 0.586150878125 0.2780706 0.67809878125
0 0.4192636546875 0.80033540625 0.574506103125 0.8295423890625001 0.5807630484375 0.726777084375 0.42119715468749996 0.697570103125 0.4192636546875 0.80033540625
0 0.2833509296875 0.7657197250000001 0.4213750640625 0.798171928125 0.422303175 0.69865184375 0.27804544375 0.6770170421875 0.2833509296875 0.7657197250000001
0 0.2879025984375 0.8684850281250001 0.4213750640625 0.798171928125 0.288855865625 0.770046684375 0.2879025984375 0.8684850281250001
0 0.29204201875 1 0.28986396718749996 0.9063459328125001 0.2560805296875 0.8944467906250001 0.14080660625000002 0.9571877140625 0.2583919703125 1 0.29204201875 1
0 0.25819590625 1 0.1430186453125 0.9593511937500001 0.05284130625 1 0.25819590625 1
0 0.06845170625 0.30922542656249996 0.26174981875 0.30165324375 0.25305080625 0.206460121875 0.061813784375 0.20970534062500001 0.06845170625 0.30922542656249996
0 0 0.3050076109375 0.06513365 0.3059802046875 0.060858710937500005 0.215114040625 0 0.2101588515625 0 0.3050076109375
0 0.12785058124999998 0.40009158906250003 0.2617516265625 0.394682890625 0.268260146875 0.30273498593750003 0.1214139203125 0.30922542656249996 0.12785058124999998 0.40009158906250003
0 0.015340353125000001 0.39576462968750004 0.12460799843749999 0.40009158906250003 0.1214139203125 0.30922542656249996 0.0035496984374999998 0.3070619453125 0.015340353125000001 0.39576462968750004
0 0 0.39552726875 0.0110169078125 0.39576462968750004 0.00892885 0.30598020625 0 0.30565054062499997 0 0.39552726875
0 0.0919827 0.484467315625 0.27173275937499997 0.49852993437500004 0.2725872078125 0.4887942734375 0.291942084375 0.4844673140625 0.2802269 0.39900985 0.08675268593749999 0.39900985 0.0919827 0.484467315625
0 0 0.47643731875000006 0.0629252265625 0.4898760125 0.08642744999999999 0.47797687343749995 0.0846412796875 0.40117332968749997 0 0.3939483828125 0 0.47643731875000006
0 0.13408779375 0.5753334765625 0.2512988296875 0.5958865390625 0.28015504375 0.5818239171874999 0.27278846562500003 0.4974481953125 0.129913484375 0.4887942734375 0.13408779375 0.5753334765625
0 0.060838974999999997 0.4931212359375 0.01624691875 0.48122209375 0.023638657812499998 0.5666795578125 0.1320267 0.5796604390625 0.129938640625 0.4898760125 0.0908263671875 0.48122209375 0.060838974999999997 0.4931212359375
0 0 0.5623525953125 0.024618890625 0.5623525953125 0.016297234375 0.4833855734375 0 0.4818637484375 0 0.5623525953125
0 0.1124454046875 0.5742517359375 0.10684074218749999 0.6121126375 0.2402647015625 0.6326657015625 0.248763359375 0.7657197250000001 0.2821945953125 0.7624745046875 0.27902386875 0.5796604375000001 0.2556474328125 0.5969682781250001 0.1124454046875 0.5742517359375
0 0 0.597801 0.10472933437500001 0.61427611875 0.107015940625 0.5731699984375 0 0.561773978125 0 0.597801
0 0 0.6636318703125 0.0434481765625 0.6748535625 0.05353084375 0.8295423890625001 0.2467274234375 0.7711284265625 0.24564385 0.6315839609375 0.0819306125 0.6099491578125 0 0.6213434328125 0 0.6636318703125
0 0.2640984875 0.867403290625 0.2878774421875 0.867403290625 0.28337608593749997 0.7668014671875001 0.24662679375000002 0.7668014671875001 0.2640984875 0.867403290625
0 0.104984521875 0.811152809375 0.12150204375 0.9636781546875 0.26470226406249997 0.8933650515625 0.24456569843749998 0.7711284265625 0.104984521875 0.811152809375
0 0.036783665625 1 0.1236889265625 0.9647598953125 0.10400428749999999 0.8154797687500001 0.0039623828125 0.847661534375 0.0075052203125 1 0.036783665625 1
0 0 0.6772830390625 0.0039623828125 0.847661534375 0.052349353125 0.8252154296875001 0.04013011875 0.6716083421875 0 0.6616390671875 0 0.6772830390625
0 0 0.6173554125 0.0710968390625 0.60886741875 0 0.5997425062499999 0 0.6173554125