0 0.852140353125 0.23841094218749997 0.8169087718749999 0.2311307765625 0.67933335625 0.21659887812499998 0.6584918203125001 0.3432254359375 0.8221229390625 0.3741901546875 0.852140353125 0.23841094218749997
0 0.5104252265625 0.32253901093750004 0.65290174375 0.3422411734375 0.6755753109375 0.22778229687499998 0.5241264890624999 0.20434669374999997 0.5104252265625 0.32253901093750004
0 0.3572852875 0.29772881875 0.5036607656250001 0.31704065625 0.5205720125 0.20264401875 0.369295434375 0.178161915625 0.3572852875 0.29772881875
0 0.20953195156249999 0.1586464625 0.19752180625 0.2782133671875 0.352211940625 0.2936050546875 0.36840288593750004 0.1952340078125 0.35438855937499997 0.1755372140625 0.20953195156249999 0.1586464625
0 0.0376174046875 0.247904825 0.18668613750000002 0.274151840625 0.2115675546875 0.15792805000000001 0.06401769375000001 0.1341021234375 0.0376174046875 0.247904825
0 0.5372011359375 0.45108875625 0.7814734296875 0.4930217453125 0.810770540625 0.373268128125 0.5382033703125 0.328506825 0.5372011359375 0.45108875625
0 0.2674994625 0.41221613125 0.5239853765625 0.44983864218749997 0.53615269375 0.3261896828125 0.28765202031250003 0.28977557656249997 0.2674994625 0.41221613125
0 0.0245737953125 0.3737507296875 0.26039051562500004 0.408810778125 0.2857886625 0.2894474875 0.033373956249999996 0.2503881515625 0.0245737953125 0.3737507296875
0 0.615117634375 0.5951039609375 0.7735031640625001 0.6229914156249999 0.78723575 0.49295950624999996 0.62578115625 0.4720694671875 0.615117634375 0.5951039609375
0 0.46791226249999995 0.56918503125 0.6132542765625 0.5947758734375 0.616464359375 0.470429028125 0.47840353750000003 0.44719703906249997 0.46791226249999995 0.56918503125
0 0.3144278328125 0.5464678421875 0.46063106875 0.56682618125 0.47433233125 0.4486338671875 0.328473584375 0.42618252500000003 0.3144278328125 0.5464678421875
0 0.167050215625 0.521595415625 0.31308120625 0.5430002515625 0.32253901875 0.4272912640625 0.180923721875 0.4023565984375 0.167050215625 0.521595415625
0 0.023743803124999997 0.4952861609375 0.1675669484375 0.5184559140625 0.17685251562499998 0.4037934234375 0.035237215625 0.3788587578125 0.023743803124999997 0.4952861609375
0 0.500794978125 0.695579540625 0.7481050171875 0.74235470625 0.7692597140624999 0.625474740625 0.519397340625 0.582557490625 0.500794978125 0.695579540625
0 0.25703941874999997 0.6505070515625 0.49741274999999996 0.6928303640625 0.513462775 0.583666228125 0.2654637640625 0.5410770640625 0.25703941874999997 0.6505070515625
0 0.0117336578125 0.614853065625 0.2485525171875 0.655473703125 0.2619092890625 0.5393743875 0.0210192234375 0.5001905734375 0.0117336578125 0.614853065625
0 0.5883727640624999 0.8391421812500001 0.7413404578125 0.864998871875 0.75724956875 0.74504164375 0.6025907578125 0.717810365625 0.5883727640624999 0.8391421812500001
0 0.43440293125 0.8077249015625 0.5794004546875 0.8354087421875 0.589374996875 0.716560253125 0.4443774734375 0.6888764109375 0.43440293125 0.8077249015625
0 0.28754204375 0.7797129703125 0.43084845468750005 0.8060222234375001 0.43540516562500003 0.6851429718750001 0.2920987515625 0.65883371875 0.28754204375 0.7797129703125
0 0.13999218125 0.75588704375 0.28026085156249997 0.7773541203125001 0.287338571875 0.6644565453125 0.15521231562499999 0.6401158171875 0.13999218125 0.75588704375
0 0 0.729121165625 0.14202778437500002 0.7551686296875 0.147586634375 0.6398499671875 0.0091813234375 0.618710978125 0 0.689572125 0 0.729121165625
0 0.47866937343749993 0.9232018421875001 0.7339495765625 0.9681498578125 0.7515498015625 0.8495672171875001 0.7445504453125 0.8687945499999999 0.49013146093750004 0.8186140343750001 0.47866937343749993 0.9232018421875001
0 0.2362604375 0.8815969406249999 0.47866937343749993 0.9232018421875001 0.4953770484375 0.821691296875 0.477260190625 0.8152709171874999 0.250274859375 0.773151215625 0.2362604375 0.8815969406249999
0 0 0.8357132734375 0.21966245 0.8775976515625 0.250102615625 0.7741977171875 0.0053135906250000005 0.7354042296875 0 0.812711253125 0 0.8357132734375