0 1 0.8133333328125 0.8460000000000001 0.8133333328125 0.8460000000000001 1 1 1 1 0.8133333328125
0 1 0.61 0.834 0.6133333328125 0.8380000000000001 0.8133333328125 1 0.8099999999999999 1 0.61
0 1 0.4066666671875 0.834 0.4066666671875 0.8380000000000001 0.6133333328125 1 0.6133333328125 1 0.4066666671875
0 1 0.2 0.836 0.2033333328125 0.8380000000000001 0.4066666671875 1 0.4066666671875 1 0.2
0 0.8380000000000001 0 0.8380000000000001 0.2033333328125 1 0.2 1 0 0.8380000000000001 0
0 0.6679999999999999 0 0.6759999999999999 0.21000000000000002 0.8380000000000001 0.2 0.836 0 0.6679999999999999 0
0 0.67 0.21000000000000002 0.6759999999999999 0.41 0.836 0.4066666671875 0.834 0.2033333328125 0.67 0.21000000000000002
0 0.67 0.41333333281250006 0.6759999999999999 0.6166666671875001 0.834 0.6166666671875001 0.834 0.4066666671875 0.67 0.41333333281250006
0 0.834 0.6166666671875001 0.588 0.6133333328125 0.588 0.8166666671874999 0.5940000000000001 0.8233333328124999 0.836 0.8233333328124999 0.834 0.6166666671875001
0 0.834 1 0.836 0.8233333328124999 0.5860000000000001 0.8266666671875 0.5900000000000001 1 0.834 1
0 0.588 1 0.5860000000000001 0.8266666671875 0.418 0.8266666671875 0.422 1 0.588 1
0 0.42000000000000004 0.6166666671875001 0.42000000000000004 0.8266666671875 0.5860000000000001 0.8266666671875 0.584 0.62 0.42000000000000004 0.6166666671875001
0 0.662 0.41333333281250006 0.42400000000000004 0.41333333281250006 0.426 0.6166666671875001 0.6639999999999999 0.6133333328125 0.662 0.41333333281250006
0 0.43200000000000005 0.2166666671875 0.43200000000000005 0.41333333281250006 0.67 0.41 0.6679999999999999 0.2 0.43200000000000005 0.2166666671875
0 0.43200000000000005 0.0166666671875 0.43200000000000005 0.2166666671875 0.67 0.1966666671875 0.6639999999999999 0.0033333328125 0.43200000000000005 0.0166666671875
0 0.41600000000000004 1 0.414 0.86 0.33199999999999996 0.9566666671874999 0.32999999999999996 1 0.41600000000000004 1
0 0.41 0.7 0.33799999999999997 0.7766666671875 0.34199999999999997 0.9433333328125 0.41200000000000003 0.86 0.41600000000000004 0.7066666671874999 0.41 0.7
0 0.42400000000000004 0.6166666671875001 0.42400000000000004 0.5266666671875 0.40199999999999997 0.5466666671875 0.40800000000000003 0.6966666671875 0.418 0.7033333328125 0.42000000000000004 0.6133333328125 0.42400000000000004 0.6166666671875001
0 0.4 0.5466666671875 0.33399999999999996 0.5866666671874999 0.33799999999999997 0.5900000000000001 0.33999999999999997 0.7733333328125 0.40599999999999997 0.7 0.4 0.5466666671875
0 0.422 0.41333333281250006 0.43200000000000005 0.41333333281250006 0.43200000000000005 0.36666666718749996 0.41 0.37333333281250003 0.414 0.5333333328125 0.422 0.53 0.422 0.41333333281250006
0 0.356 0.4 0.358 0.5733333328125 0.414 0.5333333328125 0.40800000000000003 0.37333333281250003 0.356 0.4
0 0.362 0.2233333328125 0.36 0.3966666671875 0.43 0.36666666718749996 0.43200000000000005 0.2166666671875 0.362 0.2233333328125
0 0.366 0.04 0.364 0.22000000000000003 0.43200000000000005 0.2133333328125 0.43200000000000005 0.0566666671875 0.366 0.04
0 0.364 0 0.364 0.04 0.43 0.0566666671875 0.43200000000000005 0.0166666671875 0.442 0.013333332812500001 0.442 0 0.364 0
0 0.118 0 0.12 0.02 0.274 0.0166666671875 0.362 0.04 0.364 0 0.118 0
0 0 0 0 0.0233333328125 0.1 0.0233333328125 0.11599999999999999 0.02 0.11599999999999999 0 0 0
0 0.36 0.0433333328125 0.274 0.02 0.124 0.02 0.124 0.22000000000000003 0.27 0.22000000000000003 0.356 0.22000000000000003 0.36 0.0433333328125
0 0.358 0.2233333328125 0.268 0.2233333328125 0.122 0.2233333328125 0.124 0.4166666671875 0.272 0.4233333328125 0.358 0.3933333328125 0.358 0.2233333328125
0 0.356 0.3966666671875 0.27 0.4266666671875 0.118 0.42000000000000004 0.122 0.6233333328125 0.27 0.6266666671875 0.356 0.5700000000000001 0.356 0.3966666671875
0 0.33799999999999997 0.5866666671874999 0.272 0.6266666671875 0.048 0.62 0.05 0.8166666671874999 0.27599999999999997 0.8366666671875 0.33999999999999997 0.7766666671875 0.33799999999999997 0.5866666671874999
0 0.33799999999999997 0.7766666671875 0.27599999999999997 0.8400000000000001 0.048 0.82 0.05 1 0.302 0.9966666671875 0.33999999999999997 0.9433333328125 0.33799999999999997 0.7766666671875
0 0 0.82 0.05 0.8166666671874999 0.048 0.62 0 0.62 0 0.82
0 0.048 1 0.048 0.8166666671874999 0 0.8233333328124999 0 1 0.048 1
0 0.118 0.4166666671875 0.002 0.42000000000000004 0 0.6233333328125 0.122 0.62 0.118 0.4166666671875
0 0 0.42000000000000004 0.126 0.4166666671875 0.122 0.2233333328125 0 0.2233333328125 0 0.42000000000000004
0 0.124 0.02 0.002 0.0233333328125 0 0.2266666671875 0.124 0.22000000000000003 0.124 0.02