0 0.32999999999999996 0.0209895046875 0.32599999999999996 0.07196401875 0.45 0.07496251875 0.454 0.0314842578125 0.32999999999999996 0.0209895046875
0 0.614 0.02248875625 0.554 0.011994003125 0.48600000000000004 0.011994003125 0.45999999999999996 0.06446776562499999 0.45999999999999996 0.07496251875 0.61 0.08545727187499999 0.614 0.02248875625
0 0.6900000000000001 0.02398800625 0.614 0.02398800625 0.61 0.08545727187499999 0.734 0.0959520234375 0.738 0.0314842578125 0.6900000000000001 0.02398800625
0 0.374 0.07346326875 0.3 0.0689655171875 0.23399999999999999 0.07346326875 0.246 0.11394302812499998 0.22799999999999998 0.161919040625 0.366 0.17241379375000002 0.374 0.07346326875
0 0.374 0.07496251875 0.366 0.1709145421875 0.508 0.17841079531249998 0.518 0.0809595203125 0.374 0.07496251875
0 0.52 0.0809595203125 0.508 0.17541229375 0.654 0.1814092953125 0.6599999999999999 0.089955021875 0.52 0.0809595203125
0 0.8240000000000001 0.137931034375 0.842 0.10494752656249999 0.8380000000000001 0.100449775 0.6599999999999999 0.0914542734375 0.654 0.17991004531250002 0.8400000000000001 0.188905546875 0.8240000000000001 0.1544227890625 0.8240000000000001 0.137931034375
0 1 0.0329835078125 0.9 0.034482759375 0.842 0.09295352343749999 0.842 0.1184407796875 0.866 0.10644677656249998 0.8939999999999999 0.1034482765625 1 0.1034482765625 1 0.0329835078125
0 1 0.10494752656249999 0.8939999999999999 0.1034482765625 0.866 0.10644677656249998 0.8400000000000001 0.1169415296875 0.828 0.136431784375 0.8220000000000001 0.1544227890625 0.85 0.1919040484375 1 0.19340329843749998 1 0.10494752656249999
0 0.22200000000000003 0.164917540625 0.22000000000000003 0.260869565625 0.414 0.27436281875 0.418 0.17241379375000002 0.22200000000000003 0.164917540625
0 0.42800000000000005 0.17541229375 0.42000000000000004 0.27286356875 0.562 0.2818590703125 0.5700000000000001 0.1814092953125 0.42800000000000005 0.17541229375
0 0.5700000000000001 0.1814092953125 0.5700000000000001 0.2818590703125 0.708 0.28335832031249997 0.712 0.184407796875 0.5700000000000001 0.1814092953125
0 0.8400000000000001 0.188905546875 0.712 0.184407796875 0.708 0.28335832031249997 0.852 0.287856071875 0.852 0.1919040484375 0.8400000000000001 0.188905546875
0 1 0.1949025484375 0.852 0.1919040484375 0.8539999999999999 0.287856071875 0.8720000000000001 0.2908545734375 1 0.2953523234375 1 0.1949025484375
0 0.22000000000000003 0.260869565625 0.22000000000000003 0.3673163421875 0.362 0.3718140921875 0.362 0.26836581718749997 0.22000000000000003 0.260869565625
0 0.37 0.2698650671875 0.362 0.3718140921875 0.504 0.37631184375000004 0.514 0.2788605703125 0.37 0.2698650671875
0 0.516 0.2788605703125 0.504 0.37781109375 0.648 0.3823088453125 0.654 0.2818590703125 0.516 0.2788605703125
0 0.6599999999999999 0.2818590703125 0.648 0.3823088453125 0.85 0.38680659687499996 0.8539999999999999 0.287856071875 0.6599999999999999 0.2818590703125
0 1 0.2968515734375 0.874 0.2908545734375 0.852 0.287856071875 0.85 0.38830584687499997 0.8640000000000001 0.3928035984375 1 0.39730135 1 0.2968515734375
0 0.22000000000000003 0.3673163421875 0.21200000000000002 0.464767615625 0.41 0.47226386875 0.41600000000000004 0.37481259375 0.22000000000000003 0.3673163421875
0 0.41600000000000004 0.37481259375 0.41 0.4707646171875 0.554 0.4782608703125 0.558 0.3808095953125 0.41600000000000004 0.37481259375
0 0.558 0.3808095953125 0.554 0.4782608703125 0.692 0.4797601203125 0.7 0.3838080953125 0.558 0.3808095953125
0 0.8480000000000001 0.38830584687499997 0.7 0.3838080953125 0.6940000000000001 0.4782608703125 0.706 0.48275862031249994 0.842 0.48725637187500004 0.8480000000000001 0.38830584687499997
0 1 0.39730135 0.876 0.3943028484375 0.8480000000000001 0.38830584687499997 0.844 0.48575712187500003 0.852 0.4917541234375 1 0.49475262343750004 1 0.39730135
0 0.21000000000000002 0.464767615625 0.21000000000000002 0.5157421296875 0.352 0.5187406296875 0.358 0.47226386875 0.21000000000000002 0.464767615625
0 0.356 0.4707646171875 0.352 0.5202398796875001 0.49400000000000005 0.5202398796875001 0.49800000000000005 0.47526236875 0.356 0.4707646171875
0 0.554 0.4782608703125 0.502 0.47526236875 0.49800000000000005 0.5202398796875001 0.64 0.5247376312500001 0.642 0.4812593703125 0.554 0.4782608703125
0 0.706 0.48275862031249994 0.6940000000000001 0.4782608703125 0.642 0.4812593703125 0.642 0.57271364375 0.8240000000000001 0.57571214375 0.828 0.48875562187500005 0.706 0.48275862031249994
0 1 0.49475262343750004 0.85 0.4917541234375 0.828 0.48875562187500005 0.8240000000000001 0.57571214375 0.8460000000000001 0.584707646875 1 0.587706146875 1 0.49475262343750004
0 0.42000000000000004 0.5322338828125 0.414 0.5187406296875 0.21000000000000002 0.5157421296875 0.192 0.52323838125 0.184 0.635682159375 0.414 0.6386806593750001 0.42000000000000004 0.5322338828125
0 0.642 0.52623688125 0.414 0.5187406296875 0.42000000000000004 0.5337331328125 0.42000000000000004 0.640179909375 0.64 0.6386806593750001 0.642 0.52623688125
0 0.692 0.5742128937500001 0.642 0.57271364375 0.642 0.62668665625 0.686 0.6281859078124999 0.692 0.5742128937500001
0 0.6900000000000001 0.5742128937500001 0.686 0.62668665625 0.782 0.62518740625 0.8220000000000001 0.6461769109375 0.8240000000000001 0.5742128937500001 0.6900000000000001 0.5742128937500001
0 0.8619999999999999 0.6821589203125 0.9800000000000001 0.685157421875 0.984 0.587706146875 0.8460000000000001 0.584707646875 0.8240000000000001 0.5742128937500001 0.8240000000000001 0.6446776609375 0.844 0.6506746625 0.86 0.661169415625 0.8619999999999999 0.6821589203125
0 1 0.587706146875 0.984 0.587706146875 0.9800000000000001 0.685157421875 1 0.6836581703125 1 0.587706146875
0 0.86 0.77511244375 0.8619999999999999 0.661169415625 0.782 0.62518740625 0.6519999999999999 0.6281859078124999 0.688 0.6506746625 0.682 0.764617690625 0.6940000000000001 0.77211394375 0.86 0.77511244375
0 0.688 0.6506746625 0.6519999999999999 0.6281859078124999 0.642 0.62518740625 0.638 0.6386806593750001 0.512 0.6386806593750001 0.526 0.6506746625 0.52 0.7676161921875 0.686 0.7661169421875 0.688 0.6506746625
0 0.6900000000000001 0.9115442281249999 0.6940000000000001 0.7811094453125 0.6799999999999999 0.764617690625 0.516 0.7661169421875 0.512 0.77811094375 0.504 0.8815592203125 0.512 0.9070464765624999 0.6900000000000001 0.9115442281249999
0 0.6900000000000001 0.77511244375 0.6900000000000001 0.9055472265625 0.8560000000000001 0.9040479765624999 0.86 0.7736131937499999 0.6900000000000001 0.77511244375
0 0.518 0.6551724140624999 0.506 0.637181409375 0.354 0.637181409375 0.344 0.6566716640625 0.33799999999999997 0.7766116937499999 0.516 0.77811094375 0.518 0.6551724140624999
0 0.49800000000000005 0.7796101953125001 0.33799999999999997 0.77811094375 0.33799999999999997 0.7541229390625 0.32799999999999996 0.7736131937499999 0.32 0.901049475 0.49400000000000005 0.9025487249999999 0.49800000000000005 0.7796101953125001
0 0.33399999999999996 0.7316341828125 0.34199999999999997 0.635682159375 0.182 0.6311844078125 0.134 0.6461769109375 0.122 0.7706146921875 0.29 0.7811094453125 0.33399999999999996 0.7316341828125
0 0.32599999999999996 0.7796101953125001 0.318 0.7586206890625 0.292 0.7811094453125 0.144 0.77211394375 0.136 0.7841079453125 0.124 0.9175412296875001 0.32 0.9085457265624999 0.32599999999999996 0.7796101953125001
0 0.122 0.7691154421874999 0.134 0.6461769109375 0.16399999999999998 0.635682159375 0.162 0.6176911546875 0.002 0.6176911546875 0.002 0.787106446875 0.11000000000000001 0.7841079453125 0.122 0.7691154421874999
0 0 0.92353823125 0.094 0.9175412296875001 0.122 0.8680659671875001 0.122 0.77211394375 0.11000000000000001 0.7841079453125 0 0.788605696875 0 0.92353823125
0 0.22000000000000003 0.32383808125 0.20400000000000001 0.311844078125 0.02 0.301349325 0.008 0.42278860625 0.196 0.4287856078125 0.21400000000000002 0.43178410781250004 0.22000000000000003 0.32383808125
0 0 0.42278860625 0.008 0.42278860625 0.018 0.3058470765625 0 0.30434782656250003 0 0.42278860625
0 0.21000000000000002 0.5142428781249999 0.21600000000000003 0.43178410781250004 0.196 0.4287856078125 0.057999999999999996 0.42428785625 0.05 0.5442278859375 0.188 0.5487256375 0.192 0.52323838125 0.21000000000000002 0.5142428781249999
0 0 0.5412293859374999 0.002 0.5412293859374999 0.052000000000000005 0.5442278859375 0.057999999999999996 0.42428785625 0 0.42278860625 0 0.5412293859374999
0 0.182 0.6296851578125 0.188 0.5487256375 0.052000000000000005 0.5442278859375 0.002 0.539730134375 0 0.6176911546875 0.162 0.6176911546875 0.16399999999999998 0.6341829078125001 0.182 0.6296851578125
0 1 0.686656671875 0.8619999999999999 0.6806596703125 0.86 0.7736131937499999 0.884 0.7766116937499999 0.998 0.77811094375 1 0.686656671875