0 0 0.236881559375 0.202 0.2503748125 0.186 0.061469265625000005 0 0.0299850078125 0 0.236881559375
0 0.526 0.11394302812499998 0.186 0.0659670171875 0.202 0.2563718140625 0.532 0.2803598203125 0.526 0.11394302812499998
0 0 0.4467766109375 0.22000000000000003 0.43778110937500003 0.202 0.2503748125 0 0.236881559375 0 0.4467766109375
0 0.536 0.2803598203125 0.202 0.2563718140625 0.22200000000000003 0.44377811093749997 0.538 0.43028485781250003 0.536 0.2803598203125
0 0 0.6461769109375 0.23199999999999998 0.6176911546875 0.21800000000000003 0.43778110937500003 0 0.4467766109375 0 0.6461769109375
0 0.54 0.43028485781250003 0.22000000000000003 0.4452773609375 0.23399999999999999 0.6191904046875 0.5519999999999999 0.5802098953125 0.54 0.43028485781250003
0 0.23399999999999999 0.6176911546875 0 0.6461769109375 0.002 0.8485757125 0.244 0.7916041984375 0.23399999999999999 0.6176911546875
0 0.544 0.5817091453125001 0.23399999999999999 0.6191904046875 0.244 0.787106446875 0.548 0.7196401796874999 0.544 0.5817091453125001
0 0.264 0.9610194906249999 0.244 0.7916041984375 0 0.8500749624999999 0.002 0.99850075 0.146 1 0.264 0.9610194906249999
0 0.5599999999999999 0.7226386812500001 0.554 0.7181409296875 0.244 0.788605696875 0.264 0.9610194906249999 0.5660000000000001 0.8590704640625001 0.5599999999999999 0.7226386812500001
0 0.766 0.1559220390625 0.526 0.1184407796875 0.532 0.2803598203125 0.764 0.2923538234375 0.766 0.1559220390625
0 0.932 0.188905546875 0.766 0.1589205390625 0.764 0.2923538234375 0.93 0.30434782656250003 0.932 0.188905546875
0 1 0.1994003 0.9339999999999999 0.190404796875 0.93 0.30434782656250003 1 0.3058470765625 1 0.1994003
0 0.766 0.2923538234375 0.534 0.2803598203125 0.538 0.43028485781250003 0.764 0.42278860625 0.766 0.2923538234375
0 0.9339999999999999 0.3058470765625 0.764 0.2923538234375 0.764 0.42278860625 0.932 0.4167916046875 0.9339999999999999 0.3058470765625
0 1 0.3058470765625 0.9339999999999999 0.3058470765625 0.932 0.4167916046875 0.998 0.415292353125 1 0.3058470765625
0 0.764 0.42278860625 0.538 0.43028485781250003 0.554 0.5802098953125 0.764 0.5472263875000001 0.764 0.42278860625
0 0.932 0.4167916046875 0.764 0.42278860625 0.764 0.5472263875000001 0.9279999999999999 0.5292353828125 0.932 0.4167916046875
0 0.998 0.415292353125 0.932 0.4182908546875 0.9279999999999999 0.5292353828125 0.998 0.5187406296875 0.998 0.415292353125
0 0.764 0.5472263875000001 0.546 0.5817091453125001 0.548 0.7181409296875 0.766 0.6701649171875 0.764 0.5472263875000001
0 0.93 0.5292353828125 0.764 0.5487256375 0.766 0.6701649171875 0.93 0.635682159375 0.93 0.5292353828125
0 0.998 0.5187406296875 0.93 0.5292353828125 0.932 0.6326836578125 1 0.614692653125 0.998 0.5187406296875
0 0.768 0.785607196875 0.766 0.6701649171875 0.554 0.7181409296875 0.562 0.7226386812500001 0.5660000000000001 0.8545727140625001 0.768 0.785607196875
0 0.932 0.7406296859375 0.932 0.635682159375 0.766 0.6701649171875 0.768 0.785607196875 0.772 0.7916041984375 0.932 0.7406296859375
0 1 0.614692653125 0.932 0.6341829078125001 0.932 0.7331334328125 0.998 0.710644678125 1 0.614692653125