0 0.004 0.002 0 0.148 0.23399999999999999 0.144 0.22400000000000003 0.002 0.004 0.002
0 0.5519999999999999 0.002 0.23399999999999999 0.006 0.238 0.132 0.24 0.142 0.558 0.13999999999999999 0.5519999999999999 0.002
0 0.5559999999999999 0.002 0.568 0.148 0.882 0.148 0.874 0.002 0.5559999999999999 0.002
0 1 0.002 0.8800000000000001 0.004 0.8880000000000001 0.266 1 0.268 1 0.002
0 1 0.264 0.8880000000000001 0.272 0.8960000000000001 0.462 1 0.466 1 0.264
0 1 0.492 0.9099999999999999 0.5 0.89 0.512 0.906 0.704 1 0.708 1 0.492
0 1 0.716 0.9039999999999999 0.716 0.916 0.858 1 0.858 1 0.716
0 1 0.86 0.914 0.8619999999999999 0.916 0.9119999999999999 0.9279999999999999 0.9179999999999999 0.932 0.998 1 0.998 1 0.86
0 0.592 1 0.932 0.998 0.9259999999999999 0.9179999999999999 0.916 0.914 0.6 0.924 0.592 0.932 0.592 1
0 0.5900000000000001 0.9960000000000001 0.5900000000000001 0.9380000000000001 0.5820000000000001 0.9259999999999999 0.244 0.9359999999999999 0.244 1 0.5900000000000001 0.9960000000000001
0 0 1 0.24 0.9960000000000001 0.242 0.9339999999999999 0.24 0.924 0.21800000000000003 0.9380000000000001 0 0.9339999999999999 0 1
0 0.238 0.73 0 0.726 0.002 0.9339999999999999 0.22400000000000003 0.9339999999999999 0.24 0.924 0.238 0.73
0 0.576 0.734 0.572 0.724 0.238 0.73 0.238 0.9259999999999999 0.244 0.9359999999999999 0.584 0.922 0.576 0.734
0 0.58 0.726 0.5860000000000001 0.924 0.9199999999999999 0.914 0.9039999999999999 0.718 0.58 0.726
0 0.9039999999999999 0.718 0.89 0.524 0.572 0.532 0.5780000000000001 0.722 0.9039999999999999 0.718
0 0.5700000000000001 0.72 0.568 0.524 0.23399999999999999 0.528 0.24 0.732 0.5700000000000001 0.72
0 0 0.728 0.24 0.732 0.236 0.53 0 0.53 0 0.728
0 0 0.532 0.236 0.53 0.22999999999999998 0.346 0.22200000000000003 0.34199999999999997 0 0.33799999999999997 0 0.532
0 0.22999999999999998 0.33999999999999997 0.236 0.53 0.5700000000000001 0.524 0.5599999999999999 0.33199999999999996 0.22999999999999998 0.33999999999999997
0 0.882 0.33799999999999997 0.5660000000000001 0.34199999999999997 0.572 0.53 0.8880000000000001 0.526 0.89 0.514 0.882 0.33799999999999997
0 0.89 0.33599999999999997 0.8779999999999999 0.144 0.562 0.148 0.5700000000000001 0.33799999999999997 0.89 0.33599999999999997
0 0.238 0.33799999999999997 0.558 0.33199999999999996 0.554 0.142 0.23199999999999998 0.142 0.238 0.33799999999999997
0 0 0.33799999999999997 0.22200000000000003 0.34199999999999997 0.236 0.33199999999999996 0.22400000000000003 0.15 0 0.148 0 0.33799999999999997