0 0.7285680203125 0.115411578125 0.22836565000000003 0.10795214687500002 0.297519084375 0.43344435312499996 0.7311525390625 0.418495696875 0.7285680203125 0.115411578125
0 1 0.1333406328125 0.774852371875 0.13519884843750002 0.7356441 0.1452589125 0.7373544734374999 0.34948527500000004 0.7996259078125 0.36288314375 1 0.358035209375 1 0.1333406328125
0 1 0.7155076859375 0.9982815265625 0.36163368125 0.8068852937500001 0.36126131250000004 0.7315697171875 0.3468762234375 0.748483384375 0.679270984375 0.772180503125 0.84282211875 0.8225727078125 0.90417391875 1 0.904641784375 1 0.7155076859375
0 0.75858458125 0.687634828125 0.7369056890625 0.42653046562499997 0.2961139828125 0.425738659375 0.281500396875 0.44525947187500003 0.3321030546875 0.7194090921875 0.75858458125 0.687634828125
0 0.7645734671875 0.90412684375 0.757109946875 0.691865709375 0.340805471875 0.7189820953125 0.3348500546875 0.74567191875 0.3874140546875 0.93203460625 0.7645734671875 0.90412684375
0 0.09784839375 0.11110166562499998 0.15550630781250002 0.16974648750000002 0.20672209375 0.338637184375 0.2821261640625 0.3378302640625 0.2268973359375 0.1110978859375 0.263181628125 0.10515901718750001 0.25323213437500003 0.07075173125 0.2057133421875 0.0139598875 0.169020225 0.0098443078125 0.008651368750000001 0.000503884375 0.0079951546875 0.1131599703125 0.09784839375 0.11110166562499998
0 0.2293617578125 0.43479972968749997 0.16270880468749999 0.1778909484375 0.0993040640625 0.11012621250000001 0.01372294375 0.11559101093749999 0.0058740359375 0.5048134125 0.0060038765625 0.5159719203125 0.2115397515625 0.5072731953125 0.2293617578125 0.43479972968749997
0 0.282145128125 0.3345748328125 0.2096271125 0.3377714234375 0.23373508906249998 0.43078823125000004 0.3018924140625 0.42943285312499996 0.282145128125 0.3345748328125
0 0.2989873953125 0.43029861406250003 0.23373508906249998 0.43078823125000004 0.21007776093750002 0.5093337921875001 0.00993486875 0.516984425 0.008651728124999999 0.7372685609375 0.311812171875 0.717873415625 0.323653478125 0.6764303484374999 0.2785448109375 0.454806384375 0.2989873953125 0.43029861406250003
0 0.3481109703125 0.9583718171875001 0.34893268437499997 0.8173031609375 0.3002110578125 0.71808103125 0.0115630671875 0.7353176546875 0.00931470625 0.8005038656250001 0.0114835765625 0.9868961531249999 0.06372253125 0.9911295265625 0.3481109703125 0.9583718171875001
0 1 0.9675394953125 0.661977628125 1 0.9994630484375 1 1 0.9914468062499999 1 0.9675394953125