0 1 0.4432701359375 0.9798231218750001 0.44531987500000003 0.985789590625 0.5012705359375 0.9773572515625 0.5471044375 0.9945060625 0.5785162921875 1 0.608050403125 1 0.4432701359375
0 0.8148209765625 0.374443571875 0.8121197468749999 0.41201620937500005 0.7891020156249999 0.44238916406250006 0.7987959328125 0.4901602234375 0.814172184375 0.47080228437500005 0.8078368015624999 0.5192266203125 0.8232618281249999 0.558736415625 0.8981436796875 0.5770917640625 0.9006095484375001 0.475307203125 0.8945497859374999 0.41668444843749997 0.87796073125 0.401305159375 0.8767479281250001 0.3665679359375 0.8148209765625 0.374443571875
0 0.6913402421875 0.40088322187500003 0.6844451046875 0.4332749921875 0.6849158234375 0.5616988375 0.7532269328125001 0.5642665984375 0.758580615625 0.4302535859375 0.73942814375 0.3989233921875 0.6913402421875 0.40088322187500003
0 0.57274673125 0.279949390625 0.565482678125 0.41671615624999997 0.5806278265625 0.44820967031250003 0.5832400171875001 0.523028309375 0.6837030203125 0.5269616109374999 0.6846316890625 0.43861918125 0.6914335359375 0.40355531562499997 0.682530478125 0.3209653734375 0.6569938484375 0.27919178125 0.57274673125 0.279949390625
0 0.45621416875 0.447928378125 0.46069221093749996 0.576188903125 0.5769046359375001 0.5714526453125 0.5786241640625 0.4482913296875 0.565482678125 0.41671615624999997 0.4552812421875 0.421207434375 0.45621416875 0.447928378125
0 0.2664217328125 0.356655234375 0.2738363640625 0.5115550437499999 0.362277390625 0.515978303125 0.388742690625 0.4694094640625 0.3919061265625 0.330133925 0.301274853125 0.3204481359375 0.2664217328125 0.356655234375
0 0.182539275 0.1379744765625 0.18986061406250002 0.29020219062499997 0.31245719375 0.2959093296875 0.3263895390625 0.29266561874999997 0.3232621109375 0.145618775 0.31105355 0.14076454375 0.182539275 0.1379744765625
0 0.0654872171875 0.1186618859375 0.048014010937500004 0.1354293890625 0.06726403125 0.28449504999999997 0.17765205312500001 0.2853479578125 0.189580734375 0.2821859078125 0.19036733749999998 0.1323036484375 0.165856925 0.11992309375000001 0.0654872171875 0.1186618859375
0 0.1818459640625 0.29052882812499997 0.1908910875 0.4346586 0.26922050937500003 0.4368180625 0.2664217328125 0.356655234375 0.301274853125 0.3204481359375 0.29843155781249997 0.296480946875 0.1818459640625 0.29052882812499997
0 0.06325670781250001 0.28465836875 0.0596670703125 0.23931442656250002 0.041540815625 0.2373772671875 0.027190782812499998 0.2861282421875 0.028683464062500004 0.3288817515625 0.04224689375 0.43001303437500005 0.1903313328125 0.4186260359375 0.181752671875 0.287856734375 0.06325670781250001 0.28465836875
0 0.18898071875 0.43741235312500004 0.19755937968749998 0.568181653125 0.27807904843750003 0.575603646875 0.26922050937500003 0.4368180625 0.18898071875 0.43741235312500004
0 0.0342322453125 0.4303396734375 0.042997490625 0.5664531625 0.1912685140625 0.56041035 0.19699962499999998 0.5521490874999999 0.1864173 0.421461446875 0.1684776296875 0.42486847968749997 0.0342322453125 0.4303396734375
0 0.19564900937500002 0.5709354078125 0.2082349953125 0.7015413890625 0.2786430609375 0.706699584375 0.280691240625 0.6504222859375 0.28623576562499997 0.6368168359374999 0.2821796671875 0.5781124203125 0.274165015625 0.5784390593750001 0.19564900937500002 0.5709354078125
0 0.05520604999999999 0.5713073921875 0.0466804203125 0.6144692 0.073007909375 0.62142390625 0.0811646265625 0.6826370953125 0.20557828437499998 0.6829183890625 0.19536913125 0.562919125 0.05520604999999999 0.5713073921875
0 0.07114631406250001 0.68304539375 0.08489632968750001 0.7895208671875 0.21942159375 0.79206595625 0.20567157812499998 0.68559048125 0.07114631406250001 0.68304539375
0 0.084989621875 0.7921929624999999 0.1006500078125 0.8959146812500001 0.22105634218749998 0.8963592921875 0.2115002359375 0.7950646890625 0.084989621875 0.7921929624999999
0 0.214339275 0.7039685046875 0.223708796875 0.7999189203125 0.28582233281249997 0.797387471875 0.280740015625 0.7092900203125 0.214339275 0.7039685046875
0 0.2136904828125 0.8003272171875 0.221149634375 0.8990313859375 0.291650990625 0.9068616765625 0.2860089171875 0.8027316578124999 0.2136904828125 0.8003272171875
0 0.28194430625 0.5139004984375 0.288705890625 0.650095646875 0.3751432546875 0.654600565625 0.37243776875 0.57710983125 0.394802453125 0.5280322187500001 0.390746353125 0.46932780625000003 0.366284715625 0.5158149843750001 0.28194430625 0.5139004984375
0 0.2807845328125 0.6530943796875001 0.2854491625 0.7866990921875 0.369789571875 0.788613578125 0.369225559375 0.657517640625 0.2807845328125 0.6530943796875001
0 0.2854491625 0.7866990921875 0.29593819374999997 0.9147146390625001 0.376271278125 0.91679244375 0.37156213125000004 0.8393833687500001 0.38446825625000003 0.8067466203125001 0.3773377578125 0.77492646875 0.367785909375 0.7886952390624999 0.2854491625 0.7866990921875
0 0.3928920828125 0.5307859734375 0.3764450953125 0.5769465125 0.38092313906249997 0.7052070390625 0.47719223125 0.7039594703125001 0.466889784375 0.5812881125 0.46069221093749996 0.576188903125 0.45672940625 0.520156584375 0.42849154531250006 0.5159556281250001 0.3928920828125 0.5307859734375
0 0.37481885937500004 0.702779921875 0.3693676265625 0.7190574671875 0.39714327968749996 0.8249613218749999 0.47435319062500003 0.7950556546875001 0.478311740625 0.7360246015625 0.46489037812499995 0.696433146875 0.451051325 0.7023489515625 0.37481885937500004 0.702779921875
0 0.438847021875 0.8125580921875001 0.39714327968749996 0.8249613218749999 0.3864719203125 0.8066649609375001 0.37156213125000004 0.8393833687500001 0.376737740625 0.930152915625 0.43484395156250005 0.9277847859374999 0.44327629062499996 0.8819508859375 0.47132756562499994 0.8808076515625001 0.47337574531250004 0.8245303515625 0.43796287031250003 0.844704884375 0.438847021875 0.8125580921875001
0 0.441272628125 0.8820325453125 0.43866469218750004 0.9222772796875001 0.4402506671875 0.9677028812499999 0.5604704140625001 0.9628033031250001 0.5536197953124999 0.9389994343750001 0.5570673640625 0.92280355 0.5418289234375 0.888637940625 0.441272628125 0.8820325453125
0 0.4827324984375 0.575290646875 0.48273675625 0.69035401875 0.5847369546875 0.680845190625 0.5870162390625 0.5737164406249999 0.580538790625 0.5606009484375 0.5769046359375001 0.5714526453125 0.4827324984375 0.575290646875
0 0.48273675625 0.69035401875 0.484931259375 0.810679921875 0.5647978796875 0.7993972546875 0.5627899625 0.684415540625 0.48273675625 0.69035401875
0 0.484931259375 0.810679921875 0.47337574531250004 0.8245303515625 0.47552147656250005 0.88598851875 0.5418289234375 0.888637940625 0.555343578125 0.930901490625 0.573469834375 0.9328386500000001 0.569458253125 0.8179385953124999 0.5669881265625001 0.804659784375 0.484931259375 0.810679921875
0 0.5874339281250001 0.5282091796875 0.589535140625 0.6458629874999999 0.6003930859375 0.6695035359375 0.678535921875 0.6663188109375 0.6837030203125 0.5269616109374999 0.5874339281250001 0.5282091796875
0 0.600486378125 0.67217563125 0.5878113546875 0.653960928125 0.596483309375 0.7874023234374999 0.6053375921875 0.811124534375 0.6835737203125001 0.8106119015625 0.67872250625 0.6716630015625 0.600486378125 0.67217563125
0 0.6055241765625 0.816468721875 0.596483309375 0.7874023234374999 0.5823643796875 0.785301846875 0.584927796875 0.8012527531250001 0.586842421875 0.9135623718750001 0.677007234375 0.9098876890625001 0.675559071875 0.8109385390625 0.6055241765625 0.816468721875
0 0.6849158234375 0.5616988375 0.6804462921875001 0.6635650578125001 0.6848267875 0.6740901140625 0.753044603125 0.6739857828125 0.7557903515625 0.5802175046875 0.7658086625 0.5798092078125 0.7552305953125 0.5641849390625 0.6849158234375 0.5616988375
0 0.6808194624999999 0.674253434375 0.6801706703125 0.770612146875 0.7445677468749999 0.776015321875 0.7466159265625001 0.7197380234375 0.752626915625 0.71949304375 0.745029953125 0.6743124203125 0.6808194624999999 0.674253434375
0 0.7427506703125 0.781441171875 0.6822676249999999 0.7732025828125 0.6836670140625001 0.813283996875 0.6756523640625 0.8136106359375 0.677007234375 0.9098876890625001 0.7731830328125 0.9059680265625 0.7733653625 0.79624884375 0.7497391015625 0.7517214953125 0.7427506703125 0.781441171875
0 0.7533202250000001 0.5669386921874999 0.7658086625 0.5798092078125 0.7557903515625 0.5802175046875 0.7554659546875 0.6283968625 0.7762489203125 0.64895701875 0.876711921875 0.6528903203125 0.8790399796875 0.6046293031250001 0.89287903125 0.5987134984375 0.8879387812499999 0.572155875 0.8212581640625001 0.5588180765625 0.8058331390625 0.5193082796875 0.7578385328125 0.5239402046875 0.7533202250000001 0.5669386921874999
0 0.7783458750000001 0.6515474546875 0.7597531562500001 0.6362498249999999 0.752111678125 0.6472648390625 0.7512275265625 0.6794116296875 0.77536476875 0.6811038093749999 0.7721525578125 0.7615116171875 0.8722423890625001 0.7547565406250001 0.8748948437499999 0.6583161671875 0.7783458750000001 0.6515474546875
0 0.772059265625 0.7588395218749999 0.775369025 0.7961671828125 0.7712726625 0.90872178125 0.8913058265625 0.8984780156250001 0.8978723140625 0.7992022296875 0.88445095 0.759610771875 0.772059265625 0.7588395218749999
0 1 0.6049188765625 0.9966030187499999 0.5811067265625 0.9775438375000001 0.5524486265624999 0.9783834703125001 0.576497475 0.9220943374999999 0.5734397546875 0.8992144156249999 0.5502891625 0.8981436796875 0.5770917640625 0.8900357359375001 0.5747463109375001 0.8948826953125 0.5986318390625 0.8789466875 0.601957209375 0.8786222921875 0.650136565625 0.8996851359375 0.6787130078125 0.9799249265625001 0.6781187171874999 0.9860737234375 0.6243501921875 1 0.61907821875 1 0.6049188765625
0 0.8996851359375 0.6787130078125 0.8748015515625 0.655644075 0.8740594671874999 0.7493306921875 0.8909284 0.7727262640625 0.9672541593749999 0.7749673859375 0.976197478125 0.68629831875 0.8996851359375 0.6787130078125
0 0.8930253546875001 0.7753167000000001 0.8978723140625 0.7992022296875 0.8905594859375 0.8771012609375 0.964694996875 0.8740798546875 0.9711236734375 0.8283276140625 0.9871529734375001 0.8276743359375001 0.9715413625 0.7828203499999999 0.8930253546875001 0.7753167000000001
0 1 0.6572094109375 0.9852828656250001 0.6591690781249999 0.968698065625 0.7588531625 1 0.7854261124999999 1 0.6572094109375
0 1 0.785566234375 0.9687913578125 0.76152525625 0.9695377000000001 0.7829020109375 0.989156634375 0.827592678125 0.9711236734375 0.8283276140625 0.9625980421874999 0.8714894187500001 0.97956026875 0.8975570859375 1 0.8967240609375 1 0.785566234375