0 0.6590686328124999 0.45359698125000003 0.6794206046875 0.741754909375 0.929387553125 0.6776136234375 0.9431618343749999 0.3843422140625 0.6590686328124999 0.45359698125000003
0 0.3705417265625 0.5377955625 0.42103114062499997 0.8216717812500001 0.6789757125 0.7558669484375 0.6586237390624999 0.4677090203125 0.3705417265625 0.5377955625
0 0.9193894234375 0.8959957624999999 0.9298302703125 0.681526809375 0.679863321875 0.7456680953125 0.6940215937499999 0.9429909625 0.9193894234375 0.8959957624999999
0 0.6787543515625 0.75391035625 0.429230121875 0.821964828125 0.46047004999999996 0.9905376203125 0.46651524218749996 0.9904321015625 0.6900327828124999 0.9438227359375 0.6787543515625 0.75391035625
0 0.1684057109375 0.880359175 0.204546965625 0.995004775 0.454225525 0.9906466187499999 0.41881537656249995 0.8201310749999999 0.1684057109375 0.880359175
0 0.077583290625 0.6189127296875 0.162201134375 0.879650240625 0.41659961250000005 0.8185903671875 0.36522258750000003 0.5449130015625 0.077583290625 0.6189127296875
0 0.9476042390625 0.2972975 0.914843115625 0.00772170625 0.644268034375 0.07015208125 0.6588472734375 0.4516403875 0.9469292875 0.3815538484375 0.9476042390625 0.2972975
0 0.29701575625 0.176610228125 0.368547321875 0.5382114484375 0.6541922109375 0.4646276078125 0.630969096875 0.09695829218749999 0.29701575625 0.176610228125
0 0 0.4441098125 0.0611853296875 0.6183266359374999 0.36477986875 0.5409998140625001 0.2930269453125 0.1774420015625 0.08693691875000001 0.2324337796875 0 0.24713139375 0 0.4441098125
0 0.6387948171875 0 0.644268034375 0.07015208125 0.9146217562500001 0.0057651125 0.9139695203124999 0 0.6387948171875 0
0 0.4140321734375 0 0.2662316390625 0.030820351562499997 0.2928055859375 0.1754854078125 0.6404984078125 0.090965671875 0.631578315625 0 0.4140321734375 0
0 0 0.24308684062500002 0.0867155609375 0.23047718593750002 0.288595415625 0.1743605875 0.2624641859375 0.03360871875 0 0.08686799218749999 0 0.24308684062500002