0 0.2859365078125 0.2042328046875 0.28355555625 0.184126984375 0.2510158734375 0.177777778125 0.1668888875 0.17883597812500002 0.031968254687499996 0.2042328046875 0.051015873437500005 0.34814815 0.293873015625 0.347089946875 0.2859365078125 0.2042328046875
0 0.043079365625 0.35132275156250004 0.0637142859375 0.4846560859375 0.28831745937500003 0.4857142859375 0.2748253953125 0.35132275156250004 0.043079365625 0.35132275156250004
0 0.3160952375 0.49206349375 0.29307936562500003 0.48783068749999997 0.07165079375 0.4846560859375 0.08831745937499999 0.6052910046875 0.3033968265625 0.6137566140625 0.317682540625 0.6010582 0.3160952375 0.49206349375
0 0.32006349218749996 0.603174603125 0.305777778125 0.616931215625 0.09942857187500001 0.6063492046875 0.112920634375 0.7322751328125 0.3264126984375 0.7322751328125 0.318476190625 0.622222221875 0.32006349218749996 0.603174603125
0 0.13355555624999998 0.728042328125 0.149428571875 0.8338624343750001 0.350222221875 0.85079365 0.343079365625 0.7386243390625 0.13355555624999998 0.728042328125
0 0.343079365625 0.8539682531249999 0.150222221875 0.8359788343749999 0.14625396875000002 0.8179894187500001 0.1367301578125 0.8359788343749999 0.14546031875 0.9322751328125 0.3399047625 0.9513227515624999 0.343079365625 0.8539682531249999
0 0.5660952375 0.875132275 0.3406984125 0.8550264562500001 0.343079365625 0.959788359375 0.550222221875 0.977777778125 0.5660952375 0.9555555546875001 0.5660952375 0.875132275
0 0.5621269843750001 0.7629629625 0.5581587296875 0.7375661390625 0.5486349203125 0.7566137578125 0.343873015625 0.74285714375 0.3486349203125 0.852910053125 0.5637142859375001 0.875132275 0.5668888875 0.7619047625 0.5621269843750001 0.7629629625
0 0.567682540625 0.765079365625 0.5645079359375 0.873015871875 0.7899047625 0.891005290625 0.79546031875 0.785185184375 0.567682540625 0.765079365625
0 0.5621269843750001 0.870899471875 0.5668888875 0.9724867734375 0.7795873015625 0.9957671953125 0.7891111125 0.889947090625 0.5621269843750001 0.870899471875
0 0.8049841265625 0.6465608453125 0.5637142859375001 0.639153440625 0.561333334375 0.758730159375 0.7978412703125 0.785185184375 0.8097460312500001 0.659259259375 0.8049841265625 0.6465608453125
0 0.3232380953125 0.622222221875 0.3264126984375 0.7343915328125 0.5494285718749999 0.7534391546875 0.5494285718749999 0.633862434375 0.3232380953125 0.622222221875
0 0.5541904765625 0.36931216875 0.5311746046875 0.36931216875 0.5168888875000001 0.5005291015625 0.3208571421875 0.4984126984375 0.3192698421875 0.615873015625 0.5486349203125 0.6285714296875 0.5533968265625 0.5111111125 0.5541904765625 0.36931216875
0 0.5256190484375 0.35873015937499997 0.2795873015625 0.3523809515625 0.293873015625 0.4846560859375 0.3208571421875 0.49206349375 0.5145079359375 0.49947089843750003 0.5256190484375 0.35873015937499997
0 0.2867301578125 0.2063492046875 0.30022222187500003 0.35132275156250004 0.538317459375 0.36296296250000004 0.544666665625 0.2084656078125 0.2867301578125 0.2063492046875
0 0.2795873015625 0.0433862421875 0.2891111125 0.1989418 0.543873015625 0.203174603125 0.550222221875 0.039153440625 0.2795873015625 0.0433862421875
0 0.5533968265625 0.0423280421875 0.5494285718749999 0.203174603125 0.8240317453125 0.21164021093750002 0.8391111125 0.0433862421875 0.5533968265625 0.0423280421875
0 0.5621269843750001 0.2095238109375 0.5589523796875 0.36296296250000004 0.817682540625 0.3619047625 0.8303809515625 0.21164021093750002 0.5621269843750001 0.2095238109375
0 0.5692698421875 0.36296296250000004 0.5645079359375 0.5037037046874999 0.818476190625 0.5132275125 0.82720635 0.366137565625 0.5692698421875 0.36296296250000004
0 0.5653015875 0.5047619046875 0.5589523796875 0.6380952375 0.8018095234375 0.6476190484375 0.8129206343750001 0.5100529093749999 0.5653015875 0.5047619046875