0 0.036 0 0.046 0.06933333281250001 0.072 0.072 0.066 0 0.036 0
0 0.066 0 0.072 0.072 0.096 0.072 0.10600000000000001 0.06933333281250001 0.096 0 0.066 0
0 0.094 0 0.10600000000000001 0.06933333281250001 0.13 0.07466666718750001 0.178 0.07466666718750001 0.172 0 0.094 0
0 0.282 0.48 0.268 0.10400000000000001 0.21400000000000002 0.10400000000000001 0.044 0.10133333281250001 0.086 0.4853333328125 0.092 0.488 0.282 0.48
0 0.288 0.504 0.476 0.5066666671875 0.48 0.496 0.49000000000000005 0.1146666671875 0.27 0.096 0.282 0.48 0.27999999999999997 0.4933333328125 0.288 0.504
0 0.666 0.49866666718749997 0.702 0.1253333328125 0.492 0.1173333328125 0.48 0.496 0.48600000000000004 0.496 0.666 0.49866666718749997
0 0.9099999999999999 0.1306666671875 0.704 0.12 0.6679999999999999 0.496 0.8560000000000001 0.496 0.9099999999999999 0.1306666671875
0 0.062 0.5013333328125 0.10400000000000001 0.8053333328125 0.284 0.7893333328125001 0.262 0.48266666718750006 0.09 0.488 0.08 0.4773333328125 0.062 0.5013333328125
0 0.27599999999999997 0.5093333328125 0.284 0.8160000000000001 0.47000000000000003 0.8133333328125 0.472 0.5066666671875 0.288 0.504 0.27999999999999997 0.4933333328125 0.27599999999999997 0.5093333328125
0 0.472 0.5093333328125 0.47000000000000003 0.8026666671875 0.64 0.8026666671875 0.6599999999999999 0.49866666718749997 0.48 0.496 0.476 0.5066666671875 0.472 0.5093333328125
0 0.852 0.49866666718749997 0.6679999999999999 0.496 0.6599999999999999 0.49866666718749997 0.64 0.7946666671875 0.8160000000000001 0.8026666671875 0.852 0.49866666718749997
0 0.284 0.7893333328125001 0.10400000000000001 0.8053333328125 0.126 0.9973333328124999 0.292 1 0.284 0.7893333328125001
0 0.458 1 0.458 0.8160000000000001 0.284 0.8186666671875 0.292 1 0.458 1
0 0.628 1 0.634 0.8186666671875 0.632 0.8053333328125 0.47000000000000003 0.8026666671875 0.47000000000000003 0.8133333328125 0.458 0.8160000000000001 0.458 1 0.628 1
0 0.786 1 0.8099999999999999 0.8213333328125 0.8039999999999999 0.8026666671875 0.64 0.7946666671875 0.64 0.8026666671875 0.632 0.8053333328125 0.634 0.8186666671875 0.628 1 0.786 1