0 0 0.29618768281249996 0.041943040625 0.27879889375 0.1506110828125 0.3066787828125 0.16048999375 0.039238364062499996 0.081458690625 0.0010325890625 0 0 0 0.29618768281249996
0 0.19083236875 0.2034199328125 0.1569618109375 0.18276816406250002 0.15343362656249998 0.308743959375 0.1837760015625 0.3149394890625 0.19083236875 0.2034199328125
0 0 0.43401759531249995 0.043354314062499996 0.4295568125 0.1943605515625 0.4429804640625 0.2000056453125 0.322167609375 0.0412374046875 0.27983148125 0 0.29618768281249996 0 0.43401759531249995
0 0 0.574780059375 0.05041068125 0.5751517921875 0.19083236875 0.5730866125 0.192949278125 0.44711081874999997 0.044765587499999995 0.42852422656250005 0 0.43401759531249995 0 0.574780059375
0 0 0.7184750734375001 0.034886675 0.7300400640625 0.2000056453125 0.69699723125 0.1978887359375 0.685638759375 0.1964774625 0.5751517921875 0.05041068125 0.574119203125 0 0.5806451609375001 0 0.7184750734375001
0 0 0.8504398828124999 0.0398261296875 0.8704721 0.2007112828125 0.8136797328125001 0.2014169171875 0.6990624109375 0.035592310937499996 0.7310726546875 0 0.7184750734375001 0 0.8504398828124999
0 0 0.9970674484375 0.0680515953125 0.9964478937499999 0.19153800625 0.9396555281250001 0.195771825 0.8735698656249999 0.2028281921875 0.8694395109374999 0.2014169171875 0.8126471437499999 0.038414857812499995 0.8715046890625 0 0.853372434375 0 0.9970674484375
0 0.203533828125 0.6877039359375 0.203533828125 0.872537275 0.3481893359375 0.9169385812499999 0.35242315625 0.7155838265625001 0.203533828125 0.6877039359375
0 0.6149199796875 0.7682458390625 0.35242315625 0.7155838265625001 0.350306246875 0.9148734046874999 0.5831663328125 0.9970674484375 0.6092184375 0.9970674484375 0.6149199796875 0.7682458390625
0 0.6149199796875 0.7682458390625 0.6142143453125 0.9964478937499999 0.9712664765625 0.9964478937499999 0.9740890234374999 0.8219404406249999 0.6149199796875 0.7682458390625
0 0.6812498234375 0.51319648125 0.6784272765625 0.77237619375 0.9705608390625 0.817810084375 0.9705608390625 0.5235223671875 0.6812498234375 0.51319648125
0 0.3975839 0.7217793578125 0.6791329140625 0.77237619375 0.6784272765625 0.51319648125 0.40252335625 0.5049357734375 0.3975839 0.7217793578125
0 0.6142143453125 0.2591797125 0.6120974343750001 0.50700095 0.9755002968750001 0.5152616562500001 0.980439753125 0.218908759375 0.6142143453125 0.2591797125
0 0.354540065625 0.2839618359375 0.3446611515625 0.495642478125 0.6050410687500001 0.5059683609375 0.6128030703125 0.26434265468749996 0.354540065625 0.2839618359375
0 0.398995175 0.50080541875 0.203533828125 0.495642478125 0.19930000781249999 0.6846061703124999 0.394761353125 0.72074676875 0.398995175 0.50080541875
0 0.1950661890625 0.49357729843750003 0.3425442421875 0.4946098890625 0.354540065625 0.2839618359375 0.2028281921875 0.29841807343750004 0.1950661890625 0.49357729843750003
0 0.1978887359375 0.1135847328125 0.192949278125 0.2994506625 0.39687826406250004 0.27363594999999996 0.40111208437499996 0.0640204875 0.38911626093749996 0.056792367187500005 0.1978887359375 0.1135847328125
0 0.67419345625 0.003097765625 0.6050410687500001 0.003097765625 0.40111208437499996 0.0640204875 0.39687826406250004 0.2757011296875 0.672782184375 0.24988641718750002 0.6819554609375 0.0103258859375 0.67419345625 0.003097765625
0 0.6805441859375 0.0041303546875 0.6791329140625 0.25298418125 0.9684439296875 0.21787617343750001 0.9705608390625 0.0041303546875 0.6805441859375 0.0041303546875
0 0.44274464375000006 0.043368715625 0.6050410687500001 0.0041303546875 0.445567190625 0.003097765625 0.44274464375000006 0.043368715625
0 0.38877755468749997 0.9970674484375 0.577154309375 0.9970674484375 0.3905275328125 0.9344925859375 0.38877755468749997 0.9970674484375
0 0.1950661890625 0.875635040625 0.1923847703125 0.9970674484375 0.38982189843750004 0.9964478937499999 0.38911626093749996 0.9324274078125001 0.1950661890625 0.875635040625