0 0.9791583156250001 0.6191995625 0.98877755625 0.42220363125000004 0.989979959375 0.22861256562499999 0.9871743484375 0.15370546875 0.9246492984374999 0.11965678906249999 0.8573146296875 0.1118742328125 0.645872340625 0.17248502500000001 0.6508905859375 0.604634503125 0.8586382984375 0.6579219171874999 0.9726808515625001 0.62280520625 0.9791583156250001 0.6191995625
0 0.64569138125 0.1721890390625 0.8573146296875 0.110901415625 0.869338678125 0.110901415625 0.8689378765625 0.0403720078125 0.766292134375 0.011817753125 0.5883767546875001 0.0102146046875 0.59559118125 0.15273265 0.5919839687499999 0.17316185625 0.6136272546875 0.17656672499999998 0.64569138125 0.1721890390625
0 0.9977528078125 0.15544889374999998 0.9977528078125 0.008181521875 0.8741573046875001 0.0127268109375 0.8704119859375 0.1090869421875 0.92509363125 0.11908657812500001 0.986142321875 0.1536307765625 0.9977528078125 0.15544889374999998
0 0.5913242000000001 0.1745577859375 0.5949771687500001 0.15183756718750002 0.586757990625 0.0105288828125 0.1799086765625 0.0083122765625 0.19360730625 0.1368754703125 0.223287671875 0.137983775 0.28447488593750003 0.1385379265625 0.5913242000000001 0.1745577859375
0 0.48767123124999995 0.261005453125 0.49223744218750004 0.4948574734375 0.49771689375 0.5275524218750001 0.4968036515625 0.6345037015625 0.5073059359375 0.638936915625 0.65068493125 0.6045795093749999 0.6465753421875 0.1823159109375 0.4844748859375 0.16458305625 0.4858447484375 0.19284479375000002 0.4812785375 0.2017112203125 0.48904109531250006 0.23108125937500001 0.48767123124999995 0.261005453125
0 0.49771689375 0.528660725 0.49178082187500005 0.4948574734375 0.48858447343750006 0.26045130156249996 0.48904109531250006 0.23163541250000003 0.4803652953125 0.2017112203125 0.4844748859375 0.1950614 0.4812785375 0.1640289046875 0.2863013703125 0.14020038125 0.27716894999999997 0.153500021875 0.2986301359375 0.67661923125 0.495890409375 0.6356120046875 0.49771689375 0.528660725
0 0.304566209375 0.67661923125 0.3095890421875 0.9902690968750001 0.49634703125 0.9902690968750001 0.48904109531250006 0.641153521875 0.304566209375 0.67661923125
0 0.850228309375 0.658332225 0.6503816796875 0.60525210625 0.5086758 0.64004521875 0.49771689375 0.6356120046875 0.49041095781250005 0.64004521875 0.4972602734375 0.9897149437499999 0.8356164375 0.98916079375 0.837442921875 0.6705235625 0.850228309375 0.658332225
0 0.8356164375 0.98916079375 0.9666666656249999 0.990823246875 0.9703196343749999 0.6261914265625 0.8529680359375 0.658332225 0.8383561640625 0.6705235625 0.8356164375 0.98916079375
0 0.2968036515625 0.67661923125 0.0858447484375 0.7131932421875 0.061187214062499995 0.7220596703125 0.0716894984375 0.9902690968750001 0.3086758 0.990823246875 0.3027397265625 0.6771733828125 0.2968036515625 0.67661923125
0 0.29771689375 0.6755109265625 0.27684478437500004 0.15193063125 0.0305343515625 0.111786359375 0.039726028125 0.45107948750000004 0.059817351562499996 0.7226138234375 0.0858447484375 0.714301546875 0.29771689375 0.6755109265625
0 0.0010178125 0.10437510937500001 0.1745547078125 0.13340250468749998 0.1786259546875 0.0098816671875 0.00050890625 0.008646459375 0.0010178125 0.10437510937500001
0 0.0402035625 0.48049606093749997 0.0300254453125 0.43911657968749995 0.027480915625 0.1124039640625 0.00050890625 0.105610315625 0 0.7312433609375 0.059033078125000006 0.7219792984375 0.0402035625 0.48049606093749997
0 0.0575063625 0.740507425 0.05852417343750001 0.722596903125 0.00050890625 0.7324785671875 0.0010178125 0.9894019125 0.06717557187499999 0.9912547249999999 0.0575063625 0.740507425
0 0.998 0.6213592234374999 0.9725146203125 0.6273775046875001 0.9672514624999999 0.9921648781249999 0.998 0.9927184468749999 0.998 0.6213592234374999