0 0.304406721875 0.2655144546875 0.3712469796875 0.5811723484375 0.6487500953125 0.542425265625 0.6053377953125 0.23599995 0.3280480078125 0.24247256093749997 0.304406721875 0.2655144546875
0 0.3417585171875 0 0.3265112234375 0.0186283484375 0.3787638953125 0.2401085046875 0.508502428125 0.23470619531249998 0.7134371609375 0.212892896875 0.6678211015625 0 0.3417585171875 0
0 0.66885241875 0 0.71520055625 0.2179730234375 0.9371607828125 0.212788953125 0.9027319203124999 0 0.66885241875 0
0 0.6096345515625 0.22676559375 0.6065618125000001 0.23529760781250003 0.652344946875 0.5325783359375 0.8814776078125 0.5006030109374999 0.84425445 0.2190555359375 0.6096345515625 0.22676559375
0 0.656316646875 0.5336837796875 0.701021025 0.8193995609375 0.7170276906249999 0.8251063390625 0.9345103734375 0.7788323765625 0.90009483125 0.49973519218750007 0.656316646875 0.5336837796875
0 0.37842854375 0.582128171875 0.42440060312499994 0.9090834640625 0.453007009375 0.9116217546875 0.699386625 0.8433515015624999 0.6561713828125 0.5459510734374999 0.37842854375 0.582128171875
0 0.6981880109375 0.8305015609374999 0.7013724765625 0.843904225 0.44927503281250003 0.9130862937499999 0.442093465625 0.912130475 0.4524484109375 0.98671445 0.7383897265625 0.9733856546874999 0.715478621875 0.8361484875 0.6981880109375 0.8305015609374999
0 0.9365561546875 0.7800276 0.7189536109375 0.8250165640624999 0.741725315625 0.9723719328125 0.9433648546875 0.96361805 0.9278011125000001 0.8520629625 0.9640766718749999 0.8400473749999999 0.9582633859374999 0.777725159375 0.9355972609375 0.7697476437499999 0.9365561546875 0.7800276
0 0.0195412515625 0.252981475 0.053332924999999996 0.617531315625 0.363970946875 0.5653792453125 0.292003040625 0.22931106875 0.0195412515625 0.252981475
0 0.23960095468749998 0.2343348921875 0.2068045421875 0.0209818703125 0.001735965625 0.0229093421875 0.012979487500000001 0.171288771875 0.020945060937500003 0.254206615625 0.23960095468749998 0.2343348921875
0 0.255812815625 0.22841686718749998 0.2901370546875 0.23004334218750003 0.299972840625 0.26636642187500004 0.327988078125 0.2418300671875 0.37747995 0.24016835468750003 0.32770984062499997 0.0314782890625 0.21909649375 0.035250584375 0.255812815625 0.22841686718749998
0 0.053332924999999996 0.617531315625 0.0732473234375 0.8310266546875 0.1039116703125 0.9846799703125001 0.411244215625 0.8993720796875 0.34390725 0.571476815625 0.053332924999999996 0.617531315625
0 0.4150960546875 0.89919253125 0.10613724531249999 0.987802678125 0.10716552343750001 0.9990866421875 0.31969030468750004 0.992902803125 0.43883215781249996 0.9873491546875 0.4150960546875 0.89919253125
0 1 0.21006676875000002 0.844890140625 0.21777105156249998 0.8839821000000001 0.4932896359375 1 0.4816724921875 1 0.21006676875000002
0 1 0.48253568593749996 0.9050569562499999 0.4928227640625 0.9016722843749999 0.5007130859375 0.9340557734375 0.7595327671875001 0.9589396984375 0.7722914234375 1 0.7626687515625 1 0.48253568593749996
0 1 0.8293894749999999 0.9297711390625001 0.851947878125 0.947172275 0.9636535171875 1 0.9611910187499999 1 0.8293894749999999
0 1 0.7648568796874999 0.9600668562499999 0.7742053624999999 0.9667040015625 0.83907033125 1 0.8288527421874999 1 0.7648568796874999