0 0.4740078859375 0.5986580984375001 0.484030940625 0.22943645468749999 0.0965233015625 0.008207621875 0.076209653125 0.0322474875 0.0212504484375 0.456255665625 0.0266345359375 0.5718541671875 0.06384833281249999 0.5521879125 0.4740078859375 0.5986580984375001
0 0.4674697390625 0.9409937968750001 0.47342706718749994 0.603139090625 0.0632675140625 0.5566689031250001 0.026705687500000002 0.573381815625 0.0428287203125 0.919549815625 0.3904000390625 0.9783311609374999 0.4674697390625 0.9409937968750001
0 0.4740078859375 0.5986580984375001 0.4674697390625 0.9409937968750001 0.6816117796875 0.8810459500000001 0.67595274375 0.6328110625 0.4740078859375 0.5986580984375001
0 0.687822425 0.3554861015625 0.5159459625 0.2485715890625 0.4833309609375 0.261372609375 0.4745887046875 0.594177109375 0.6905773703125 0.6261259453125 0.687822425 0.3554861015625
0 0.5949814515625 0.2756757484375 0.5954431078125 0.2986499171875 0.6884032421875 0.3510051109375 0.6888648984375 0.37397928281250004 0.745963446875 0.41111111562499997 0.8383427625 0.4679473015625 0.8295413093749999 0.297027690625 0.76258384375 0.203277884375 0.5949814515625 0.2756757484375
0 0.78402914375 0.4358656734375 0.6849183328125 0.3778910578125 0.6826842390625 0.6339494953125 0.7915497968749999 0.643202425 0.78402914375 0.4358656734375
0 0.8540098640625 0.4797553625 0.78402914375 0.4358656734375 0.7915497968749999 0.643202425 0.8655962468749999 0.6557251796875 0.8540098640625 0.4797553625
0 0.9083234812500001 0.511836990625 0.8534290468749999 0.4842363515625 0.865015428125 0.6602061703125 0.918286571875 0.6737946171875 0.9083234812500001 0.511836990625
0 0.9491741093750001 0.541641753125 0.9077426640624999 0.5163179796875 0.918286571875 0.6737946171875 0.9547289765625001 0.684536984375 0.9491741093750001 0.541641753125
0 0.9580947249999999 0.6851062015625 0.92165231875 0.674363834375 0.9323153874999999 0.8043853078125001 0.9783933812500001 0.7938611546875001 0.9580947249999999 0.6851062015625
0 0.918286571875 0.6737946171875 0.865015428125 0.6602061703125 0.8721935875 0.8171135906250001 0.9351003171875 0.8094355156249999 0.918286571875 0.6737946171875
0 0.8655962468749999 0.6557251796875 0.675371925 0.6372920546875 0.684977528125 0.881615165625 0.8749785171875001 0.8221637968750001 0.8655962468749999 0.6557251796875