0 0.2913055171875 0.8347278078124999 0.3116567125 0.9564936859375001 0.37912191875 0.9501729890625 0.3670639484375 0.8303186671875 0.2913055171875 0.8347278078124999
0 0.2772632765625 0.7150593875 0.2913055171875 0.8347278078124999 0.3670639484375 0.8303186671875 0.35266556250000003 0.7079950796875 0.2772632765625 0.7150593875
0 0.259608640625 0.5984179421875 0.27492286093749996 0.712590125 0.34869702187499996 0.7083668859375 0.33302665625 0.5915395359375 0.259608640625 0.5984179421875
0 0.2437856765625 0.46547368593750005 0.2592524953125 0.5957627734375001 0.3350109265625 0.5913536328125 0.3179159828125 0.463905615625 0.2437856765625 0.46547368593750005
0 0.230811871875 0.35377076875 0.24144526093750002 0.463004421875 0.3191879625 0.458409378125 0.3038737421875 0.34423719375 0.230811871875 0.35377076875
0 0.21748191874999998 0.2394126828125 0.22648718437499998 0.35148740625 0.3018894703125 0.34442309843749996 0.28657525 0.23025091406249998 0.21748191874999998 0.2394126828125
0 0.2351370609375 0.14634845937500002 0.2041010203125 0.154633240625 0.2178380640625 0.24206785000000003 0.28657525 0.23025091406249998 0.27411018593750003 0.1373200671875 0.2351370609375 0.14634845937500002
0 0.3769361171875 0.1249979515625 0.2777225828125 0.1342930953125 0.2862191046875 0.22759574843750002 0.417180971875 0.2153261578125 0.4061404875 0.1330159796875 0.3769361171875 0.1249979515625
0 0.28784723125 0.224754678125 0.318475675 0.45309904375 0.4470971265625 0.438360190625 0.4175371171875 0.217981325 0.28784723125 0.224754678125
0 0.316491403125 0.4532849453125 0.34477943125 0.6791600484375 0.48006598437500003 0.6691738203125001 0.44745326875 0.44101535625 0.316491403125 0.4532849453125
0 0.45661087968749997 0.674059821875 0.34676370156249997 0.6789741453125 0.3779518359375 0.8965119406250001 0.5072855765625001 0.8870834203125 0.4784378578125 0.6720148890625001 0.45661087968749997 0.674059821875
0 0.37830798125 0.89916710625 0.38344660468749997 0.95245635 0.5167488859375 0.9426560234375 0.5072855765625001 0.8870834203125 0.37830798125 0.89916710625
0 0.49451531875 0.7619187640625 0.5207174265625001 0.94228421875 0.641757940625 0.93094414375 0.619524371875 0.7502068828125 0.49451531875 0.7619187640625
0 0.47100976875 0.5866777390625 0.49649958906249997 0.7617328609375 0.619524371875 0.7502068828125 0.5913379921875 0.57002733125 0.47100976875 0.5866777390625
0 0.4451638046875 0.4089674484375 0.47136591406250006 0.58933290625 0.5909818484375 0.5673721625 0.5674762999999999 0.3921311375 0.4451638046875 0.4089674484375
0 0.41138101093749996 0.1271479375 0.4232863828125 0.2308853546875 0.541274190625 0.21176568125 0.5304372515625 0.115993765625 0.41138101093749996 0.1271479375
0 0.423642525 0.23354052187500002 0.4491323453125 0.4085956421875 0.5694605703125 0.3919452359375 0.5432584609375 0.2115797796875 0.423642525 0.23354052187500002
0 0.527028403125 0.105559 0.5349145359375 0.13439403125 0.6413528640624999 0.11904494375 0.6381475625 0.0951484390625 0.527028403125 0.105559
0 0.54880443125 0.1330927109375 0.55806419375 0.20212705468749997 0.6681149171875 0.18375099374999998 0.654886615625 0.11508845625 0.54880443125 0.1330927109375
0 0.56040460625 0.20459631875 0.566611665625 0.2658510640625 0.6753904093750001 0.25297123906249996 0.6664867921875001 0.1865920625 0.56040460625 0.20459631875
0 0.7474350484375 0.10104068749999999 0.7302889015625 0.1080241453125 0.6558024515625 0.10693705 0.6693869 0.17825475468750002 0.779234078125 0.1733404328125 0.7692620265625 0.0989957546875 0.7474350484375 0.10104068749999999
0 0.6693869 0.17825475468750002 0.6750342640625 0.250316071875 0.7850849890625 0.231940009375 0.7772498078125001 0.1735263359375 0.6693869 0.17825475468750002
0 0.5547060390625 0.26696648125 0.583553759375 0.4820350109375 0.7105470859375 0.47013722812500003 0.681699365625 0.2550686984375 0.5547060390625 0.26696648125
0 0.6829713468749999 0.249572459375 0.71253135625 0.4699513265625 0.84710561875 0.4546547625 0.8496495812499999 0.44366228906250005 0.816833321875 0.2289655640625 0.6829713468749999 0.249572459375
0 0.5839099046875 0.484690178125 0.61311376875 0.7024138765625 0.7424475109374999 0.6929853578125 0.7132436453125 0.475261659375 0.5839099046875 0.484690178125
0 0.617082309375 0.7020420703125 0.646286175 0.9197657687499999 0.7693109578125 0.9082397906249999 0.767530234375 0.8949639546875 0.765393365625 0.8790329515625 0.76870056875 0.8437721703125 0.7451440687499999 0.6981097875 0.617082309375 0.7020420703125
0 0.74443178125 0.6927994546875 0.7619338203125 0.7933239953125 0.77210966875 0.7493540984375 0.7662587578125 0.690754521875 0.74443178125 0.6927994546875