0 0.639236603125 0 0.674639540625 0.1865572953125 0.868498740625 0.1328808375 0.8549986515624999 0 0.639236603125 0
0 0.42484985000000003 0 0.42048563593750005 0.001264321875 0.4810658640625 0.23261847656249998 0.6708150093749999 0.184539646875 0.6377364 0 0.42484985000000003 0
0 0.6765031687499999 0.19026901875 0.7113565093750001 0.3824443546875 0.88719738125 0.3398314 0.8705506203125 0.13438309531249998 0.6765031687499999 0.19026901875
0 0.480598384375 0.23384108124999997 0.5331782281249999 0.4311703265625 0.7035191937499999 0.38061853125 0.672587659375 0.18505503750000002 0.480598384375 0.23384108124999997
0 0.7136876171875 0.384933478125 0.7405405734375 0.543083903125 0.8945448875 0.5009146624999999 0.8825288703125 0.34345529531249996 0.7136876171875 0.384933478125
0 0.73680701875 0.544262590625 0.76059474375 0.6829553500000001 0.904891821875 0.643850696875 0.8943566359374999 0.5031241328125 0.73680701875 0.544262590625
0 0.756861190625 0.6841340375 0.7809407359375 0.8066093859375 0.92075755 0.76891915625 0.9075021609375 0.6473266859375 0.756861190625 0.6841340375
0 0.6029478546875 0.729499609375 0.6428965671875 0.844815003125 0.7765514484375 0.8112201453125 0.755737978125 0.6887887109374999 0.6029478546875 0.729499609375
0 0.608083846875 0.7246531125 0.758166359375 0.68587203125 0.7354045765625 0.5479303984375 0.571784003125 0.5963605609375 0.608083846875 0.7246531125
0 0.5719722546875 0.5941510906249999 0.7323267578125 0.5456770140625 0.7028634625 0.384050603125 0.5313083046875 0.436060740625 0.5719722546875 0.5941510906249999
0 0.3088549734375 0.28806068749999997 0.29708956249999996 0.29822515625 0.3638632 0.4824732515625 0.5301913859375 0.43211327656250004 0.476118121875 0.23525550625 0.3088549734375 0.28806068749999997
0 0.294953 0.284924425 0.476118121875 0.23525550625 0.4279212671875 0.0419176390625 0.4158829203125 0.0424931046875 0.40191514687499996 0.0017519515625 0.296064215625 0.0416193375 0.3017334875 0.07315512656249999 0.2364841546875 0.101279553125 0.294953 0.284924425
0 0.0977304546875 0.34396276875 0.2930767796875 0.298416978125 0.23321808281249998 0.1012356375 0.2713975890625 0.083807225 0.2590988984375 0.05758940781250001 0.2595852640625 0.0305603890625 0.0033581671875000003 0.115412715625 0.0041556078125 0.14281897187499998 0.011834160937500001 0.1496264359375 0.0977304546875 0.34396276875
0 0.3466167640625 0.458892459375 0.29662208125 0.2994477578125 0.11182067968750001 0.3448895640625 0.1829836046875 0.5245268984375 0.3511691234375 0.48648078593750005 0.3466167640625 0.458892459375
0 0.24286747968750003 0.687299684375 0.399955909375 0.63878169375 0.3455656453125 0.49254988749999995 0.183165559375 0.53091956875 0.179814803125 0.519077178125 0.17299084375 0.5352067578125 0.24286747968750003 0.687299684375
0 0.5643168984375 0.598717934375 0.5179647875 0.434898209375 0.363954178125 0.4856695859375 0.3496036078125 0.4579495109375 0.3520977890625 0.49263772031249997 0.405273859375 0.6403278640625001 0.5643168984375 0.598717934375
0 0.4107800640625 0.63966456875 0.46070895 0.7615043781249999 0.5967922140625 0.7249928390625 0.5617002640625001 0.6038440828125 0.4107800640625 0.63966456875
0 0.400702621875 0.6385459546875001 0.24641277968750003 0.6883304671875 0.3092177 0.8125554125000001 0.451560171875 0.7665426984375 0.400702621875 0.6385459546875001
0 0.62246245 0.841590909375 0.6258132046875 0.8534333000000001 0.638974765625 0.8482031609374999 0.5983766125 0.7277176984375 0.460702653125 0.77010651875 0.49972270312499995 0.8792649796875001 0.62246245 0.841590909375
0 0.45165115 0.7697390328125 0.3122955203125 0.814808796875 0.3579575734375 0.9014450078125 0.49589817031249994 0.8772473296875001 0.45165115 0.7697390328125