0 0.14787184375 0.2239931515625 0.3371974109375 0.28289013125 0.379604303125 0.11381511562499999 0.449285121875 0.08405166562500001 0.3035248203125 0.027567384374999997 0.1836842265625 0.051932575 0.14787184375 0.2239931515625
0 0.33824115312499997 0.28395276406250003 0.5245559546874999 0.3513550140625 0.5721159921875001 0.1936822921875 0.6029205640625 0.1386859640625 0.451504621875 0.0812270453125 0.379604303125 0.11381511562499999 0.33824115312499997 0.28395276406250003
0 0.519953353125 0.3671890828125 0.7105156421875 0.4272922125 0.7634753328125 0.26835892499999997 0.754315734375 0.2012416703125 0.6003932984375 0.1543669578125 0.572376725 0.193636065625 0.519953353125 0.3671890828125
0 0.7093700234375 0.42862501562500005 0.902694628125 0.49027441562499996 0.9589450093749999 0.3384702953125 0.9036965625000001 0.244276746875 0.75468649375 0.20067296875 0.763543259375 0.26892387812499996 0.7093700234375 0.42862501562500005
0 0.1464593703125 0.22601400468750002 0.1186975390625 0.38060543281250003 0.302655075 0.4406010078125 0.3391271921875 0.28529503125 0.1464593703125 0.22601400468750002
0 0.33964859375 0.2848583796875 0.302450275 0.441276465625 0.48490484062499994 0.5010984515625 0.5234672984375 0.35167501562500003 0.33964859375 0.2848583796875
0 0.51943854375 0.365616459375 0.4814908703125 0.5160880984375 0.6621053906250001 0.579396625 0.7083049828125 0.42755891874999996 0.51943854375 0.365616459375
0 0.7085682906249999 0.4279987046875 0.6623479328124999 0.5785966890625 0.845654309375 0.6409595875 0.9019217156250001 0.489584128125 0.7085682906249999 0.4279987046875
0 0.1194724484375 0.3830931 0.0883434125 0.5274764656250001 0.26334811875 0.595216253125 0.3025782875 0.4416349859375 0.1194724484375 0.3830931
0 0.09012960625000001 0.5307628765625 0.058875584375 0.6622093859375 0.22689064218750002 0.72797239375 0.262768284375 0.5954599890625001 0.09012960625000001 0.5307628765625
0 0.06843005468749999 0.6690761453125 0.033528346875 0.7983697921874999 0.20055091093750002 0.86156594375 0.23649029531250002 0.7321871703125 0.06843005468749999 0.6690761453125
0 0.30189152343750003 0.4413970734375 0.26435417656250004 0.590229515625 0.4401058921875 0.654671246875 0.48507416875000003 0.5021885968750001 0.30189152343750003 0.4413970734375
0 0.26409513125 0.5919181953125 0.227012634375 0.7275700484375001 0.3961572375 0.794613565625 0.43655007343749996 0.653884025 0.26409513125 0.5919181953125
0 0.2362463125 0.7329918578125 0.20030692656250002 0.8623706312499999 0.36383541406250003 0.9279131890625001 0.4043532390625 0.8001205015625 0.2362463125 0.7329918578125
0 0.48030142812500004 0.518764015625 0.440578796875 0.6539458625 0.6154298890625001 0.7171863843749999 0.6569221468750001 0.5795053453125 0.48030142812500004 0.518764015625
0 0.5714962953125 0.8562447093750001 0.616009725 0.7169426484375 0.43735883124999997 0.65371959375 0.395755115625 0.7957796218750001 0.405146934375 0.8008400640625 0.5714962953125 0.8562447093750001
0 0.404674028125 0.8015654484375 0.364034215625 0.9297604796875 0.5305070640625 0.9914323812499999 0.5725189125 0.8570435765625 0.404674028125 0.8015654484375
0 0.65716613125 0.5787006546875 0.61370694375 0.7237031953125 0.79074031875 0.7872551140625 0.8451862578125 0.639389584375 0.65716613125 0.5787006546875
0 0.61407291875 0.7224961624999999 0.571819809375 0.8567729359375 0.739434546875 0.9197580796875 0.79037434375 0.7884621484375 0.61407291875 0.7224961624999999
0 0.722020353125 1 0.7443217046874999 0.9370123046875 0.744223846875 0.9089682671875 0.7395716015625 0.9184717421874999 0.5720831171875 0.857212721875 0.5305144734375 0.9923490578124999 0.5493355265625001 1 0.722020353125 1