0 0 0.31 0.248 0.372 0.264 0.356 0.23199999999999998 0 0 0.014000000000000002 0 0.31
0 0.942 0.418 1 0.20800000000000002 0.998 0.046 0.52 0 0.386 0.002 0.236 0.026000000000000002 0.264 0.368 0.8859999999999999 0.52 0.942 0.418
0 0 0.688 0.12 0.744 0.132 0.728 0.096 0.44400000000000006 0.25 0.37 0 0.31 0 0.688
0 0.772 0.998 0.842 0.6839999999999999 0.9099999999999999 0.53 0.26 0.368 0.094 0.446 0.134 0.744 0.674 0.998 0.772 0.998
0 0.9400000000000001 0.42400000000000004 0.8859999999999999 0.522 0.9119999999999999 0.532 0.958 0.438 0.9400000000000001 0.42400000000000004
0 1 0.442 0.958 0.434 0.914 0.53 1 0.548 1 0.442
0 1 0.20800000000000002 0.998 0.21000000000000002 0.944 0.41600000000000004 0.958 0.438 1 0.44000000000000006 1 0.20800000000000002
0 1 0.548 0.914 0.53 0.8400000000000001 0.686 0.772 0.9960000000000001 1 0.9960000000000001 1 0.548
0 0.002 0.892 0.148 0.97 0.154 0.9640000000000001 0.12 0.74 0.0000579234375 0.6900241359375 0.002 0.892
0 0.6719999999999999 0.998 0.142 0.752 0.132 0.728 0.118 0.746 0.156 0.9720000000000001 0.196 0.998 0.6719999999999999 0.998
0 0 0.998 0.196 0.998 0.002 0.8880000000000001 0 0.998