0 0.127326459375 0.07588322656249999 0.0173608234375 0.047698028125 0.0029278359375 0.0455299375 0.00224055 0.226565634375 0.1287010296875 0.242826325 0.127326459375 0.07588322656249999
0 0.2372920953125 0.25258274062499997 0.240728521875 0.087807734375 0.1348865984375 0.062874671875 0.1183917515625 0.071547040625 0.1280137453125 0.07588322656249999 0.1287010296875 0.23957418593750002 0.2372920953125 0.25258274062499997
0 0.3857457046875 0.1040684265625 0.2400412375 0.0747991796875 0.2372920953125 0.242826325 0.384371134375 0.2666753375 0.3857457046875 0.1040684265625
0 0.163752578125 0.0032521390625 0.163752578125 0.0661268109375 0.1974295546875 0.07805131875 0.1981168375 0.0032521390625 0.163752578125 0.0032521390625
0 0.297085909375 0.085639640625 0.3005223359375 0 0.1981168375 0.0054202296875 0.19605498125 0.07588322656249999 0.23797938125 0.085639640625 0.2393539515625 0.079135365625 0.297085909375 0.085639640625
0 0.2998350515625 0 0.297085909375 0.08130345781250001 0.374749140625 0.0964801015625 0.3809347078125 0.0032521390625 0.2998350515625 0
0 0.3795601375 0.0032521390625 0.3761237125 0.052034210937500006 0.41186254218749996 0.0596225359375 0.41529897031249996 0.0054202296875 0.3795601375 0.0032521390625
0 0.41461168437499996 0.061790628125000004 0.37749828124999996 0.053118259375 0.37406185625 0.09322796562499999 0.3857457046875 0.10298437812500001 0.41392439843749995 0.094312009375 0.41461168437499996 0.061790628125000004
0 0.41461168437499996 0.0032521390625 0.41392439843749995 0.0910598703125 0.473030928125 0.07696727187499999 0.47096907187500003 0.0054202296875 0.41461168437499996 0.0032521390625
0 0.47096907187500003 0.0054202296875 0.47371821406250003 0.0747991796875 0.5403848796874999 0.05528635 0.5403848796874999 0.006504278125 0.47096907187500003 0.0054202296875
0 0.5403848796874999 0.006504278125 0.5403848796874999 0.0607065796875 0.59605498125 0.04010970625 0.59674226875 0.0054202296875 0.5403848796874999 0.006504278125
0 0.59674226875 0.039025659375 0.710831615625 0.0054202296875 0.59674226875 0.0054202296875 0.59674226875 0.039025659375
0 0.8214845359374999 0.0054202296875 0.7122061859375 0.0043361828125000005 0.7534432984375 0.0054202296875 0.7884948453125 0.0314373375 0.822171821875 0.0314373375 0.8214845359374999 0.0054202296875
0 0.822171821875 0.0271011515625 0.85653608125 0.0195128296875 0.8558487984375001 0 0.82079725 0.0032521390625 0.822171821875 0.0271011515625
0 0.8214845359374999 0.0271011515625 0.8592852234375 0.0498661203125 0.85722336875 0.0195128296875 0.8214845359374999 0.0271011515625
0 0.998 0.044164037499999996 0.998 0.0063091484375 0.8579106515625 0.006504278125 0.8620343640625 0.053118259375 0.8778419234375001 0.0607065796875 0.8963986265624999 0.057454442187499996 0.998 0.044164037499999996
0 0.998 0.1324921140625 0.998 0.0473186125 0.8963986265624999 0.0585384890625 0.9582542953125 0.087807734375 0.9589415796875 0.14092599374999998 0.998 0.1324921140625
0 0.41873539531250004 0.258002971875 0.416673540625 0.09539605625 0.3891821296875 0.1008162875 0.384371134375 0.26450724531250003 0.40911340156250003 0.25366678593750003 0.41873539531250004 0.258002971875
0 0.49090034375 0.0737151359375 0.416673540625 0.094312009375 0.42285910624999995 0.2623391546875 0.4888384875 0.24824655468749998 0.49090034375 0.0737151359375
0 0.56993814375 0.05095016718749999 0.4922749140625 0.0726310890625 0.491587628125 0.25041464687500004 0.5671890046875 0.23632204687499997 0.56993814375 0.05095016718749999
0 0.79261855625 0.23415395625 0.79605498125 0.0379416125 0.7018969078125 0.006504278125 0.572 0.052034210937500006 0.5678762875000001 0.22981777343749998 0.7025841921875 0.20922089531250002 0.79261855625 0.23415395625
0 0.878529209375 0.061790628125000004 0.79261855625 0.04010970625 0.7905567015625 0.23306991093749999 0.8764673546875 0.244994415625 0.878529209375 0.061790628125000004
0 0.9555051546875 0.249330603125 0.9582542953125 0.08672368750000001 0.8984604812500001 0.0585384890625 0.88127835 0.062874671875 0.8778419234375001 0.24065823281249998 0.8950240546874999 0.241742278125 0.9555051546875 0.249330603125
0 0.1287010296875 0.23957418593750002 0.0029278359375 0.227649678125 0 0.40694006250000003 0.1266391765625 0.42386202187500005 0.1287010296875 0.23957418593750002
0 0.2372920953125 0.2558348765625 0.12457732031249999 0.23957418593750002 0.127326459375 0.4119375140625 0.2372920953125 0.42494606875 0.2372920953125 0.2558348765625
0 0.380247421875 0.2688434328125 0.23591752656249998 0.242826325 0.2393539515625 0.41952583906249996 0.374749140625 0.42928225312499996 0.380247421875 0.2688434328125
0 0.41529897031249996 0.259087015625 0.40911340156250003 0.2547508328125 0.380247421875 0.2710115234375 0.3761237125 0.415189653125 0.41117525781250003 0.41085347031249997 0.41529897031249996 0.259087015625
0 0.48334020625 0.42169393125 0.48815120156249997 0.25149869375 0.41392439843749995 0.26450724531250003 0.41323711406249997 0.41735774374999995 0.416673540625 0.42386202187500005 0.48334020625 0.42169393125
0 0.5671890046875 0.2384901421875 0.48746391874999995 0.2547508328125 0.4840274921875 0.4184417921875 0.5603161515624999 0.41627369999999997 0.5671890046875 0.2384901421875
0 0.786432990625 0.42169393125 0.79261855625 0.23415395625 0.7039587625 0.21030494375000003 0.5685635734375001 0.23632204687499997 0.56237800625 0.41735774374999995 0.6929622 0.4184417921875 0.786432990625 0.42169393125
0 0.8778419234375001 0.24065823281249998 0.7905567015625 0.22981777343749998 0.7871202734375 0.41735774374999995 0.8764673546875 0.41952583906249996 0.8778419234375001 0.24065823281249998
0 0.9575670093750001 0.42928225312499996 0.9596288656249999 0.25041464687500004 0.8936494843749999 0.242826325 0.878529209375 0.23957418593750002 0.875092784375 0.41735774374999995 0.8902130578125 0.42386202187500005 0.9575670093750001 0.42928225312499996
0 0.1266391765625 0.42386202187500005 0.00017869375 0.40760133125 0.00430240625 0.602729628125 0.1287010296875 0.594057259375 0.1266391765625 0.42386202187500005
0 0.125951890625 0.4097694234375 0.1287010296875 0.5951413062500001 0.23591752656249998 0.587552984375 0.23591752656249998 0.42928225312499996 0.125951890625 0.4097694234375
0 0.2393539515625 0.42169393125 0.2393539515625 0.587552984375 0.37749828124999996 0.58104870625 0.3795601375 0.4336184390625 0.2393539515625 0.42169393125
0 0.41804810937500003 0.5788806156249999 0.4194226796875 0.42603011406249996 0.40911340156250003 0.40760133125 0.37818556875 0.41410560937499996 0.380247421875 0.4368705765625 0.3795601375 0.5723763374999999 0.41804810937500003 0.5788806156249999
0 0.521828178125 0.4184417921875 0.420109965625 0.42603011406249996 0.41804810937500003 0.5843008453125 0.51701718125 0.5951413062500001 0.521828178125 0.4184417921875
0 0.6070515453125 0.41952583906249996 0.52320275 0.41952583906249996 0.5183917515625 0.594057259375 0.6036151203125 0.6092339046874999 0.6070515453125 0.41952583906249996
0 0.8228591062499999 0.6092339046874999 0.8256082484375 0.41952583906249996 0.6998350515625 0.4184417921875 0.6070515453125 0.4184417921875 0.6056769765625 0.6081498578125 0.699147765625 0.6157381796875 0.8228591062499999 0.6092339046874999
0 0.9541305843749999 0.5994774890625 0.9575670093750001 0.43145034375 0.8256082484375 0.42277797812499995 0.8228591062499999 0.602729628125 0.844852234375 0.602729628125 0.9541305843749999 0.5994774890625
0 0.16650171875 0.5929732140625 0.0056769765625 0.60489771875 0.0008659796875000001 0.7805131859375 0.1685635734375 0.7631684515625 0.16650171875 0.5929732140625
0 0.27371821406249996 0.589721075 0.16650171875 0.5908051203125 0.1685635734375 0.7642524953125001 0.275092784375 0.7501598953124999 0.27371821406249996 0.589721075
0 0.3726872859375 0.5853848890625 0.2744054984375 0.588637028125 0.27303092812499996 0.7479918046875 0.372 0.736067296875 0.3726872859375 0.5853848890625
0 0.422171821875 0.73715134375 0.420109965625 0.5832167984375001 0.3788728515625 0.573460384375 0.37406185625 0.5832167984375001 0.37406185625 0.730647065625 0.4070515453125 0.736067296875 0.422171821875 0.73715134375
0 0.5190790375 0.5994774890625 0.41804810937500003 0.587552984375 0.42354639218749995 0.7458237125 0.5183917515625 0.7653365421875 0.5190790375 0.5994774890625
0 0.604989690625 0.6070658140625 0.52114089375 0.597309396875 0.51701718125 0.7664205875000001 0.6056769765625 0.79135365 0.604989690625 0.6070658140625
0 0.8228591062499999 0.7870174640625 0.82698281875 0.6070658140625 0.7018969078125 0.6135700890625 0.6070515453125 0.61031795 0.60430240625 0.7956898328124999 0.7101443296875 0.824959075 0.8228591062499999 0.7870174640625
0 0.9534432984375 0.7696727250000001 0.9548178703125 0.6005615359375 0.844852234375 0.6005615359375 0.822171821875 0.6038136749999999 0.822171821875 0.785933415625 0.8441649484375 0.79243769375 0.9534432984375 0.7696727250000001
0 0.16650171875 0.9290275015624999 0.1644398625 0.7631684515625 0.0008659796875000001 0.7794291421875 0.00224055 0.963716978125 0.16650171875 0.9290275015624999
0 0.27578006875 0.7534120343749999 0.16581443125 0.767504634375 0.1671890046875 0.926859409375 0.270969071875 0.91710299375 0.27578006875 0.7534120343749999
0 0.3733745703125 0.734983253125 0.2764673546875 0.75124394375 0.27234364218749996 0.909514671875 0.3713127140625 0.8954220718749999 0.3733745703125 0.734983253125
0 0.42079725 0.8943380281250001 0.422171821875 0.734983253125 0.4063642625 0.738235390625 0.3733745703125 0.7338992046875 0.3726872859375 0.8943380281250001 0.4029278359375 0.8943380281250001 0.42079725 0.8943380281250001
0 0.4895257734375 0.7599163124999999 0.42285910624999995 0.7490758515625 0.422171821875 0.8975901640625 0.4902130578125 0.9279434578125001 0.4895257734375 0.7599163124999999
0 0.5706254296875 0.78268128125 0.4895257734375 0.7599163124999999 0.49090034375 0.9279434578125001 0.56650171875 0.964801021875 0.5706254296875 0.78268128125
0 0.682 0.9968454265625001 0.6819656359375 0.8336314453125 0.707395190625 0.8260431234375 0.5733745703124999 0.785933415625 0.56993814375 0.970221253125 0.596 0.9968454265625001 0.682 0.9968454265625001
0 0.82079725 0.8488080921875 0.908769759375 0.8065302937500001 0.818048109375 0.7870174640625 0.6840274921875 0.83796763125 0.6799999999999999 0.9968454265625001 0.818 0.9968454265625001 0.82079725 0.8488080921875
0 0.998 0.8233438484375 0.9128934703124999 0.807614340625 0.822171821875 0.8509761828125001 0.818 0.9968454265625001 0.998 0.9968454265625001 0.998 0.8233438484375
0 0.9548178703125 0.767504634375 0.8482886593750001 0.7902696031249999 0.9287010296875 0.807614340625 0.991931271875 0.7783450953125 0.9548178703125 0.767504634375
0 0.9946804124999999 0.77509295625 0.931450171875 0.807614340625 0.998 0.8264984234374999 0.998 0.7760252359375001 0.9946804124999999 0.77509295625
0 0.11358075625 0.940952009375 0.00224055 0.9615488859375001 0 0.9936908515624999 0.1149553265625 0.9962383593749999 0.11358075625 0.940952009375
0 0.2283573875 0.9225232265625 0.1115189 0.9420360562500001 0.1156426125 0.99407026875 0.2290446734375 0.995154315625 0.2283573875 0.9225232265625
0 0.372 0.8986742109374999 0.22698281874999998 0.9225232265625 0.2290446734375 0.9929862203125 0.37 0.9968454265625001 0.372 0.8986742109374999
0 0.42698281875 0.9084306281250001 0.4214845359375 0.89325398125 0.369250859375 0.8975901640625 0.368 0.9968454265625001 0.42800000000000005 0.9968454265625001 0.42698281875 0.9084306281250001
0 0.4888384875 0.9257753624999999 0.4249209625 0.900842303125 0.4283573875 0.99407026875 0.4895257734375 0.9962383593749999 0.4888384875 0.9257753624999999
0 0.5671890046875 0.9680531609375 0.49090034375 0.9301115484375 0.49000000000000005 0.9968454265625001 0.564 0.9968454265625001 0.5671890046875 0.9680531609375
0 0.563752578125 0.9962383593749999 0.5946804125 0.99407026875 0.5692508593750001 0.9680531609375 0.563752578125 0.9962383593749999