0 0.70547531875 0 0.679219690625 0.008867901562499999 0.7016693265625 0.06736505468750001 0.762043996875 0.0496581203125 0.7448222046875 0 0.70547531875 0
0 0.789060090625 0.129303434375 0.762043996875 0.0496581203125 0.700567121875 0.07042208125 0.726481009375 0.1531244234375 0.789060090625 0.129303434375
0 0.8185729937499999 0.1971932265625 0.7928841203125 0.1283582796875 0.72729081875 0.155708871875 0.7505502640625 0.2167904734375 0.8185729937499999 0.1971932265625
0 0.64758034375 0 0.6423739937499999 0.0096209578125 0.7142219812499999 0.22576944999999998 0.7532720890625 0.2189023421875 0.726481009375 0.1531244234375 0.6811317046875 0.008395324999999999 0.6748184187499999 0 0.64758034375 0
0 0.644286009375 0.009148378125 0.6098697390625001 0.0176547796875 0.615538403125 0.0357459171875 0.67148260625 0.19456397187500002 0.686351565625 0.23544256406250003 0.7150317890625 0.22835389843749998 0.644286009375 0.009148378125
0 0.8331495562500001 0.24371329375 0.8147489640625001 0.19813838125 0.7532720890625 0.2189023421875 0.7150317890625 0.22835389843749998 0.690175596875 0.234497409375 0.7066641734375 0.2805449 0.8331495562500001 0.24371329375
0 0.8517751625000001 0.3031556015625 0.8331495562500001 0.24371329375 0.7028401421875 0.28149005312500003 0.7249973828125 0.34562868125 0.8517751625000001 0.3031556015625
0 0.8715029765625 0.359540884375 0.8525849734375001 0.30574005 0.72308536875 0.3461012609375 0.7403837531249999 0.39473319687499997 0.8715029765625 0.359540884375
0 0.8893187734374999 0.41639874375 0.8684887546875 0.36307048750000004 0.74501759375 0.396372490625 0.759009359375 0.45417550625 0.8893187734374999 0.41639874375
0 0.7825612046875 0.5096156328125 0.9133880281250001 0.4800647921875 0.8901285828125 0.41898319375000004 0.7620235828124999 0.45064590156250006 0.7790295703125001 0.5049193140625 0.7825612046875 0.5096156328125
0 0.9314962234375 0.5312811796875 0.91530004375 0.479592215625 0.7833710125 0.5122000812499999 0.8011868109375 0.5690579421875 0.9314962234375 0.5312811796875
0 0.9539458609375 0.5897783328124999 0.9350278578125 0.5359774984375 0.9314962234375 0.5312811796875 0.8030988265625 0.5685853625 0.8201048140625 0.6228587765625 0.9539458609375 0.5897783328124999
0 1 0.6083686687500001 0.9593895078125 0.594002075 0.853936290625 0.6256353234375001 0.8318019187499999 0.63389070625 0.8563212046875 0.7252915484375 0.9120175234375001 0.7978481984375 1 0.78325124375 1 0.6083686687500001
0 0.9593895078125 0.594002075 0.9520338468749999 0.5902509109375 0.8228266375000001 0.6249706453125 0.8268756843749999 0.6378928875 0.9593895078125 0.594002075
0 1 0.7860403421875 0.9101055078125 0.7983207765625 0.8625746624999999 0.7320997375 0.86986294375 0.7553597703125 0.914671965625 0.819468940625 0.9473567218750001 0.9172053921875 1 0.9041939671874999 1 0.7860403421875
0 0.4959403171875 0 0.4376307609375 0.026810509375000003 0.4743645640625 0.13746920468749999 0.630114965625 0.082265984375 0.5973744296875 0 0.4959403171875 0
0 0.6687607828125001 0.1924521 0.624378921875 0.08368371718749999 0.5156190828125 0.124488046875 0.4740721671875 0.143110678125 0.5119081765625 0.2507123484375 0.6687607828125001 0.1924521
0 0.5091863531249999 0.2486004765625 0.4357187484375 0.027283087499999997 0.4532192796875 0.0173884140625 0.4218846125 0.0028563390625000002 0.26046554843749997 0.039968421875 0.34850971406250003 0.3078058796875 0.5091863531249999 0.2486004765625
0 0.2831402 0.1123329703125 0.26046554843749997 0.039968421875 0.22958091249999998 0.0531711390625 0.1156024421875 0.10361912343749999 0.1401891109375 0.1755110953125 0.2831402 0.1123329703125
0 0.15609289375 0.23284153437500002 0.3036778234375 0.171302703125 0.2831402 0.1123329703125 0.14099891874999998 0.17809554375 0.15447327500000002 0.2276726359375 0.15609289375 0.23284153437500002
0 0.164866028125 0.3002882046875 0.32282084218749996 0.23897093281249998 0.3239230484375 0.23591390625000003 0.3036778234375 0.171302703125 0.1793294703125 0.22152912656249998 0.155800496875 0.23848300781249998 0.1508742609375 0.2424851890625 0.164866028125 0.3002882046875
0 0.35255875937500003 0.3207281203125 0.32473285625 0.23849835625 0.167587853125 0.3024000765625 0.1902625046875 0.37476462499999996 0.35255875937500003 0.3207281203125
0 0.1902625046875 0.37476462499999996 0.21345456875000002 0.4553550984375 0.37986725 0.3947319609375 0.35255875937500003 0.3207281203125 0.1902625046875 0.37476462499999996
0 0.399235284375 0.4762675890625 0.40335171093750005 0.46968095937500004 0.37685303124999997 0.39826156562500004 0.209630540625 0.45630025312500005 0.22737895468749997 0.532666984375 0.399235284375 0.4762675890625
0 0.42161754062499995 0.5542736125000001 0.424924159375 0.545102534375 0.4011473 0.4757950109375 0.22355492500000002 0.5336121390625 0.250863415625 0.60761598125 0.42161754062499995 0.5542736125000001
0 0.41120314531249996 0.6459549328125 0.452457665625 0.632973775 0.42654377656250003 0.55027143125 0.25549725625 0.609255275 0.2792741140625 0.678562796875 0.41120314531249996 0.6459549328125
0 0.47918136093749997 0.7182605640624999 0.452457665625 0.632973775 0.41120314531249996 0.6459549328125 0.4354974140625 0.723488378125 0.47918136093749997 0.7182605640624999
0 0.41120314531249996 0.6459549328125 0.2792741140625 0.678562796875 0.166690246875 0.72031228125 0.2130743765625 0.8814932265625 0.3515492609375 0.850052075 0.3467577890625 0.815036515625 0.361536496875 0.8030299718749999 0.4354974140625 0.723488378125 0.41120314531249996 0.6459549328125
0 0.30399677187499996 0.9481279234375 0.3099578328125 0.9605775875000001 0.3757761484375 0.9470943921874999 0.39210709375 0.9597656156250001 0.3515492609375 0.850052075 0.21689840624999998 0.8805480703124999 0.2403828671875 0.95549706875 0.30399677187499996 0.9481279234375
0 0.3059087875 0.947655346875 0.17456454999999999 0.9689802625 0.1839113265625 0.998809840625 0.3214360765625 0.9972095953125001 0.3099578328125 0.9605775875000001 0.3059087875 0.947655346875
0 0.436307225 0.7260728265624999 0.35962448125 0.8035025484375 0.3467577890625 0.815036515625 0.352651465625 0.84699505 0.38481881093750003 0.9365055812499999 0.5355755953125 0.9048134125 0.5553479203125 0.869295815625 0.521853353125 0.7689749140625 0.5665492546875 0.7078049359375 0.5594859890625 0.6984122984375001 0.47918136093749997 0.7182605640624999 0.436307225 0.7260728265624999
0 0.7352349593749999 0.858249775 0.738878484375 0.7515343437500001 0.7094329640625 0.66413568125 0.586254196875 0.691796209375 0.5673590640625 0.710389384375 0.521853353125 0.7689749140625 0.5626362015625 0.8925558499999999 0.7352349593749999 0.858249775
0 0.7199388390625 0.8620303968749999 0.5626362015625 0.8925558499999999 0.5553479203125 0.869295815625 0.5405018312500001 0.9008112296874999 0.5680407171875 0.994340090625 0.6345868625 0.99356575625 0.7553454187499999 0.9618787203125001 0.7199388390625 0.8620303968749999
0 0.72104104375 0.8589733703125001 0.75806724375 0.963990590625 0.9465469140625 0.9146209453124999 0.9154817734374999 0.8220533874999999 0.85926804375 0.741270815625 0.8513949703125 0.7292937312500001 0.7380686765625 0.7489498953125 0.7360447671875 0.860834221875 0.72104104375 0.8589733703125001
0 0.7075209484375 0.664608259375 0.737258865625 0.746365446875 0.8571310140625 0.727875996875 0.7790295703125001 0.5049193140625 0.768142275 0.49647183281249996 0.6034165921875 0.5427549921875 0.6501604999999999 0.6787855921875 0.7075209484375 0.664608259375
0 0.5594859890625 0.6984122984375001 0.5673590640625 0.710389384375 0.586254196875 0.691796209375 0.6474386765625 0.6766737218750001 0.6015045781249999 0.5432275718749999 0.440602925 0.588565575 0.47918136093749997 0.7182605640624999 0.5594859890625 0.6984122984375001
0 0.7738783203125 0.49505410000000005 0.67420443125 0.1966758421875 0.6687607828125001 0.1924521 0.5031579109375001 0.2556596828125 0.6015045781249999 0.5432275718749999 0.7738783203125 0.49505410000000005
0 0.6023143875 0.54581201875 0.5004360875 0.2535478140625 0.347407509375 0.3108629046875 0.44442695624999995 0.5876204203125 0.6023143875 0.54581201875
0 0.38481881093750003 0.9365055812499999 0.40354040625 0.996254225 0.5674477828125 0.994346990625 0.5374876109375 0.904340834375 0.38481881093750003 0.9365055812499999