0 1 0.078293409375 0.9874326999999999 0.071591375 0.9372417078125 0.045825709375 0.88905835625 0.0281360375 0.8569361203125 0.0296864203125 0.83284444375 0.03685378125 0.8448902828125 0.05328534687499999 0.846897921875 0.0960544359375 0.8388673640625001 0.191848040625 0.8729972390625 0.187698853125 0.9031118328125001 0.20209077187500002 0.9533028265624999 0.222519040625 0.9994785374999999 0.2401388171875 1 0.24015697187499999 1 0.078293409375
0 1 0 0.8395480546874999 0 0.8408750046875 0.031795962500000004 0.8569361203125 0.0296864203125 0.8910659953125 0.0282059328125 0.93523406875 0.045755815625 0.9954632578125 0.06119615625 1 0.060999360937500004 1 0
0 1 0.3602484515625 0.9974708984375 0.360160403125 0.99345561875 0.39471370625 0.9794021421875 0.5089785250000001 0.9994785374999999 0.5230209703125 1 0.5231596749999999 1 0.3602484515625
0 1 0.5221411546875 0.9794021421875 0.5089785250000001 0.9753868625000001 0.551537928125 0.9733792234375 0.5941672265625 0.9633410234375 0.665872640625 0.9914479796875 0.6721885671875001 1 0.6731550046875 1 0.5221411546875
0 1 0.6731967984375 0.9914479796875 0.6721885671875001 0.9633410234375 0.665872640625 0.95932574375 0.7137694421874999 0.94727990625 0.82810415625 0.9653486640625 0.8260645078125 1 0.824711928125 1 0.6731967984375
0 1 0.827270875 0.9693639421875 0.8262042984375 0.949287546875 0.82817405 0.9472799078125 0.8574598515625 0.9352340671875 0.8597091828125001 0.9269774546875 0.95600425625 1 0.95217730625 1 0.827270875
0 1 0.24273022656249998 0.87701251875 0.1931760421875 0.8388673640625001 0.194516740625 0.8268215265625001 0.2074408703125 0.8248138859375 0.24206407031250002 0.82079860625 0.2952982703125 0.8147756875000001 0.3511312765625 0.8609514 0.3554075578125 0.99345561875 0.39471370625 1 0.32534743593750004 1 0.24273022656249998
0 0.862959040625 0.3581461515625 0.8167833265625 0.353869871875 0.8167833281249999 0.3858942671875 0.8107604078125 0.5217882609375 0.8368597234375 0.525365590625 0.8629590390624999 0.5316116234375 0.9151576703125001 0.5387662859375 0.9492875453125 0.545291896875 0.9773945015625 0.5489391234375 0.9914479796875 0.39731251093750003 0.862959040625 0.3581461515625
0 0.891065996875 0.5352588500000001 0.8509132015624999 0.5311922546875001 0.8167833281249999 0.52466664375 0.8127680484375001 0.524526853125 0.8107604078125 0.5324630578125 0.8067451296874999 0.53766066875 0.806745128125 0.5803598609375 0.8027298500000001 0.617581865625 0.8007222109375001 0.6628798625 0.798714571875 0.6894969640624999 0.8207986078125 0.7036093046875 0.84288264375 0.701709446875 0.8629590390624999 0.7024083953125 0.8870507156249999 0.70591583125 0.9171653125000001 0.6989581546875 0.9312187890624999 0.70478481875 0.961333384375 0.7058332390625 0.9733792234375 0.5941672265625 0.973379221875 0.551468034375 0.9372417078125 0.544872528125 0.891065996875 0.5352588500000001
0 0.9332264296874999 0.7048547125 0.91315003125 0.7014870656250001 0.8790201578125 0.705636253125 0.840875003125 0.7043082515625 0.8187909671875 0.7035394109374999 0.7987145703125 0.6921656640625 0.79269165 0.7106368765625 0.7886763718750001 0.7745458765625 0.782653453125 0.865071978125 0.8027298500000001 0.8737770234375001 0.9031118328125001 0.8612595656250001 0.9452722671875 0.8547212578125001 0.955310465625 0.74031665 0.961333384375 0.7058332390625 0.9332264296874999 0.7048547125
0 0.9031118328125001 0.8639282640625 0.800722209375 0.8737071296875 0.782653453125 0.865071978125 0.7726152546875 0.8780659999999999 0.7657554375 0.9644535453125 0.9259499468750001 0.9560581062500001 0.9352340671875 0.8597091828125001 0.9031118328125001 0.8639282640625
0 0.6415642874999999 0 0.6340881171875 0.0032472031249999997 0.551774890625 0.045749409375 0.54374433125 0.1148560171875 0.557797809375 0.11801398125 0.5879124046875 0.1243998015625 0.618027 0.138791721875 0.6481415937499999 0.1478462421875 0.67022563125 0.153952484375 0.7685999765625 0.184064325 0.8308368046875 0.19957456093749998 0.8388673640625001 0.191848040625 0.846897921875 0.0933857359375 0.8448902828125 0.05328534687499999 0.8308368046875 0.0367838859375 0.782653453125 0.0084194171875 0.758687525 0 0.6415642874999999 0
0 0.782653453125 0 0.782653453125 0.0084194171875 0.8308368046875 0.0367838859375 0.8408750046875 0.031795962500000004 0.8380695515625 0 0.782653453125 0
0 0.4754845828125 0.029749909375 0.4534005453125 0.0263123671875 0.443362346875 0.0152880953125 0.4293088703125 0.01746753125 0.419270671875 0.011780659374999999 0.3871484375 0.0053249421875 0.3188886875 0.053653812499999995 0.31487340937499997 0.14958720625 0.3369574453125 0.155693446875 0.3751026 0.14367795156250002 0.4554081859375 0.0984371515625 0.48753042031250005 0.09955546562499999 0.5417366921875 0.1174548234375 0.5497672515625001 0.0483482140625 0.5076068171875 0.0335369265625 0.4754845828125 0.029749909375
0 0.6722332718749999 0.159359778125 0.67022563125 0.1859768796875 0.67022563125 0.23935086874999997 0.6642027125000001 0.279171678125 0.662195071875 0.340481875 0.7143937031250001 0.34763653906249997 0.7766305328125 0.355140675 0.8147756875000001 0.356468675 0.8207986078125 0.29796697031249997 0.8248138859375 0.2447327671875 0.8268215265625001 0.1994347703125 0.7685999765625 0.184064325 0.6722332718749999 0.159359778125
0 0.591927684375 0.13788309062499998 0.591927684375 0.12720829218750002 0.5477596109375 0.12033320781250001 0.5156373765625 0.11387749062500001 0.4614311046875 0.1039842328125 0.4012019140625 0.1365804859375 0.38112551875 0.1465563359375 0.3429803640625 0.16924663125 0.340972725 0.235894225 0.338965084375 0.30521051875 0.37309495937500003 0.3090674296875 0.43533178906250003 0.3058967703125 0.4614311046875 0.3121427984375 0.4815075015625 0.31551044687499996 0.4975686203125 0.31873830625 0.511622096875 0.3165588703125 0.525675575 0.32238553125 0.563820728125 0.32905093124999996 0.5859047656249999 0.3324884734375 0.6099964421874999 0.33599591093750003 0.6340881171875 0.34217204687499997 0.65817979375 0.34034208593750004 0.6642027125000001 0.28184037968750003 0.6662103515625 0.23921108124999999 0.668217990625 0.185906984375 0.6722332718749999 0.156691078125 0.6160193609375 0.1413905265625 0.591927684375 0.13788309062499998
0 0.2907817328125 0.07402488125 0.292789371875 0.140812265625 0.3048352109375 0.1465690328125 0.31487340937499997 0.1469185078125 0.3168810484375 0.06159001562500001 0.30684285 0.06124054062499999 0.2907817328125 0.07402488125
0 0.3188886890625 0.15239569687500001 0.3008199296875 0.1464292421875 0.25464421875 0.142152965625 0.2104761453125 0.13260918125 0.170323353125 0.1312112859375 0.160285153125 0.138867909375 0.1361934765625 0.14870396875 0.12214 0.14821470625 0.11812472031250001 0.27884119531249996 0.15225459531250002 0.28803550625 0.2124837859375 0.2928010484375 0.28475881406250003 0.300654659375 0.3369574453125 0.3024719234375 0.3429803640625 0.1585718328125 0.3188886890625 0.15239569687500001
0 0.26669005625 0.054505246875 0.252636578125 0.054015984375000006 0.23456782187499997 0.0453808328125 0.200437946875 0.041523920312500004 0.18638446875 0.0356972578125 0.1663080734375 0.0349983109375 0.15225459531250002 0.029171646875000002 0.12816291875000002 0.028332909375 0.11410944218750001 0.04652454375 0.11410944062499999 0.067874140625 0.12414764062500001 0.0762297140625 0.1341858375 0.0845852859375 0.142216396875 0.076858765625 0.156269875 0.0693419296875 0.1643004328125 0.0669528109375 0.17233099062499999 0.0699010890625 0.1763462703125 0.078046978125 0.1843768296875 0.07832655625 0.188392109375 0.070460246875 0.20043794843749999 0.0735483171875 0.2124837859375 0.0579554875 0.2185067046875 0.06350257031249999 0.21248378437499998 0.07930508281250001 0.21449142499999999 0.0873810765625 0.2185067046875 0.0981956640625 0.22252198281250002 0.10901025312499998 0.22252198281250002 0.11968505 0.21449142499999999 0.122074171875 0.20244558750000002 0.1269922015625 0.20244558750000002 0.132329603125 0.21248378437499998 0.135347775 0.2747206140625 0.1428519125 0.2767282546875 0.054854721875 0.26669005625 0.054505246875
0 0.2747206140625 0.1428519125 0.2907817328125 0.1434110703125 0.2907817328125 0.07669358125 0.2767282546875 0.0842104171875 0.2747206140625 0.1428519125
0 0.710378425 0.35016545 0.65817979375 0.343010784375 0.644126315625 0.3451902203125 0.6401110375 0.3744061265625 0.6300728390625 0.523503828125 0.6381033953124999 0.5237834078125 0.6802638296875 0.530588596875 0.7344701 0.53247575625 0.810760409375 0.5297943593750001 0.8167833281249999 0.3592072703125 0.776630534375 0.357809375 0.710378425 0.35016545
0 0.730454821875 0.532335965625 0.6802638296875 0.530588596875 0.6541645125 0.5270112640625 0.6300728375 0.528841228125 0.609996440625 0.5281422796874999 0.6019658828125001 0.701328171875 0.6300728375 0.718318896875 0.68227146875 0.7121300625 0.7244319015625 0.7109291546875001 0.770607615625 0.7045306359375 0.794699290625 0.705369371875 0.8007222109375001 0.6922355578125 0.8007222109375001 0.6655485640625 0.806745128125 0.5830285609375 0.8067451296874999 0.53232326875 0.730454821875 0.532335965625
0 0.768599975 0.7071294390625 0.7224242624999999 0.710859259375 0.6802638296875 0.712060165625 0.626057559375 0.71817910625 0.6019658828125001 0.701328171875 0.593935325 0.882520165625 0.6079888015625 0.9043590234375 0.6260575578124999 0.899650678125 0.644126315625 0.8976110296875 0.6621950734375 0.898240084375 0.6862867484375 0.8937414234375 0.708370784375 0.8891728656250001 0.730454821875 0.881935609375 0.7525388578125 0.8746983531250001 0.7726152546875 0.8753973015625001 0.782653453125 0.865071978125 0.7866687328124999 0.77447598125 0.7926916515625 0.7052994781249999 0.768599975 0.7071294390625
0 0.748523578125 0.8745585625000001 0.7284471828125 0.8818657140624999 0.7063631453125 0.8917716703125 0.6601874328124999 0.8981701890625 0.6421186765625 0.9002098374999999 0.62404991875 0.9022494812499999 0.6079888015625 0.9043590234375 0.593935325 0.882520165625 0.59001135625 0.9736639015625 0.7654612281250001 0.9644689640624999 0.770607615625 0.87799610625 0.748523578125 0.8745585625000001
0 0.43533178906250003 0.3139028671875 0.3891560765625 0.3122952875 0.413247753125 0.3238088234375 0.4092324734375 0.510478003125 0.4212783125 0.5189034703125001 0.459423465625 0.5202314703125 0.48552278125 0.521140103125 0.511622096875 0.5247174359375 0.5377214140625 0.5309634671875 0.55579016875 0.5289238203125 0.5758665656249999 0.52962276875 0.6019658812500001 0.5305314 0.6300728375 0.526172528125 0.6401110359375 0.34505043125 0.5618130890625 0.3316497375 0.43533178906250003 0.3139028671875
0 0.5537825296875 0.531522625 0.5256755734375 0.5305440984375001 0.493553340625 0.5240883828125 0.4574158265625 0.522830275 0.4212783125 0.5189034703125001 0.4092324734375 0.5238215015625001 0.3971866359375 0.5287395312500001 0.39317135625 0.7207461109375 0.41525539218749996 0.721514953125 0.4473776265625 0.71996456875 0.4674540234375 0.71799481875 0.5076068171875 0.716724015625 0.54976725 0.71285440625 0.5758665656249999 0.7137630374999999 0.6019658828125001 0.7146716703125 0.609996440625 0.5308109796875 0.5537825296875 0.531522625
0 0.563820728125 0.71601236875 0.5357137734374999 0.7150338406250001 0.4794998625 0.7184141875 0.43131650937500005 0.7220741109375 0.39317135625 0.7207461109375 0.3891560765625 0.72594371875 0.3871484375 0.8112722124999999 0.3831331578125 0.9178804046875 0.43733942968750006 0.9144301640625001 0.49957625937500005 0.9059221031250001 0.5678360078125 0.8922863281250001 0.5939353234375 0.8905262625000001 0.5999582421875 0.7172704734375001 0.563820728125 0.71601236875
0 0.5618130890625 0.8947453453125 0.5196526546875 0.901283653125 0.46343874375 0.9126700968750001 0.39317135625 0.9182298781249999 0.37108732031249997 0.928135834375 0.36506439999999996 0.96795664375 0.3891560765625 0.9661266812499999 0.5686269921875 0.9747846093750001 0.588007015625 0.9737689453125 0.5919276828125 0.8931250671875001 0.5618130890625 0.8947453453125
0 0.3891560765625 0.3122952875 0.3510109234375 0.3082985859375 0.30081993125 0.30121381875000003 0.2185067046875 0.2930107328125 0.156269875 0.290843996875 0.146231675 0.2958319203125 0.14020875625 0.46108160781249996 0.14823931562499998 0.5147351796875 0.2044532265625 0.5220296328125 0.27873589375 0.5219470390625001 0.3088504890625 0.5229954609374999 0.3389650859375 0.5240438828125 0.37108731875 0.5278308984375 0.4032095546875 0.526280515625 0.4092324734375 0.5211528015625 0.413247753125 0.3238088234375 0.3891560765625 0.3122952875
0 0.11009416093749999 0.42267139218749994 0.11812472031250001 0.4549753671875 0.1402087578125 0.4584129109375 0.14823931562499998 0.2878957171875 0.11611708125 0.2814400015625 0.11009416093749999 0.42267139218749994
0 0.3630567609375 0.5275513203125 0.3309345265625 0.5237643046875 0.2767282546875 0.52187714375 0.2044532265625 0.5220296328125 0.14823931562499998 0.5147351796875 0.1382011171875 0.4610117140625 0.11812472031250001 0.4549753671875 0.10808652187500001 0.4599632921875 0.1040712421875 0.6092706796875 0.1060788828125 0.63869626875 0.1402087578125 0.7359576640625 0.18638446875 0.73489654375 0.2124837859375 0.730467778125 0.24259837968750003 0.7368535984375 0.280743534375 0.7355129 0.2968046515625 0.7387407578125 0.32290396875 0.734311990625 0.338965084375 0.7322024484375 0.3449880046875 0.7350808328125 0.3690796796875 0.7359195703125 0.38915607812499997 0.7366185187500001 0.39317135625 0.7207461109375 0.3971866359375 0.5287395312500001 0.3630567609375 0.5275513203125
0 0.090017765625 0.2885374671875 0.0940330453125 0.2913459546875 0.10808652187500001 0.2891665203125 0.11812472031250001 0.28150989531250004 0.12214 0.1642269046875 0.0980483234375 0.174062965625 0.090017765625 0.2885374671875
0 0.08198720625 0.2829204875 0.090017765625 0.2858687671875 0.0940330453125 0.195272771875 0.08198720625 0.2055282015625 0.08198720625 0.2829204875
0 0.0920254046875 0.13382278593750002 0.06994136875 0.157072240625 0.077971928125 0.2053884125 0.09202540625 0.1978715765625 0.0980483234375 0.174062965625 0.12013236093749999 0.15881961093750002 0.11410944062499999 0.14793512656250002 0.1000559625 0.14210846562499999 0.0920254046875 0.13382278593750002
0 0.10407124375000001 0.571908884375 0.10808652187500001 0.4626319921875 0.11812472031250001 0.4549753671875 0.10407124375000001 0.42246170781250003 0.09403304375 0.5502098140625 0.10407124375000001 0.571908884375
0 0.3188886875 0.7341721999999999 0.2968046515625 0.7387407578125 0.27873589375 0.7381117046875 0.2446060203125 0.73692349375 0.21449142499999999 0.7358750703125 0.1843768296875 0.73482665 0.142216396875 0.7360275578125 0.10005596406249999 0.633149184375 0.09403304375 0.6836447921875 0.09604068437499999 0.7370886796875 0.098048325 0.782526465625 0.1402087578125 0.9494536281249999 0.1602851546875 0.9501525765625001 0.23456782187499997 0.9474012859375 0.2947970125 0.9414920296875 0.38112551875 0.923147909375 0.38514079687499997 0.8031962187499999 0.3891560765625 0.73928721875 0.342980365625 0.7350109390624999 0.3188886875 0.7341721999999999
0 0.1562698734375 0.9500127875000001 0.14020875625 0.9467849312500001 0.10005596406249999 0.790602459375 0.09202540625 0.7876541796875001 0.083994846875 0.8834477859375 0.098048325 0.9559919375 0.11611708125 0.9592896906249999 0.361049121875 0.967816853125 0.3630567609375 0.9305249546875001 0.2968046515625 0.941561925 0.23055254218750001 0.9472614953124999 0.1562698734375 0.9500127875000001
0 0.090017765625 0.29654356718749997 0.090017765625 0.39261675 0.1080865234375 0.41726409999999997 0.11410944218750001 0.2893762046875 0.10407124375000001 0.29436412968750003 0.090017765625 0.29654356718749997
0 0.0799795671875 0.51502745625 0.088010125 0.5446627312500001 0.10005596406249999 0.48370200937499996 0.1040712421875 0.4304678078125 0.0920254046875 0.4033614421875 0.0799795671875 0.40827947499999995 0.0799795671875 0.51502745625
0 0.0719490078125 0.522753975 0.06793372812500001 0.6400369687499999 0.073956646875 0.6642649484375001 0.08198720625 0.6858941234375 0.0940330453125 0.68097609375 0.10005596406249999 0.635817884375 0.0940330453125 0.5902403078125 0.090017765625 0.5554074234375 0.0799795671875 0.5176961546875 0.0719490078125 0.522753975
0 0.07395664843750001 0.8057060249999999 0.0779719265625 0.8191893125 0.0860024859375 0.7660948999999999 0.10005596406249999 0.7639154640625 0.0940330453125 0.6943195906249999 0.079979565625 0.6964990281250001 0.07395664843750001 0.8057060249999999
0 0.08198720625 0.6858941234375 0.06793372812500001 0.6400369687499999 0.06268916249999999 0.716540403125 0.06740553125 0.7704487515625 0.0719490078125 0.8056361296875 0.08198720625 0.6858941234375
0 0.0599031703125 0.4502797171875 0.0599031703125 0.4796354140625 0.0719490078125 0.48005478281249997 0.0779719265625 0.402872178125 0.061910809375 0.4103191203125 0.0599031703125 0.4502797171875
0 0.061910809375 0.5811158921875 0.0659260890625 0.6159487765625 0.0719490078125 0.522753975 0.0799795671875 0.51502745625 0.0759642875 0.477525871875 0.0659260890625 0.487851196875 0.061910809375 0.5811158921875
0 0.073956646875 0.33868360000000003 0.0759642875 0.38145268906249996 0.079979565625 0.400273375 0.090017765625 0.39528545 0.0860024859375 0.2964037765625 0.0719490078125 0.3119267109375 0.073956646875 0.33868360000000003