0 0.10818857343749999 0 0.0650001078125 0.142699571875 0.9761853015625 0.3192154390625 0.9920310859375 0.071945396875 0.6114951875 0 0.10818857343749999 0
0 0 0.4028510625 0.3194069171875 0.4629141546875 0.3970531765625 0.20591760468750003 0.0639364765625 0.1410863421875 0 0.3477540578125 0 0.4028510625
0 0.809797709375 0.30898211875000003 0.784853634375 0.2813688921875 0.4069370015625 0.21004995937499998 0.33818135625 0.46236239843750004 0.69826503125 0.5311898515625 0.809797709375 0.30898211875000003
0 0.8182434484375 0.3117494703125 0.708959290625 0.538716028125 0.939169403125 0.58277074375 0.9645541296875001 0.5007173703125 0.9759495687499999 0.322894009375 0.784853634375 0.2813688921875 0.8182434484375 0.3117494703125
0 0.8779386625000001 0.7806924546875 0.9388273312500001 0.58387645 0.70882824375 0.54515308125 0.642483184375 0.6934582421875 0.657646896875 0.740658509375 0.8779386625000001 0.7806924546875
0 0.33198413437499996 0.46435386406249995 0.281299396875 0.6642675234375 0.6263745546874999 0.7214738046875 0.70464503125 0.5346210296875 0.33198413437499996 0.46435386406249995
0 0 0.608321209375 0.2580279203125 0.6553016390625 0.3265973484375 0.46973915312500003 0 0.407571459375 0 0.608321209375
0 0 0.8010408359375001 0.05199883125 0.8101243828125 0.05945135781250001 0.8040752734375 0.2169407625 0.830205615625 0.2580279203125 0.6553016390625 0 0.610120328125 0 0.8010408359375001
0 0.6395001125 0.73918144375 0.631813075 0.7279482125000001 0.2883070484375 0.665669878125 0.2491028515625 0.8344873890625 0.5728412265625 0.8885010156250001 0.6395001125 0.73918144375
0 0.8300487000000001 0.9354915609375001 0.876570378125 0.7851152875 0.6465077640625 0.7405837984375 0.5774693109375 0.8915816031249999 0.8147362875 0.9304452046874999 0.8300487000000001 0.9354915609375001
0 0.056757965625 0.8067679171875 0.0087459046875 0.889800190625 0.435036721875 0.9611047296875 0.44100286562499996 0.869658325 0.056757965625 0.8067679171875
0 0.5750897453125 0.8932598374999999 0.44244095312500004 0.8710233265625 0.4388543734375 0.960791496875 0.4982336046875 0.970530240625 0.8183153703125001 0.953755465625 0.807911415625 0.93446549375 0.5750897453125 0.8932598374999999
0 0.0046144234375 0.8911278359375 0.0030779859375 0.9015063203125001 0.382744040625 0.9765827921874999 0.4226696953125 0.9744903765625 0.425649503125 0.961380609375 0.0046144234375 0.8911278359375