0 1 0.21886882343749997 0.8124998421875 0.1645162953125 0.7991088828125 0.169759621875 0.7534336859375 0.38008414375 1 0.451558765625 1 0.21886882343749997
0 0.7931003015625 0.1680178546875 0.3905253859375 0.0513194765625 0.371125846875 0.0548210375 0.356867353125 0.2651275359375 0.74673820625 0.38270580781249997 0.7931003015625 0.1680178546875
0 0.350858771875 0.2633857671875 0.3664910640625 0.044352410937499996 0.2920955765625 0.018718334375 0.1022820421875 0.00655453125 0.074464053125 0.1832644953125 0.350858771875 0.2633857671875
0 0.0456143109375 0.36652854375 0.3460433515625 0.453616884375 0.36819761406249996 0.2729744984375 0.074464053125 0.1832644953125 0.0456143109375 0.36652854375
0 0.35136503281250003 0.45972208124999997 0.705871303125 0.5624863234374999 0.7520598890625 0.3888110046875 0.37489309375 0.2703528359375 0.35136503281250003 0.45972208124999997
0 1 0.45516722343750005 0.7534336859375 0.38008414375 0.7118798843749999 0.564228090625 1 0.6437053859375 1 0.45516722343750005
0 1 0.643686865625 0.699862721875 0.5607445578125 0.66380410625 0.709981065625 1 0.807437496875 1 0.643686865625
0 0.6991758234375001 0.5651079875 0.35136503281250003 0.45972208124999997 0.334019059375 0.6098204593750001 0.66380410625 0.709981065625 0.6991758234375001 0.5651079875
0 0.3460433515625 0.453616884375 0.0456143109375 0.36652854375 0.033570971875 0.44303219531250004 0.040077309374999995 0.5288955718749999 0.334019059375 0.6098204593750001 0.3460433515625 0.453616884375
0 0.3393407421875 0.6159256578125001 0.040098974999999995 0.5291814828125 0.0514107828125 0.6784620796875 0.323368565625 0.7572971749999999 0.3393407421875 0.6159256578125001
0 0.6691257875 0.7160862609375 0.345349321875 0.6176674234374999 0.323368565625 0.7572971749999999 0.6418233484375 0.8496108171874999 0.6691257875 0.7160862609375
0 0.3219947671875 0.7660240359375 0.05147825 0.6793524421875 0.0613086140625 0.8090826046874999 0.3161525640625 0.8829567421875 0.3219947671875 0.7660240359375
0 0.6411364500000001 0.8539742468749999 0.322681665625 0.7616606046875 0.32216114375 0.8846985109375 0.6105730234375 0.9683033171875 0.6411364500000001 0.8539742468749999
0 0.9327565828125 1 0.953582653125 0.944546121875 0.6478319296875 0.8513525843749999 0.6165816046875 0.9700450843749999 0.7146616828125001 1 0.9327565828125 1
0 1 0.8119224828125 0.6758212671875 0.7134646 0.6485188281250001 0.8469891546874999 0.9602781328125 0.9419244578124999 1 0.8294936109375 1 0.8119224828125