0 0.994 0.7582582578125 0.806 0.8243243250000001 0.654 0.753753753125 0.64 0.866366365625 0.784 0.953453453125 0.9720000000000001 0.8678678671875 0.994 0.7582582578125
0 1 0.641141140625 0.86 0.68168168125 0.67 0.6216216218749999 0.646 0.75075075 0.806 0.8243243250000001 0.994 0.7567567562499999 1 0.7267267265624999 1 0.641141140625
0 1 0.5105105109375 0.8640000000000001 0.5210210203125001 0.704 0.48798798750000005 0.682 0.6261261265625 0.858 0.6801801796875 1 0.641141140625 1 0.5105105109375
0 1 0.36336336406249997 0.916 0.3543543546875 0.726 0.3378378375 0.7 0.48798798750000005 0.866 0.51951951875 1 0.5090090093749999 1 0.36336336406249997
0 1 0.1741741734375 0.976 0.1666666671875 0.766 0.1801801796875 0.74 0.3378378375 0.93 0.3543543546875 1 0.3603603609375 1 0.1741741734375
0 1 0 0.8039999999999999 0.0075075078125 0.774 0.1771771765625 0.9720000000000001 0.165165165625 1 0.171171171875 1 0
0 0.646 0.753753753125 0.642 0.740240240625 0.534 0.69369369375 0.522 0.7927927921875 0.638 0.8603603609375 0.6519999999999999 0.7567567562499999 0.646 0.753753753125
0 0.536 0.5765765765624999 0.52 0.6861861859375 0.648 0.740240240625 0.6679999999999999 0.6201201203125 0.536 0.5765765765624999
0 0.562 0.459459459375 0.544 0.578078078125 0.678 0.6216216218749999 0.7 0.48648648593750005 0.562 0.459459459375
0 0.5740000000000001 0.3303303296875 0.558 0.45645645625000003 0.696 0.48348348281250003 0.722 0.340840840625 0.5740000000000001 0.3303303296875
0 0.764 0.1801801796875 0.736 0.178678678125 0.6 0.18918918906249999 0.58 0.32732732656249997 0.722 0.340840840625 0.74 0.3378378375 0.764 0.1801801796875
0 0.772 0.175675675 0.8 0.015015015625 0.766 0.006006006249999999 0.616 0.0390390390625 0.602 0.1876876875 0.736 0.175675675 0.764 0.1801801796875 0.772 0.175675675
0 0.45999999999999996 0.20570570625 0.21400000000000002 0.16816816875 0.148 0.18468468437500002 0.13999999999999999 0.303303303125 0.20600000000000002 0.309309309375 0.454 0.321321321875 0.45999999999999996 0.20570570625
0 0.45199999999999996 0.3228228234375 0.20600000000000002 0.31081081093749996 0.13999999999999999 0.30630630625 0.13799999999999998 0.42042042031250004 0.20400000000000001 0.43693693749999996 0.438 0.433933934375 0.45199999999999996 0.3228228234375
0 0.44000000000000006 0.4354354359375 0.198 0.43693693749999996 0.136 0.42042042031250004 0.136 0.5270270265625 0.21000000000000002 0.5615615609375 0.434 0.540540540625 0.44000000000000006 0.4354354359375
0 0.42000000000000004 0.54354354375 0.21200000000000002 0.5645645640625 0.128 0.525525525 0.124 0.6396396390625 0.194 0.675675675 0.40599999999999997 0.641141140625 0.42000000000000004 0.54354354375
0 0.42000000000000004 0.641141140625 0.41200000000000003 0.635135134375 0.41 0.641141140625 0.196 0.6771771765625 0.122 0.641141140625 0.122 0.7447447453125 0.188 0.7957957953125 0.40800000000000003 0.7372372375 0.42000000000000004 0.641141140625
0 0.616 0.04954955 0.5980000000000001 0.04954955 0.488 0.0675675671875 0.48200000000000004 0.1951951953125 0.5860000000000001 0.190690690625 0.5980000000000001 0.190690690625 0.616 0.04954955
0 0.5980000000000001 0.1921921921875 0.47800000000000004 0.1981981984375 0.45999999999999996 0.3198198203125 0.572 0.3303303296875 0.58 0.32732732656249997 0.5980000000000001 0.1921921921875
0 0.5740000000000001 0.3303303296875 0.45199999999999996 0.3198198203125 0.442 0.43093093125 0.536 0.4549549546875 0.554 0.4549549546875 0.5740000000000001 0.3303303296875
0 0.562 0.45795795781250004 0.442 0.4354354359375 0.438 0.540540540625 0.538 0.578078078125 0.544 0.5735735734375 0.562 0.45795795781250004
0 0.434 0.540540540625 0.42000000000000004 0.6381381375 0.518 0.684684684375 0.536 0.578078078125 0.434 0.540540540625
0 0.534 0.69369369375 0.42000000000000004 0.641141140625 0.40599999999999997 0.740240240625 0.496 0.7882882890625 0.522 0.78078078125 0.534 0.69369369375
0 0.48600000000000004 0.06906906874999999 0.398 0.0915915921875 0.392 0.19369369375 0.44000000000000006 0.2012012015625 0.48 0.196696696875 0.48600000000000004 0.06906906874999999
0 0.398 0.0915915921875 0.388 0.090090090625 0.314 0.10810810781249999 0.312 0.18168168125 0.39 0.1921921921875 0.398 0.0915915921875
0 0.312 0.10660660625 0.252 0.1201201203125 0.252 0.171171171875 0.31 0.18168168125 0.312 0.10660660625
0 0.252 0.17267267343749998 0.25 0.1201201203125 0.2 0.1291291296875 0.2 0.171171171875 0.21400000000000002 0.16816816875 0.252 0.17267267343749998
0 0.2 0.171171171875 0.198 0.1291291296875 0.188 0.127627628125 0.148 0.141141140625 0.146 0.1741741734375 0.172 0.178678678125 0.2 0.171171171875
0 0.118 0.14414414375 0.118 0.17267267343749998 0.146 0.17267267343749998 0.148 0.141141140625 0.118 0.14414414375
0 0.146 0.18468468437500002 0.172 0.178678678125 0.146 0.1741741734375 0.12 0.1741741734375 0.076 0.18468468437500002 0.078 0.291291290625 0.132 0.297297296875 0.13999999999999999 0.297297296875 0.146 0.18468468437500002
0 0.08 0.2927927921875 0.08 0.39939939999999996 0.136 0.41741741718750003 0.13999999999999999 0.2987987984375 0.08 0.2927927921875
0 0.08 0.39939939999999996 0.078 0.5 0.134 0.525525525 0.134 0.41741741718750003 0.08 0.39939939999999996
0 0.078 0.5015015015625 0.072 0.596096096875 0.124 0.6291291296875 0.128 0.5240240234375 0.078 0.5015015015625
0 0.08 0.6021021015625 0.08199999999999999 0.6876876875 0.12 0.7207207203125 0.122 0.6306306312500001 0.08 0.6021021015625
0 0.046 0.196696696875 0.046 0.291291290625 0.078 0.291291290625 0.076 0.18468468437500002 0.046 0.196696696875
0 0.04 0.29429429375 0.04 0.3888888890625 0.08 0.396396396875 0.078 0.2927927921875 0.04 0.29429429375
0 0.034 0.3873873875 0.034 0.48048048125 0.078 0.496996996875 0.08 0.3978978984375 0.034 0.3873873875
0 0.034 0.48348348281250003 0.03 0.5660660656250001 0.072 0.5900900906250001 0.078 0.4984984984375 0.034 0.48348348281250003
0 0.072 0.597597596875 0.072 0.5900900906250001 0.044 0.575075075 0.04 0.65015015 0.08 0.678678678125 0.08 0.6021021015625 0.072 0.597597596875
0 0 0.283783784375 0.044 0.283783784375 0.044 0.196696696875 0.076 0.18468468437500002 0.038 0.18168168125 0 0.1921921921875 0 0.283783784375
0 0 0.36936936875000004 0.038 0.3768768765625 0.041999999999999996 0.29429429375 0.041999999999999996 0.2852852859375 0 0.2852852859375 0 0.36936936875000004
0 0 0.453453453125 0.032 0.46846846875 0.034 0.3873873875 0.04 0.390390390625 0.04 0.3768768765625 0 0.36936936875000004 0 0.453453453125
0 0 0.5480480484375 0.028000000000000004 0.5660660656250001 0.032 0.4699699703125 0 0.453453453125 0 0.5480480484375
0 0 0.624624625 0.026000000000000002 0.6516516515624999 0.038 0.6516516515624999 0.041999999999999996 0.575075075 0.028000000000000004 0.5675675671875 0 0.5465465468749999 0 0.624624625