0 1 0.48064516093750004 0.5161290328125 0.47741935468749996 0.5064516125 0.8322580640625 0.5129032265625 0.9354838703125001 1 0.9483870968750001 1 0.48064516093750004
0 0 0.9258064515625 0.46129032187499996 0.9709677421875 0.4677419359375 0.941935484375 0.49677419375 0.5677419359375 0.49032258124999994 0.50322580625 0 0.4645161296875 0 0.9258064515625
0 0.5161290328125 0.47419354843750006 0.7967741937499999 0.47741935468749996 0.7193548390625 0.10967741875 0.5225806453125 0.10645161249999999 0.5 0.46129032187499996 0.5161290328125 0.47419354843750006
0 1 0.238709678125 0.9322580640625 0.1129032265625 0.7193548390625 0.10967741875 0.7967741937499999 0.47741935468749996 0.838709678125 0.48064516093750004 1 0.4838709671875 1 0.238709678125
0 0.8709677421875 0.0064516124999999995 0.548387096875 0.0064516124999999995 0.548387096875 0.10322580625 0.7193548390625 0.10967741875 0.9258064515625 0.10967741875 0.8709677421875 0.0064516124999999995
0 0 0.4645161296875 0.49032258124999994 0.5 0.5064516125 0.2645161296875 0.0645161296875 0.24516129062499997 0 0.341935484375 0 0.4645161296875
0 0.5193548390625 0.10645161249999999 0.151612903125 0.09677419375 0.0645161296875 0.24193548437499998 0.50967741875 0.2645161296875 0.5193548390625 0.10645161249999999
0 0.458064515625 0.0032258062499999998 0.20322580625 0 0.148387096875 0.0935483875 0.5225806453125 0.10645161249999999 0.5225806453125 0.0064516124999999995 0.458064515625 0.0032258062499999998
0 0 0.33870967812499997 0.0709677421875 0.24516129062499997 0 0.2354838703125 0 0.33870967812499997
0 0.041935484375 0 0 0.054838709375 0 0.2322580640625 0.0645161296875 0.24193548437499998 0.2 0 0.041935484375 0
0 0.8354838703125 1 0.848387096875 0.9483870968750001 0.50967741875 0.9354838703125001 0.5064516125 0.8290322578125 0.47741935468749996 0.8258064515625 0.4677419359375 0.941935484375 0.46129032187499996 0.9709677421875 0.1838709671875 0.945161290625 0.2 1 0.8354838703125 1
0 0.1838709671875 1 0.15806451562499998 0.941935484375 0 0.9225806453125 0 1 0.1838709671875 1