0 0.1131833890625 0.2738623515625 0.16079314218750002 0.2719072953125 0.1920789640625 0.2676021421875 0.2833309921875 0.2638549515625 0.329184015625 0.26348225 0.3690858171875 0.2633539265625 0.402236725 0.23178834375 0.365244821875 0.040000070312500004 0.3620667171875 0.018987590625000002 0.0027543718750000002 0.033742456250000004 0.022535764062499998 0.2760745078125 0.099070203125 0.272931684375 0.1131833890625 0.2738623515625
0 0.40376645 0.22870510156249999 0.4109120328125 0.24955466093749998 0.435170925 0.251578915625 0.6350746265625 0.24034960625 0.8905230390625001 0.22683939999999997 0.9872722734374999 0.21984604531250002 0.9895320468750001 0.18199791406250002 0.9662575421874999 0.028115223437499996 0.4825396171875 0.014040468750000002 0.3620667171875 0.018987590625000002 0.40376645 0.22870510156249999
0 0.288750740625 0.4448580015625 0.41922355 0.436479815625 0.43418543906249996 0.42982456406249997 0.3928313671875 0.2487869140625 0.3735073109375 0.2661927890625 0.33337850156250004 0.26482021875 0.2795905203125 0.265518765625 0.1962734515625 0.2689401125 0.1590364109375 0.273489646875 0.113637403125 0.276864134375 0.0992972109375 0.27443257499999996 0.0226586296875 0.277579675 0.036922228125 0.4523159609375 0.13203530000000002 0.4512933921875 0.288750740625 0.4448580015625
0 0.963694403125 0.2223244640625 0.86694516875 0.22931781875 0.5621302703125 0.246365434375 0.427235965625 0.251904759375 0.4109120328125 0.24955466093749998 0.404447471875 0.2332077734375 0.3928313671875 0.2487869140625 0.43594217031250004 0.42824221093750003 0.44393645625 0.4415058546875 0.465303578125 0.437608003125 0.8230577578125 0.42744776093750003 0.9552872984375 0.417487225 0.970780659375 0.22958454062500003 0.963694403125 0.2223244640625
0 0.277954909375 0.5978328765625001 0.46198869218749994 0.587255253125 0.47473983437499995 0.5791805703125 0.47864798750000004 0.5654281671875 0.44592019687500006 0.44142439375000003 0.43373142500000006 0.42682277968750004 0.4174668171875 0.43806216718749996 0.2869940078125 0.446440353125 0.124100340625 0.45161923593750003 0.03715679375 0.4551895015625 0.0422399203125 0.517460378125 0.05554905 0.6054555781250001 0.277954909375 0.5978328765625001
0 0.797269140625 0.42850675000000005 0.46156310781250004 0.43927181718749997 0.48823132343750003 0.589198046875 0.508295728125 0.589884334375 0.5638404421875001 0.5876034359375 0.9451724921875 0.5749647734375001 0.951291390625 0.562631796875 0.97008150625 0.42292056562499997 0.959027771875 0.41582341093749997 0.797269140625 0.42850675000000005
0 0.5081486468749999 0.70768701875 0.5138135312500001 0.692352259375 0.4988310453125 0.59329341875 0.4902150640625 0.5891165875000001 0.47451282656249993 0.5776796796875 0.46198869218749994 0.587255253125 0.21424822968749999 0.5989387265625 0.0557760578125 0.6069564703125 0.06667241093750001 0.6789992625 0.0937740453125 0.7262131859375 0.2031067390625 0.723233740625 0.38317304218750003 0.7128190390625 0.5081486468749999 0.70768701875
0 0.9489129625 0.5733009609375 0.5638404421875001 0.5876034359375 0.502798525 0.5931304984375 0.513586525 0.69085136875 0.526910334375 0.7129574390625 0.6441779875 0.7096521515624999 0.9461604453125 0.7002719171875 0.956858221875 0.6258321640625 0.9596803640625 0.5653077390625 0.9552588703125 0.5624688765625 0.9489129625 0.5733009609375
0 0.5127971484375 0.7120267703125001 0.5061649078125 0.707768478125 0.37348135 0.7147272328125001 0.1914313078125 0.7252233968749999 0.08804983281249999 0.727958459375 0.1091409203125 0.761827278125 0.135788540625 0.8060394171875 0.1488853421875 0.8266445953125 0.21038127499999998 0.8241193156250001 0.43499788125 0.8179160453125001 0.5227364453125001 0.8173335609375 0.5308390859375 0.804919125 0.5127971484375 0.7120267703125001
0 0.5424164625000001 0.88146459375 0.5441138671875 0.86629275625 0.531747115625 0.8109226906250001 0.5227364453125001 0.8173335609375 0.43103040156250005 0.8180789671875001 0.21038127499999998 0.8241193156250001 0.14514486875 0.828308409375 0.144069159375 0.834393434375 0.18959711875000002 0.9110549625000001 0.24383911406249997 0.9133582015625 0.3088485109375 0.907668215625 0.337074884375 0.9095295515625 0.5363568890625 0.9073870515625 0.549729725 0.890225559375 0.5424164625000001 0.88146459375
0 0.3088485109375 0.907668215625 0.24582285312500002 0.913276740625 0.19577534531250002 0.9123114734375 0.23177929375 0.978792603125 0.3700193828125 0.98217716875 0.550993715625 0.9777660328125 0.55994505625 0.9577656781250001 0.5504107484375 0.894728234375 0.5341461421875 0.9059676218750001 0.337301890625 0.9110304421875 0.3088485109375 0.907668215625
0 0.9237382109375 0.8159688859375 0.9303498546875 0.7145130859375 0.9283067875000001 0.7010050624999999 0.638453775 0.711397425 0.5266833281250001 0.711456546875 0.5144945546875 0.696854934375 0.515234903125 0.71494709375 0.5361686078125001 0.8137615515625001 0.64771205 0.8122015390625 0.7336938828124999 0.8132014062499999 0.7877088703124999 0.8140037515625 0.8392861046875 0.811885775 0.8873498734374999 0.8129325015625 0.9237382109375 0.8159688859375
0 0.9217544703125 0.8160503468750001 0.8873498734374999 0.8129325015625 0.8035787890625 0.8133520656250001 0.7475800609375 0.8126311812499999 0.661598228125 0.8116313156249999 0.53837935625 0.8151809828125 0.547854340625 0.86462894375 0.544340875 0.8677936484375 0.5424164625000001 0.88146459375 0.5533025171875 0.9006503390624999 0.621657696875 0.90388424375 0.7891998671875 0.9030451156250001 0.916613228125 0.9008334187499999 0.9217544703125 0.8160503468750001
0 0.9086782687499999 0.9011592609375001 0.7852323875 0.9032080359375 0.5934313265625 0.9020229093750001 0.55375653125 0.9036521234375 0.5623828125 0.9606859999999999 0.5664096187500001 0.9741125640625 0.5831875656250001 0.9794644453125001 0.7209736390625 0.9798472265625 0.8927102953125001 0.9803460671875 0.9081261984375001 0.9766926 0.9038723843750001 0.9617651453124999 0.9086782687499999 0.9011592609375001
0 1 0.43523335625000004 0.9588522609375 0.6786077484375 0.9947968812499999 0.7314993953125 1 0.7381023046874999 1 0.43523335625000004