0 0.3678972328125 0.20306052343749997 0.4059508375 0.3692538609375 0.6496194187500001 0.325906259375 0.6069045984375 0.1638990125 0.3678972328125 0.20306052343749997
0 0.1524027609375 0.41339457343749997 0.4059508375 0.3692538609375 0.36049204218750003 0.20777184843750002 0.10446966093750001 0.2479943484375 0.1524027609375 0.41339457343749997
0 0.442315509375 0.49624400625 0.675277859375 0.450553890625 0.6449582078125 0.33009235000000003 0.407873984375 0.37108165937500004 0.442315509375 0.49624400625
0 0.16425859062499998 0.46382717656250005 0.20322540781249998 0.458564315625 0.22441547968750003 0.511602046875 0.40195306718749996 0.47981485625 0.40774023593750003 0.501764225 0.43792396718750004 0.49598665000000003 0.40073846562500004 0.3713495375 0.14774155 0.41758066562499996 0.16425859062499998 0.46382717656250005
0 0.4465614859375 0.6162066140625 0.59528141875 0.5844457265624999 0.5754396953125 0.5091907484375 0.684641653125 0.48060230625000006 0.6807658109375 0.4495034234375 0.4069194078125 0.5041172578124999 0.4465614859375 0.6162066140625
0 0.6862892203125 0.48138489843750004 0.5798312390625 0.50944810625 0.59802539375 0.5839204921875 0.653204125 0.5964156453125 0.8397885578125001 0.5552110640625 0.8119786703124999 0.47159968125 0.7227817328125 0.47220382031249997 0.6862892203125 0.48138489843750004
0 0.6474405921875 0.5964209046875 0.6796479359375 0.685778303125 0.8577307703124999 0.650592871875 0.8356785046875 0.561487571875 0.6474405921875 0.5964209046875
0 0.4454650765625 0.6175144390625 0.46114355937499996 0.6496480124999999 0.48758736875 0.73901066875 0.67553788125 0.6920548109375 0.6510172171875 0.6045199546875 0.59363385 0.5836631359375 0.4454650765625 0.6175144390625
0 0.7535306140625 0.7364156578125 0.7672623109375001 0.744766803125 0.7678312 0.763323190625 0.8844501640625 0.7410007375000001 0.8613014874999999 0.6532032625 0.6791026875 0.68917654375 0.7535306140625 0.7364156578125
0 0.25031995 0.6098516 0.42592848125 0.5707479546875 0.400581078125 0.48007747343749996 0.2189275265625 0.5126525156249999 0.25031995 0.6098516
0 0.27841132968750004 0.69999685 0.46197620468749995 0.6582722921874999 0.427851628125 0.5725757546875 0.2489479640625 0.6101142171875 0.27841132968750004 0.69999685
0 0.3158369515625 0.7927472265625 0.48979200624999997 0.7473723328124999 0.4595078109375 0.659842734375 0.28417485937500003 0.6999915890625 0.3158369515625 0.7927472265625
0 0.5442208234375 0.82808440625 0.59124445 0.9135078078125 0.80031411875 0.85372579375 0.7628825859374999 0.755486759375 0.767807559375 0.7413685609375 0.6774610296875 0.6938826109375 0.5194186703125 0.7340156828125 0.5442208234375 0.82808440625
0 0.34008203593749997 0.8792368749999999 0.514043 0.8393506390625 0.48568195156250005 0.753648840625 0.31199656875000004 0.7945802843750001 0.34008203593749997 0.8792368749999999
0 0.363781871875 0.9691247671875001 0.5289538390625 0.923235159375 0.5093817859375 0.8435367312500001 0.338164796875 0.882897734375 0.363781871875 0.9691247671875001
0 0.21459507968749997 0.5672817296875 0.23214943125 0.5573338421875 0.202129 0.4598721375 0.02556738125 0.4878546828125 0.028453893749999997 0.54293265 0.04354126875 0.6001555078125 0.21459507968749997 0.5672817296875
0 0.08304971875 0.746175375 0.2128314921875 0.713647678125 0.2278819921875 0.6723382890625 0.1912712875 0.5717462203125 0.0463917390625 0.601674046875 0.08304971875 0.746175375
0 0.21557546875 0.71312244375 0.082397975 0.7475298390625 0.1162033109375 0.8757455078125 0.278277578125 0.8306794156249999 0.2864563203125 0.7797057953125 0.25148136249999997 0.6689190078125 0.227055253125 0.6692026656250001 0.21557546875 0.71312244375
0 0.24599097187500002 1 0.3086326890625 0.9840728984375 0.319777796875 0.8842213390625 0.2903026125 0.7833613953125 0.27801381875 0.8406115234374999 0.1169804453125 0.878692996875 0.14896424218749998 1 0.24599097187500002 1
0 0.3086326890625 0.9840728984375 0.3596659078125 0.9699126187499999 0.33377325625 0.8826403765625 0.3238937625 0.8834334890625 0.3086326890625 0.9840728984375
0 0.0438857140625 0.3133908640625 0.015289500000000001 0.291741034375 0.023221978125 0.44310173124999996 0.08464192968749999 0.4406383671875 0.0438857140625 0.3133908640625
0 0.0915136859375 0.450302596875 0.134326796875 0.44869533281249996 0.10044825312500001 0.336600715625 0.0441612921875 0.3144360703125 0.0915136859375 0.450302596875