0 0.050420770312499995 0.0316095953125 0.0543443546875 0.12756909375 0.218739459375 0.1386067953125 0.2149384859375 0.0456460328125 0.050420770312499995 0.0316095953125
0 0.2149384859375 0.0456460328125 0.220682225 0.13722374843750001 0.379187728125 0.150911221875 0.3752028375 0.0534523578125 0.2149384859375 0.0456460328125
0 0.3772682140625 0.0550680453125 0.3811917984375 0.15102754375 0.5395746906250001 0.16171628124999998 0.53771648125 0.06737247187499999 0.3772682140625 0.0550680453125
0 0.3811917984375 0.15102754375 0.384870159375 0.2409895734375 0.5431917453125 0.25017894375 0.5395746906250001 0.16171628124999998 0.3811917984375 0.15102754375
0 0.22074353124999999 0.1387231171875 0.22648726875 0.2303008359375 0.3828660890625 0.24087325312500002 0.3812531046875 0.152526909375 0.22074353124999999 0.1387231171875
0 0.0545282734375 0.1320671953125 0.0603333171875 0.22514428125000002 0.2227243515625 0.23606566093749998 0.2167966953125 0.1399898421875 0.0545282734375 0.1320671953125
0 0.5392914109375 0.0569932234375 0.541210925 0.15283639843750002 0.6595124015625 0.16119871562500002 0.6555888171875 0.0652392171875 0.5392914109375 0.0569932234375
0 0.54127223125 0.1543357671875 0.5451958171875 0.25029526562500004 0.6654400578125 0.257274534375 0.6615164734375 0.16131503593750002 0.54127223125 0.1543357671875
0 0.65777680625 0.0698536390625 0.659451096875 0.159699346875 0.7756258921875 0.16494660625 0.7720701421875 0.0779833125 0.65777680625 0.0698536390625
0 0.6634592375 0.1599319890625 0.667382825 0.25589148906250003 0.7856229953125 0.2627544375 0.7796953390625 0.166678615625 0.6634592375 0.1599319890625
0 0.7740742125 0.0780996328125 0.7795727265625 0.16367988125 0.8938047578124999 0.1703101890625 0.8903716203125001 0.0863456265625 0.7740742125 0.0780996328125
0 0.783642175 0.16541189218750002 0.787627065625 0.2628707578125 0.813679984375 0.26438293281249997 0.9098140734375001 0.26846698125 0.8978128984374999 0.1705428296875 0.783642175 0.16541189218750002
0 1 0.09232615 0.9002693609374999 0.0839284984375 0.8924983031249999 0.0894606828125 0.895808828125 0.17042650937499998 1 0.1790636015625 1 0.09232615
0 1 0.1791986609375 0.8978742046875 0.172042196875 0.910059296875 0.27446445 1 0.28199723125 1 0.1791986609375
0 0.5431917453125 0.25017894375 0.5450499546875001 0.344522753125 0.703432846875 0.3552114921875 0.6996318734375 0.262250728125 0.5431917453125 0.25017894375
0 0.7035174015625001 0.2594846375 0.7074409890625 0.355444134375 0.8656399609375001 0.36163477187500004 0.863781753125 0.2672909625 0.7035174015625001 0.2594846375
0 1 0.28233665937499997 0.910120603125 0.27596381718749996 0.907871309375 0.2698500265625 0.8657858234375 0.2674072828125 0.8675827265624999 0.360251725 1 0.367937546875 1 0.28233665937499997
0 0.4250128796875 0.2448153640625 0.4268710890625 0.3391591734375 0.5451112609375001 0.34602212187500003 0.541187675 0.25006262343749996 0.4250128796875 0.2448153640625
0 0.3047073328125 0.236336728125 0.31063498906250003 0.33241254531250003 0.42693239375 0.340658540625 0.423008809375 0.24469904374999998 0.3047073328125 0.236336728125
0 0.22454450312500002 0.23168388125 0.22072028124999998 0.235949340625 0.18865515 0.23408820156250001 0.192394815625 0.3255495984375 0.3086309171875 0.332296225 0.3047073328125 0.236336728125 0.22454450312500002 0.23168388125
0 0.064402765625 0.226876290625 0.0682650453125 0.3213364203125 0.1904520515625 0.3269326453125 0.18665107812499998 0.23397188125 0.064402765625 0.226876290625
0 0.06832635000000001 0.3228357890625 0.0720047125 0.4127978203125 0.18629805 0.420927490625 0.18243576875 0.326467359375 0.06832635000000001 0.3228357890625
0 0.18243576875 0.326467359375 0.1883021203125 0.4210438140625 0.306542290625 0.42790676093749996 0.30268001093749997 0.3334466296875 0.18243576875 0.326467359375
0 0.306688153125 0.3336792703125 0.3105504328125 0.42813940468749995 0.4287292984375 0.433502984375 0.4249896296875 0.3420415875 0.306688153125 0.3336792703125
0 0.42492832343750003 0.34054221875 0.4287292984375 0.433502984375 0.5490348453125 0.44198162031250005 0.5431684953125 0.3474051671875 0.42492832343750003 0.34054221875
0 0.5451112609375001 0.34602212187500003 0.5510389171875001 0.4420979421875 0.7113645734375 0.451403634375 0.705498221875 0.35682718125 0.5451112609375001 0.34602212187500003
0 0.70750229375 0.3569435015625 0.7112419609375 0.4484048984375 0.7329189031250001 0.4406882296875 0.8210980140625 0.445806359375 0.870402803125 0.42922261562499997 0.8676440328125 0.3617510921875 0.70750229375 0.3569435015625
0 1 0.367937546875 0.869586796875 0.360368046875 0.870402803125 0.42922261562499997 0.882243309375 0.42542244218749997 1 0.4311003890625 1 0.367937546875
0 0.06404973593749999 0.4138319015625 0.0699773921875 0.5099077203125 0.2262949078125 0.5189807703125 0.22243262656249999 0.42452064062500006 0.06404973593749999 0.4138319015625
0 0.224436696875 0.4246369609375 0.228176365625 0.5160983578125 0.3905673984375 0.5270197375000001 0.38670511875 0.43255960781249997 0.224436696875 0.4246369609375
0 0.39071326093750003 0.43279225 0.394514234375 0.5257530140625 0.554839890625 0.5350587046874999 0.5510389171875001 0.4420979421875 0.39071326093750003 0.43279225
0 0.0680346265625 0.511290765625 0.0718356 0.60425153125 0.23629201093750002 0.6167886 0.230364353125 0.5207127796875 0.0680346265625 0.511290765625
0 0.23224581406249997 0.517830365625 0.2360467859375 0.61079113125 0.3964337484375 0.6215961906249999 0.392632775 0.5286354249999999 0.23224581406249997 0.517830365625
0 0.394575540625 0.5272523796875 0.3964337484375 0.6215961906249999 0.560767546875 0.631134525 0.5549011968750001 0.5365580734375001 0.394575540625 0.5272523796875
0 0.5530429875 0.44221426406250003 0.556966571875 0.5381737609374999 0.6752067453125 0.5450367093749999 0.671344465625 0.450576578125 0.5530429875 0.44221426406250003
0 0.557027878125 0.539673128125 0.5627716171875 0.631250846875 0.6810117890625 0.6381137953125 0.6752680515625 0.5465360765625 0.557027878125 0.539673128125
0 0.671344465625 0.450576578125 0.677210815625 0.5451530296875 0.7132840890625001 0.5472468109374999 0.7114871859375 0.45440236875 0.671344465625 0.450576578125
0 0.6752067453125 0.5450367093749999 0.6810117890625 0.6381137953125 0.7171463671875 0.64170694375 0.7113413234375 0.5486298578125 0.6752067453125 0.5450367093749999
0 0.7349842796875 0.44230391718749995 0.7112419609375 0.4484048984375 0.7131614765625 0.5442480765625 0.7373329375 0.548642665625 0.8275161171875001 0.5538771171875 0.823163390625 0.447422046875 0.7349842796875 0.44230391718749995
0 0.7373942437500001 0.5501420312499999 0.7132227828125 0.5457474437500001 0.7172076734374999 0.643206309375 0.7399268171875 0.6609788812499999 0.7879019031250001 0.660771853125 0.7998650203125 0.6599704156249999 0.825917940625 0.6614825890625 0.8235692828125 0.555143840625 0.7373942437500001 0.5501420312499999
0 1 0.4311003890625 0.882243309375 0.42542244218749997 0.8231020843750001 0.44592268125 0.8275161171875001 0.5538771171875 0.8917689921875 0.560598128125 1 0.56797131875 1 0.4311003890625
0 1 0.5695015156250001 0.8778018046874999 0.561283246875 0.8275774234375 0.5553764828125 0.8256346593749999 0.5567595296875 0.8279833171875 0.6630982765625 0.8873274875 0.6964589359375 1 0.7051261156249999 1 0.5695015156250001
0 0.8853234171875 0.6963426125 0.823975175 0.6628656359375 0.7399268171875 0.6609788812499999 0.7300290765625 0.663396009375 0.763136409375 0.690746390625 0.7667111875 0.8270724796875 0.9993673078124999 0.8450638359375 0.993665846875 0.705622690625 0.8853234171875 0.6963426125
0 0.7611323390625 0.6906300703125 0.72802500625 0.6632796890625 0.5277405468749999 0.6546463078125 0.5307255140625 0.6787525046875 0.5363043625 0.815194915625 0.7667111875 0.8270724796875 0.7611323390625 0.6906300703125
0 0.5447962875 0.6317033234375 0.53769959375 0.653728546875 0.6819313796875 0.6606043015624999 0.66097108125 0.6369505828124999 0.5447962875 0.6317033234375
0 0.43047969999999997 0.7207998734375 0.5326873062499999 0.7267322515625 0.5307868203125 0.6802518703125 0.5257364765625 0.6545299859375 0.53769959375 0.653728546875 0.5427922171875 0.631587003125 0.42449073750000005 0.6232246875 0.43047969999999997 0.7207998734375
0 0.304307803125 0.6177447843749999 0.31023545937499997 0.7138206046875 0.42847562968749997 0.720683553125 0.42455204375 0.6247240546875 0.304307803125 0.6177447843749999
0 0.24017754062500002 0.614022509375 0.23629201093750002 0.6167886 0.184247478125 0.61526361875 0.18604438125 0.708108059375 0.3082313875 0.7137042828125 0.3023037328125 0.6176284640625 0.24017754062500002 0.614022509375
0 0.0698315296875 0.6041352109375 0.0639419296875 0.60678498125 0.0678655140625 0.7027444796875 0.184101615625 0.70949110625 0.1821821015625 0.6136479296874999 0.0698315296875 0.6041352109375
0 0.06586144375 0.7026281578125 0.067658346875 0.7954726015625 0.1720539421875 0.8060194031249999 0.1633442640625 0.7396982828125 0.181013065625 0.731748971875 0.18015478125 0.71075783125 0.06586144375 0.7026281578125
0 0.2574129765625 0.7421666453125 0.193546965625 0.79380463125 0.19718305 0.9316300906249999 0.36959443593749997 0.9431330750000001 0.363892975 0.8036919296875 0.39775923281250003 0.7518084921875 0.2574129765625 0.7421666453125
0 0.39775923281250003 0.7518084921875 0.3659583515625 0.8053076171875 0.37159850625 0.943249396875 0.5400630578125 0.9560191078125 0.5320319687499999 0.759602009375 0.39775923281250003 0.7518084921875
0 0.5299665921875001 0.757986321875 0.5307445421875 0.7281152984375 0.37843516718750003 0.719274890625 0.355551134375 0.7463670140625001 0.5299665921875001 0.757986321875
0 0.2141013703125 0.70973655625 0.1633442640625 0.7396982828125 0.1720539421875 0.8060194031249999 0.1737705109375 0.848001684375 0.1959379 0.8522799515624999 0.1915428953125 0.793688309375 0.2574129765625 0.7421666453125 0.35354706406249997 0.7462506921875 0.37843516718750003 0.719274890625 0.2141013703125 0.70973655625
0 0.1704177078125 0.8148992843749999 0.1720539421875 0.8060194031249999 0.0656542765625 0.7953562796875 0.0604707375 0.798025240625 0.06525394062499999 0.8611486312500001 0.098412803125 0.863073253125 0.1704177078125 0.8148992843749999
0 0.1545880875 0.8678296124999999 0.0850777015625 0.9281148390625 0.0833378828125 0.98335878125 0.31781415625 0.99696835625 0.3155458328125 0.9414917703125001 0.1931749078125 0.9313974484375 0.19473080781250002 0.871655403125 0.1545880875 0.8678296124999999
0 0.0850163953125 0.926615471875 0.1545880875 0.8678296124999999 0.0653677875 0.8626510484375001 0.07436164843750001 0.9813419703124999 0.083276578125 0.981859415625 0.0850163953125 0.926615471875
0 0.55347263125 1 0.5500221046875 0.9551013453125 0.31754990312500003 0.9416080921875001 0.31781415625 0.99696835625 0.3700456546875 1 0.55347263125 1
0 0.53636566875 0.8166942828125 0.542005821875 0.9546360625 0.772473953125 0.9680129953125001 0.7647684234375001 0.828455528125 0.53636566875 0.8166942828125
0 1 0.8465689703124999 0.76677249375 0.8285718484375 0.7745393296875 0.9696286828125 1 0.988462140625 1 0.8465689703124999
0 0.7277975999999999 1 0.7265029390625 0.9683363421875001 0.5520261765625001 0.9552176671874999 0.5554677625 1 0.7277975999999999 1
0 0.8997386546874999 1 0.8989143265624999 0.979839328125 0.728507009375 0.9684526625000001 0.7297969140625 1 0.8997386546874999 1
0 1 1 1 0.9885726 0.8989756328125 0.9813386953125001 0.9004909375000001 1 1 1
0 0.663937725 0.6382372984375 0.6837720093749999 0.6599192375 0.7289618390625 0.662542165625 0.7373957250000001 0.6610763828125 0.7157369109375 0.642710328125 0.685550253125 0.6394917421875 0.663937725 0.6382372984375
0 0.1944960171875 0.8700677515624999 0.1938348734375 0.8538981078125 0.1727169921875 0.8487617625 0.1701048921875 0.816836434375 0.10209147656249999 0.8632378890625001 0.1944960171875 0.8700677515624999