0 0.11221138125 0.0010840109375 0.1276585359375 0.1647696484375 0.3943252046875 0.177777778125 0.3943252046875 0.0086720875 0.11221138125 0.0010840109375
0 0.3951382125 0.2915989140625 0.3959512203125 0.18102981093749998 0.12034146406249999 0.1626016265625 0.09920325156250001 0.17452574375000002 0.1170894296875 0.3208672078125 0.36586991874999997 0.332791328125 0.3951382125 0.2915989140625
0 0.391886178125 0.4704607046875 0.39839024375 0.2883468828125 0.367495934375 0.3317073171875 0.1170894296875 0.316531165625 0.1032682921875 0.3371273703125 0.1170894296875 0.48130081406249997 0.367495934375 0.49430894375 0.391886178125 0.4704607046875
0 0.3935121953125 0.472628725 0.36586991874999997 0.491056909375 0.13416260156249998 0.48780487656249993 0.14066666562500002 0.5994579953125 0.1886341453125 0.5712737125 0.40245528437500006 0.59078590625 0.3935121953125 0.472628725
0 0.40895935000000005 0.9062330609375 0.41708942968749996 0.6384823843749999 0.4048943078125 0.5886178859375 0.182943090625 0.5701897015624999 0.0097723578125 0.7067750671875 0.036 0.9973333328124999 0.3813170734375 0.9951219515625 0.40895935000000005 0.9062330609375
0 0.39839024375 0.002168021875 0.4065203265625 0.2482384828125 0.716276421875 0.25040650468750003 0.7309105703125 0.00325203125 0.39839024375 0.002168021875
0 0.7195284562500001 0.4314363140625 0.7154634140625 0.252574525 0.40570731875000005 0.2460704609375 0.3894471546875 0.4737127359375 0.41627642187499997 0.6363143625000001 0.6910731703125 0.6536585359375 0.7195284562500001 0.4314363140625
0 0.6926991859375 0.6514905140625 0.41708942968749996 0.6384823843749999 0.41221138125 0.8628726296875 0.41546341406250004 0.956097559375 0.6748130078125001 0.97669376875 0.6926991859375 0.6514905140625
0 0.06912195156249999 0.063956640625 0.06830894374999999 0.005420053125 0.00082926875 0.0043360421875 0 0.0346666671875 0.06912195156249999 0.063956640625
0 0.06912195156249999 0.06504065 0.0032682921875 0.043360434375 0.00082926875 0.1626016265625 0.078065040625 0.1626016265625 0.06912195156249999 0.06504065
0 0.11058536562500001 0.274254740625 0.09757723593749999 0.1723577234375 0.117902440625 0.15501355 0.126845528125 0.1626016265625 0.1244065046875 0.10948509531249999 0.0715609765625 0.11490514999999998 0.07725203124999999 0.16693766875 0.0910731703125 0.2753387546875 0.11058536562500001 0.274254740625
0 0.09026016249999999 0.2644986453125 0.07969105625 0.1626016265625 0.002455284375 0.1636856375 0.0032682921875 0.27208672031250003 0.09026016249999999 0.2644986453125
0 0.0910731703125 0.263414634375 0.0032682921875 0.27317073125 0.0016422765625 0.3739837390625 0.102455284375 0.34796747968749997 0.0910731703125 0.263414634375
0 0.10652032656249999 0.3447154484375 0.00082926875 0.3750677515625 0 0.48 0.113024390625 0.443360434375 0.10652032656249999 0.3447154484375
0 0.11465040625 0.4401084 0.0048943078125 0.47913279218750005 0.0040813 0.6005420046875 0.11952845625 0.52682926875 0.11465040625 0.4401084
0 0.1170894296875 0.523577234375 0.0016422765625 0.6005420046875 0.0016422765625 0.716531165625 0.11952845625 0.598373984375 0.1170894296875 0.523577234375
0 0.1187154484375 0.5712737125 0.13904065000000002 0.56693766875 0.134975609375 0.48563685625 0.1170894296875 0.47913279218750005 0.1187154484375 0.5712737125
0 0.0097723578125 0.7046070453125 0.000016259375 0.7176151765625 0.0016422765625 0.9962059625 0.0382276421875 0.9972899734375 0.0097723578125 0.7046070453125
0 0.7235934953125 0.1008130078125 0.92847154375 0.1062330609375 0.937414634375 0.005420053125 0.7276585359375 0.0043360421875 0.7235934953125 0.1008130078125
0 0.77725203125 0.19295393125 0.8837560984374999 0.1994579953125 0.8902601625000001 0.1029810296875 0.7235934953125 0.1008130078125 0.716276421875 0.274254740625 0.76586991875 0.2785907859375 0.77725203125 0.19295393125
0 0.7634308937500001 0.5723577234375 0.998 0.584 0.998 0.3333333328125 0.980504065625 0.3338753390625 0.998 0.272 0.998 0.192 0.7813170734375 0.1886178859375 0.751235771875 0.34796747968749997 0.7406666656249999 0.51056910625 0.7634308937500001 0.5723577234375
0 0.7439187 0.4520325203125 0.74717073125 0.34688346875 0.76586991875 0.2785907859375 0.71221138125 0.2699186984375 0.7203414640625 0.4281842828125 0.7154634140625 0.45420054062500004 0.7439187 0.4520325203125
0 0.72847154375 0.5062330609375 0.74229268125 0.5062330609375 0.7447317078125 0.4498644984375 0.7154634140625 0.4498644984375 0.6943252046875 0.6536585359375 0.7170894296875 0.6590785921875 0.72847154375 0.5062330609375
0 0.7731869921875 0.73821138125 0.782943090625 0.5701897015624999 0.7634308937500001 0.5723577234375 0.7431056921875 0.50514905 0.7292845515625 0.5062330609375 0.7203414640625 0.6612466140625 0.73578861875 0.725203253125 0.7731869921875 0.73821138125
0 0.80895935 0.6200542 0.9878211374999999 0.6363143625000001 0.93578861875 0.5810298109375001 0.786195121875 0.5734417328125 0.7723739843749999 0.73821138125 0.7935121953125 0.792411925 0.80895935 0.6200542
0 0.998 0.9546666671875 0.998 0.648 0.9902601625 0.6352303515625 0.8105853656249999 0.6189701890625 0.7943252046875 0.7891598906249999 0.8455447156250001 0.9452574531250001 0.998 0.9546666671875
0 0.7333495937500001 0.7154471546875001 0.7219674796875 0.6612466140625 0.6959512203125 0.6514905140625 0.6837560984375 0.8921409234375 0.7097723578124999 0.7078590765625 0.7333495937500001 0.7154471546875001
0 0.998 0.9973333328124999 0.998 0.9546666671875 0.8463577234375 0.9495934953124999 0.7707479687500001 0.732791328125 0.734975609375 0.725203253125 0.7325365859375 0.7100271015625 0.71221138125 0.7078590765625 0.6780650406250001 0.8986449859375 0.6886341453125 0.9962059625 0.998 0.9973333328124999