0 0.7177112703125 0.297997121875 0.4612180859375 0.348035196875 0.487817803125 0.492765 0.7368722265625001 0.44656966562499995 0.7177112703125 0.297997121875
0 0.4612180859375 0.348035196875 0.20884867499999998 0.38662118749999996 0.23921116250000002 0.5415972640625 0.4876373 0.5036141796875 0.4612180859375 0.348035196875
0 0 0.5613173109375 0.00216705625 0.575134696875 0.24163058125 0.5439327406250001 0.20840089218750002 0.3839842578125 0 0.4158476859375 0 0.5613173109375
0 0.2376873078125 0.5445356484375 0.00216705625 0.575134696875 0.029214556250000003 0.7225014296875 0.26975414999999997 0.6857241578125 0.2376873078125 0.5445356484375
0 0.48611344531249995 0.5065525640625 0.23965894531249998 0.5442341953125001 0.26975414999999997 0.6857241578125 0.5131609484374999 0.6539192984375 0.48611344531249995 0.5065525640625
0 0.5127131640625 0.651282365625 0.754328828125 0.6089297765625 0.732120165625 0.46623400156250006 0.7388438625 0.44626821406249995 0.48934165468749996 0.4898266140625 0.48611344531249995 0.5065525640625 0.5127131640625 0.651282365625
0 0.7563004640625001 0.608628325 0.9959444906250001 0.5665771890625 0.9792029531249999 0.420340121875 0.9473894968750001 0.41167725781250003 0.742787134375 0.4456653078125 0.7316723828125 0.4635970703125 0.7563004640625001 0.608628325
0 0.7388438625 0.44626821406249995 0.9454178625 0.4119787125 0.9839550156250001 0.4006757875 0.9579835843750001 0.24773373593749998 0.8911284625 0.2471339609375 0.727749953125 0.285640675 0.7177112703125 0.297997121875 0.7388438625 0.44626821406249995
0 0.7820046140625 0.7480842625 0.9960600124999999 0.700501715625 0.996839759375 0.5664743703124999 0.757824315625 0.6056899390625 0.7820046140625 0.7480842625
0 0.7563004640625001 0.608628325 0.51710421875 0.6533163921875 0.5434366546875 0.7845600796875 0.7820046140625 0.7480842625 0.7563004640625001 0.608628325
0 0.5131609484374999 0.6539192984375 0.27764069375 0.6845183453125 0.3077359 0.8260083078125 0.5463038578125 0.789532490625 0.5131609484374999 0.6539192984375
0 0.075263353125 0.8507305890625 0.3081836828125 0.828645240625 0.27808847812500004 0.687155278125 0.0474070640625 0.7224252843750001 0.04283550625 0.7312404406249999 0.075263353125 0.8507305890625
0 0.11674059218749999 0.9877749 0.342850446875 0.9613200484375 0.3097075359375 0.8257068562500001 0.097846915625 0.8526884671875001 0.08825601562499999 0.8676818453124999 0.11674059218749999 0.9877749
0 0.571112440625 0.9237145640625 0.5463038578125 0.789532490625 0.3097075359375 0.8257068562500001 0.3437460140625 0.9665939124999999 0.34634593593749996 0.9580802109375 0.571112440625 0.9237145640625
0 0.8028699250000001 0.8828692406249999 0.7862151671875 0.76096746875 0.778509125 0.7513240999999999 0.5463038578125 0.789532490625 0.571112440625 0.9237145640625 0.8028699250000001 0.8828692406249999
0 0.8043937781249999 0.87993085625 0.9952522171875 0.839349709375 0.99604995625 0.7022301515625 0.7820046140625 0.7480842625 0.8043937781249999 0.87993085625
0 0.28074398125 0.2024834421875 0.15975912187500002 0.20474903437499997 0.0233552296875 0.24724765468749998 0.057660987500000004 0.40162082187500003 0.31531702031250003 0.370342721875 0.28074398125 0.2024834421875
0 0.5396565859375 0.15478084375 0.4156240203125 0.1629232046875 0.281191765625 0.2051203734375 0.31728865625 0.3700412703125 0.572705771875 0.3255785109375 0.5396565859375 0.15478084375
0 0.5947547734375 0.300564165625 0.8328749484375001 0.26145141562499996 0.8123706421874999 0.1049680765625 0.6834992375 0.1084394796875 0.5481714171875 0.14536278281249998 0.5722579890625 0.322941578125 0.5947547734375 0.300564165625