0 1 0.196789771875 0.9618223359375 0.3183631734375 0.9834291875 0.32440464062499996 1 0.325656259375 1 0.196789771875
0 1 0.1516966484375 0.9771880062499999 0.1388116421875 0.8817794843750001 0.14901508593749999 0.8314482249999999 0.30159751875 0.9245583906249999 0.307527903125 0.960048021875 0.3164805765625 1 0.19276101406249999 1 0.1516966484375
0 0.878857684375 0.1408497546875 0.65632210625 0.039805278124999996 0.6332526609375 0.044030795312499996 0.5932521734375 0.22445853124999998 0.8266459515625 0.3066325921875 0.878857684375 0.1408497546875
0 0.591686803125 0.22110921874999998 0.6325230562499999 0.0348146375 0.5998524453125 0.0204110046875 0.5481445265625 0.0095678984375 0.315455128125 0.0055062890625 0.298065796875 0.1172424 0.591686803125 0.22110921874999998
0 0.2914892109375 0.1203948765625 0.310820325 0.0054253890625 0.08783180625 0.001533109375 0.08126765625 0.0476115921875 0.2914892109375 0.1203948765625
0 1 0.3260988125 0.9873956968750001 0.32523641406250003 0.9316353390625001 0.48725405312500003 1 0.504555065625 1 0.3260988125
0 0.824662696875 0.3062167046875 0.779551596875 0.450830640625 0.8882126890625001 0.47663783437499996 0.9318442812500001 0.4857873421875 0.9828023625 0.32880477343750003 0.9400065390625001 0.31378841875 0.824662696875 0.3062167046875
0 1 0.5057644531250001 0.9197358140624999 0.4847587328125 0.8687777296875 0.6417413 1 0.7003663437500001 1 0.5057644531250001
0 0.745401475 0.590190453125 0.8378814312499999 0.6292202671875 0.8656469890625 0.6350426796875001 0.9175436187500001 0.48580955625 0.8798617906249999 0.477907709375 0.791451121875 0.45332596093750005 0.745401475 0.590190453125
0 0.5849012734375 0.22572840625 0.5471991453125 0.3900223140625 0.77694151875 0.4548148890625 0.8206961875 0.30538493125 0.5849012734375 0.22572840625
0 0.5833359015624999 0.222379096875 0.29785685625 0.1187091125 0.2628642015625 0.32133435781249997 0.54657231875 0.39442245 0.5833359015624999 0.222379096875
0 0.0497174640625 0.26908503437500003 0.25889769218750003 0.320502584375 0.2934724640625 0.1208107625 0.08126765625 0.0476115921875 0.0497174640625 0.26908503437500003
0 0.5338370265625 0.397793975 0.50553050625 0.5534844515625 0.51680320625 0.56037990625 0.7419556296875001 0.600041546875 0.7862309625 0.46129445625 0.5549232187500001 0.393152575 0.5338370265625 0.397793975
0 0.53049734375 0.392562065625 0.2569144375 0.32008669843750004 0.22463802500000002 0.5036446921875 0.5035472515625 0.5530685640625 0.53049734375 0.392562065625
0 0.25472224374999997 0.321137521875 0.049508521875 0.27055174531250004 0.0236807421875 0.4518554734375 0.024894895312500002 0.4750229 0.2228637140625 0.50176209375 0.25472224374999997 0.321137521875
0 0.19405344687499998 0.5032732375 0.024824704687499997 0.47368358906249997 0.034921115625 0.66633459375 0.1608384890625 0.6790817875 0.19405344687499998 0.5032732375
0 0.2043876015625 0.5024192484375 0.170754759375 0.6811612203124999 0.45895681406250005 0.70836536875 0.489664475 0.5501573578125 0.2043876015625 0.5024192484375
0 0.49342204062499995 0.5524558421875 0.46156689375 0.7043811203125 0.4744049640625 0.714625884375 0.5109393046874999 0.716245 0.5445687625 0.5662023203125 0.5148199531250001 0.55996401875 0.49342204062499995 0.5524558421875
0 0.152905471875 0.677418240625 0.035082590625 0.6694157093750001 0.0445722234375 0.8504886828125 0.12386596406249999 0.8525918515625 0.152905471875 0.677418240625
0 0.129815725 0.8538395124999999 0.044680242187500004 0.8525498062500001 0.047804709375 0.9121681921875 0.11936864218750001 0.9271750890625 0.129815725 0.8538395124999999
0 0.42887598125000004 0.8621732453125001 0.45697356093749997 0.7079494828125 0.1566630390625 0.679716725 0.1294012265625 0.8280736421875 0.1430716796875 0.8611508546875 0.42887598125000004 0.8621732453125001
0 0.12156083749999999 0.9261242656249999 0.387316890625 0.9818530859375001 0.41457531875000003 0.8621954609375001 0.1430716796875 0.8611508546875 0.1309632125 0.8601222453125 0.12156083749999999 0.9261242656249999
0 0.43127711875 0.8596557078125 0.47177796718750004 0.8621065968750001 0.506345971875 0.7198133609374999 0.4744049640625 0.714625884375 0.463132265625 0.7077304296875 0.43127711875 0.8596557078125
0 0.39128339687499997 0.982684859375 0.43491498906250003 0.9918343671875001 0.46091976875 0.8809770125 0.47146286249999997 0.8786563109375001 0.46979471406249995 0.8616907093749999 0.4165585734375 0.8626113468750001 0.39128339687499997 0.982684859375
0 0.7725402078125 0.6004130015625 0.746966846875 0.5935397640625 0.7441478265625 0.5989907234375 0.5445687625 0.5662023203125 0.51208679375 0.7225277328125 0.6769984546875001 0.8552937875 0.9287723328125 0.86579581875 0.973886815625 0.6924825875 0.7725402078125 0.6004130015625
0 1 0.7009374640625 0.97409575625 0.691015878125 0.9300259828125 0.85699555 0.98284085625 0.887707628125 1 0.767255278125 1 0.7009374640625
0 0.9668441484375 1 0.9824229734375001 0.8906410499999999 0.9355578609374999 0.86117663125 0.9124884171875 0.8654021484375001 0.8785744328125 1 0.9668441484375 1
0 0.87682940625 1 0.9126973578124999 0.8639354375 0.6787727671875 0.8571763859375 0.5061370296875001 0.721280071875 0.471253921875 0.880123021875 0.591804421875 1 0.87682940625 1
0 0.590192721875 1 0.45716219999999996 0.8786785265624999 0.4366893015625 0.9937169656249999 0.466651434375 1 0.590192721875 1