0 0.9068731015625 0.29121317812499997 0.9319771749999999 0.11480526093750001 0.6979308078125 0.065613246875 0.675918028125 0.122444121875 0.6601267625 0.2492612453125 0.8992553593749999 0.2982729703125 0.9068731015625 0.29121317812499997
0 0.402882021875 0.1961250296875 0.6567156953125 0.2434594390625 0.688124178125 0.040969765625 0.4999457625 0.005817395312499999 0.4371940109375 0.0050872124999999995 0.40421925156249994 0.17859808593749998 0.402882021875 0.1961250296875
0 0.398767975 0.1902037046875 0.430913065625 0.028569726562499998 0.4325267078125 0.0184003703125 0.3772264171875 0.0043894265625 0.1921902796875 0.0022363359375 0.1502130015625 0.11870188749999999 0.398767975 0.1902037046875
0 0.1541081609375 0.12145288437499999 0.10133383437500001 0.31299933125 0.3646977234375 0.3776196328125 0.4027206578125 0.1971419671875 0.1541081609375 0.12145288437499999
0 0.40520985468750004 0.19965391875 0.370655509375 0.39012065625000003 0.621734784375 0.44116424375 0.649363159375 0.2442980984375 0.40520985468750004 0.19965391875
0 0.624926959375 0.44379572031250003 0.8762251234375 0.49800963749999994 0.905420825 0.3003655984375 0.6619129765625 0.251653678125 0.624926959375 0.44379572031250003
0 0.5971947484375 0.6458660640625 0.8387662265625 0.7067812078125 0.8546008515624999 0.6979853421875 0.8780113406250001 0.5004020687499999 0.623521 0.44355667812500005 0.5971947484375 0.6458660640625
0 0.5624439328124999 0.8603199203124999 0.8326187468749999 0.9229651046875 0.8549347890625001 0.7095301953125001 0.5971947484375 0.6458660640625 0.5624439328124999 0.8603199203124999
0 0.8163908953125001 1 0.8261305531250001 0.9229063515625 0.5588251890625 0.8649265140625 0.5314786687499999 1 0.8163908953125001 1
0 0.9287520046875001 1 0.9405657656249999 0.9255483140624999 0.836860528125 0.8871333218749999 0.835050415625 0.9212897984374999 0.8275365125 0.9231453921874999 0.8189505765625 1 0.9287520046875001 1
0 0.2787735359375 0.8235782171875 0.555805584375 0.874856825 0.5954660578125 0.6476608921875 0.326328165625 0.596680084375 0.2787735359375 0.8235782171875
0 0.3708743984375 0.393290984375 0.3257865484375 0.5955436265625 0.5968144953125 0.6437126734375 0.6205477109374999 0.4440955296875 0.3708743984375 0.393290984375
0 0.050956073437500006 0.5258406578125 0.309284046875 0.581249784375 0.3234124 0.60140619375 0.36977995468749997 0.3774393453125 0.1043646484375 0.31664774375000004 0.050956073437500006 0.5258406578125
0 0 0.7490977937500001 0.25437688125 0.8089865796875 0.2833955734375 0.789899828125 0.3234699265625 0.6055934609375 0.30765919531249997 0.5778404140625 0.0429005515625 0.526559796875 0 0.6829559875 0 0.7490977937500001
0 0.520620421875 1 0.546182740625 0.8763538546874999 0.2801794984375 0.8238172609375001 0.2818282453125 0.7906777203125 0.2668228578125 0.8215463578125 0.225251390625 0.960690246875 0.451709475 1 0.520620421875 1
0 0 0.9234372640625 0.2236840671875 0.9614681390625 0.26540568750000004 0.8077285921874999 0.25286707812500003 0.8139517359375 0 0.75272623125 0 0.9234372640625