0 0.3035433140625 0.74320156875 0.32615100625000004 0.5449082390625 0.2183141515625 0.4694132625 0.123939634375 0.43938503593749995 0.0238943671875 0.4559316953125 0.0380975765625 0.7269450796875 0.059769046874999995 0.7528740421875 0.3035433140625 0.74320156875
0 0.3258190734375 0.748140609375 0.308122978125 0.7290448953124999 0.305300471875 0.7466255875 0.0869703796875 0.755870778125 0.059298628124999996 0.7558041578125 0.0383573109375 0.7319010890625 0.0410050390625 0.7824227453125 0.3125228625 0.8453283125000001 0.3258190734375 0.748140609375
0 0.22101214374999997 0.4669770515625 0.2769229390625 0.506683503125 0.289748734375 0.4124259140625 0.31039184999999997 0.3987964578125 0.2890569265625 0.38799718437499997 0.2998765375 0.3206045359375 0.073480096875 0.27951055625 0.0521451703125 0.268711284375 0.02344975 0.44744788125 0.023747459375 0.453128525 0.12171205781250001 0.43889113281250003 0.22101214374999997 0.4669770515625
0 0.365721375 0.1834829625 0.37842265625 0.104369853125 0.0926011078125 0.0167213859375 0.0526155890625 0.26578117031250004 0.0717229390625 0.2760865375 0.30257453125 0.3181683265625 0.3237433328125 0.186313146875 0.365721375 0.1834829625
0 0.37443792343750004 0.1004519328125 0.3915560640625 0.0045561671875 0.095107984375 0.00110668125 0.09354194375 0.01086115625 0.37443792343750004 0.1004519328125
0 0.37842265625 0.104369853125 0.6166487875 0.172362084375 0.6396992640625 0.0287864453125 0.543923778125 0.0063291265625 0.3955806046875 0.004602996874999999 0.3771359171875 0.09801572187499999 0.37842265625 0.104369853125
0 0.382407390625 0.1082877765625 0.36794895156249996 0.18397686562499999 0.4800472015625 0.17545300156250002 0.6062027171875 0.1943212921875 0.6117232171875 0.174304390625 0.382407390625 0.1082877765625
0 0.48227477656250006 0.17594690625 0.369706109375 0.18740088593749998 0.3237433328125 0.186313146875 0.30257453125 0.3181683265625 0.2917549203125 0.38556097500000003 0.42889616875 0.47969106874999995 0.7381833421875 0.5361293890625001 0.7843811703125 0.2914814328125 0.6512246562499999 0.20126926250000002 0.48227477656250006 0.17594690625
0 0.42889616875 0.47969106874999995 0.3116785921875 0.40515059062500003 0.2892783171875 0.41535602968749996 0.27739335625 0.5037533859375001 0.3288489984375 0.542472028125 0.3154282734375 0.6548042093750001 0.39735053593749997 0.733656584375 0.702431584375 0.7588181359374999 0.744395653125 0.5405412171874999 0.42889616875 0.47969106874999995
0 0.3946525421875 0.7360927953124999 0.3167150140625 0.6611583453125001 0.30636582031250004 0.7256208765625 0.3302742265625 0.74912841875 0.3125228625 0.8453283125000001 0.4706807640625 0.8803955109375 0.4546865578125 0.9800194234375 0.6641063468749999 0.968798615625 0.70641631875 0.762736059375 0.3946525421875 0.7360927953124999
0 1 0.10563888125000001 0.6423972578125 0.026350234374999996 0.6161783703125 0.1752921984375 0.6094956421875 0.1738104875 0.6089007109375 0.1918850828125 0.651695075 0.198339146875 0.7306979515625 0.2522688890625 0.8260133062499999 0.27643688437499997 1 0.3221691875 1 0.10563888125000001
0 1 0.3199025328125 0.7279999593750001 0.2547051 0.7861383281250001 0.294905453125 0.745115096875 0.507322140625 0.8207281703125 0.539259365625 1 0.5732226812500001 1 0.3199025328125
0 1 0.5746641 0.7925860046875 0.5421228609375001 0.7481589953125 0.517100296875 0.7065408328125 0.74759158125 0.73935954375 0.7730747390625 0.8567292671875 0.7748229328125 0.9222698093749999 0.783285925 0.984766453125 0.7819707625000001 1 0.708011384375 1 0.5746641
0 0.9217993921875 0.7862160390625 0.8567292671875 0.7748229328125 0.7366615484375 0.7755109499999999 0.7100551484375 0.7544396203125 0.6672747578125 0.963432290625 0.696108734375 0.984997525 0.9234736453125001 0.9625834703124999 0.9570947046875 0.7819041421875 0.9217993921875 0.7862160390625
0 0.9266940578125 1 0.9314431140625 0.9704193171875 0.925230803125 0.9660074890624999 0.696108734375 0.984997525 0.6645767640625 0.9658685015625 0.65909709375 1 0.9266940578125 1
0 0.658122215625 1 0.6636359296875 0.97172873125 0.4144656734375 0.986273628125 0.47637350468750006 1 0.658122215625 1