0 0.0774984171875 0.47042465 0.08313928125 0.51856585 0.175366834375 0.5258538203125 0.21222906562500002 0.512608684375 0.20681575625 0.4674704875 0.1083606484375 0.45690005781250004 0.0774984171875 0.47042465
0 0.175366834375 0.5258538203125 0.08313928125 0.51856585 0.08855259062500001 0.5637040453125 0.1787801453125 0.570898865625 0.202552590625 0.56901368125 0.200732159375 0.5449896578125 0.21582194375000002 0.53372285625 0.21022906562500002 0.5125155328125001 0.175366834375 0.5258538203125
0 0.18042100781249998 0.6188537625 0.20551079218749999 0.6080527203125 0.202552590625 0.56901368125 0.1787801453125 0.570898865625 0.0887801453125 0.5667070484375001 0.0939659 0.6088422421875 0.18042100781249998 0.6188537625
0 0.1016067640625 0.65707659375 0.1898343171875 0.6641782625 0.208696546875 0.6500947625 0.20373834531249999 0.610962571875 0.18042100781249998 0.6188537625 0.0961934546875 0.6119383968750001 0.09915165625 0.6509774359375 0.1016067640625 0.65707659375
0 0.1972476265625 0.7094096109375 0.21410985624999998 0.695232959375 0.208696546875 0.6500947625 0.1898343171875 0.6641782625 0.09960676406249999 0.6569834421875 0.10279251874999999 0.699025484375 0.1972476265625 0.7094096109375
0 0.2084333828125 0.751824259375 0.2252956125 0.73764760625 0.21793028906249998 0.7193501343750001 0.21410985624999998 0.695232959375 0.1972476265625 0.7094096109375 0.1070200734375 0.702214790625 0.11220582812499999 0.744349984375 0.2084333828125 0.751824259375
0 0.20807424531250002 0.7996860031249999 0.2289364765625 0.7856956546875 0.2252956125 0.73764760625 0.2084333828125 0.751824259375 0.1124333828125 0.7473529875 0.117391584375 0.786485178125 0.20807424531250002 0.7996860031249999
0 0.213032446875 0.8388181937500001 0.23189467656249999 0.82473469375 0.2309364765625 0.78578880625 0.20607424531250002 0.7995928515624999 0.1176191375 0.7894881812500001 0.12280489375 0.8316233734375 0.213032446875 0.8388181937500001
0 0.2286733109375 0.8874251515625 0.23953554062500002 0.8729690453125001 0.23189467656249999 0.82473469375 0.213032446875 0.8388181937500001 0.121032446875 0.834533225 0.126218203125 0.8766684187499999 0.2286733109375 0.8874251515625
0 0.320995325 0.44884925156250005 0.3146238140625 0.36476516718749996 0.2108513671875 0.3629242921875 0.21454021562499997 0.437906215625 0.320995325 0.44884925156250005
0 0.3295943890625 0.5360294890625 0.324995325 0.44903555468749995 0.2147677703125 0.44090921875 0.223366834375 0.52808945625 0.3295943890625 0.5360294890625
0 0.320995325 0.44884925156250005 0.427222878125 0.456789284375 0.42239625937499997 0.3667923453125 0.314396259375 0.3617621640625 0.320995325 0.44884925156250005
0 0.44382194375 0.544342128125 0.4406361875 0.5023000859375 0.43063618750000004 0.501834328125 0.427222878125 0.456789284375 0.324995325 0.44903555468749995 0.3295943890625 0.5360294890625 0.44382194375 0.544342128125
0 0.2091036703125 0.62916689375 0.325558778125 0.6405756859375 0.3149597125 0.5533022953125 0.3295943890625 0.5360294890625 0.223366834375 0.52808945625 0.200732159375 0.5449896578125 0.2091036703125 0.62916689375
0 0.3131872671875 0.556212146875 0.325558778125 0.6405756859375 0.44801388593749997 0.652263934375 0.4389597125 0.5590776890625 0.44382194375 0.544342128125 0.3295943890625 0.5360294890625 0.3131872671875 0.556212146875
0 0.206876115625 0.6260707390625 0.208696546875 0.6500947625 0.21410985624999998 0.695232959375 0.21815784218749998 0.7223531375000001 0.334385396875 0.7307589265625001 0.327558778125 0.6406688375 0.206876115625 0.6260707390625
0 0.336385396875 0.7308520781250001 0.46084050468750004 0.7426334781249999 0.45201388593749997 0.6524502375 0.327558778125 0.6406688375 0.336385396875 0.7308520781250001
0 0.21793028906249998 0.7193501343750001 0.2272956125 0.7377407578125 0.2309364765625 0.78578880625 0.23252935312499998 0.8068098265625 0.3467569078125 0.8151224656249999 0.334385396875 0.7307589265625001 0.21793028906249998 0.7193501343750001
0 0.46566712343749994 0.8326304171875 0.46875690781249996 0.82080470625 0.46084050468750004 0.7426334781249999 0.342385396875 0.7311315328125 0.3487569078125 0.8152156171874999 0.46566712343749994 0.8326304171875
0 0.23252935312499998 0.8068098265625 0.23189467656249999 0.82473469375 0.23953554062500002 0.8729690453125001 0.2399906484375 0.87897505 0.34912841875 0.899020246875 0.3409844609375 0.8178460140625001 0.23252935312499998 0.8068098265625
0 0.46626618750000004 0.9194380499999999 0.4715835265625 0.9107084953125 0.46566712343749994 0.8326304171875 0.3449844609375 0.8180323171874999 0.351355971875 0.9021164015625001 0.46626618750000004 0.9194380499999999
0 0.4408637421875 0.5053030890625 0.44382194375 0.544342128125 0.45128323750000005 0.6165073515625 0.5592832375000001 0.62153753125 0.5506361875 0.5074234171875001 0.4408637421875 0.5053030890625
0 0.45128323750000005 0.6165073515625 0.45401388593750003 0.6525433890625 0.45924762656249996 0.7216124578125 0.56547518125 0.7295524890625 0.5592832375000001 0.62153753125 0.45128323750000005 0.6165073515625
0 0.45924762656249996 0.7216124578125 0.4628405046875 0.742726628125 0.46875690781249996 0.82080470625 0.5707569078125 0.8255554328124999 0.56547518125 0.7295524890625 0.45924762656249996 0.7216124578125
0 0.46875690781249996 0.82080470625 0.4778110796875 0.9139909515625 0.5822661874999999 0.9248408359375 0.5749844609375 0.8287447390624999 0.46875690781249996 0.82080470625
0 0.5844937421874999 0.9279369890625 0.6864937421875 0.932687715625 0.681212015625 0.836684771875 0.577212015625 0.8318408937499999 0.5844937421874999 0.9279369890625
0 0.5727569078125 0.8256485843749999 0.5749844609375 0.8287447390624999 0.683212015625 0.8367779234375 0.675702734375 0.7376788249999999 0.5674751812500001 0.729645640625 0.5727569078125 0.8256485843749999
0 0.56547518125 0.7295524890625 0.67747518125 0.7347689734375 0.6697383453125 0.6326668703125 0.5592832375000001 0.62153753125 0.56547518125 0.7295524890625
0 0.5572832375 0.6214443796875 0.6697383453125 0.6326668703125 0.6606361875 0.51254675 0.5506361875 0.5074234171875001 0.5572832375 0.6214443796875
0 0.665078921875 0.3870726859375 0.6700851078125 0.4531387515625 0.7720851078125001 0.45788947812499997 0.767078921875 0.3918234125 0.665078921875 0.3870726859375
0 0.6700851078125 0.4531387515625 0.6730912953125 0.519111665625 0.77731885 0.526958546875 0.7720851078125001 0.45788947812499997 0.6700851078125 0.4531387515625
0 0.6730912953125 0.519111665625 0.6606361875 0.51254675 0.667642375 0.57870596875 0.6743250359374999 0.5879944312500001 0.7780974828125 0.5898353078125 0.77731885 0.526958546875 0.6730912953125 0.519111665625
0 0.6723250359375 0.5879012796875001 0.6674148203125 0.575702965625 0.6733312234375 0.65378104375 0.7791036703125 0.6557150703125 0.7780974828125 0.5898353078125 0.6723250359375 0.5879012796875001
0 0.6733312234375 0.65378104375 0.676061871875 0.6898170796875001 0.6807445328124999 0.6990123921875 0.7845169796875 0.7008532671875 0.7836067640625 0.6888412546875 0.7791036703125 0.6557150703125 0.6733312234375 0.65378104375
0 0.6787445328125 0.698919240625 0.68511604375 0.7830033234375 0.699391584375 0.8135922640625 0.8053915843749999 0.8185292921875 0.80479251875 0.731721659375 0.784289425 0.6978502640625 0.6787445328125 0.698919240625
0 0.699391584375 0.8135922640625 0.6871640296875 0.8100303515625 0.6914875546875 0.8670874078124999 0.699535540625 0.8943938906250001 0.819535540625 0.8999829796875 0.8163018 0.8310070609375 0.8073915843749999 0.81862244375 0.699391584375 0.8135922640625
0 0.697535540625 0.8943007390625001 0.6964937421874999 0.9331534734375 0.7069968359375001 0.9665591140625001 0.8229968359375001 0.9719618999999999 0.819535540625 0.8999829796875 0.697535540625 0.8943007390625001
0 0.8217630953124999 0.9030791328125 0.9377630953124999 0.9084819203125001 0.9399426625 0.8846442 0.9340742453124999 0.8334999968749999 0.9271640296875001 0.8212085312499999 0.9171640296874999 0.8207427734375001 0.9178466921874999 0.82975178125 0.8160742453125 0.8280040578125 0.8217630953124999 0.9030791328125
0 0.9429968359374999 0.9775509906250001 0.94312841875 0.9266862421875001 0.9377630953124999 0.9084819203125001 0.8217630953124999 0.9030791328125 0.8249968359375 0.9720550515624999 0.9429968359374999 0.9775509906250001
0 0.7856067640625 0.68893440625 0.7927445328125 0.704228875 0.8967445328125001 0.709072753125 0.8958343171875001 0.697060740625 0.89246899375 0.6789495703124999 0.894876115625 0.6581148531250001 0.7868761156249999 0.6530846734375 0.7856067640625 0.68893440625
0 0.788876115625 0.6531778234375001 0.8928761156249999 0.6580217015625001 0.8921934546875001 0.6490126921875 0.8821934546874999 0.6485469359375 0.8780974828125 0.5944928828125 0.7800974828125 0.589928459375 0.7786485625 0.6497090640625001 0.788876115625 0.6531778234375001
0 0.7800974828125 0.589928459375 0.8800974828125 0.5945860328125 0.8858699281250001 0.591862484375 0.8808637421875 0.5257964171875 0.7788637421875 0.5210456906250001 0.7800974828125 0.589928459375
0 0.8788637421875001 0.525703265625 0.8743126625000001 0.46564320625000005 0.7740851078125 0.457982628125 0.7788637421875 0.5210456906250001 0.8788637421875001 0.525703265625
0 0.8763126625 0.46573635781249995 0.8800851078124999 0.4629196578125 0.875306475 0.3998565953125 0.769078921875 0.3919165625 0.7720851078125001 0.45788947812499997 0.8763126625 0.46573635781249995
0 0.8800851078124999 0.4629196578125 0.88213309375 0.489946684375 0.9803606484375 0.49751411093750003 0.9755340296874999 0.4075171734375 0.877078921875 0.39694674375 0.8800851078124999 0.4629196578125
0 0.8786361875 0.5227002625 0.8847321593749999 0.57684746875 0.980732159375 0.581318740625 0.9803606484375 0.49751411093750003 0.88213309375 0.489946684375 0.87613309375 0.4896672296875 0.8786361875 0.5227002625
0 0.8847321593749999 0.57684746875 0.8858699281250001 0.591862484375 0.8800974828125 0.5945860328125 0.8821934546874999 0.6485469359375 0.8921934546875001 0.6490126921875 0.894876115625 0.6581148531250001 0.9831036703124999 0.665216521875 0.980732159375 0.581318740625 0.8847321593749999 0.57684746875
0 0.8926485625 0.6550186984375 0.89446899375 0.6790427218749999 0.8958343171875001 0.697060740625 0.8965169796874999 0.7060697499999999 0.8974271953124999 0.7180817609375 0.9090200734374999 0.739568540625 0.9141578421875 0.7547698578125 0.9861578421875 0.7581233109375 0.9851036703125 0.6653096734374999 0.8926485625 0.6550186984375
0 0.7907445328125 0.704135725 0.80679251875 0.7318148109375 0.8051640296875 0.8155262890625 0.8158466921875 0.8250010546875 0.9178466921874999 0.82975178125 0.9110200734375 0.7396616921875 0.8889720875 0.7117031500000001 0.7907445328125 0.704135725
0 1 0.7587680203125 0.9861578421875 0.7581233109375 0.9141578421875 0.7547698578125 0.917391584375 0.8237457765625 0.9251640296874999 0.8211153796874999 0.9340742453124999 0.8334999968749999 0.939715109375 0.881641196875 1 0.884449009375 1 0.7587680203125
0 1 0.8861798078125 0.939715109375 0.881641196875 0.9377630953124999 0.9084819203125001 0.94312841875 0.9266862421875001 0.942541728125 0.9715449843749999 1 0.9759366265624999 1 0.8861798078125
0 0.21340244687499998 0.4228912 0.105402446875 0.41786101875000004 0.1083606484375 0.45690005781250004 0.20681575625 0.4674704875 0.21613309374999998 0.4589272359375 0.21340244687499998 0.4228912
0 0.21340244687499998 0.4228912 0.20976158281249999 0.37484315156250003 0.1977615828125 0.3742842421875 0.0997615828125 0.36971981875000004 0.105402446875 0.41786101875000004 0.21340244687499998 0.4228912