0 0 0.030371203125000003 0.001541284375 0.16614895624999998 0.302458715625 0.1599570703125 0.2932844046875 0 0 0.00224971875 0 0.030371203125000003
0 0.2932844046875 0 0.304293578125 0.15789310625 0.599706421875 0.1589250890625 0.6052110093749999 0 0.2932844046875 0
0 0.6052110093749999 0 0.6052110093749999 0.1599570703125 0.904293578125 0.1599570703125 0.909798165625 0.00103198125 0.6052110093749999 0
0 0.909798165625 0.00103198125 0.906128440625 0.16202103125 0.998 0.158605175 0.998 0 0.909798165625 0.00103198125
0 0.808880734375 0.16202103125 0.7997064218750001 0.3168181953125 0.998 0.3172103484375 0.998 0.158605175 0.808880734375 0.16202103125
0 0.408880734375 0.1589250890625 0.41438532187500005 0.3168181953125 0.792366971875 0.3168181953125 0.805211009375 0.16098905 0.408880734375 0.1589250890625
0 0.405211009375 0.1589250890625 0.008880734375000001 0.16614895624999998 0.0180550453125 0.31785017656250003 0.408880734375 0.314754234375 0.405211009375 0.1589250890625
0 0.309798165625 0.31578621562500003 0.3226422015625 0.4612955484375 0.6052110093749999 0.46026356875 0.607045871875 0.31578621562500003 0.309798165625 0.31578621562500003
0 0.6052110093749999 0.31888215937500003 0.599706421875 0.46026356875 0.880440365625 0.457167625 0.8951192656250001 0.3168181953125 0.6052110093749999 0.31888215937500003
0 0.8951192656250001 0.3168181953125 0.8822752296875 0.45613564375 0.998 0.4578177734375 0.998 0.3194600671875 0.8951192656250001 0.3168181953125
0 0.313467890625 0.3168181953125 0.0198899078125 0.31888215937500003 0.03823853125 0.4612955484375 0.3153027515625 0.45819960625 0.313467890625 0.3168181953125
0 0.014385321875 0.596485071875 0.3758532125 0.5933891296875 0.3703486234375 0.4612955484375 0.034568807812500005 0.46026356875 0.0290642203125 0.45303970156249995 0 0.46119235156249994 0.014385321875 0.596485071875
0 0.3703486234375 0.4633595125 0.3813577984375 0.5933891296875 0.7428256875 0.5923571484375 0.7464954125000001 0.46026356875 0.3703486234375 0.4633595125
0 0.8767706421874999 0.457167625 0.7464954125000001 0.46026356875 0.7483302765625 0.5944211109374999 0.998 0.5961754781249999 0.998 0.4600674921875 0.8767706421874999 0.457167625
0 0.8455779812499999 0.5923571484375 0.8364036703125001 0.720322803125 0.998 0.7165354328125 0.998 0.59955005625 0.8455779812499999 0.5923571484375
0 0.5648440359375 0.595453090625 0.5703486234375 0.723418746875 0.83823853125 0.721354784375 0.84190825625 0.5944211109374999 0.5648440359375 0.595453090625
0 0.298788990625 0.596485071875 0.302458715625 0.719290821875 0.5630091734375 0.719290821875 0.5648440359375 0.5933891296875 0.298788990625 0.596485071875
0 0.298788990625 0.596485071875 0.0180550453125 0.600612996875 0.036403670312500004 0.722386765625 0.296954128125 0.719290821875 0.298788990625 0.596485071875
0 0.3960366984375 0.722386765625 0.045577981249999996 0.726514690625 0.06576146875 0.8451925156250001 0.40154128437500003 0.8390006296875001 0.3960366984375 0.722386765625
0 0.397871559375 0.719290821875 0.407045871875 0.8431285531249999 0.7446605500000001 0.8420965718750001 0.7538348625 0.723418746875 0.397871559375 0.719290821875
0 0.7611743125 0.727546671875 0.7483302765625 0.8400326109374999 0.998 0.840269965625 0.998 0.7221597296875 0.7611743125 0.727546671875