0 0.378 0.024 0.37 0 0.088 0.0026666671875 0.08399999999999999 0.048 0.09 0.10133333281250001 0.092 0.0506666671875 0.378 0.024
0 0.37 0 0.38 0.0186666671875 0.658 0.0053333328125 0.65 0 0.37 0
0 0.44400000000000006 0.14666666718750002 0.38 0.024 0.09 0.0506666671875 0.094 0.192 0.126 0.528 0.45 0.47466666718750006 0.44400000000000006 0.14666666718750002
0 0.768 0.11200000000000002 0.666 0.0053333328125 0.382 0.0186666671875 0.45 0.144 0.45199999999999996 0.472 0.748 0.42400000000000004 0.768 0.11200000000000002
0 0.76 0.2533333328125 0.8800000000000001 0.2293333328125 0.78 0.1253333328125 0.77 0.1146666671875 0.76 0.2533333328125
0 1 0.36 0.882 0.23199999999999998 0.76 0.2533333328125 0.752 0.40800000000000003 0.76 0.4266666671875 0.742 0.688 0.748 0.688 1 0.6266666671875 1 0.376 1 0.36
0 0.76 0.42400000000000004 0.754 0.40800000000000003 0.75 0.4186666671875 0.746 0.42400000000000004 0.49400000000000005 0.4613333328125 0.45999999999999996 0.4773333328125 0.466 0.744 0.472 0.752 0.742 0.6906666671874999 0.76 0.42400000000000004
0 0.132 0.536 0.16599999999999998 0.8160000000000001 0.458 0.7493333328125 0.454 0.48266666718750006 0.132 0.536
0 0.41200000000000003 1 0.48 0.976 0.476 0.7546666671875 0.46799999999999997 0.7493333328125 0.462 0.744 0.458 0.752 0.21200000000000002 0.8053333328125 0.16999999999999998 0.8186666671875 0.192 0.9893333328124999 0.20600000000000002 1 0.41200000000000003 1
0 0.76 0.6906666671874999 0.748 0.6906666671874999 0.48 0.76 0.48200000000000004 0.9146666671875 0.49800000000000005 0.9733333328124999 0.744 0.9146666671875 0.76 0.6906666671874999
0 0.76 0.688 0.746 0.9119999999999999 0.968 0.8426666671874999 0.994 0.624 0.76 0.688