0 0.002 0 0 0.20179372187500003 0.176 0.2092675640625 0.158 0.016442451562499998 0.08 0 0.002 0
0 0 0.40358744375000005 0.196 0.396113603125 0.176 0.21076233125 0 0.20179372187500003 0 0.40358744375000005
0 0.024 0.5889387140625 0.11000000000000001 0.5799701046875 0.088 0.3991031390625 0.002 0.4050822125 0 0.5680119578125 0.024 0.5889387140625
0 0 0.6846038859375 0.044 0.7593423015625 0.126 0.7428998499999999 0.10600000000000001 0.5799701046875 0.024 0.5904334828125 0 0.5695067265625 0 0.6846038859375
0 0.02 0.8370702546875 0.066 0.9058295968750001 0.13799999999999998 0.89237668125 0.122 0.7428998499999999 0.044 0.7593423015625 0.002 0.6890881906249999 0.02 0.8370702546875
0 0 0.795216740625 0.014000000000000002 0.8295964124999999 0.02 0.8370702546875 0 0.690582959375 0 0.795216740625
0 0.028000000000000004 0.8998505234374999 0.068 0.99850523125 0.16 0.99850523125 0.154 0.9222720484375 0.13799999999999998 0.8953662187500001 0.066 0.9073243640624999 0.02 0.840059790625 0.028000000000000004 0.8998505234374999
0 0.47800000000000004 0.89387145 0.20800000000000002 0.9865470859375 0.158 0.9222720484375 0.156 0.99850523125 0.484 1 0.47800000000000004 0.89387145
0 0.466 0.7428998499999999 0.184 0.8146487296875 0.124 0.7414050828125001 0.136 0.8968609859375001 0.21000000000000002 0.9865470859375 0.47800000000000004 0.89237668125 0.466 0.7428998499999999
0 0.126 0.74439461875 0.186 0.8161434984374999 0.47400000000000003 0.7414050828125001 0.47800000000000004 0.5814648734375 0.174 0.626307921875 0.10600000000000001 0.5784753359375 0.126 0.74439461875
0 0.11200000000000002 0.5784753359375 0.176 0.629297459375 0.47400000000000003 0.5799701046875 0.47400000000000003 0.4050822125 0.388 0.3871449921875 0.086 0.3991031390625 0.11200000000000002 0.5784753359375
0 0.388 0.3871449921875 0.38 0.222720478125 0.176 0.2092675640625 0.196 0.394618834375 0.388 0.3871449921875
0 0.38 0.222720478125 0.374 0.040358743749999995 0.156 0.016442451562499998 0.178 0.2092675640625 0.38 0.222720478125
0 0.542 0.23318385625000002 0.536 0.22720478281249998 0.382 0.222720478125 0.386 0.38863976093749997 0.546 0.3766816140625 0.542 0.23318385625000002
0 0.536 0.22720478281249998 0.544 0.234678625 0.542 0.06576980624999999 0.37 0.0388639765625 0.378 0.222720478125 0.536 0.22720478281249998
0 0.158 0.0014947687499999999 0.158 0.014947682812499998 0.374 0.0388639765625 0.372 0.0014947687499999999 0.158 0.0014947687499999999
0 0.376 0.040358743749999995 0.55 0.0687593421875 0.548 0.0014947687499999999 0.372 0 0.376 0.040358743749999995
0 0.548 0 0.55 0.0672645734375 0.738 0.08669656249999999 0.744 0.0014947687499999999 0.548 0
0 0.544 0.23318385625000002 0.734 0.23916292968750003 0.736 0.0896860984375 0.674 0.08071748906250001 0.542 0.0672645734375 0.544 0.23318385625000002
0 0.728 0.3766816140625 0.734 0.2406576984375 0.544 0.234678625 0.544 0.38415545624999997 0.728 0.3766816140625
0 0.9039999999999999 0.246636771875 0.734 0.2406576984375 0.728 0.3766816140625 0.892 0.36472346718750004 0.9039999999999999 0.246636771875
0 0.736 0.23916292968750003 0.9019999999999999 0.245142003125 0.9119999999999999 0.1016442453125 0.774 0.097159940625 0.74 0.10313901406249999 0.736 0.23916292968750003
0 0.774 0.09865470781249999 0.9119999999999999 0.1016442453125 0.924 0 0.744 0.0014947687499999999 0.738 0.1016442453125 0.774 0.09865470781249999
0 1 0.0014947687499999999 0.924 0 0.9119999999999999 0.097159940625 0.9400000000000001 0.08669656249999999 1 0.09865470781249999 1 0.0014947687499999999
0 0.9380000000000001 0.0881913296875 0.914 0.097159940625 0.9019999999999999 0.2316890875 0.942 0.22571001562499998 1 0.22720478281249998 0.998 0.09865470781249999 0.9380000000000001 0.0881913296875
0 0.966 0.28400597968749997 0.998 0.2810164421875 0.998 0.22869955156250002 0.9400000000000001 0.22571001562499998 0.9019999999999999 0.2316890875 0.9039999999999999 0.24364723437500002 0.8939999999999999 0.352765321875 0.954 0.351270553125 0.966 0.28400597968749997
0 0.8960000000000001 0.3542600890625 0.8939999999999999 0.3677130046875 0.952 0.3692077734375 0.9560000000000001 0.352765321875 0.8960000000000001 0.3542600890625
0 0.6940000000000001 0.5455904328125001 0.702 0.3901345296875 0.544 0.3826606875 0.386 0.3856502234375 0.47400000000000003 0.4050822125 0.47400000000000003 0.5814648734375 0.6940000000000001 0.5455904328125001
0 0.696 0.6890881906249999 0.6980000000000001 0.5455904328125001 0.47800000000000004 0.5814648734375 0.47400000000000003 0.7428998499999999 0.696 0.6890881906249999
0 0.686 0.8221225703125 0.692 0.6890881906249999 0.466 0.7458893875 0.476 0.89237668125 0.686 0.8221225703125
0 0.558 0.99850523125 0.6900000000000001 0.947683109375 0.6940000000000001 0.82810164375 0.686 0.8236173390625 0.47800000000000004 0.89237668125 0.484 0.99850523125 0.558 0.99850523125
0 0.688 0.9461883406249999 0.558 0.99850523125 0.686 1 0.688 0.9461883406249999
0 0.688 0.9461883406249999 0.688 0.99850523125 0.8140000000000001 0.99850523125 0.8400000000000001 0.989536621875 0.828 0.89387145 0.688 0.9461883406249999
0 0.6940000000000001 0.8266068765625001 0.6900000000000001 0.947683109375 0.8300000000000001 0.8908819140625001 0.8480000000000001 0.8849028406249999 0.8560000000000001 0.7713004484375 0.692 0.8221225703125 0.6940000000000001 0.8266068765625001
0 0.688 0.8221225703125 0.8539999999999999 0.7713004484375 0.8640000000000001 0.6427503734375 0.6940000000000001 0.6875934234375001 0.688 0.8221225703125
0 0.8640000000000001 0.6427503734375 0.876 0.5201793718750001 0.696 0.5455904328125001 0.6940000000000001 0.6875934234375001 0.8640000000000001 0.6427503734375
0 0.704 0.38863976093749997 0.692 0.5470852015625 0.874 0.518684603125 0.8880000000000001 0.3781763828125 0.776 0.373692078125 0.5660000000000001 0.3826606875 0.704 0.38863976093749997
0 0.776 0.372197309375 0.8880000000000001 0.3781763828125 0.874 0.5201793718750001 0.998 0.500747384375 1 0.3751868453125 0.89 0.3662182359375 0.776 0.372197309375
0 0.8640000000000001 0.6427503734375 0.998 0.61883408125 0.998 0.500747384375 0.874 0.518684603125 0.8640000000000001 0.6427503734375
0 0.986 0.7279521671875 0.998 0.6173393125 0.8640000000000001 0.6427503734375 0.8560000000000001 0.7727952171875 0.986 0.7279521671875
0 0.984 0.83109118125 0.998 0.733931240625 0.99 0.7264573984375 0.8560000000000001 0.7727952171875 0.85 0.8849028406249999 0.984 0.83109118125
0 0.842 0.9880418531249999 0.968 0.9282511203125001 0.984 0.8325859484375 0.8480000000000001 0.8863976078125001 0.8300000000000001 0.89237668125 0.842 0.9880418531249999