0 0.25200586875000003 0.45836447343750003 0.161966278125 0.3001708359375 0.157683865625 0.27645653281250004 0.151871490625 0.123318475 0.158913003125 0.11866928750000001 0.1496608921875 0.10733628749999999 0.0047105203125 0.1348916375 0.0144874140625 0.41486525625 0.07982748437500001 0.496212275 0.25200586875000003 0.45836447343750003
0 0.38453888593749996 0.21843333281250002 0.37293738906249996 0.1828680734375 0.3618877125 0.14163011875 0.34890500625 0.100910115625 0.3381328984375 0.0761723 0.1538045203125 0.12280052187499998 0.15961689375000002 0.275938578125 0.1638993078125 0.29965288437500004 0.26001555625 0.4727928 0.4366118171875 0.42823639375000006 0.404427640625 0.2849270578125 0.39544977812500004 0.25142121875 0.38453888593749996 0.21843333281250002
0 0.4316354765625 0.3632717390625 0.44848424218750005 0.40295583125 0.45621635781250003 0.4008840171875 0.610719909375 0.3511976578125 0.5879199875000001 0.1501254328125 0.5676181984374999 0.0975544765625 0.5517376078125 0.0769478953125 0.542207925 0.0491147546875 0.5214931015625 0.0104665640625 0.347520475 0.057082390625 0.3638207421875 0.141112165625 0.37362799375 0.185445446875 0.386471915625 0.21791537968750002 0.39544977812500004 0.25142121875 0.40636066875 0.2844091046875 0.4198951953125 0.3194564078125 0.4316354765625 0.3632717390625
0 0.678359325 0.139704384375 0.627271175 0.142343734375 0.5905436203125001 0.15218485312500002 0.606572959375 0.2970604453125 0.63363536875 0.28980909375 0.6555892937500001 0.286688978125 0.7077810828125 0.2727042296875 0.7336010671875 0.26854820468749996 0.74395681875 0.268535809375 0.678359325 0.139704384375
0 0.32009485312499997 0.6583512078125 0.3271363640625 0.6537020203125 0.2799076328125 0.5779595046875 0.2712073390625 0.56095380625 0.264991896875 0.53775745625 0.26001555625 0.4727928 0.25200586875000003 0.45836447343750003 0.08051808906249999 0.49878964843749996 0.0780398828125 0.582326259375 0.0859107859375 0.5885045156250001 0.09502411093749999 0.5915874453125001 0.1292701390625 0.626609959375 0.1570264734375 0.660608959375 0.184782809375 0.6946079625 0.2273094515625 0.68321298125 0.32009485312499997 0.6583512078125
0 0.4791550671875 0.6102063125 0.44628360625 0.502992584375 0.4308127296875 0.42979025625 0.260706159375 0.475370171875 0.264991896875 0.53775745625 0.2712073390625 0.56095380625 0.28253126562499997 0.5800189234375 0.331141209375 0.660916184375 0.3588942234375 0.65624220625 0.40791055781249996 0.6458707375 0.4839893015625 0.62824791875 0.4791550671875 0.6102063125
0 0.45814938749999995 0.4003660640625 0.44848424218750005 0.40295583125 0.42197033125 0.36586150625 0.438544846875 0.427718440625 0.43343636406249997 0.43184967187499995 0.44766481718750006 0.50814733125 0.48523172499999995 0.62515259375 0.634213759375 0.593520234375 0.623018653125 0.46668624999999997 0.5882141640625 0.3599904734375 0.45814938749999995 0.4003660640625
0 0.60795416875 0.3022151890625 0.610719909375 0.3511976578125 0.597879309375 0.35740070625000003 0.6256422890625 0.4687456671875 0.6351786140625 0.57392476875 0.6473319296875 0.603817328125 0.70408038125 0.5913740453125 0.7968657828125 0.566512271875 0.8179803546875 0.436545771875 0.740090759375 0.26957171562500004 0.60795416875 0.3022151890625
0 0.34412059375 0.6629632062499999 0.33376484375 0.662975603125 0.3271363640625 0.6537020203125 0.320785459375 0.6609285781249999 0.1912725015625 0.695631471875 0.19182764375 0.728631753125 0.26556696562500004 0.8027956171874999 0.391075078125 0.7608785609375001 0.384998421875 0.74593228125 0.3747781328125 0.7155217687500001 0.3542020953125 0.68512365 0.34688301250000003 0.6732726953125 0.34412059375 0.6629632062499999
0 0.5065016890625 0.6968010625 0.49586836874999995 0.68031331875 0.4989050375 0.66844996875 0.4965556515625 0.6442177109375 0.4936544484375 0.6256581515625 0.4839893015625 0.62824791875 0.40597752812500004 0.646388690625 0.3434299890625 0.6603858359375 0.34688301250000003 0.6732726953125 0.35751633437499997 0.6897604421875 0.3747781328125 0.7155217687500001 0.38693145 0.7454143281250001 0.3903844734375 0.7583011890625 0.5225210640625 0.7256577156249999 0.5125783484374999 0.7117473421875 0.5065016890625 0.6968010625
0 0.646786753125 0.6868359875000001 0.6434658703125 0.6048532359375 0.6365598218749999 0.5790795140625 0.632971334375 0.5966155609375 0.4955874765625 0.625140196875 0.519206825 0.7210209265625 0.646786753125 0.6868359875000001
0 0.79106669375 0.5680661328125 0.7021473515625 0.591892 0.6427752671875 0.6022758640625 0.6481679625 0.69199073125 0.7783715234375 0.6598652125 0.79106669375 0.5680661328125