0 0.0727059203125 0 0.0692523703125 0.0346775921875 0.223951175 0.041491235937499996 0.22637824218749997 0 0.0727059203125 0
0 0.22838610625000003 0 0.22594477343750002 0.0417351234375 0.243100215625 0.07209390624999999 0.24986796406249998 0.0446617703125 0.2997079453125 0.0507589515625 0.3794519140625 0.060514442187499996 0.421516109375 0.06364179375 0.43060876718749996 0 0.22838610625000003 0
0 0.4312371203125 0 0.42370831875 0.061891401562500004 0.4376635140625 0.0635986109375 0.45860005 0.0762527703125 0.47514467812500005 0.07222102968750001 0.48533484375 0 0.4312371203125 0
0 0.48637296250000006 0 0.47933048593749994 0.070714525 0.681279840625 0.0893642984375 0.6921945093749999 0 0.48637296250000006 0
0 0.9157226125 0.1059334328125 0.9396458046875 0.1088600796875 0.9493852234375 0.03132706875 0.6942045234374999 0.0001095 0.6810812281249999 0.0913585796875 0.77657538125 0.1050594453125 0.777568434375 0.09508805000000001 0.9157226125 0.1059334328125
0 0.243100215625 0.07209390624999999 0.223951175 0.041491235937499996 0.0692523703125 0.0346775921875 0.0527676765625 0.20020278593750002 0.132114421875 0.213946834375 0.213851990625 0.22394621250000002 0.2299993953125 0.22390303125000002 0.243100215625 0.07209390624999999
0 0.38343911249999996 0.0610022171875 0.3017015453125 0.051002839062500006 0.252060175 0.0429113765625 0.2448952046875 0.07433207343750001 0.23179438437500002 0.2261411984375 0.41680188906250004 0.2528112703125 0.4351415046875 0.2510176984375 0.45481146250000004 0.0737707171875 0.43566991406250005 0.063354725 0.41553531093749996 0.06291013281249999 0.38343911249999996 0.0610022171875
0 0.5824692359375 0.2710596328125 0.6093116578125 0.0825786390625 0.47933048593749994 0.070714525 0.4566064515625 0.07600888125000001 0.43314790625 0.250773809375 0.5824692359375 0.2710596328125
0 0.7435535515625 0.294803059375 0.77657538125 0.1050594453125 0.6828762171875 0.0935967453125 0.6733054421875 0.08838875 0.61130525625 0.08282252500000001 0.584462834375 0.2713035203125 0.7435535515625 0.294803059375
0 0.9227788703125 0.31874719375 0.959795390625 0.149678034375 0.9635689953125001 0.111786725 0.777568434375 0.09508805000000001 0.7455471515625 0.295046946875 0.9227788703125 0.31874719375
0 1 0.08736694843750001 0.94422134375 0.083178334375 0.9396458046875 0.1088600796875 0.9653639828125 0.11402489062500001 0.9615903796874999 0.15191620156250002 0.9227788703125 0.31874719375 1 0.33068410625 1 0.08736694843750001
0 0.1319158125 0.2159411140625 0.0527676765625 0.20020278593750002 0.03628298125 0.3657279765625 0.1214119140625 0.3821979671875 0.1359629421875 0.37792234062499996 0.14766599375 0.219886490625 0.1319158125 0.2159411140625
0 0.23019800468749999 0.2219087515625 0.2098647921875 0.2234584375 0.150056815625 0.2161418203125 0.13576432968750002 0.3799166203125 0.25418861875 0.40651553125 0.38337534687499997 0.4263567609375 0.4072985390625 0.429283409375 0.4267698859375 0.25403070781250003 0.233589371875 0.22837936406249998 0.23019800468749999 0.2219087515625
0 0.601479596875 0.46515003750000006 0.6281234078125 0.2786633203125 0.437135103125 0.2512615859375 0.4267698859375 0.25403070781250003 0.4074971484375 0.4272891296875 0.601479596875 0.46515003750000006
0 0.8587850843749999 0.31293708124999997 0.62832201875 0.2766690390625 0.599485996875 0.46490615 0.8273596328125 0.5069131390625 0.8587850843749999 0.31293708124999997
0 1 0.3317193046875 0.8587850843749999 0.31293708124999997 0.8271610218750001 0.50890741875 1 0.5422650499999999 1 0.3317193046875
0 0.0420651671875 0.36845391875 0.03608436875 0.3677222578125 0.0268297578125 0.46064914687499997 0.0300468890625 0.5158851624999999 0.0355409765625 0.515011865625 0.0420651671875 0.36845391875
0 0.03315015625 0.5187565375000001 0.19683139375 0.55694769375 0.210528046875 0.3991557328125 0.13576432968750002 0.3799166203125 0.1214119140625 0.3821979671875 0.0440587671875 0.3686978046875 0.03315015625 0.5187565375000001
0 0.19683139375 0.55694769375 0.3664934296875 0.5958705125 0.37506365937499997 0.5908632218750001 0.397330540625 0.428063971875 0.2559836078125 0.40875369843750003 0.2107266578125 0.397161453125 0.19683139375 0.55694769375
0 0.519206128125 0.6226269484375 0.5438638296875 0.45608302656250005 0.4072985390625 0.429283409375 0.3991255296875 0.43030213906250003 0.3748650484375 0.5928575031250001 0.519206128125 0.6226269484375
0 0.702160103125 0.48755968593750004 0.5438638296875 0.45608302656250005 0.5190075171874999 0.624621228125 0.6725221484375 0.6635872296875001 0.702160103125 0.48755968593750004
0 0.8764051703125 0.5209874390625 0.7043523125 0.4858092921875 0.672720759375 0.66159295 0.8415883515625 0.708492884375 0.8764051703125 0.5209874390625
0 1 0.5440309078125 0.87660378125 0.518993159375 0.8417869625 0.7064986078125 1 0.7490690609375 1 0.5440309078125
0 0.0993960828125 0.684309709375 0.1097088625 0.540233815625 0.0313551671875 0.5165183703125 0.0300929328125 0.5166757015625 0.039349578125 0.6756061546875001 0.0812550796875 0.684109003125 0.0993960828125 0.684309709375
0 0.23411394843750002 0.5675643906250001 0.1097088625 0.540233815625 0.09919747343749999 0.6863039890625 0.21702592968749998 0.7188857390625001 0.23411394843750002 0.5675643906250001
0 0.21882091718750002 0.7211239046875 0.34641875781250003 0.756919371875 0.3555848203125 0.74592924375 0.3706792390625 0.594364009375 0.36449983124999996 0.595626625 0.23411394843750002 0.5675643906250001 0.21882091718750002 0.7211239046875
0 0.5429981296874999 0.8092280093750001 0.5662580640625 0.6364573609375 0.5190075171874999 0.624621228125 0.3748650484375 0.5928575031250001 0.354591765625 0.7559006421875 0.5429981296874999 0.8092280093750001
0 0.7445652453125 0.8722397046875001 0.77679263125 0.690473209375 0.674515746875 0.6638311171875 0.568251665625 0.6367012484375 0.54279951875 0.8112222875 0.7445652453125 0.8722397046875001
0 1 0.7510076765625 0.8457741609375 0.70698638125 0.839594753125 0.7082489984375 0.77679263125 0.690473209375 0.74655884375 0.8724835921875 0.85800928125 0.908322240625 0.9660683515624999 0.9376902749999999 0.988395165625 0.9363844765625 1 0.8198586562499999 1 0.7510076765625
0 0.1659867921875 0.7045675515625 0.10119107187500001 0.6865478765625 0.0812550796875 0.684109003125 0.039349578125 0.6756061546875001 0.048072421875 0.8253716171875001 0.1488987734375 0.8558889015625001 0.1659867921875 0.7045675515625
0 0.1487001625 0.8578831812500001 0.1997392984375 0.8722013671875001 0.31358055625 0.90429534375 0.32334245156249997 0.8873223765624999 0.33844436093749997 0.7559438218750001 0.2168273171875 0.7208800171874999 0.1679803921875 0.704811440625 0.1487001625 0.8578831812500001
0 0.34442515937499996 0.7566754859375 0.32514493125 0.9097472249999999 0.45832634843750003 0.9502629125000001 0.4801960078125 0.7914522203125001 0.34442515937499996 0.7566754859375
0 0.54479311875 0.811466175 0.4799973984375 0.7934465 0.4581277375 0.952257190625 0.56450304375 0.982321021875 0.6112247328125 0.980689465625 0.630922596875 0.8381514515624999 0.54479311875 0.811466175
0 0.74655884375 0.8724835921875 0.630922596875 0.8381514515624999 0.6112247328125 0.980689465625 0.7799330328125 0.9747980421875001 0.7954057703124999 0.888552171875 0.74655884375 0.8724835921875
0 0.964074753125 0.9374463875 0.8619964781249999 0.9088100140625001 0.7954057703124999 0.888552171875 0.7799330328125 0.9747980421875001 0.9805088234375001 0.9677937812499999 0.9842093546875 0.9378909796875 0.964074753125 0.9374463875
0 0.2015342875 0.874439534375 0.0481139078125 0.8260838906249999 0.053993951562499996 0.9270403421875001 0.1905957109375 0.9437515390625 0.2015342875 0.874439534375
0 0.3329207171875 0.9127170546875 0.1995406890625 0.8741956468750001 0.1907943234375 0.9417572578125 0.3261604578125 0.960335871875 0.3329207171875 0.9127170546875
0 0.5095715859375 0.9827735015625001 0.5129554609375 0.9690574312500001 0.3309271171875 0.9124731671875 0.3261604578125 0.960335871875 0.5095715859375 0.9827735015625001
0 0.5095715859375 0.9827735015625001 0.5188925109375 0.983913778125 0.565106878125 0.9822999359375 0.511160471875 0.966819265625 0.5095715859375 0.9827735015625001
0 1 0.037519034374999996 0.9493852234375 0.03132706875 0.9444199546875 0.08118405468749999 1 0.08623026875 1 0.037519034374999996