0 1 0.40390390312499996 0.8140000000000001 0.40090090156249997 0.8019999999999999 0.6636636640625 0.9960000000000001 0.6606606609375001 1 0.40390390312499996
0 1 0.6681681687500001 0.806 0.675675675 0.8019999999999999 0.939939940625 1 0.9234234234375001 1 0.6681681687500001
0 1 1 0.998 0.93093093125 0.8 0.939939940625 0.8039999999999999 0.9984984984375 0.808 1 1 1
0 0.786 0.9984984984375 0.778 0.9594594593749999 0.434 0.9744744750000001 0.42800000000000005 0.996996996875 0.786 0.9984984984375
0 0.42000000000000004 1 0.414 0.96846846875 0.014000000000000002 0.9834834828125001 0.014000000000000002 0.996996996875 0.42000000000000004 1
0 0.44000000000000006 0.6696696703125 0.42800000000000005 0.96846846875 0.788 0.95645645625 0.798 0.675675675 0.44000000000000006 0.6696696703125
0 0.426 0.96846846875 0.426 0.6741741734375 0.018 0.6876876875 0.024 0.98198198125 0.426 0.96846846875
0 0.438 0.3873873875 0.43 0.678678678125 0.8019999999999999 0.671171171875 0.82 0.396396396875 0.438 0.3873873875
0 0.016 0.6801801796875 0.40800000000000003 0.6741741734375 0.42000000000000004 0.402402403125 0.016 0.384384384375 0.016 0.6801801796875
0 0.45999999999999996 0.08108108124999999 0.454 0.3858858859375 0.82 0.3948948953125 0.8300000000000001 0.1051051046875 0.45999999999999996 0.08108108124999999
0 1 0.127627628125 0.844 0.1171171171875 0.82 0.3918918921875 1 0.3978978984375 1 0.127627628125
0 0.442 0.08708708750000001 0.022 0.0585585578125 0.026000000000000002 0.3708708703125 0.438 0.384384384375 0.442 0.08708708750000001
0 0.454 0 0.44400000000000006 0.075075075 0.8240000000000001 0.09609609687500001 0.826 0.0015015015624999998 0.454 0
0 0.438 0.08108108124999999 0.43 0 0.022 0.0045045046875 0.006 0.048048048437500004 0.438 0.08108108124999999