0 0.9828821609375 0.0103590984375 0.7661591999999999 0.0000856328125 0.7302989609375 0.2319665234375 0.948360165625 0.27462205625 0.9828821609375 0.0103590984375
0 0.2242564890625 0 0.21793120625 0.1970556421875 0.3942963828125 0.1448166890625 0.7313380875 0.2319907625 0.7713548343750001 0.00020683281249999998 0.7554951937500001 0.002967596875 0.6381667156249999 0 0.2242564890625 0
0 0.94664555625 0.27040775625 0.9848045421875 0.27831055312499997 0.9986467515624999 0.0141854703125 0.988077796875 0.0104803 0.94664555625 0.27040775625
0 0.9376989859375 0.52796229375 0.9706569640625 0.5278127718750001 0.97333871875 0.4970914890625 0.9846057437500001 0.28210384374999997 0.978040284375 0.28053229687500003 0.9376989859375 0.52796229375
0 0.8540332546875 0.25781159374999996 0.841200084375 0.26168653124999997 0.8053662218750001 0.5290496171875 0.9376989859375 0.52796229375 0.9760529437500001 0.2794423625 0.8540332546875 0.25781159374999996
0 0.665833996875 0.2189833890625 0.6513771312500001 0.21760257031250002 0.611815884375 0.5276653171875 0.8053662218750001 0.5290496171875 0.8393945640625 0.2585136859375 0.665833996875 0.2189833890625
0 0.409337815625 0.1514290203125 0.13998396875000002 0.21923958125 0.125919959375 0.499633409375 0.3723230421875 0.5158171140625 0.610776759375 0.527641078125 0.6519226015624999 0.2113538390625 0.409337815625 0.1514290203125
0 0.0120705578125 0.49175972031250004 0.1227116671875 0.500602146875 0.13668476406250002 0.22124976875 0.0225890109375 0.2519826390625 0.0120705578125 0.49175972031250004
0 0 0.48871483906249996 0.0111223453125 0.4906940234375 0.0206925796875 0.2498512484375 0 0.25401726406249997 0 0.48871483906249996
0 0 0.7246814109375 0.057522234375 0.746408925 0.0746028234375 0.741589490625 0.0910833015625 0.505082215625 0 0.4919755421875 0 0.7246814109375
0 0.3710111796875 0.518917240625 0.0925769859375 0.4998991828125 0.07130361874999999 0.74359968125 0.343140346875 0.8501242093749999 0.6798038 0.798493871875 0.7163131421875 0.5353208453125 0.3710111796875 0.518917240625
0 0.712793015625 0.5279337 0.684051221875 0.797549375 0.85037605625 0.76490415 0.887275421875 0.533047496875 0.712793015625 0.5279337
0 0.9703078625 0.5318119578125 0.8875481578125 0.52992313125 0.8543507390625 0.76708401875 0.9512818359375 0.7497676859375 0.9703078625 0.5318119578125
0 0.9507581828125 0.75576646875 0.754672753125 0.7877174609375001 0.730571046875 0.9908892171874999 0.8213400796875 0.9898330234375001 0.9313780250000001 0.9462887625 0.9507581828125 0.75576646875
0 0.577372078125 0.8148887703125001 0.56080733125 0.9928645968750001 0.729003703125 0.9909074546875001 0.7566600953125 0.78880739375 0.577372078125 0.8148887703125001
0 0 0.9470063281250001 0.051259493749999996 0.9832380374999999 0.21485963125000002 0.9870544046875 0.557851475 0.9907977265625 0.5803076359375 0.8170444 0.3494660203125 0.8492281953124999 0.0006038921875 0.7304711046875 0 0.7445827671874999 0 0.9470063281250001
0 0 0.9816731875 0.04632830625 0.9819959421875 0 0.9509663671874999 0 0.9816731875
0 0.8209879109375 0.9898371203125 0.9304366078124999 0.9885635703125001 0.9341758671875 0.945727884375 0.8209879109375 0.9898371203125
0 0.0753812125 0 0.065881409375 0.2331646 0.2140474328125 0.1938343171875 0.22314509062500001 0 0.0753812125 0
0 0.0191373734375 0 0 0.21923128125 0 0.24994212968750001 0.065881409375 0.2331646 0.07335581249999999 0 0.0191373734375 0