0 0.00683364375 0.10663753437500001 0.0237693125 0.3709149765625 0.13914220156249998 0.35849390625 0.00683364375 0.10663753437500001
0 0.9065956984374999 0.064230490625 0.9048920171875 0.057988115625 0.7207051046874999 0.04618488125 0.7311787984375 0.0986864375 0.9065956984374999 0.064230490625
0 0.723222340625 0.26091404375 0.7387805937499999 0.28111635156250003 0.9555643890625 0.24365429375 0.9070178406249999 0.065777246875 0.7296712953125 0.10052365156250001 0.7556642124999999 0.23992776875000002 0.6947597640625001 0.252315946875 0.723222340625 0.26091404375
0 1 0.40646865312499997 0.96400726875 0.27458943125 0.7349823671875 0.31872496875 0.741013453125 0.3629055359375 0.7743028187500001 0.4996010625 0.799270378125 0.627887421875 0.8514940828125 0.7456298796875 1 0.7170112078125 1 0.40646865312499997
0 1 0.7170112078125 0.8514940828125 0.7456298796875 0.8241157984375 0.682118378125 0.8116936234375001 0.680767615625 0.8394351171875 0.8118570296875 1 0.79067336875 1 0.7170112078125
0 1 0.7922190734375001 0.847575853125 0.8122419531249999 0.849144428125 0.8474324390625 0.8736887734375 0.9226426125 1 0.9020394421875 1 0.7922190734375001
0 0.16935335468749999 0.358777303125 0.7537345656250001 0.2402182265625 0.717849628125 0.04600189375 0.447447884375 0.028673764062500003 0.012744379687499998 0.0941070625 0.16935335468749999 0.358777303125
0 0.27512719531249996 0.584400759375 0.1477050828125 0.36042558750000003 0.0239712875 0.3740667765625 0.0349690875 0.5456850515625 0.053880887499999995 0.6128727328125 0.27512719531249996 0.584400759375
0 0.69174475625 0.25599037812500003 0.14963473124999999 0.3601351296875 0.2817604265625 0.586622896875 0.7721320984375 0.50636900625 0.720870546875 0.2596577453125 0.69174475625 0.25599037812500003
0 0.2868261546875 0.60518398125 0.3755331671875 0.7609129171875 0.8087996859375 0.70696801875 0.7762935359375 0.536338303125 0.7725542421875 0.5079157640624999 0.278323275 0.588750571875 0.2868261546875 0.60518398125
0 0.052373384375 0.6147099484375 0.09838706875 0.7833064515625 0.367211359375 0.75250375 0.2844743609375 0.6039276828125 0.27512719531249996 0.584400759375 0.052373384375 0.6147099484375
0 0.3680556484375 0.7555972640624999 0.09838706875 0.7833064515625 0.1377064515625 0.91265311875 0.41443040781249996 0.888712825 0.3468905890625 0.7958200062499999 0.3680556484375 0.7555972640624999
0 0.26212773125 1 0.46550768124999997 0.9728115531249999 0.435235459375 0.93550045625 0.44259190937500004 0.9182901375 0.4210636390625 0.8909349640625001 0.13662109218750002 0.9160370890625 0.15115505625 0.9766510687500001 0.1697610265625 1 0.26212773125 1
0 0.7125928703125 1 0.8537301453125 0.982007353125 0.8269540093750001 0.8765374234375001 0.45031050156249997 0.9171283046875001 0.44295405312499997 0.9343386234375 0.48662181093749995 1 0.7125928703125 1
0 0.44409941406250003 0.9164529234375 0.8303911625 0.8744097515625 0.7945089296875001 0.7429354125 0.7817846140625 0.7110344328125 0.3658849265625 0.762365209375 0.344960940625 0.7961104640625 0.44409941406250003 0.9164529234375