0 0.4723569328125 0.3911938296875 0.4660198578125 0.14483893750000001 0.45009931875 0.103526284375 0.035788084375 0.08546200468750001 0.0083031515625 0.38336069687499996 0.4723569328125 0.3911938296875
0 0 0.501681265625 0.03342416875 0.5745898515625 0.47788052968750006 0.5830945125 0.4722661453125 0.39223047499999997 0.0094597859375 0.3860894625 0 0.48063186875 0 0.501681265625
0 0.47245148437499995 0.7247641671875 0.47635894062500006 0.6164043453125 0.4692157578125 0.5864182 0.03324259375 0.5766631453125 0.075945521875 0.7105561234375 0.47245148437499995 0.7247641671875
0 0.0841563578125 0.712415665625 0.12490916562500001 0.8367045281250001 0.489319878125 0.8508680765625 0.47789511406249996 0.7263494125000001 0.0841563578125 0.712415665625
0 0.49310017031250003 0.5846031546875 0.9270542203125001 0.601477584375 0.9903476625 0.42058095624999997 0.962359634375 0.38957421718749996 0.49982563750000003 0.3803232640625 0.4910010859375 0.4014070921875 0.49310017031250003 0.5846031546875
0 0.48646909687499995 0.7240623687500001 0.8776440140625 0.7513353703125001 0.9267818578125 0.6045875234375 0.4972509828125 0.5850146015625 0.4926934328125 0.5573760484375 0.48379988906250004 0.59518336875 0.48646909687499995 0.7240623687500001
0 0.8492166328125 0.8687667640625 0.8872384515625 0.7533320609375 0.49624510781250003 0.7239857671875 0.4841776203125 0.734291684375 0.5011368015625 0.8593589453125 0.8492166328125 0.8687667640625
0 0.48514335 0.10177178437500001 0.4750041859375 0.105994971875 0.471350903125 0.13177398125 0.472574728125 0.1496712703125 0.494483615625 0.18634928906249998 0.7523786359375 0.20563918750000001 0.7611378 0.1374948234375 0.7047513999999999 0.11203826875 0.48514335 0.10177178437500001
0 0.505094903125 0.25641374375 0.74518465 0.27184740625 0.7508134578125001 0.20757532968749998 0.49523170937499994 0.1937429625 0.48117050624999996 0.163071071875 0.4776515984375 0.21918712812500002 0.505094903125 0.25641374375
0 0.49946609531249997 0.3206858203125 0.73456615 0.329351009375 0.7434378984375 0.2758568421875 0.5061153593750001 0.2606974796875 0.47590484687499995 0.2231965640625 0.478465078125 0.2736413375 0.49946609531249997 0.3206858203125
0 0.49152401562500003 0.3795003671875 0.725422040625 0.3859551125 0.73456615 0.329351009375 0.5030721828125 0.327317146875 0.4778295671875 0.2808978625 0.47365335468750003 0.32858359843749996 0.49152401562500003 0.3795003671875
0 1 0.20895252812499998 0.7656481546875 0.1975437140625 0.7580002328125001 0.268935165625 1 0.2775099578125 1 0.20895252812499998
0 1 0.2784490046875 0.755233025 0.26866086562499997 0.75153615 0.263066184375 0.73769650625 0.32547872187500004 0.7522806359375 0.3342438890625 0.984885846875 0.3395248375 1 0.2880475734375 1 0.2784490046875
0 0.962450421875 0.38853757031249997 0.9878346265625 0.33772584375000003 0.746746221875 0.3336952921875 0.7377872921875 0.324442075 0.7268964296875 0.385055615625 0.962450421875 0.38853757031249997
0 0.7894707875 0.08488410156250001 0.78765504375 0.1056170296875 0.8092479796875001 0.1140312984375 0.94980904375 0.1185535609375 0.9535531140625 0.09173790468750001 0.9168313234375001 0.08077834843750001 0.794438684375 0.07596573125 0.7894707875 0.08488410156250001
0 1 0.11892509062500001 0.9686129765624999 0.1110066859375 0.9520097312500001 0.10936089375 0.9454766593749999 0.12021540625 0.9066449656250001 0.11741187187499999 0.8984777203125001 0.14692601875 1 0.148883784375 1 0.11892509062500001
0 1 0.153626578125 0.8984777203125001 0.14692601875 0.8935316203125 0.171531234375 1 0.175717690625 1 0.153626578125
0 1 0.177745825 0.8879064171875 0.172019284375 0.8882223703125 0.2002830359375 1 0.2063542546875 1 0.177745825
0 0.8940545484375001 0.1496245125 0.7647438875 0.1441261484375 0.7653322046875 0.1692799625 0.8890176593750001 0.175266371875 0.8940545484375001 0.1496245125
0 0.8886545109374999 0.1794129578125 0.7640393859375 0.168106165625 0.7574373203125 0.19568417031250002 0.886657190625 0.2022191796875 0.8886545109374999 0.1794129578125
0 0.8979801937499999 0.1207355609375 0.810450009375 0.11624173906249999 0.7761104828125001 0.0940162203125 0.7101732328125 0.0979366671875 0.699670921875 0.1063064390625 0.766672215625 0.1380434203125 0.7660367046875 0.14529994375 0.8982053578125001 0.150035959375 0.8979801937499999 0.1207355609375