0 0.1608453421875 0.0828424859375 0.1766623359375 0.069899959375 0.1879147484375 0.0743979078125 0.21068928437499998 0.05861755 0.26107444687500003 0.016730410937500002 0.1897758375 0.012161387499999999 0.1814597296875 0.019908943749999998 0.1608453421875 0.0828424859375
0 0.39389309375 0.06308430312499999 0.319324896875 0.02046326875 0.2822033453125 0.0180844125 0.385450915625 0.07950991406249999 0.39389309375 0.06308430312499999
0 0.16623299687499998 0.15724015 0.23497387500000003 0.11622000156250001 0.37007661718749996 0.18574395 0.3978813671875 0.08742203750000001 0.282103940625 0.0180780421875 0.2607171515625 0.0167075140625 0.1879147484375 0.0743979078125 0.16623299687499998 0.15724015
0 0.10043596875000001 0.08411414375000001 0.0707407828125 0.11050662343749999 0.060090096875 0.151201059375 0.0759808734375 0.15380711875 0.10043596875000001 0.08411414375000001
0 0.0703604015625 0.111959996875 0.0561018265625 0.1268633234375 0.0500526109375 0.1578915796875 0.060090096875 0.151201059375 0.0703604015625 0.111959996875
0 0.0298554953125 0.22714603906250003 0.041488290625 0.2301906140625 0.06658200625 0.21346431250000003 0.0814168890625 0.15678277812500002 0.062028896874999996 0.1517084890625 0.0500526109375 0.1578915796875 0.0298554953125 0.22714603906250003
0 0.018554720312500002 0.2940700953125 0.0300768421875 0.27379179374999996 0.041488290625 0.2301906140625 0.0317942953125 0.22765346718749999 0.0112167984375 0.2983613015625 0.018554720312500002 0.2940700953125
0 0 0.368986121875 0.0188867421875 0.3640387296875 0.0479064171875 0.2769052828125 0.0112167984375 0.2983613015625 0 0.34121875625000003 0 0.368986121875
0 0 0.456330978125 0.0049970796875 0.45668498281250003 0.0394158796875 0.3647529015625 0.0320410640625 0.3612698125 0 0.37107917968750004 0 0.456330978125
0 0.139788259375 0.0524845171875 0.10199438593750002 0.0860749453125 0.0798584703125 0.15482197656250002 0.11613081875 0.1270450390625 0.139788259375 0.0524845171875
0 0.1165112 0.125591665625 0.0814168890625 0.15678277812500002 0.069244678125 0.20329070312500003 0.11368949375 0.18386440312500002 0.121825071875 0.18444074531250002 0.16429419843749998 0.156732721875 0.1879147484375 0.0743979078125 0.1766623359375 0.069899959375 0.1165112 0.125591665625
0 0.117567090625 0.1848792609375 0.06962505937499999 0.20183733125 0.0669623875 0.2120109421875 0.041488290625 0.2301906140625 0.030457223437499997 0.272338421875 0.018554720312500002 0.2940700953125 0.04596761875 0.2763978546875 0.08733249062500001 0.2608242390625 0.0985480125 0.2575478953125 0.12338349062500001 0.1864015484375 0.117567090625 0.1848792609375
0 0.052164396875 0.27646676718749996 0.0188867421875 0.3640387296875 0.0320410640625 0.3612698125 0.0394158796875 0.3647529015625 0.07846157031249999 0.350125234375 0.107444353125 0.25521749374999997 0.10356675625 0.2542026359375 0.052164396875 0.27646676718749996
0 0.10356675625 0.2542026359375 0.1878180265625 0.21724191875 0.38226278125 0.3054029125 0.40930676562499996 0.2099877453125 0.23497387500000003 0.11622000156250001 0.12338349062500001 0.1864015484375 0.10356675625 0.2542026359375
0 0.07846157031249999 0.350125234375 0.1426747609375 0.33431984843749996 0.2990305125 0.39387693125 0.33025869375 0.2824746625 0.1878180265625 0.21724191875 0.1055055546875 0.2547100640625 0.07846157031249999 0.350125234375
0 0.0807807515625 0.3491792890625 0.0374770796875 0.36424547343749997 0.007316259375 0.45573903906249996 0.048374532812499996 0.45716738437500004 0.0807807515625 0.3491792890625
0 0.048374532812499996 0.45716738437500004 0.0933104046875 0.45961058593750004 0.30467640625 0.52269464375 0.3378433875 0.41179980625 0.14073596093750002 0.3338124203125 0.08040036874999999 0.35063266249999997 0.048374532812499996 0.45716738437500004
0 0 0.5767066421875 0.0299940734375 0.5828026953125 0.20756594218750002 0.62461861875 0.2468928125 0.5060184015625 0.0933104046875 0.45961058593750004 0.0173906375 0.4568228109375 0 0.5062775312500001 0 0.5767066421875
0 0 0.7281279484375001 0.2183043625 0.7656396562500001 0.253716740625 0.6382502890625 0.033871671874999995 0.583817553125 0 0.57708943125 0 0.7281279484375001
0 0 0.8852041093749999 0.10700910625 0.8980155406250001 0.1489248640625 0.7536931296875 0 0.7281245484375 0 0.8852041093749999
0 0.3070718515625 0.782660471875 0.1489248640625 0.7536931296875 0.10894790624999999 0.8985229718750001 0.2708987078125 0.9129565859375001 0.3070718515625 0.782660471875
0 0.4363442453125 0.6844952453125 0.255655540625 0.6387577171875 0.2183043625 0.7656396562500001 0.40861328124999996 0.798365746875 0.4363442453125 0.6844952453125
0 0.38458444531249997 0.54982015625 0.2468928125 0.5060184015625 0.20950474218749998 0.625126046875 0.35491468125000003 0.6631832265625001 0.38458444531249997 0.54982015625
0 0.506212315625 0.4729480890625 0.34016256875 0.4108538609375 0.30467640625 0.52269464375 0.4834632015625 0.5756990375 0.506212315625 0.4729480890625
0 0.4579497328125 0.34074123125 0.3298783125 0.2839280359375 0.3009693109375 0.3943843609375 0.4309426390625 0.4439306921875 0.4579497328125 0.34074123125
0 0.3838925 0.07754911406250001 0.3978813671875 0.08742203750000001 0.40833612500000005 0.0870524375 0.5799694546875 0.18321949531249998 0.599368915625 0.10909748749999999 0.47473982656249997 0.030422710937500003 0.44907847187499994 0.028778256250000002 0.39389309375 0.06308430312499999 0.3838925 0.07754911406250001
0 0.7194154296875 0.1886572171875 0.601307715625 0.10960491562500001 0.5799694546875 0.18321949531249998 0.7007767312500001 0.2598724796875 0.7194154296875 0.1886572171875
0 0.39750098437500003 0.088875409375 0.37007661718749996 0.18574395 0.40930676562499996 0.2099877453125 0.42090267031249995 0.2052580265625 0.49700689374999996 0.2469172640625 0.5201732796874999 0.1504872359375 0.41065530624999996 0.0861064921875 0.39750098437500003 0.088875409375
0 0.65611056875 0.23265302499999999 0.5201732796874999 0.1504872359375 0.49700689374999996 0.2469172640625 0.635606853125 0.3189094421875 0.65611056875 0.23265302499999999
0 0.38226278125 0.3054029125 0.4583301140625 0.339287859375 0.5472082765625 0.3796315515625 0.5699942796874999 0.2846549 0.42090267031249995 0.2052580265625 0.40892638437500006 0.21144111875 0.38226278125 0.3054029125
0 0.695022646875 0.3530950734375 0.5699942796874999 0.2846549 0.5475886578125 0.3781781796875 0.6748993140625 0.43789811875 0.695022646875 0.3530950734375
0 0.6089063593749999 0.4050969484375 0.4563913140625 0.3387804296875 0.4309426390625 0.4439306921875 0.58418155625 0.499566171875 0.6089063593749999 0.4050969484375
0 0.647057675 0.5284457421875 0.505831934375 0.4744014640625 0.4827024390625 0.578605784375 0.6258300875 0.625383196875 0.647057675 0.5284457421875
0 0.5474804671875 0.6002184875000001 0.38534520781250003 0.5469134109375 0.35491468125000003 0.6631832265625001 0.5181541921874999 0.70435389375 0.5474804671875 0.6002184875000001
0 0.6789753203125 0.6439513296875 0.549419265625 0.600725915625 0.5177738109375001 0.7058072656250001 0.6581281156250001 0.7394354109375 0.6789753203125 0.6439513296875
0 0.5898897625 0.72312876875 0.4382830453125 0.685002675 0.40861328124999996 0.798365746875 0.5663798859375 0.8287864609375 0.5898897625 0.72312876875
0 0.48148999375 0.8127805015625 0.3070718515625 0.782660471875 0.2708987078125 0.9129565859375001 0.45611510156249996 0.9334793484375 0.48148999375 0.8127805015625
0 0.6191078437499999 0.8410336734375001 0.48148999375 0.8127805015625 0.45611510156249996 0.9334793484375 0.6045312015625 0.9521352546875 0.6191078437499999 0.8410336734375001
0 0.8200370609375 0.2553683625 0.7213542296875 0.189164646875 0.7007767312500001 0.2598724796875 0.8052390703125001 0.319824190625 0.8200370609375 0.2553683625
0 0.9019945734375 0.3063241796875 0.8200370609375 0.2553683625 0.8048586875 0.32127756406249997 0.8895157625 0.3698340640625 0.9019945734375 0.3063241796875
0 0.9793137234374999 0.3591718859375 0.9019945734375 0.3063241796875 0.8895157625 0.3698340640625 0.967976059375 0.41832165000000004 0.9793137234374999 0.3591718859375
0 0.7691257578124999 0.299502 0.65611056875 0.23265302499999999 0.635226471875 0.32036281718750004 0.7505239515625 0.3784915546875 0.7691257578124999 0.299502
0 0.8642744828125 0.3554631953125 0.7691257578124999 0.299502 0.75014356875 0.37994492812499997 0.8487526187500001 0.430600059375 0.8642744828125 0.3554631953125
0 0.9466123765625 0.40496563906249994 0.8642744828125 0.3554631953125 0.8487526187500001 0.430600059375 0.9364896375 0.4753038703125 0.9466123765625 0.40496563906249994
0 0.9364896375 0.4753038703125 0.972410353125 0.49461338593750004 0.9768876656250001 0.42474589218750003 0.9481707937499999 0.40692643906250003 0.9364896375 0.4753038703125
0 0.8048841109374999 0.4082481515625 0.696961446875 0.35360250312499997 0.672960515625 0.437390690625 0.7874603390625 0.49065188125 0.8048841109374999 0.4082481515625
0 0.8961183453125001 0.455420196875 0.8045037296875 0.409701525 0.7874603390625 0.49065188125 0.88253528125 0.531064490625 0.8961183453125001 0.455420196875
0 0.88253528125 0.531064490625 0.9636582484374999 0.56937846875 0.9706228125 0.522507575 0.9723847031249999 0.49501366718749995 0.8961183453125001 0.455420196875 0.88253528125 0.531064490625
0 0.7300202359375 0.46474797187499994 0.6104647765625 0.4070577484375 0.5834207921875 0.50247291875 0.709136140625 0.5524577625 0.7300202359375 0.46474797187499994
0 0.8278316312499999 0.51053555625 0.7300202359375 0.46474797187499994 0.709136140625 0.5524577625 0.8123466593750001 0.5934467171875 0.8278316312499999 0.51053555625
0 0.92134815625 0.5489873640625 0.8278316312499999 0.51053555625 0.8127270421875 0.5919933421875 0.9085627468749999 0.6294992046875 0.92134815625 0.5489873640625
0 0.9085627468749999 0.6294992046875 0.95513081875 0.6494517953125001 0.9652630828125 0.6061450109375001 0.9674621671875 0.5718287765625 0.92134815625 0.5489873640625 0.9085627468749999 0.6294992046875
0 0.7615206078125001 0.573932640625 0.6474380562500001 0.52699236875 0.6258300875 0.625383196875 0.7425753109375 0.6621498609375001 0.7615206078125001 0.573932640625
0 0.85967549375 0.610492559375 0.7615206078125001 0.573932640625 0.7425753109375 0.6621498609375001 0.8461293218750001 0.693911146875 0.85967549375 0.610492559375
0 0.9477560031250001 0.6459687062499999 0.85967549375 0.610492559375 0.848068121875 0.6944185765625 0.9368725015624999 0.719213684375 0.9477560031250001 0.6459687062499999
0 0.9477560031250001 0.6459687062499999 0.9368725015624999 0.719213684375 0.95513081875 0.6494517953125001 0.9477560031250001 0.6459687062499999
0 0.790284528125 0.6777423296875 0.6793557015625 0.64249795625 0.6581281156250001 0.7394354109375 0.7728976484375 0.767920353125 0.790284528125 0.6777423296875
0 0.888402521875 0.7065279578125 0.7918429453125 0.679703134375 0.774836446875 0.76842778125 0.8756540046874999 0.7948140921875 0.888402521875 0.7065279578125
0 0.9364921203125001 0.72066705625 0.888022140625 0.7079813296874999 0.8756540046874999 0.7948140921875 0.9144299874999999 0.8049626734374999 0.9364921203125001 0.72066705625
0 0.716292090625 0.754658284375 0.5898897625 0.72312876875 0.5659995046875 0.8302398328124999 0.7001201375 0.856024771875 0.716292090625 0.754658284375
0 0.8233064265625 0.7811135078125 0.715911709375 0.75611165625 0.7020589359375 0.8565322015625 0.8094167640625001 0.8737597609375 0.8233064265625 0.7811135078125
0 0.9124911875 0.8044552453125 0.8233064265625 0.7811135078125 0.8094167640625001 0.8737597609375 0.8900486750000001 0.8902042328125 0.9124911875 0.8044552453125
0 0.7477924625 0.8638429515625001 0.6191078437499999 0.8410336734375001 0.6064700000000001 0.9526426828125001 0.733559309375 0.9657168687500001 0.7477924625 0.8638429515625001
0 0.8543895265625 0.88397725625 0.7477924625 0.8638429515625001 0.7354981078125 0.966224296875 0.8424386625 0.9771309374999999 0.8543895265625 0.88397725625
0 0.8919874734375 0.8907116625 0.8543895265625 0.88397725625 0.8447578437500001 0.9761849937499999 0.8668453968750001 0.9788599687499999 0.8919874734375 0.8907116625