0 0.0976612078125 0 0.0992237890625 0.1685896421875 0.23790270468750002 0.16097969375 0.2386839953125 0.001756140625 0.0976612078125 0
0 0.1023489484375 0.170931165625 0.1023489484375 0.3371792859375 0.214464015625 0.3371792859375 0.2168078859375 0.1644919765625 0.1023489484375 0.170931165625
0 0.26056010625 0.344789234375 0.21563595000000002 0.34069156718750004 0.108989909375 0.33893542656250003 0.110943134375 0.5122081140625 0.24923140625 0.51513501875 0.26056010625 0.5122081140625 0.26056010625 0.344789234375
0 0.2195423984375 0.1644919765625 0.21524530468749997 0.3371792859375 0.333610690625 0.34186232968749997 0.3351732703125 0.1644919765625 0.2195423984375 0.1644919765625
0 0.2386839953125 0.0011707624999999998 0.23946528437499998 0.161565075 0.3910354828125 0.15922355 0.39220741718749996 0 0.2386839953125 0.0011707624999999998
0 0.3929887078125 0.0005853812499999999 0.39181677187499997 0.158638171875 0.5488559953125 0.163906596875 0.5515905109375 0.002341521875 0.3929887078125 0.0005853812499999999
0 0.340251653125 0.163321215625 0.3379077828125 0.34069156718750004 0.45627317031250003 0.34244771093750004 0.4551012359375 0.1644919765625 0.340251653125 0.163321215625
0 0.46174219843750003 0.1680042609375 0.461351553125 0.344203853125 0.5808888734375001 0.3477161375 0.5793262953125 0.16976040312500001 0.46174219843750003 0.1680042609375
0 0.26641977968749997 0.343033090625 0.2648572 0.5122081140625 0.41095836874999997 0.5209888265625 0.41173965937499996 0.3500576609375 0.26641977968749997 0.343033090625
0 0.4140835265625 0.3488868984375 0.412130303125 0.5209888265625 0.5672163046875001 0.5285987750000001 0.566825659375 0.3512284203125 0.4140835265625 0.3488868984375
0 0.218370465625 0.5157204 0.108989909375 0.5139642546875 0.112896359375 0.679041615625 0.2160265953125 0.6866515640624999 0.223058203125 0.6807977562499999 0.218370465625 0.5157204
0 0.3406422984375 0.52040344375 0.261341396875 0.5133788765625 0.250403340625 0.518061921875 0.223839490625 0.516891159375 0.2242301359375 0.687822325 0.337517140625 0.6948468953125 0.3406422984375 0.6848954203125001 0.3406422984375 0.52040344375
0 0.3414235875 0.518061921875 0.3425955234375 0.6942615140624999 0.45783575 0.7012860812499999 0.45900768281250004 0.5256718703125001 0.3414235875 0.518061921875
0 0.47150831875000004 0.5250864890625 0.4683831609375 0.7024568437500001 0.5867485453125 0.7059691265625 0.5887017703125 0.529769534375 0.47150831875000004 0.5250864890625
0 0.1214905453125 0.6831392796875 0.126568928125 0.8370944046875 0.26641977968749997 0.8482166359375001 0.2621226859375 0.6960176546875 0.1214905453125 0.6831392796875
0 0.27071687187500004 0.691334609375 0.26524784375 0.69309075 0.26681042499999996 0.8493874 0.40978643437500006 0.86168039375 0.4113490140625 0.7024568437500001 0.27071687187500004 0.691334609375
0 0.13203795625 0.8406066875 0.1322645296875 0.996996996875 0.23712141718750002 0.9969033359375 0.2355588375 0.8464604953125001 0.13203795625 0.8406066875
0 0.24024657500000002 0.8482166359375001 0.2404809625 0.996996996875 0.35070140312500003 0.996996996875 0.3480645515625 0.8581681109374999 0.24024657500000002 0.8482166359375001
0 0.353142934375 0.8575827296874999 0.3547055125 0.9969033359375 0.46486735625 0.9957325734375001 0.4644767109375 0.8687049609375 0.353142934375 0.8575827296874999
0 0.4179899765625 0.7007007 0.41564610625 0.8610950125000001 0.562528565625 0.8704611046874999 0.565653725 0.7083106484374999 0.4179899765625 0.7007007
0 0.5644817890625 0.8850956218749999 0.56330985625 0.871631865625 0.49104056093750004 0.8675342015625 0.48947798125 0.9963179546875001 0.6031556296875 0.9963179546875001 0.6066714328125 0.8868517625000001 0.5644817890625 0.8850956218749999
0 0.7051697375 0.1693422734375 0.6921110406250001 0.1655791140625 0.5886459640624999 0.16783700937499998 0.5821166125 0.2062212578125 0.5876414484375 0.34696350468750004 0.7056719953125 0.3507266671875 0.7051697375 0.1693422734375
0 0.5710669453125 0.34846876875 0.569560171875 0.5283478984375 0.72124198125 0.5306057921875 0.726264559375 0.354489828125 0.5710669453125 0.34846876875
0 0.5940046453125001 0.529641171875 0.592110496875 0.7022145015625 0.7110629578125 0.70845893125 0.713335934375 0.5336149015625 0.5940046453125001 0.529641171875
0 0.72507965 0.7175417390625001 0.713335934375 0.6993761265625 0.7125782765625 0.7095942828124999 0.5909740078125 0.703349853125 0.5883222031249999 0.7050528796875 0.5697595578125 0.706755903125 0.5633194546875 0.8730848046874999 0.5648347734375 0.8810322609375 0.7182607171875001 0.8918180937500001 0.72507965 0.7175417390625001
0 0.607214428125 0.996996996875 0.7254509015624999 0.996996996875 0.7311409203125 0.8878443656250001 0.71939720625 0.8622989734375001 0.7190183765625 0.8935211203125 0.6133249484375 0.886709015625 0.607214428125 0.996996996875
0 0.7954723984375 0.3686286671875 0.7529399140625 0.37149960625 0.7544726171875 0.5248077890625 0.7893415890625 0.5380141140625 0.9345651140625 0.5408850546874999 0.9360978171875001 0.3760931109375 0.7954723984375 0.3686286671875
0 0.7701828140625 0.5385883 0.76596788125 0.6918964859375001 0.8008368562499999 0.7280703265625 0.91923809375 0.7246251984375001 0.9238362 0.5523688140624999 0.8981634390625001 0.540310865625 0.7881920625000001 0.5391624890625 0.7847434828125001 0.5368657390625 0.7701828140625 0.5385883
0 0.7671174093750001 0.690173921875 0.7594538984375 0.7022318671875001 0.7609866015625 0.8658754359374999 0.7782294984375 0.8842494500000001 0.924985728125 0.8934364562500001 0.9314997109375 0.7320896421875001 0.80160320625 0.7263477625 0.7671174093750001 0.690173921875
0 0.790491115625 0.8894171406250001 0.78757515 0.996996996875 0.8997995984375 0.996996996875 0.90199519375 0.89228808125 0.790491115625 0.8894171406250001
0 0.9979959921875 0.384384384375 0.9359412828125 0.3831907625 0.9346769234375 0.5309726125 0.9979959921875 0.534534534375 0.9979959921875 0.384384384375
0 0.9978948437499999 0.5494453453125 0.9789294671875 0.5357092109375 0.9362573734374999 0.5328672515624999 0.9368895515625001 0.5409194687500001 0.8992748890625 0.5404458078125 0.9255103265625 0.5527609640625 0.92234943125 0.7284887421875 0.9979959921875 0.7297297296874999 0.9978948437499999 0.5494453453125
0 0.9979959921875 0.7327327328125001 0.9343608359375001 0.7318043609375 0.931516028125 0.87911255 0.94700441875 0.8980589421875 0.9979959921875 0.9009009015625 0.9979959921875 0.7327327328125001
0 0.9479526875 0.8990062609375 0.9330964765624999 0.8829018281250001 0.9280390437499999 0.8933223453125001 0.9065449515624999 0.8928486843749999 0.903807615625 0.996996996875 0.9979959921875 0.996996996875 0.9978948437499999 0.9027955406249999 0.9479526875 0.8990062609375