0 0.16444444375 0.0681862453125 0.1598467421875 0.0032469640624999997 0.0065900390625 0.0032469640624999997 0.0035249046875 0.0681862453125 0.16444444375 0.0681862453125
0 0.3039080453125 0.00216464375 0.1583141765625 0.0043292859375 0.1583141765625 0.0703508890625 0.3161685828125 0.0703508890625 0.32229885 0.00757625 0.3039080453125 0.00216464375
0 0.3161685828125 0.0043292859375 0.3636781609375 0.022728748437499998 0.516934865625 0.012987856249999999 0.510804596875 0.00216464375 0.3161685828125 0.0043292859375
0 0.52 0.011905534375 0.3667432953125 0.023811070312499998 0.3268965515625 0.0064939281249999994 0.32229885 0.0681862453125 0.5215325671875 0.06926856718749999 0.52 0.011905534375
0 0.20888888906249997 0.356083728125 0.20429118750000003 0.244604628125 0.009655171875 0.246769271875 0.0050574703125 0.37989479843749996 0.22114942499999998 0.3831417625 0.20888888906249997 0.356083728125
0 0.44950191562499997 0.384224084375 0.44950191562499997 0.2456869484375 0.207356321875 0.24785159218750002 0.2058237546875 0.35500140625 0.224214559375 0.37989479843749996 0.44950191562499997 0.384224084375
0 0.683984675 0.24893391406249998 0.44950191562499997 0.24893391406249998 0.45103448281249997 0.378812478125 0.68245210625 0.3777301546875 0.683984675 0.24893391406249998
0 0.9414559390624999 0.3593306921875 0.923065134375 0.2456869484375 0.6809195406249999 0.246769271875 0.6885823765625 0.3734008703125 0.9154022984375001 0.37989479843749996 0.9414559390624999 0.3593306921875
0 0.2165517234375 0.3853064046875 0.018850575 0.3853064046875 0.012720306249999999 0.536831396875 0.2226819921875 0.5379137171874999 0.2165517234375 0.3853064046875
0 0.44950191562499997 0.384224084375 0.2226819921875 0.3863887265625 0.219616859375 0.5433253234375 0.45716475 0.5411606812499999 0.44950191562499997 0.384224084375
0 0.68245210625 0.378812478125 0.455632184375 0.382059440625 0.466360153125 0.5389960390625 0.6855172406250001 0.5335844328125 0.68245210625 0.378812478125
0 0.9138697312499999 0.384224084375 0.6793869734375 0.374483190625 0.6855172406250001 0.5379137171874999 0.93072796875 0.5389960390625 0.9138697312499999 0.384224084375
0 0.21501915781249997 0.5379137171874999 0.018850575 0.5389960390625 0.015785440625 0.7045912078125001 0.2257471265625 0.7002619218749999 0.21501915781249997 0.5379137171874999
0 0.45716475 0.5422430031250001 0.230344828125 0.5411606812499999 0.22727969374999998 0.7024265640625 0.455632184375 0.7002619218749999 0.45716475 0.5422430031250001
0 0.67785440625 0.5444076453125 0.46022988593749997 0.5411606812499999 0.46176245156249995 0.6991796 0.683984675 0.6991796 0.67785440625 0.5444076453125
0 0.93072796875 0.5433253234375 0.691647509375 0.5389960390625 0.6870498078125 0.707838171875 0.9245977015625 0.70675585 0.93072796875 0.5433253234375
0 0.228812259375 0.7035088859374999 0.023448276562500002 0.707838171875 0.0050574703125 0.8615278046875 0.23647509531250002 0.85395155625 0.228812259375 0.7035088859374999
0 0.46329501874999995 0.7013442421875 0.2456704984375 0.7024265640625 0.2380076625 0.8571985203124999 0.46022988593749997 0.8528692328125 0.46329501874999995 0.7013442421875
0 0.6763218390625 0.7002619218749999 0.4540996171875 0.7002619218749999 0.46482758593750007 0.8517869125 0.68245210625 0.8550338765625 0.6763218390625 0.7002619218749999
0 0.923065134375 0.8680217328125 0.9199999999999999 0.707838171875 0.6885823765625 0.71216745625 0.6855172406250001 0.8636924468749999 0.7008429125 0.870186375 0.923065134375 0.8680217328125
0 0.23494252968749998 0.8517869125 0.015785440625 0.8626101265624999 0.012720306249999999 0.9946533328125 0.241072796875 0.9946533328125 0.23494252968749998 0.8517869125
0 0.466360153125 0.8593631625 0.2334099609375 0.8615278046875 0.241072796875 0.9946533328125 0.472490421875 0.9957356531249999 0.466360153125 0.8593631625
0 0.68245210625 0.8604454828125 0.466360153125 0.8615278046875 0.46482758593750007 0.997900296875 0.69471264375 0.9946533328125 0.68245210625 0.8604454828125
0 0.9169348656249999 0.865857090625 0.6901149421875 0.8723510187500001 0.691647509375 0.9957356531249999 0.916 0.9990583796875001 0.9169348656249999 0.865857090625