0 0.1347864765625 0.4125 0.1431272234375 0.5354166671875 0.34052491093750004 0.5322916671875 0.34052491093750004 0.41041666718750003 0.1347864765625 0.4125
0 0.150077846875 0.5354166671875 0.1472975984375 0.6666666671875 0.346085409375 0.659375 0.34052491093750004 0.5333333328125 0.150077846875 0.5354166671875
0 0.1459074734375 0.6666666671875 0.1445173484375 0.7885416671875001 0.34052491093750004 0.7802083328125 0.3419150359375 0.6614583328125 0.1459074734375 0.6666666671875
0 0.3697175265625 0.6583333328125 0.3697175265625 0.775 0.5573843421875 0.7697916671875 0.5559942171875 0.653125 0.3697175265625 0.6583333328125
0 0.3738879 0.653125 0.560164590625 0.6479166671875001 0.5546040921875 0.5333333328125 0.3724977765625 0.5364583328125 0.3738879 0.653125
0 0.3738879 0.53125 0.54904359375 0.5302083328125 0.55321396875 0.41770833281249997 0.37666815 0.4125 0.3738879 0.53125
0 0.5698954625 0.415625 0.5698954625 0.528125 0.74783140625 0.5270833328125 0.74783140625 0.4135416671875 0.5698954625 0.415625
0 0.7520017796875 0.4135416671875 0.7520017796875 0.525 0.913256228125 0.528125 0.9229871 0.415625 0.7520017796875 0.4135416671875
0 0.5726757124999999 0.53125 0.5740658359374999 0.653125 0.7520017796875 0.6447916671875 0.7506116546875 0.5291666671875 0.5726757124999999 0.53125
0 0.7506116546875 0.528125 0.757562278125 0.64375 0.9188167265624999 0.6427083328125 0.9257673484375 0.5260416671875 0.7506116546875 0.528125
0 0.5712855875 0.6552083328125 0.5754559609375 0.76875 0.754782028125 0.765625 0.757562278125 0.6447916671875 0.5712855875 0.6552083328125
0 0.7645128999999999 0.6489583328124999 0.7617326515625 0.7635416671875 0.9341080953124999 0.7614583328125 0.9327179718749999 0.64375 0.7645128999999999 0.6489583328124999