0 0.28647439375 0.10272272499999999 0.2880256046875 0.10825920625 0.47003168593750005 0.084846165625 0.4747475625 0.0944410109375 0.4923710625 0.092210953125 0.49528772656250003 0.08814743124999999 0.6455839546875 0.0673455765625 0.6587395796875 0.06364255937499999 0.652229221875 0.0379880265625 0.43860771875 0.025545990624999997 0.2737544609375 0.05732359375 0.28647439375 0.10272272499999999
0 0.17862297656249998 0.1375176765625 0.19879065625 0.13713139218749998 0.1973016859375 0.12458032031249999 0.2825647625 0.11047895468749999 0.26798337656250004 0.0584360453125 0.0038188374999999996 0.10935718593749999 0.005421640625 0.15525548281249998 0.1726038890625 0.1305082390625 0.17862297656249998 0.1375176765625
0 0.8033853437499999 0.1746450109375 0.8297559359375001 0.2687651625 0.903476840625 0.2568887 0.9448051671875 0.252423428125 0.8905533921875 0.051868828125 0.8386778984375001 0.048847425 0.7810479 0.0949197046875 0.8033853437499999 0.1746450109375
0 0.7711191828125 0.09566649375 0.8342331812499999 0.04858855 0.824775515625 0.048037703125 0.7497115 0.055443335937500005 0.7711191828125 0.09566649375
0 0.5032927484374999 0.0877714578125 0.49429475624999997 0.0918401359375 0.48560700625 0.097016109375 0.54356006875 0.31109503906249997 0.5573361765625 0.3096066140625 0.7656535078125 0.2787875390625 0.8025139593749999 0.2728493078125 0.8208824265624999 0.25880465625000004 0.7869415390625 0.1521385875 0.7736011203125 0.10452486093749999 0.7433199296875 0.054341196875 0.5032927484374999 0.0877714578125
0 0.20145931875 0.1249459828125 0.20077659374999998 0.1297459828125 0.2522758421875 0.349737365625 0.25860517031249997 0.357854096875 0.5278602640625001 0.3129542796875 0.533010865625 0.3096272375 0.5068269984375 0.1944633046875 0.48697149375000004 0.12359636562500001 0.4799594390625 0.120279634375 0.47822246875 0.0996066734375 0.4693489609375 0.089646165625 0.20145931875 0.1249459828125
0 0.232976646875 0.360460128125 0.1930808453125 0.1674095109375 0.18284188437499999 0.1670490046875 0.1709904375 0.131986353125 0.005514106249999999 0.15790334687500002 0.013820923437499999 0.39577947343750003 0.2195107796875 0.36305584999999996 0.232976646875 0.360460128125
0 1 0.44942113125 0.9454256515624999 0.2546380203125 0.7838974921874999 0.2787720734375 0.773286046875 0.2843188625 0.8329148015625 0.48990508593750004 0.8376929203125 0.49248534062499993 0.8703957390625 0.48618144843750005 1 0.46346708437500006 1 0.44942113125
0 0.3932015953125 0.33891148437499996 0.40157813593749997 0.3688084734375 0.394503840625 0.372506334375 0.45202314218749995 0.5633268953125 0.8226136000000001 0.49655917499999996 0.8316115921874999 0.492490496875 0.7701213828125 0.280260496875 0.3932015953125 0.33891148437499996
0 0.431482978125 0.5696204765624999 0.44463860312500003 0.565917459375 0.3890429984375 0.37472608281249997 0.379859246875 0.3636582796875 0.37427488593749997 0.343726953125 0.013874362500000001 0.3973097671875 0.0195014640625 0.558448853125 0.0428965359375 0.6445255515625 0.431482978125 0.5696204765624999
0 1 0.535729134375 0.8591618765625 0.5618741671875 0.85432151875 0.5663085046874999 0.9132675484374999 0.77669473125 0.93374546875 0.7774157421875 1 0.76308865625 1 0.535729134375
0 0.478580459375 0.63640326875 0.5264803171875 0.8652581749999999 0.5344853406250001 0.8648822031250001 0.9086751906250001 0.789250959375 0.843772315625 0.5648407046874999 0.478580459375 0.63640326875
0 0.064055253125 0.7128070828124999 0.13261879062499998 0.9575194796875 0.5219502015625 0.8707998109374999 0.46126720312499997 0.6397406250000001 0.064055253125 0.7128070828124999
0 0.43649406874999996 1 0.40807969843749997 0.898585321875 0.131936065625 0.9623194796875 0.143001984375 1 0.43649406874999996 1
0 0.754814665625 1 0.7060044609375 0.8329867656250001 0.42955058749999997 0.895613628125 0.4398508234375 0.925139803125 0.43463798125 0.9354814375 0.45379208593750003 1 0.754814665625 1
0 1 0.79064325 0.9923870546875 0.7696131140625 0.742244428125 0.8248339437500001 0.72108378125 0.8289129328125 0.76470345625 0.9990708421875001 0.80733499375 0.9920201593750001 1 0.9539742296875 1 0.79064325