0 0 0 0 0.084084084375 0.0200400796875 0.084084084375 0.060120240625 0.051051051562500005 0.156312625 0.048048048437500004 0.152304609375 0 0 0
0 0.0220440875 0.09609609687500001 0.03607214375 0.27327327343749996 0.22444889843750002 0.2822822828125 0.2424849703125 0.222222221875 0.23446893750000003 0.09609609687500001 0.23446893750000003 0.060060059374999995 0.0581162328125 0.048048048437500004 0.0220440875 0.09609609687500001
0 0.156312625 0 0.166332665625 0.051051051562500005 0.23446893750000003 0.060060059374999995 0.2424849703125 0.21921921875 0.2605210421875 0.21921921875 0.2645290578125 0.16216216249999998 0.2505010015625 0 0.156312625 0
0 0.2645290578125 0.159159159375 0.45490982031250005 0.153153153125 0.4629258515625 0.084084084375 0.44889779531249996 0 0.2505010015625 0.0030030031249999997 0.2645290578125 0.159159159375
0 0.44889779531249996 0 0.4629258515625 0.084084084375 0.46893787500000006 0.1111111109375 0.48296593125 0.16216216249999998 0.6793587171875 0.10210210156249999 0.6673346687499999 0 0.44889779531249996 0
0 0.669338678125 0 0.6753507015625 0.078078078125 0.8316633265625001 0.066066065625 0.861723446875 0.1171171171875 0.8697394796875001 0 0.669338678125 0
0 0.8697394796875001 0 0.8677354703125 0.051051051562500005 0.9559118234374999 0.0450450453125 0.95791583125 0 0.8697394796875001 0
0 0.8697394796875001 0.135135134375 0.8637274546875 0.22522522500000003 0.917835671875 0.22522522500000003 0.9358717437499999 0.051051051562500005 0.8677354703125 0.051051051562500005 0.861723446875 0.1171171171875 0.8697394796875001 0.135135134375
0 0.6753507015625 0.078078078125 0.6793587171875 0.10210210156249999 0.59519038125 0.1291291296875 0.5911823640625 0.309309309375 0.8557114234375 0.3003003 0.8697394796875001 0.1321321328125 0.8316633265625001 0.0630630625 0.6753507015625 0.078078078125
0 0.1342685375 0.2822822828125 0.03607214375 0.27327327343749996 0.032064128125 0.22822822812500002 0.0020040078125 0.22522522500000003 0 0.46846846875 0.1262525046875 0.46846846875 0.1322645296875 0.4294294296875 0.12024048125 0.3003003 0.1342685375 0.2822822828125
0 0.2404809625 0.21921921875 0.22444889843750002 0.2822822828125 0.1362725453125 0.2822822828125 0.12024048125 0.297297296875 0.1222444890625 0.3363363359375 0.14228456875 0.48048048125 0.3246492984375 0.46846846875 0.3106212421875 0.297297296875 0.3106212421875 0.23723723749999998 0.2605210421875 0.21921921875 0.2404809625 0.21921921875
0 0.5831663328125 0.46846846875 0.5891783562499999 0.30630630625 0.5851703406250001 0.1981981984375 0.581162325 0.15615615625 0.557114228125 0.13813813749999998 0.5511022046875 0.147147146875 0.5531062125 0.1741741734375 0.3286573140625 0.1801801796875 0.33266533125 0.159159159375 0.3206412828125 0.159159159375 0.31262525 0.234234234375 0.3106212421875 0.29429429375 0.3246492984375 0.46846846875 0.33066132187499997 0.49549549531250003 0.4088176359375 0.4924924921875 0.5831663328125 0.4894894890625 0.5831663328125 0.46846846875
0 0.8597194390625 0.24324324375 0.9799599203125 0.2612612609375 0.9799599203125 0.21921921875 0.9338677359374999 0.15615615625 0.925851703125 0.159159159375 0.9198396796875 0.22822822812500002 0.861723446875 0.222222221875 0.8597194390625 0.24324324375
0 0.7715430859375 0.46846846875 0.7775551109375 0.303303303125 0.5911823640625 0.309309309375 0.5911823640625 0.47747747812499997 0.7715430859375 0.46846846875
0 0.8597194390625 0.24324324375 0.8537074140625001 0.3003003 0.7835671343749999 0.30630630625 0.7715430859375 0.46846846875 1 0.48648648593750005 0.9979959921875 0.3123123125 0.9799599203125 0.26426426406250003 0.8597194390625 0.24324324375
0 1 0.48648648593750005 0.847695390625 0.47447447499999995 0.8577154312499999 0.5105105109375 0.847695390625 0.6486486484375 0.8637274546875 0.7117117109375 1 0.7207207203125 1 0.48648648593750005
0 0.7715430859375 0.46846846875 0.7074148296875 0.471471471875 0.7034068140625 0.6516516515624999 0.713426853125 0.6546546546875 0.7294589171875 0.6576576578125 0.75150300625 0.6576576578125 0.7555110218750001 0.6516516515624999 0.7955911828125 0.6516516515624999 0.7955911828125 0.6636636640625 0.843687375 0.6696696703125 0.8557114234375 0.5135135140625 0.847695390625 0.47447447499999995 0.7715430859375 0.46846846875
0 0.6933867734375 0.6576576578125 0.7034068140625 0.6636636640625 0.7074148296875 0.47447447499999995 0.5891783562499999 0.47747747812499997 0.5831663328125 0.4924924921875 0.5651302609375 0.4924924921875 0.563126253125 0.6276276281250001 0.6252505015625001 0.6456456453125 0.663326653125 0.6456456453125 0.6933867734375 0.6576576578125
0 0.5330661328125 0.624624625 0.563126253125 0.633633634375 0.5651302609375 0.4894894890625 0.4208416828125 0.4984984984375 0.4208416828125 0.6576576578125 0.51703406875 0.6606606609375001 0.5090180359375001 0.6396396390625 0.5330661328125 0.624624625
0 0.2845691375 0.471471471875 0.272545090625 0.51951951875 0.2785571140625 0.6426426421875 0.33266533125 0.6486486484375 0.3346693390625 0.6636636640625 0.364729459375 0.6666666671875 0.4208416828125 0.6606606609375001 0.4208416828125 0.49549549531250003 0.33066132187499997 0.49549549531250003 0.3246492984375 0.46846846875 0.2845691375 0.471471471875
0 0.138276553125 0.68168168125 0.266533065625 0.6876876875 0.266533065625 0.6696696703125 0.2705410828125 0.6396396390625 0.2785571140625 0.6426426421875 0.272545090625 0.51951951875 0.2845691375 0.471471471875 0.14829659374999998 0.48048048125 0.12424849687499999 0.53153153125 0.138276553125 0.68168168125
0 0 0.6696696703125 0.1282565125 0.68168168125 0.1342685375 0.6606606609375001 0.12424849687499999 0.5285285281250001 0.14829659374999998 0.48048048125 0.14228456875 0.47747747812499997 0.1322645296875 0.4234234234375 0.1262525046875 0.46846846875 0 0.46846846875 0 0.6696696703125
0 0 0.8138138140625 0.1282565125 0.8228228234375001 0.14028056093750002 0.8138138140625 0.1262525046875 0.68168168125 0 0.6696696703125 0 0.8138138140625
0 0 1 0.1503006015625 0.996996996875 0.1322645296875 0.8948948953125001 0.14228456875 0.864864865625 0.1442885765625 0.8408408406250001 0.14028056093750002 0.8168168171874999 0.11222444843749999 0.8228228234375001 0 0.8138138140625 0 1
0 0.1503006015625 0.84384384375 0.14228456875 0.8678678671875 0.1322645296875 0.8918918921874999 0.1503006015625 0.996996996875 0.28256512968749997 0.99399399375 0.27454909843749997 0.903903903125 0.272545090625 0.85585585625 0.266533065625 0.8348348343750001 0.1503006015625 0.84384384375
0 0.1282565125 0.68168168125 0.1462925859375 0.84384384375 0.266533065625 0.8348348343750001 0.2605210421875 0.690690690625 0.138276553125 0.678678678125 0.1342685375 0.6576576578125 0.1282565125 0.68168168125
0 0.4088176359375 0.9669669671875001 0.4088176359375 0.8948948953125001 0.3567134265625 0.8858858859375 0.322645290625 0.8948948953125001 0.30460921875 0.8828828828124999 0.2785571140625 0.8978978984375001 0.28256512968749997 0.984984984375 0.286573146875 0.9879879875 0.4088176359375 0.9669669671875001
0 0.5470941890625001 0.9609609609374999 0.5490981968749999 0.927927928125 0.515030059375 0.91891891875 0.41482965937499994 0.8948948953125001 0.41082164375 0.921921921875 0.4088176359375 0.9669669671875001 0.48897795625 0.9729729734375001 0.5470941890625001 0.9609609609374999
0 0.7054108218749999 0.9579579578124999 0.6793587171875 0.9369369375 0.655310621875 0.939939940625 0.6573146296875 0.996996996875 0.7014028062500001 0.996996996875 0.7054108218749999 0.9579579578124999
0 0.741482965625 0.9639639640625 0.733466934375 0.9699699703125001 0.72344689375 0.9639639640625 0.7174348703125 0.9549549546874999 0.7054108218749999 0.9609609609374999 0.7014028062500001 0.996996996875 0.843687375 0.996996996875 0.8496993984375001 0.9429429421875 0.8356713421874999 0.8618618625 0.769539078125 0.852852853125 0.7615230453125 0.9489489484375 0.7535070140625 0.9579579578124999 0.741482965625 0.9639639640625
0 0.793587175 0.690690690625 0.7715430859375 0.852852853125 0.8336673343750001 0.8618618625 0.8456913828125 0.7177177171875 0.8356713421874999 0.6696696703125 0.7955911828125 0.6606606609375001 0.793587175 0.690690690625
0 1 0.7177177171875 0.8637274546875 0.7117117109375 0.847695390625 0.6486486484375 0.843687375 0.6666666671875 0.8356713421874999 0.6666666671875 0.8456913828125 0.7207207203125 0.8356713421874999 0.858858859375 0.8496993984375001 0.9429429421875 0.843687375 1 1 1 1 0.9369369375 1 0.7177177171875
0 0.33066132187499997 0.6516516515624999 0.2685370734375 0.6366366359375 0.2645290578125 0.6876876875 0.2605210421875 0.690690690625 0.266533065625 0.84384384375 0.2705410828125 0.858858859375 0.272545090625 0.903903903125 0.3066132265625 0.8798798796874999 0.318637275 0.8948948953125001 0.35871743437500003 0.8858858859375 0.5190380765625 0.921921921875 0.529058115625 0.9159159156250001 0.51703406875 0.6606606609375001 0.422845690625 0.6576576578125 0.3667334671875 0.6666666671875 0.336673346875 0.6606606609375001 0.33066132187499997 0.6516516515624999
0 0.7074148296875 0.9579579578124999 0.7174348703125 0.9579579578124999 0.7535070140625 0.9579579578124999 0.7615230453125 0.9489489484375 0.7955911828125 0.6606606609375001 0.7955911828125 0.6516516515624999 0.7555110218750001 0.6546546546875 0.7535070140625 0.6546546546875 0.7054108218749999 0.6546546546875 0.7034068140625 0.6636636640625 0.691382765625 0.6576576578125 0.663326653125 0.6456456453125 0.6252505015625001 0.6456456453125 0.5330661328125 0.624624625 0.5090180359375001 0.6396396390625 0.51703406875 0.6606606609375001 0.5270541078125001 0.91891891875 0.6533066125 0.939939940625 0.6793587171875 0.9369369375 0.7074148296875 0.9579579578124999