0 0.067430678125 0.73101750625 0.016708043750000002 0.717845696875 0.02102060625 0.903130953125 0.0360705421875 0.9064678890625 0.067430678125 0.73101750625
0 0.2598212421875 0.9623051015625 0.2958539046875 0.7839118187499999 0.067430678125 0.73101750625 0.033734278125 0.9079393390625 0.2598212421875 0.9623051015625
0 0.4811882859375 1 0.513080628125 0.8524129109375 0.31722384843749996 0.80124994375 0.3214115609375 0.7900575125 0.2958539046875 0.7839118187499999 0.26019153125 0.96036090625 0.4250357671875 1 0.4811882859375 1
0 0.71206595625 1 0.7372016171875 0.9063059265625 0.528808415625 0.8561948765625 0.49212201875000006 1 0.71206595625 1
0 0.933182003125 1 0.9516607031250001 0.9029781937499999 0.842615971875 0.795427371875 0.7930963421875 0.785552925 0.7384446234375 1 0.933182003125 1
0 0.8410202874999999 0.7930104296875 0.9516607031250001 0.9029781937499999 0.96795346875 0.8174335703125 0.8410202874999999 0.7930104296875
0 0.655180421875 0.5165335828125001 0.6441251609374999 0.509808715625 0.39715306875 0.4463543578125 0.31722384843749996 0.80124994375 0.736831328125 0.9082501234375 0.7604230109375 0.913923071875 0.7954326046875 0.784081475 0.8511517265625 0.577890275 0.8458798625 0.5623899203125 0.655180421875 0.5165335828125001
0 0.7315747078125 0.1262229359375 0.6401932140625 0.5088632234375 0.655180421875 0.5165335828125001 0.8458798625 0.5623899203125 0.8671352812500001 0.5695343203125 0.9719083 0.1921474484375 0.7315747078125 0.1262229359375
0 0.41484683125000005 0.45060906875000006 0.6401932140625 0.5088632234375 0.7312044171875 0.1281671328125 0.497394803125 0.0495787390625 0.41484683125000005 0.45060906875000006
0 0.41669828124999997 0.440888090625 0.4981353828125 0.045690346874999996 0.3858489828125 0.011227059374999999 0.23720814531249998 0.0069020515625 0.1784451859375 0.38563004843750004 0.41669828124999997 0.440888090625
0 0.1784451859375 0.38563004843750004 0.23720814531249998 0.0069020515625 0.0951079828125 0.002767359375 0.0294014828125 0.34775717500000003 0.1784451859375 0.38563004843750004
0 0.375412834375 0.430960428125 0.1784451859375 0.38563004843750004 0.0294014828125 0.34775717500000003 0.010414465625 0.44744788281250003 0.0166832703125 0.7167813468750001 0.307649746875 0.7867482921875 0.375412834375 0.430960428125