0 0.044 0 0.048 0.032 0.064 0.037333332812499995 0.156 0.0266666671875 0.286 0.0106666671875 0.33799999999999997 0 0.044 0
0 0.33999999999999997 0 0.286 0.013333332812500001 0.156 0.0293333328125 0.057999999999999996 0.037333332812499995 0.052000000000000005 0.048 0.062 0.11200000000000002 0.08399999999999999 0.2213333328125 0.092 0.2506666671875 0.10200000000000001 0.2533333328125 0.11000000000000001 0.2613333328125 0.144 0.2613333328125 0.246 0.264 0.33199999999999996 0.264 0.466 0.264 0.588 0.2613333328125 0.63 0.2266666671875 0.632 0.0933333328125 0.634 0.0186666671875 0.622 0 0.33999999999999997 0
0 0 0 0 0.2186666671875 0.074 0.2133333328125 0.078 0.2106666671875 0.08199999999999999 0.2106666671875 0.062 0.1146666671875 0.052000000000000005 0.048 0.057999999999999996 0.037333332812499995 0.048 0.032 0.041999999999999996 0 0 0
0 0.82 0 0.748 0.008 0.634 0.016 0.632 0.09066666718750001 0.63 0.2293333328125 0.634 0.264 0.686 0.2666666671875 0.792 0.272 0.9380000000000001 0.2746666671875 1 0.2746666671875 1 0 0.82 0
0 0 0.384 0.10400000000000001 0.3866666671875 0.12 0.3866666671875 0.11399999999999999 0.36 0.11000000000000001 0.2906666671875 0.10800000000000001 0.264 0.10400000000000001 0.256 0.092 0.2506666671875 0.086 0.22400000000000003 0.08 0.2106666671875 0.074 0.2133333328125 0 0.2213333328125 0 0.384
0 0.13 0.44266666718750003 0.158 0.45066666718750004 0.246 0.45866666718750004 0.33199999999999996 0.46399999999999997 0.454 0.472 0.5820000000000001 0.48 0.602 0.48266666718750006 0.606 0.472 0.614 0.4693333328125 0.63 0.44000000000000006 0.632 0.31466666718749997 0.634 0.2613333328125 0.63 0.2293333328125 0.5940000000000001 0.25866666718750003 0.544 0.2613333328125 0.414 0.264 0.32 0.264 0.19 0.2613333328125 0.11000000000000001 0.2613333328125 0.11399999999999999 0.36 0.12 0.384 0.13 0.44266666718750003
0 0 0.5333333328125 0.066 0.544 0.13 0.5519999999999999 0.146 0.5413333328125 0.134 0.44800000000000006 0.128 0.44266666718750003 0.12 0.3866666671875 0.10400000000000001 0.3866666671875 0 0.384 0 0.5333333328125
0 0.22999999999999998 0.6106666671875 0.314 0.6346666671875 0.446 0.6613333328125 0.524 0.6746666671875 0.5860000000000001 0.688 0.606 0.6559999999999999 0.618 0.64 0.616 0.4933333328125 0.604 0.48266666718750006 0.584 0.48 0.45599999999999996 0.472 0.32999999999999996 0.46399999999999997 0.23199999999999998 0.45866666718750004 0.134 0.4453333328125 0.148 0.544 0.16 0.5893333328125 0.18 0.592 0.22999999999999998 0.6106666671875
0 1 0.2746666671875 0.85 0.2746666671875 0.692 0.2666666671875 0.632 0.2666666671875 0.632 0.31466666718749997 0.63 0.44000000000000006 0.632 0.4693333328125 0.636 0.47466666718750006 0.6599999999999999 0.4773333328125 0.8140000000000001 0.49866666718749997 0.9640000000000001 0.5173333328124999 1 0.52 1 0.2746666671875
0 1 0.5226666671875 0.9640000000000001 0.52 0.794 0.49866666718749997 0.634 0.47466666718750006 0.632 0.4933333328125 0.63 0.6186666671875 0.63 0.6559999999999999 0.6559999999999999 0.6666666671875 0.732 0.6853333328125 0.8380000000000001 0.7066666671874999 1 0.7386666671875 1 0.5226666671875
0 0 0.6693333328125 0.11000000000000001 0.6986666671874999 0.15 0.704 0.16 0.6986666671874999 0.174 0.688 0.16599999999999998 0.6293333328124999 0.16599999999999998 0.592 0.16 0.592 0.146 0.544 0.132 0.5546666671875 0.072 0.5466666671875 0 0.536 0 0.6693333328125
0 0 0.7706666671875 0.066 0.8 0.1 0.8133333328125 0.154 0.8240000000000001 0.178 0.8240000000000001 0.198 0.808 0.19 0.7653333328125 0.188 0.728 0.18 0.7173333328125 0.176 0.6906666671874999 0.158 0.7013333328125 0.152 0.7066666671874999 0.11000000000000001 0.6986666671874999 0 0.6719999999999999 0 0.7706666671875
0 0 0.8773333328125 0.026000000000000002 0.8880000000000001 0.074 0.9066666671875 0.126 0.9279999999999999 0.16799999999999998 0.9466666671875 0.196 0.9573333328125001 0.21000000000000002 0.9386666671875 0.20400000000000001 0.8880000000000001 0.20400000000000001 0.8533333328125 0.21200000000000002 0.8453333328125 0.202 0.8266666671875 0.198 0.808 0.178 0.8240000000000001 0.15 0.8240000000000001 0.08399999999999999 0.8106666671875 0.03 0.7866666671875 0 0.7733333328125 0 0.8773333328125
0 0.23199999999999998 1 0.23399999999999999 0.976 0.22000000000000003 0.968 0.21000000000000002 0.9386666671875 0.194 0.9573333328125001 0.16799999999999998 0.9466666671875 0.10800000000000001 0.9226666671875 0.052000000000000005 0.9013333328125 0.002 0.8800000000000001 0 0.9626666671875 0.024 0.9813333328124999 0.052000000000000005 1 0.23199999999999998 1
0 0.198 0.7306666671875 0.262 0.76 0.344 0.7866666671875 0.42400000000000004 0.8106666671875 0.502 0.8293333328125 0.5900000000000001 0.8533333328125 0.614 0.8026666671875 0.62 0.7466666671875 0.62 0.6826666671875 0.608 0.6586666671875 0.588 0.6853333328125 0.516 0.6746666671875 0.414 0.6559999999999999 0.294 0.6293333328124999 0.202 0.6026666671875 0.16599999999999998 0.592 0.16599999999999998 0.632 0.176 0.6906666671874999 0.182 0.7226666671875 0.198 0.7306666671875
0 1 0.7413333328125 0.8460000000000001 0.7093333328125 0.736 0.688 0.634 0.6586666671875 0.632 0.6799999999999999 0.632 0.76 0.632 0.8240000000000001 0.638 0.8346666671875 0.72 0.8640000000000001 0.8240000000000001 0.8906666671875 0.9 0.9146666671875 1 0.944 1 0.7413333328125
0 1 0.9466666671875 0.8880000000000001 0.9119999999999999 0.8 0.8853333328125 0.6799999999999999 0.8506666671875 0.636 0.8320000000000001 0.63 0.8506666671875 0.63 0.9119999999999999 0.628 1 1 1 1 0.9466666671875
0 0.21200000000000002 0.8426666671874999 0.246 0.8586666671875 0.31 0.8906666671875 0.366 0.9119999999999999 0.438 0.9386666671875 0.522 0.9626666671875 0.5860000000000001 0.976 0.614 0.9066666671875 0.604 0.8266666671875 0.5900000000000001 0.8506666671875 0.488 0.8266666671875 0.40599999999999997 0.8053333328125 0.316 0.7786666671875 0.23199999999999998 0.7466666671875 0.19 0.728 0.19 0.7653333328125 0.198 0.808 0.202 0.8320000000000001 0.21200000000000002 0.8426666671874999
0 0.602 1 0.608 0.9306666671875 0.5860000000000001 0.976 0.518 0.96 0.40599999999999997 0.9279999999999999 0.33399999999999996 0.9013333328125 0.274 0.8746666671875 0.21200000000000002 0.8453333328125 0.20400000000000001 0.8533333328125 0.20400000000000001 0.8906666671875 0.21000000000000002 0.9413333328125001 0.22000000000000003 0.9733333328124999 0.238 0.9786666671875001 0.268 1 0.602 1