0 0.9400000000000001 1 0.77 0.9333333328125001 0.768 1 0.9400000000000001 1
0 0.9480000000000001 1 0.96 0.8853333328125 0.9560000000000001 0.8693333328125 0.778 0.8106666671875 0.768 0.9333333328125001 0.942 1 0.9480000000000001 1
0 0.97 0.7306666671875 0.778 0.6799999999999999 0.776 0.8106666671875 0.9560000000000001 0.8693333328125 0.97 0.776 0.97 0.7306666671875
0 0.982 0.5626666671875 0.776 0.5306666671875 0.776 0.6799999999999999 0.9720000000000001 0.7333333328125 0.982 0.6533333328125 0.982 0.5626666671875
0 0.9880000000000001 0.37333333281250003 0.778 0.37066666718749997 0.774 0.5306666671875 0.984 0.5626666671875 1 0.376 0.9880000000000001 0.37333333281250003
0 1 0.136 0.8779999999999999 0.1413333328125 0.8619999999999999 0.1573333328125 0.796 0.1653333328125 0.774 0.1893333328125 0.772 0.24 0.774 0.2826666671875 0.772 0.352 0.778 0.37066666718749997 0.986 0.37333333281250003 0.998 0.352 1 0.3413333328125 1 0.136
0 0.772 0.37066666718749997 0.77 0.3546666671875 0.774 0.2826666671875 0.772 0.23733333281250002 0.774 0.1893333328125 0.796 0.1626666671875 0.638 0.176 0.596 0.2026666671875 0.6 0.352 0.772 0.37066666718749997
0 0.692 0 0.674 0.0053333328125 0.6799999999999999 0.17333333281250002 0.796 0.1626666671875 0.8640000000000001 0.1546666671875 0.8779999999999999 0.1386666671875 0.8939999999999999 0.1226666671875 0.8960000000000001 0 0.692 0
0 0.418 0.2026666671875 0.54 0.1893333328125 0.604 0.1546666671875 0.5980000000000001 0.024 0.526 0.04 0.40199999999999997 0.0586666671875 0.418 0.2026666671875
0 0.45 0.2186666671875 0.45999999999999996 0.36 0.5980000000000001 0.3653333328125 0.6 0.352 0.596 0.2026666671875 0.638 0.17333333281250002 0.5860000000000001 0.1653333328125 0.542 0.1893333328125 0.47400000000000003 0.1946666671875 0.45 0.2186666671875
0 0.6 0.352 0.608 0.5093333328125 0.774 0.5306666671875 0.776 0.37066666718749997 0.6 0.352
0 0.608 0.5093333328125 0.614 0.6373333328124999 0.778 0.6799999999999999 0.774 0.5333333328125 0.608 0.5093333328125
0 0.614 0.6373333328124999 0.62 0.76 0.77 0.808 0.768 0.6773333328125 0.614 0.6373333328124999
0 0.626 0.76 0.632 0.8720000000000001 0.77 0.9306666671875 0.772 0.8106666671875 0.626 0.76
0 0.768 1 0.77 0.9306666671875 0.628 0.8720000000000001 0.63 0.9733333328124999 0.7 1 0.768 1
0 0.63 0.8746666671875 0.506 0.8266666671875 0.51 0.9199999999999999 0.63 0.976 0.63 0.8746666671875
0 0.5 0.7226666671875 0.506 0.8266666671875 0.63 0.8746666671875 0.626 0.7573333328125 0.5 0.7226666671875
0 0.48200000000000004 0.6133333328125 0.49800000000000005 0.7226666671875 0.624 0.76 0.614 0.6373333328124999 0.48200000000000004 0.6133333328125
0 0.47400000000000003 0.49066666718749996 0.484 0.6106666671875 0.616 0.6373333328124999 0.606 0.5093333328125 0.47400000000000003 0.49066666718749996
0 0.606 0.512 0.5980000000000001 0.3653333328125 0.462 0.3573333328125 0.47400000000000003 0.49066666718749996 0.606 0.512
0 0.33199999999999996 0.22400000000000003 0.348 0.352 0.45999999999999996 0.36 0.45 0.2186666671875 0.472 0.1946666671875 0.41600000000000004 0.2026666671875 0.414 0.1893333328125 0.396 0.1893333328125 0.33199999999999996 0.22400000000000003
0 0.348 0.352 0.364 0.472 0.47400000000000003 0.4933333328125 0.462 0.3573333328125 0.348 0.352
0 0.364 0.47466666718750006 0.378 0.5866666671874999 0.484 0.6133333328125 0.47400000000000003 0.4933333328125 0.364 0.47466666718750006
0 0.378 0.5866666671874999 0.394 0.6906666671874999 0.5 0.7226666671875 0.48200000000000004 0.6106666671875 0.378 0.5866666671874999
0 0.394 0.6933333328125 0.40599999999999997 0.7866666671875 0.506 0.8266666671875 0.5 0.7226666671875 0.394 0.6933333328125
0 0.40599999999999997 0.7866666671875 0.41600000000000004 0.8746666671875 0.512 0.9226666671875 0.504 0.8240000000000001 0.40599999999999997 0.7866666671875
0 0.316 0.7493333328125 0.32799999999999996 0.8346666671875 0.41600000000000004 0.8746666671875 0.40599999999999997 0.7866666671875 0.316 0.7493333328125
0 0.306 0.6639999999999999 0.316 0.7493333328125 0.40599999999999997 0.7893333328125001 0.394 0.6933333328125 0.306 0.6639999999999999
0 0.284 0.568 0.304 0.6639999999999999 0.394 0.6933333328125 0.376 0.5866666671874999 0.284 0.568
0 0.268 0.4613333328125 0.284 0.568 0.378 0.5866666671874999 0.364 0.472 0.268 0.4613333328125
0 0.252 0.3493333328125 0.268 0.4613333328125 0.364 0.472 0.348 0.3546666671875 0.252 0.3493333328125
0 0.362 0.192 0.316 0.20800000000000002 0.282 0.20800000000000002 0.23199999999999998 0.23199999999999998 0.25 0.3493333328125 0.348 0.352 0.33199999999999996 0.2266666671875 0.396 0.1866666671875 0.362 0.192
0 0.22799999999999998 0.20800000000000002 0.148 0.23733333281250002 0.16999999999999998 0.344 0.252 0.3493333328125 0.23199999999999998 0.23199999999999998 0.282 0.20800000000000002 0.22799999999999998 0.20800000000000002
0 0.16999999999999998 0.344 0.19 0.45066666718750004 0.268 0.4613333328125 0.252 0.3493333328125 0.16999999999999998 0.344
0 0.19 0.45066666718750004 0.20400000000000001 0.5493333328125 0.284 0.5706666671875 0.268 0.45866666718750004 0.19 0.45066666718750004
0 0.20400000000000001 0.5519999999999999 0.22400000000000003 0.6373333328124999 0.302 0.6666666671875 0.286 0.568 0.20400000000000001 0.5519999999999999
0 0.22599999999999998 0.6373333328124999 0.242 0.7253333328125 0.316 0.752 0.306 0.6639999999999999 0.22599999999999998 0.6373333328124999
0 0.24 0.728 0.256 0.8026666671875 0.32999999999999996 0.8346666671875 0.316 0.752 0.24 0.728
0 0.242 0.7306666671875 0.172 0.7066666671874999 0.186 0.7706666671875 0.256 0.8026666671875 0.242 0.7306666671875
0 0.22400000000000003 0.6346666671875 0.154 0.6186666671875 0.16999999999999998 0.7093333328125 0.244 0.7306666671875 0.22400000000000003 0.6346666671875
0 0.152 0.6186666671875 0.22599999999999998 0.6373333328124999 0.20400000000000001 0.5493333328125 0.13799999999999998 0.5333333328125 0.152 0.6186666671875
0 0.118 0.44266666718750003 0.134 0.5333333328125 0.20400000000000001 0.5493333328125 0.19 0.45066666718750004 0.184 0.42133333281249996 0.16799999999999998 0.41600000000000004 0.118 0.44266666718750003
0 0.36 0.192 0.4 0.176 0.4 0.144 0.394 0.10133333281250001 0.386 0.061333332812499995 0.3 0.0826666671875 0.21800000000000003 0.0986666671875 0.23399999999999999 0.2106666671875 0.284 0.2106666671875 0.314 0.2106666671875 0.36 0.192
0 0.076 0.2186666671875 0.092 0.2266666671875 0.11200000000000002 0.3066666671875 0.158 0.2906666671875 0.148 0.23733333281250002 0.176 0.22400000000000003 0.172 0.2 0.122 0.2026666671875 0.10600000000000001 0.2106666671875 0.076 0.2186666671875
0 0.158 0.2906666671875 0.11000000000000001 0.3066666671875 0.126 0.3973333328125 0.174 0.37066666718749997 0.16999999999999998 0.344 0.158 0.2906666671875
0 0.174 0.37066666718749997 0.126 0.4 0.132 0.43200000000000005 0.16799999999999998 0.41600000000000004 0.184 0.42133333281249996 0.174 0.37066666718749997
0 0.11599999999999999 0.7466666671875 0.16999999999999998 0.704 0.156 0.6293333328124999 0.1 0.6719999999999999 0.05 0.6506666671875 0.064 0.7146666671874999 0.11599999999999999 0.7466666671875
0 0.1 0.6746666671875 0.156 0.6293333328124999 0.154 0.6213333328124999 0.13999999999999999 0.5573333328125 0.08399999999999999 0.5973333328125 0.034 0.5813333328125 0.05 0.6506666671875 0.1 0.6746666671875
0 0.08399999999999999 0.6 0.142 0.5546666671875 0.134 0.5333333328125 0.124 0.48 0.066 0.512 0.016 0.5066666671875 0.032 0.5813333328125 0.08399999999999999 0.6
0 0.068 0.512 0.126 0.48 0.11599999999999999 0.44266666718750003 0.134 0.4346666671875 0.126 0.3973333328125 0.044 0.42933333281249997 0 0.42933333281249997 0.014000000000000002 0.5093333328125 0.068 0.512
0 0 0.42933333281249997 0.044 0.42933333281249997 0.126 0.3973333328125 0.11000000000000001 0.312 0.022 0.3413333328125 0 0.3413333328125 0 0.42933333281249997
0 0 0.3413333328125 0.022 0.3413333328125 0.11000000000000001 0.3093333328125 0.092 0.2266666671875 0.076 0.21600000000000003 0 0.24533333281249997 0 0.3413333328125
0 0 0.2346666671875 0.022 0.2346666671875 0.10600000000000001 0.20800000000000002 0.088 0.1226666671875 0 0.1386666671875 0 0.2346666671875
0 0 0.6346666671875 0.048 0.6506666671875 0.034 0.5813333328125 0 0.5706666671875 0 0.6346666671875
0 0 0.5733333328125 0.032 0.584 0.014000000000000002 0.5066666671875 0 0.5013333328125 0 0.5733333328125
0 0.062 0.7146666671874999 0.048 0.6506666671875 0.008 0.6373333328124999 0.02 0.6933333328125 0.062 0.7146666671874999
0 0 0.6853333328125 0.02 0.6933333328125 0.01 0.6373333328124999 0 0.632 0 0.6853333328125
0 0.608 0.152 0.5860000000000001 0.1626666671875 0.64 0.17333333281250002 0.6799999999999999 0.1706666671875 0.6799999999999999 0.152 0.608 0.152
0 1 0.1173333328125 0.8960000000000001 0.12 0.8779999999999999 0.1413333328125 1 0.136 1 0.1173333328125