0 0 0.3977256671875 0.15797665 0.347115359375 0.1444164140625 0.174470265625 0.1142353796875 0.1633071578125 0 0.20070698125000003 0 0.3977256671875
0 0.445098440625 0.19570638125 0.412334540625 0.00116755625 0.14401118125 0.0572262109375 0.1306795921875 0.08187691875 0.1714141921875 0.2744336 0.445098440625 0.19570638125
0 0.4829668984375 0 0.4425155765625 0.0123306625 0.4689752234375 0.20577029531250002 0.7443259234374999 0.1239617390625 0.7338205640625 0 0.4829668984375 0
0 0 0.5751660609375 0.207078809375 0.5082549984375 0.184974428125 0.4470786953125 0.164607128125 0.35080035625 0 0.40129805 0 0.5751660609375
0 0.15213989375 0.2845605671875 0.19022936562499998 0.47244118124999995 0.454638009375 0.3853528984375 0.42517169062500004 0.2006617453125 0.15213989375 0.2845605671875
0 0.4579978515625 0.21650092187499997 0.48547149687499996 0.40168761093749994 0.7478874656250001 0.315094865625 0.73102965 0.132602096875 0.4579978515625 0.21650092187499997
0 0.9448007515624999 0.2794613171875 0.9213124562499999 0.0932835546875 0.7542539796875001 0.13749440625 0.7648428609375 0.30287763125 0.7973427984375 0.3161310046875 0.9448007515624999 0.2794613171875
0 0.798647703125 0.3264742140625 0.8089456765625 0.4732612859375 0.9592092640625 0.42549336875000004 0.9607557046874999 0.40781746406249997 0.9431343015625 0.2825426578125 0.798647703125 0.3264742140625
0 0.7478874656250001 0.315094865625 0.5226798703125 0.3871008171875 0.5382680984375 0.543240025 0.5561315390625 0.5708008984374999 0.805612778125 0.47942396406250004 0.787379421875 0.3186086875 0.7469087875 0.3073374578125 0.7478874656250001 0.315094865625
0 0.5204046578125 0.5156791515625 0.5097888296875001 0.51298523125 0.5468289875 0.7251291359375001 0.7829786375000001 0.658402909375 0.7687306328125 0.496596559375 0.5534864109375001 0.56612483125 0.5204046578125 0.5156791515625
0 0.7869639890625 0.6574118359375001 0.5531332390625 0.7262283296875001 0.5730683609375 0.8679519171875001 0.798566865625 0.8145421171875 0.7869639890625 0.6574118359375001
0 0.7959217375 0.8098660499999999 0.5684305578125 0.8637713843749999 0.5831813765625 0.9481117875 0.8259615046875 0.88507055625 0.7959217375 0.8098660499999999
0 0.20617076562499997 0.46847689218750005 0.24331687500000002 0.632589746875 0.49544324375000004 0.54588888125 0.46626783281249995 0.3797938796875 0.20617076562499997 0.46847689218750005
0 0.7405753421875 0 0.74928995 0.13072807343749998 0.9213124562499999 0.0932835546875 0.9095437499999999 0 0.7405753421875 0
0 0.4877987703125 0.5504568296875 0.2413242 0.633085284375 0.2722013765625 0.7800885984375 0.5140028265625001 0.7092899609375001 0.4877987703125 0.5504568296875
0 0.516321728125 0.7113802265625 0.2808245296875 0.7832780578125 0.2887599125 0.7973062625 0.3147083765625 0.9215328906250001 0.5502055734375 0.8496350609375 0.5266466453125 0.695477996875 0.505194715625 0.6394732984375 0.516321728125 0.7113802265625
0 0.548539125 0.8527163984374999 0.305071228125 0.9265963749999999 0.316318578125 0.983546115625 0.45772005625 0.9777844468750001 0.55894305 0.9514724203125 0.548539125 0.8527163984374999
0 0 0.736428725 0.22759575 0.6871708921875 0.23393531875 0.6722597343750001 0.20773126249999999 0.513426603125 0.1818264875 0.519868575 0 0.578004221875 0 0.736428725
0 0 0.7861745140624999 0.0263086265625 0.8999093578125 0.260139375 0.8310928656250001 0.2794843078125 0.7889451968750001 0.2349139984375 0.680017140625 0.22393662656250002 0.6907477656250001 0 0.7413271515625001 0 0.7861745140624999
0 0.26213205 0.8305973296875001 0.044895153125 0.9006211359374999 0.06384182031249999 0.9938337546874999 0.159254821875 0.9899459734375 0.28141471875 0.9671493124999999 0.26213205 0.8305973296875001
0 0.787290215625 0.6599976390625 0.9237859234375 0.8303839984374999 0.9594539281250001 0.422696840625 0.7690568578125 0.49918236250000003 0.787290215625 0.6599976390625
0 0.7988930921875 0.8171279203124999 0.83226575625 0.88616975 0.9210259515624999 0.8619306265625 0.9234412171875 0.8343240125 0.78859511875 0.6703408468750001 0.7988930921875 0.8171279203124999