0 0.3819971875 0.2059129515625 0.3789833234375 0.0043350109375 0.00425959375 0.00325125625 0.006268837500000001 0.191824171875 0.3819971875 0.2059129515625
0 0.720554553125 0.028177560937500002 0.516616434375 0.00325125625 0.3799879453125 0.0043350109375 0.3799879453125 0.208080459375 0.7074944734375 0.225420496875 0.720554553125 0.028177560937500002
0 0.9847699421874999 0.04876885625 0.7195499296875 0.028177560937500002 0.7074944734375 0.2232529890625 0.97070524375 0.2221692390625 0.9847699421874999 0.04876885625
0 0.384006428125 0.209164209375 0.0012457296875 0.195075428125 0 0.441780821875 0.3860156734375 0.4161609140625 0.384006428125 0.209164209375
0 0.7064898546875 0.2210854859375 0.384006428125 0.208080459375 0.3860156734375 0.4150771640625 0.6974482640625 0.4031558875 0.7064898546875 0.2210854859375
0 0.9566405453125 0.2221692390625 0.704480609375 0.2210854859375 0.6984528828125 0.3999046296875 0.94759895625 0.386899603125 0.9566405453125 0.2221692390625
0 0.363914003125 0.4161609140625 0.0012457296875 0.4432547265625 0.0002411078125 0.6740939828125 0.37697407968749996 0.61665510625 0.363914003125 0.4161609140625
0 0.6904159140624999 0.404239640625 0.36893711093750003 0.419412171875 0.372955596875 0.604733828125 0.6823789421875001 0.5668024968750001 0.6904159140624999 0.404239640625
0 0.9335342578124999 0.390150859375 0.6904159140624999 0.405323390625 0.684388184375 0.5700537531250001 0.9164556953125 0.53754118125 0.9335342578124999 0.390150859375
0 0.3749648375 0.615571353125 0.0032549718749999997 0.669758971875 0.002250353125 0.8724206671875001 0.383001809375 0.7911392390625 0.3749648375 0.615571353125
0 0.6823789421875001 0.568970003125 0.384006428125 0.6101525921875 0.3860156734375 0.7889717359375 0.676351215625 0.7239465921875 0.6823789421875001 0.568970003125
0 0.9285111531249999 0.53645743125 0.6813743203125 0.57113750625 0.686397428125 0.717444078125 0.9244926671875 0.6740939828125 0.9285111531249999 0.53645743125
0 0.3850110515625 0.9602046124999999 0.37697407968749996 0.797641753125 0.0072734578125 0.873504421875 0.0163150515625 0.9938009343750001 0.2624472578125 0.9938009343750001 0.3850110515625 0.9602046124999999
0 0.684388184375 0.8702531640625001 0.68539280625 0.72719785 0.3850110515625 0.7835529718750001 0.384006428125 0.9168545171875 0.4040988546875 0.941780821875 0.684388184375 0.8702531640625001
0 0.919469559375 0.67842899375 0.6904159140624999 0.728281603125 0.6914205328125 0.8713369171875 0.911432590625 0.8063117734375 0.919469559375 0.67842899375
0 0.996825396875 0.2123287671875 0.996825396875 0.023972603125 0.9234880437499999 0.044433850000000004 0.9847699421874999 0.05202011250000001 0.9757283484375 0.2059129515625 0.996825396875 0.2123287671875
0 0.95061281875 0.37172706875 0.9676913812500001 0.3782295828125 0.9857745625 0.2102479625 0.976732971875 0.2059129515625 0.9747237296875 0.2200017328125 0.9536266828125 0.2178342296875 0.95061281875 0.37172706875
0 0.996825396875 0.2102479625 0.986779184375 0.2102479625 0.97070524375 0.377145828125 0.996825396875 0.38356164375 0.996825396875 0.2102479625
0 0.92047418125 0.5191173906250001 0.9556359234375 0.5299549140625001 0.968696003125 0.37606207812500003 0.948603578125 0.370643315625 0.9445850921875 0.386899603125 0.9345388796874999 0.390150859375 0.92047418125 0.5191173906250001
0 0.996825396875 0.38356164375 0.97070524375 0.37606207812500003 0.9586497906250001 0.535373678125 0.996825396875 0.5547945203125 0.996825396875 0.38356164375
0 0.93052039375 0.668675221875 0.95061281875 0.666507715625 0.9546313046874999 0.532122421875 0.9224834218750001 0.521284896875 0.9164556953125 0.538624934375 0.9265019078125001 0.535373678125 0.93052039375 0.668675221875
0 0.996825396875 0.55379746875 0.9566405453125 0.5310386671875 0.948603578125 0.68493150625 0.996825396875 0.710941565625 0.996825396875 0.55379746875
0 0.949608196875 0.66759146875 0.9254972890625 0.6740939828125 0.9124372125000001 0.8019767640625 0.9365481203125 0.8128142875 0.949608196875 0.66759146875
0 0.996825396875 0.7089041093749999 0.9435804703124999 0.683847753125 0.9385573656249999 0.81498179375 0.996825396875 0.8698630140624999 0.996825396875 0.7089041093749999