0 0.8156411109375 0.325465975 0.8942801953125 0.3011205609375 0.873539715625 0.17726149375 0.7967999234375001 0.19473585468750002 0.8156411109375 0.325465975
0 0.8158122531249999 0.327156034375 0.8356163703125 0.452648646875 0.9107154171875 0.424767190625 0.8928320390625 0.3048943359375 0.8158122531249999 0.327156034375
0 0.8337925890625 0.4550570609375 0.8511273359375 0.5735398359375 0.92567881875 0.5457773046875001 0.9101678546875 0.424886115625 0.8337925890625 0.4550570609375
0 0.8503059937499999 0.573718221875 0.8663634515625 0.6929814875 0.9436463343750001 0.6555703421875 0.924493146875 0.5470409734375 0.8503059937499999 0.573718221875
0 0.8660896703125 0.6930409515625 0.8863433234375 0.8088774671875001 0.9538574359374999 0.7680541453124999 0.9403641687500001 0.6608108875 0.8660896703125 0.6930409515625
0 0.707119878125 0.2199628234375 0.72848254375 0.355178471875 0.816086034375 0.3270965734375 0.7965514234375 0.1955085046875 0.707119878125 0.2199628234375
0 0.729943065625 0.355364340625 0.7517606078125 0.4884688890625 0.83543206875 0.4501732890625 0.8166335968749999 0.3269776484375 0.729943065625 0.355364340625
0 0.7520343890625 0.4884094265625 0.7708328625 0.6116050671875 0.8510367890625 0.57456565625 0.8333345062499999 0.45264116718749997 0.7520343890625 0.4884094265625
0 0.7695555749999999 0.6123855578125 0.789177528125 0.738420809375 0.8670037 0.6948547421875 0.850673528125 0.5771599375 0.7695555749999999 0.6123855578125
0 0.7896613921875 0.7375450046875 0.8112571000000001 0.8548669078125 0.886891953125 0.8102675406250001 0.8659075062499999 0.6935835921875 0.7896613921875 0.7375450046875
0 0.6336734078124999 0.3903592078125 0.72775281875 0.3558400390625 0.7063890828125 0.2191153890625 0.6076478187500001 0.2457476296875 0.6336734078124999 0.3903592078125
0 0.6326688328125 0.389571234375 0.6589595562499999 0.5237165671875 0.7523092390625 0.48985896249999994 0.72930495625 0.3565090859375 0.6326688328125 0.389571234375
0 0.6556731140625 0.5229211125 0.6786784703125 0.657779990625 0.771380425 0.6114861421875 0.75240085625 0.49034214218749994 0.6556731140625 0.5229211125
0 0.6786784703125 0.657779990625 0.70414250625 0.7845587109375 0.7891764593749999 0.7369118109375 0.7699220390625 0.6143182734375 0.6786784703125 0.657779990625
0 0.7052386984375 0.7858298609375 0.729599065625 0.9007744453125 0.8111676203125 0.8574017265625 0.7896621125000001 0.7385620703125 0.7052386984375 0.7858298609375
0 0.501703240625 0.2791662890625 0.5291860484375001 0.4211019421875 0.6344958187499999 0.39168981875000003 0.6071919734375 0.2446845265625 0.501703240625 0.2791662890625
0 0.5311952 0.4226778859375 0.55894965 0.5615360765624999 0.658044459375 0.5203937765625 0.6337671609375 0.3938603828125 0.5311952 0.4226778859375
0 0.5564856203125 0.5620712390625 0.581865521875 0.6989297750000001 0.6795914296875 0.65808478125 0.655399334375 0.522980575 0.5564856203125 0.5620712390625
0 0.58360089375 0.7005651765625001 0.6073327671875 0.83023549375 0.703960340625 0.785101353125 0.678039290625 0.657415734375 0.58360089375 0.7005651765625001
0 0.6070589859375 0.83029495625 0.6353545875 0.9599802328125 0.728687175 0.9019786515625 0.703868725 0.7846181734375001 0.6070589859375 0.83029495625
0 0.48362515312500004 0.2710188046875 0.36992003281249997 0.30619541093749997 0.374797525 0.3309056859375 0.3912087296875 0.333852175 0.4168527953125 0.457070259375 0.530282240625 0.4223730921875 0.501794859375 0.27964946875 0.48362515312500004 0.2710188046875
0 0.417491975 0.457434515625 0.44780634375000006 0.6022767234375 0.559587759375 0.5603913328125001 0.5305560218750001 0.4223136296875 0.417491975 0.457434515625
0 0.44762417968749996 0.602819365625 0.47802909531250004 0.74663575 0.5822319874999999 0.7008624859375 0.5554821140625 0.562792265625 0.44762417968749996 0.602819365625
0 0.478486109375 0.7475426453125 0.5067859859375 0.8832639171875 0.6076065484375001 0.8301760312500001 0.58360089375 0.7005651765625001 0.478486109375 0.7475426453125
0 0.5079727234375 0.8835092484375 0.5338050125 0.9992711 0.5817823859375 0.988850940625 0.6358126703125 0.9623961265625001 0.6068937140624999 0.83149195 0.5079727234375 0.8835092484375
0 0.31034618125 0.359823059375 0.3428627640625 0.5043308515625 0.421065015625 0.4762784875 0.390843334375 0.3334284578125 0.37522905156249997 0.332168259375 0.31034618125 0.359823059375
0 0.3429543796875 0.5048140296875 0.3728063921875 0.641204346875 0.4499113859375 0.6103718375 0.4214304140625 0.47670220468749996 0.3429543796875 0.5048140296875
0 0.373902584375 0.642475496875 0.4043053671875 0.7832738859374999 0.47866934062500005 0.748509003125 0.45009354999999995 0.609829196875 0.373902584375 0.642475496875
0 0.406314515625 0.7848498296875001 0.434702803125 0.9165272859375 0.5066038203125001 0.8838065593750001 0.47784692968750003 0.747178390625 0.406314515625 0.7848498296875001
0 0.5298466921875 1 0.5330638859375 0.9993012609375 0.50751678125 0.8841113515625001 0.4349776515625 0.9179768203125 0.45148135 1 0.5298466921875 1
0 0.2682810890625 0.36055070625 0.221467753125 0.37524574374999997 0.2570883984375 0.5375493312499999 0.34313761249999997 0.5057803875 0.310174915625 0.35899797968749997 0.2682810890625 0.36055070625
0 0.258001359375 0.537854125 0.291414659375 0.67648943125 0.3733539546875 0.6410854234375 0.3431386828125 0.5072893875 0.258001359375 0.537854125
0 0.29205490625 0.6783626843749999 0.32720678593749997 0.8231603890624999 0.4049434734375 0.7821291421875001 0.3742679828125 0.6428992140625 0.29205490625 0.6783626843749999
0 0.3276638 0.8240672859375 0.359978771875 0.958413446875 0.434704940625 0.9195452828124999 0.4065872296875 0.78328136875 0.3276638 0.8240672859375
0 0.45157265312500006 1 0.43616652968749997 0.92124015 0.3590658125 0.9581086546875 0.3679639765625 1 0.45157265312500006 1
0 0.1402592546875 0.41149718281250003 0.1815334078125 0.5660328890625 0.2581835234375 0.5373114828125 0.2198250671875 0.375602515625 0.1402592546875 0.41149718281250003
0 0.18171664062499998 0.566999246875 0.2196947390625 0.707158515625 0.291140878125 0.6765488937499999 0.25790974218749996 0.5373709453125 0.18171664062499998 0.566999246875
0 0.2245878625 0.7059941625 0.26333168906250004 0.847094896875 0.3274077875 0.8237003046875 0.2910503296875 0.6775747125 0.2245878625 0.7059941625
0 0.26351492187500003 0.8480612546874999 0.302219540625 0.9830319640624999 0.35988715625 0.9579302671875001 0.3266592234375 0.8232793140625001 0.26351492187500003 0.8480612546874999
0 0.368396096875 1 0.3597976765625 0.9604650859375001 0.30285872187499996 0.9833962187499999 0.3079517390625 1 0.368396096875 1