0 0.4948664140625 0.22941443125 0.7508893421875 0.18446503593750002 0.73294944375 0.0104011828125 0.48638516249999997 0.0384121828125 0.4948664140625 0.22941443125
0 0.24012331250000002 0.242122503125 0.4741312015625 0.1870655421875 0.485660353125 0.22977388593749998 0.49542495000000003 0.227262309375 0.48335857187500003 0.03576884375 0.24173039843750002 0.07337075937500001 0.24012331250000002 0.242122503125
0 0.21763957031249997 0.245525203125 0.234912428125 0.4403658984375 0.2364795328125 0.45253426562500004 0.4862509484375 0.40956477500000005 0.5009694437500001 0.42697936875 0.4996193421875 0.37756154999999997 0.474059159375 0.18604265 0.21763957031249997 0.245525203125
0 0.5087329296875 0.486798321875 0.5160472625 0.489826546875 0.5171296328125 0.424533678125 0.7588298484375 0.38795465625 0.7657483953125 0.3651979109375 0.7468897625 0.18817171875 0.4936052609375 0.231672884375 0.5087329296875 0.486798321875
0 0.527520403125 0.6224835 0.7954878187500001 0.5757264203125 0.7813856296874999 0.3855748484375 0.5193815640625 0.426260459375 0.527520403125 0.6224835
0 0.2265708578125 0.4530000546875 0.23425966250000002 0.6327504937499999 0.2405832140625 0.6317934859375 0.237900796875 0.543293103125 0.3983856171875 0.52314043125 0.4346869015625 0.5445252421875 0.43915430468750005 0.56762641875 0.44142314843749997 0.6200065796875001 0.4960831859375 0.609666715625 0.5157920390624999 0.627359859375 0.501041484375 0.428002259375 0.4850618375 0.41284611875 0.2265708578125 0.4530000546875
0 0.434830984375 0.546571025 0.39908823125000004 0.5230340984375 0.23649556249999998 0.543505771875 0.24616150937499998 0.9831066828124999 0.4295216 0.9713564343750001 0.44564959843749996 0.9522488234375001 0.434830984375 0.546571025
0 0.43886438125 0.6441710984375 0.44332826562500005 0.8285447749999999 0.5112117328125 0.8244740281249999 0.5065859781250001 0.6277193140625 0.494749990625 0.6109022765625001 0.44389120000000004 0.6248020359375 0.43886438125 0.6441710984375
0 0.5278193140624999 0.9594553171875001 0.523372340625 0.825735021875 0.4462828140625 0.830165225 0.4467124171875 0.9572569484375 0.43219696562500004 0.9711849890625001 0.4585175140625 0.969498290625 0.5099879656249999 0.9627741999999999 0.5278193140624999 0.9594553171875001
0 0.5379240140625 0.9585463453124999 0.8152890640624999 0.9165697906249999 0.8042750234374999 0.781155490625 0.5316054140625 0.8317255875 0.5379240140625 0.9585463453124999
0 0.52872290625 0.8311280328124999 0.8029418296875 0.7823910515625 0.7801022875 0.5790886703125 0.5151614625 0.6284890875 0.52872290625 0.8311280328124999