0 0.002 0.0014992500000000001 0 0.211394303125 0.282 0.20989505312499998 0.3 0.20839580156249998 0.294 0 0.002 0.0014992500000000001
0 0.294 0 0.302 0.20989505312499998 0.462 0.20839580156249998 0.65 0.2068965515625 0.646 0 0.294 0
0 1 0.0014992500000000001 0.646 0.0014992500000000001 0.65 0.20239880000000002 0.6679999999999999 0.2053973015625 1 0.20089955 1 0.0014992500000000001
0 0 0.47376311875 0.144 0.4707646171875 0.16799999999999998 0.4677661171875 0.156 0.238380809375 0.152 0.21439280312500003 0 0.21289355312499997 0 0.47376311875
0 0.298 0.4707646171875 0.364 0.4677661171875 0.376 0.4587706140625 0.368 0.211394303125 0.3 0.20839580156249998 0.27799999999999997 0.20989505312499998 0.152 0.21289355312499997 0.156 0.24137931093749998 0.16599999999999998 0.4692653671875 0.252 0.4677661171875 0.298 0.4707646171875
0 0.38 0.364317840625 0.378 0.45127436249999997 0.378 0.4677661171875 0.576 0.4692653671875 0.5740000000000001 0.4017991 0.576 0.2953523234375 0.5740000000000001 0.20839580156249998 0.368 0.20989505312499998 0.372 0.22638680625 0.376 0.2908545734375 0.38 0.364317840625
0 0.576 0.461769115625 0.588 0.4677661171875 0.784 0.464767615625 0.788 0.3718140921875 0.792 0.2053973015625 0.5740000000000001 0.20839580156249998 0.576 0.2908545734375 0.5740000000000001 0.3988006 0.576 0.461769115625
0 1 0.20089955 0.792 0.2053973015625 0.788 0.3658170921875 0.784 0.4587706140625 0.808 0.464767615625 1 0.461769115625 1 0.20089955
0 0 0.7211394296875 0.046 0.7226386812500001 0.142 0.7211394296875 0.22200000000000003 0.7196401796874999 0.294 0.7211394296875 0.31 0.715142428125 0.32599999999999996 0.6791604203125 0.32599999999999996 0.6296851578125 0.316 0.4707646171875 0.254 0.4677661171875 0.16599999999999998 0.4692653671875 0.124 0.4707646171875 0 0.47376311875 0 0.47526236875 0 0.7211394296875
0 0 0.9610194906249999 0.156 0.962518740625 0.20600000000000002 0.9085457265624999 0.202 0.7451274359375 0.196 0.72413793125 0.13999999999999999 0.7211394296875 0 0.7211394296875 0 0.9610194906249999
0 0.308 1 0.308 0.962518740625 0.286 0.962518740625 0.2 0.9610194906249999 0.20400000000000001 0.9085457265624999 0.158 0.9610194906249999 0.002 0.9610194906249999 0 1 0.308 1
0 0.202 0.9610194906249999 0.286 0.9610194906249999 0.392 0.9580209890625 0.40599999999999997 0.8710644671875001 0.40199999999999997 0.7976012 0.40199999999999997 0.715142428125 0.33799999999999997 0.713643178125 0.32599999999999996 0.6806596703125 0.308 0.7166416796874999 0.296 0.7211394296875 0.22400000000000003 0.7181409296875 0.196 0.7226386812500001 0.20400000000000001 0.7451274359375 0.20800000000000002 0.9055472265625 0.202 0.9610194906249999
0 0.41 0.9580209890625 0.5980000000000001 0.9550224890625 0.596 0.8515742124999999 0.596 0.739130434375 0.6 0.715142428125 0.41 0.7166416796874999 0.404 0.7976012 0.41 0.87256371875 0.41 0.9580209890625
0 0.33999999999999997 0.715142428125 0.658 0.715142428125 0.662 0.6551724140624999 0.658 0.4677661171875 0.576 0.4692653671875 0.378 0.4677661171875 0.376 0.4587706140625 0.362 0.4677661171875 0.316 0.4707646171875 0.32999999999999996 0.6281859078124999 0.33199999999999996 0.685157421875 0.33999999999999997 0.715142428125
0 1 0.46026986562500005 0.8099999999999999 0.463268365625 0.786 0.4587706140625 0.786 0.4677661171875 0.662 0.4677661171875 0.662 0.6551724140624999 0.6759999999999999 0.7121439281249999 0.6900000000000001 0.715142428125 1 0.710644678125 1 0.46026986562500005
0 0.63 0.9535232390624999 0.798 0.9520239875 0.798 0.9205397296875001 0.796 0.890554721875 0.798 0.715142428125 0.6900000000000001 0.7166416796874999 0.6759999999999999 0.713643178125 0.6639999999999999 0.664167915625 0.654 0.715142428125 0.602 0.715142428125 0.6 0.7406296859375 0.6 0.8530734624999999 0.602 0.9535232390624999 0.63 0.9535232390624999
0 1 0.7121439281249999 0.796 0.715142428125 0.796 0.890554721875 0.8 0.9445277359375 0.8240000000000001 0.9520239875 1 0.9505247375 1 0.7121439281249999
0 0.644 1 0.644 0.9550224890625 0.63 0.9550224890625 0.6 0.9565217390624999 0.41 0.9580209890625 0.40599999999999997 0.8710644671875001 0.39 0.9580209890625 0.308 0.962518740625 0.308 1 0.644 1
0 0.978 1 0.984 0.9520239875 0.646 0.9550224890625 0.644 1 0.978 1