0 0.3688628484375 0.16766186562500002 0.9587736093749999 0.1206525171875 0.9581655874999999 0.0167248421875 0.5181651859375 0.00904460625 0.36599234062499997 0.0201394328125 0.3688628484375 0.16766186562500002
0 0.454716828125 0.43118475156249997 0.9202172546874999 0.392826521875 0.9567669921874999 0.12079205 0.44707426562499997 0.1542383046875 0.454716828125 0.43118475156249997
0 0.92420714375 0.3885565890625 0.960337946875 0.38804040624999997 0.95883198125 0.1306296765625 0.92420714375 0.3885565890625
0 0.92020558125 0.3908310890625 0.8794207999999999 0.6252314218749999 0.9510783375 0.6167701671875 0.9609673624999999 0.4956245984375 0.960337946875 0.38804040624999997 0.92020558125 0.3908310890625
0 0.850512290625 0.8308585 0.9346909453125001 0.8175239921875 0.950912675 0.6187996124999999 0.8814390921875 0.62708731875 0.850512290625 0.8308585
0 0.8231200828125 0.9525378999999999 0.8313099953125 0.9799158125 0.9219495109375 0.9736130125000001 0.9347014609375 0.81739518125 0.844492434375 0.8312771015625 0.8231200828125 0.9525378999999999
0 0.4673182359375 0.869482125 0.8485406953125001 0.8369843296875 0.8814390921875 0.62708731875 0.4661508203125 0.669938921875 0.4673182359375 0.869482125
0 0.549388375 1 0.83132166875 0.9819112437499999 0.8465340749999999 0.837123865625 0.4612983796875 0.869900728125 0.4553602453125 0.884287353125 0.4598626640625 1 0.549388375 1
0 0.44859190625 0.41364446718750003 0.44602626562500003 0.6613571046875 0.46216093125 0.6742088546875 0.8834690593750001 0.6309386484374999 0.9202172546874999 0.392826521875 0.47078144999999993 0.43206391093749996 0.44859190625 0.41364446718750003
0 0 0.412024815625 0.015384159375000001 0.4816970609375 0.4328658359375 0.4706328359375 0.4468654671875 0.46167436874999995 0.45311746875000003 0.157810565625 0.378872590625 0.16297333125 0.367987284375 0.018004465625 0.0368952625 0.0410276078125 0 0.1244486265625 0 0.412024815625
0 0 0.56672725 0.03889288125 0.7256003234375 0.43815155624999996 0.6878558578125 0.44210642343749995 0.6775996296875 0.4488604109375 0.45953940312499997 0.41685958593750005 0.4797308390625 0.0233989578125 0.47914349375 0.0088973375 0.402298384375 0 0.40926584374999997 0 0.56672725
0 0.44217646874999994 0.6895722203125 0.0488909515625 0.71891635625 0.0942273203125 0.91938066875 0.44728707500000003 0.8768637625 0.4653232921875 0.8716170906249999 0.46420257343750004 0.6800556171875 0.4460145921875 0.6593616718749999 0.44217646874999994 0.6895722203125
0 0.46147832187500004 1 0.4513003109375 0.8765846937499999 0.0962339375 0.9192411359375001 0.0736241234375 0.8289861390625 0.05596148125 0.898086634375 0.07613216874999999 1 0.46147832187500004 1
0 0 0.9638615859374999 0.02221086875 0.962317109375 0.07567743906249999 0.8368283328125001 0 0.5760540625 0 0.9638615859374999
0 0 1 0.0785496671875 1 0.057956425 0.8959516687500001 0.01819763125 0.962596178125 0 0.9657354953124999 0 1