0 0 0.17241379375000002 0.45356521875 0.1701540546875 0.45356521875 0.0017599890625 0 0 0 0.17241379375000002
0 0.45791304374999997 0.000673575 0.46081159375 0.1679812265625 0.997043478125 0.176672534375 0.997043478125 0.002846403125 0.45791304374999997 0.000673575
0 0.31443478125 0.17449970625 0.0028405796875 0.171240465625 0 0.34482758593749996 0.3289275359375 0.3461530109375 0.31443478125 0.17449970625
0 0.6622608703124999 0.176672534375 0.3187826078125 0.17449970625 0.3332753625 0.345066596875 0.65791304375 0.343980184375 0.6622608703124999 0.176672534375
0 0.997043478125 0.1799317734375 0.6550144921875 0.176672534375 0.6492173921875 0.3428937703125 0.9897971015625 0.3461530109375 0.997043478125 0.1799317734375
0 0.0028405796875 0.3461530109375 0 0.48425787031249995 0.45936231875000005 0.48955956875 0.46660869531250004 0.345066596875 0.0028405796875 0.3461530109375
0 0.46371014375 0.3461530109375 0.46660869531250004 0.48955956875 0.947768115625 0.4982508734375 0.973855071875 0.35158507656250004 0.46371014375 0.3461530109375
0 0.043420290625 0.6144970984375 0.470956521875 0.62427481875 0.46660869531250004 0.486300328125 0 0.48425787031249995 0.043420290625 0.6144970984375
0 0.468057971875 0.48955956875 0.4724057984375 0.62427481875 0.9216811593750001 0.6297068859375 0.9463188406249999 0.502596528125 0.468057971875 0.48955956875
0 0.0289275359375 0.6090650328125 0.05356521875 0.73291615 0.46371014375 0.7318297375 0.46660869531250004 0.626447646875 0.0289275359375 0.6090650328125
0 0.46515942031249996 0.6253612328125 0.46950724531250004 0.7416074578125 0.9057391296875 0.744866696875 0.9274782593750001 0.6351389515625 0.46515942031249996 0.6253612328125
0 0.0492173921875 0.7296569093749999 0.0695072453125 0.8448167218749999 0.46515942031249996 0.84047106875 0.46515942031249996 0.737261803125 0.0492173921875 0.7296569093749999
0 0.46515942031249996 0.737261803125 0.468057971875 0.8469895484375 0.873855071875 0.8502487890625 0.8970434781250001 0.7459531109374999 0.46515942031249996 0.737261803125
0 0.070956521875 0.8469895484375 0.09559420156250001 0.9132607609375001 0.46950724531250004 0.911087934375 0.470956521875 0.8437303093749999 0.070956521875 0.8469895484375
0 0.470956521875 0.8415574828124999 0.46950724531250004 0.9121743484374999 0.86371014375 0.9154335874999999 0.8767536234375 0.8545944421874999 0.470956521875 0.8415574828124999
0 0.8767536234375 0.8317797609375001 0.8695072453125 0.9132607609375001 0.9086376812499999 0.9100015203125 0.8767536234375 0.8317797609375001
0 0.0376231875 0.644916671875 0.0013913046875 0.486300328125 0.00428985625 0.6438302593749999 0.0376231875 0.644916671875