0 0.5552544109374999 0 0.454342446875 0.02784345 0.4561268796875 0.0338413375 0.5908865984375 0.0128842828125 0.6309025375 0.1943870265625 0.8146334140624999 0.13828379375 0.7874519109375 0 0.5552544109374999 0
0 0.4515220796875 0.034030178125 0.3510777859375 0.06066288125 0.35178536718750003 0.066957890625 0.3930218796875 0.23297995781249997 0.44925349531250003 0.25748779375 0.63424585625 0.197791375 0.589809746875 0.0131814046875 0.4515220796875 0.034030178125
0 0.2955637125 0.0738168125 0.144322915625 0.11771031875 0.1486712234375 0.128409321875 0.206173228125 0.294270271875 0.37597693906249996 0.234437846875 0.32809470625000003 0.07349457499999999 0.2955637125 0.0738168125
0 0.20372212968749998 0.29386486562499997 0.14376901875 0.1275985140625 0.1427640328125 0.1203038578125 0.00453198125 0.1557540953125 0.008717282812500001 0.299593584375 0.029200846875000002 0.3495904203125 0.20372212968749998 0.29386486562499997
0 0.0412308109375 0.34302601250000003 0.03845135625 0.36110022656249996 0.082867534375 0.48297668125 0.10077374218749999 0.5039970046875 0.2767411375 0.44138219999999995 0.2158648640625 0.2915961734375 0.0412308109375 0.34302601250000003
0 0.22154651250000001 0.29111020781249997 0.27351059218749996 0.44227356562500003 0.312963728125 0.48871820625 0.4949101734375 0.4266170890625 0.44925349531250003 0.25748779375 0.3749000921875 0.23473496875 0.22154651250000001 0.29111020781249997
0 0.1110601890625 0.5033222 0.1135312171875 0.566461121875 0.31055353750000003 0.5002002921875001 0.3018569296875 0.4788022890625 0.274290034375 0.44097679687499997 0.1110601890625 0.5033222
0 0.1144234328125 0.569460065625 0.109961296875 0.6680448921875 0.1957996796875 0.8390678046875 0.40421623906250004 0.752355784375 0.3466014625 0.582199121875 0.3154557421875 0.5010111 0.1144234328125 0.569460065625
0 0.3119996515625 0.4933110421875 0.3520575640625 0.573121734375 0.40584698750000003 0.7421704671875 0.6071357890625 0.6628336609375001 0.5682376078125 0.49292128437500005 0.49119758906250005 0.4298048703125 0.3119996515625 0.4933110421875
0 0.6138224250000001 0.6696423546875 0.6042026484374999 0.6647246734375 0.4359987375 0.7338510484375 0.48320433749999997 0.86902004375 0.667078934375 0.79773325625 0.6318314390624999 0.66359163125 0.6138224250000001 0.6696423546875
0 0.4047701390625 0.7424675890625 0.40432901250000003 0.7566514984375 0.229848646875 0.824264540625 0.2845512703125 0.9454661890624999 0.477522690625 0.8695060078125 0.43707558593750007 0.7335539265625 0.4047701390625 0.7424675890625
0 0.8086501359374999 0.5920882796875 0.6342825421875 0.663997034375 0.6703094796875 0.7968418890625 0.8402569109375 0.721825909375 0.819080303125 0.576229921875 0.8059325796874999 0.5712039609375 0.8086501359374999 0.5920882796875
0 0.5700220390624999 0.4989191703125 0.6109611453125 0.663941590625 0.6167555640625 0.6677513390625001 0.8035633015625001 0.5945735375 0.7751361984375 0.4206902921875 0.5700220390624999 0.4989191703125
0 0.7432120921875 0.2272194984375 0.63394845 0.1967917265625 0.45170459999999996 0.2578931984375 0.4939460984375 0.431209921875 0.5700220390624999 0.4989191703125 0.772387690625 0.4192852421875 0.7432120921875 0.2272194984375
0 0.7484117 0.22902995312500002 0.7753926921875001 0.4098024484375 0.9594928328125001 0.3471070875 0.9471604484375 0.208286959375 0.93604344375 0.17092013125 0.9266765109374999 0.15063735 0.8140386046874999 0.1362845 0.6371789953125 0.195900359375 0.7484117 0.22902995312500002
0 0.7749106515624999 0.4120988671875 0.8051531359374999 0.57250073125 0.9652652109375 0.5153424046875 0.9500986031249999 0.35078083125 0.7749106515624999 0.4120988671875
0 1 0.5831927546875 0.9922991890624999 0.5122100656249999 0.96470135 0.4938638421875 0.9666394625000001 0.5160449296875 0.820526415625 0.5693406703125 0.84545651875 0.723636365625 1 0.6572937750000001 1 0.5831927546875
0 0.3753821296875 0.23243855156249998 0.3911655875 0.23457385 0.3510777859375 0.06066288125 0.3246386171875 0.0657945171875 0.3753821296875 0.23243855156249998