0 0.969837475 0.0753617390625 0.95770766875 0.0014676171875 0.6293584765625 0.038052431250000004 0.654130728125 0.25068698125 0.9714851296875 0.221190509375 0.969837475 0.0753617390625
0 0.296811509375 0.086098640625 0.3373987015625 0.29631960468749996 0.654130728125 0.25068698125 0.6256487796875 0.0277978265625 0.296811509375 0.086098640625
0 0.33455542031249996 0.2913431515625 0.2972447171875 0.0887377171875 0.3045298109375 0.071394771875 0.006949992187499999 0.1193267625 0.0182620875 0.31354794531249996 0.0237539984375 0.3360706828125 0.33455542031249996 0.2913431515625
0 0.034937957812499996 0.3424794203125 0.030740184375 0.3539408171875 0.07774605625 0.5415406859375 0.38218366875 0.49507917343749996 0.3461725875 0.300390965625 0.034937957812499996 0.3424794203125
0 0.6883541109375 0.45917396562499996 0.6589508765625001 0.2553617359375 0.34573938125 0.2977518890625 0.38675978125 0.5106119296875 0.6883541109375 0.45917396562499996
0 0.99823425 0.4335233609375 0.988166484375 0.22405507500000002 0.66704751875 0.2676520203125 0.6887873171875001 0.46181304062499995 0.99823425 0.4335233609375
0 1 0.5308804203124999 0.9966905890625 0.4364641359375 0.6868104500000001 0.4621147375 0.7160245140625 0.6524298890625 1 0.6251362828125 1 0.5308804203124999
0 0.385216121875 0.5135527046874999 0.4199275796875 0.7003236859374999 0.713614440625 0.6500925125 0.684400375 0.45977736093750005 0.385216121875 0.5135527046874999
0 0.084543075 0.5459137421875 0.1326594 0.7279337625 0.41621788281249994 0.6900690796875 0.3834832921875 0.5029964015624999 0.084543075 0.5459137421875
0 0.1324153625 0.7387917625 0.17045817968750002 0.908823196875 0.44765285312499997 0.869224534375 0.4179507125 0.7006253828125 0.1324153625 0.7387917625
0 1 0.6296991875 0.71997825 0.65182649375 0.7430725406249999 0.8295496640625 1 0.7953817562500001 1 0.6296991875
0 0.4227708625 0.7053001390625 0.4496297203125 0.8689228343750001 0.738008353125 0.8357329078125 0.716890928125 0.6577080421875 0.4227708625 0.7053001390625