0 1 0.1519876515625 0.996022671875 0.15150251875 0.9836937546875 0.2857914078125 1 0.2888087546875 1 0.1519876515625
0 1 0.139786140625 0.933305015625 0.11669401718750001 0.917168403125 0.1177433765625 0.90013711875 0.266546771875 0.9079944093749999 0.2705227796875 0.9815535859375 0.2885479765625 1 0.1445501625 1 0.139786140625
0 0.7787514015625 0.06766624375 0.740339021875 0.07203375625 0.730743 0.2338145296875 0.76673385625 0.2382045 0.899996440625 0.2695472296875 0.917309078125 0.1147429203125 0.7787514015625 0.06766624375
0 0.6316330484375 0.031615848437499997 0.5715076109375 0.027299687500000003 0.5586460078125 0.21584068125 0.7324611390625 0.2400593296875 0.742479190625 0.0692771875 0.6316330484375 0.031615848437499997
0 0.42338393124999996 0.184254065625 0.5586460078125 0.21584068125 0.5715076109375 0.027299687500000003 0.487166675 0.017012235937500002 0.4194083703125 0.014646062500000001 0.4155266390625 0.18027805937500002 0.42338393124999996 0.184254065625
0 0.2339948921875 0.1490829484375 0.4113869796875 0.1827907421875 0.419270671875 0.014641254687499999 0.11170111875 0.0039006890624999997 0.11774300156249999 0.1409384 0.2339948921875 0.1490829484375
0 0.10774554218750002 0.139718965625 0.11788367656250001 0.1379379453125 0.11385467187500001 0.095199890625 0.113683975 0.055950067187499994 0.11266921875 0.0347029828125 0.1116544609375 0.013455898437499999 0.11569765624999999 0.0040402515625000005 0.041834414062500005 0.001460890625 0.0350604453125 0.1459413078125 0.10774554218750002 0.139718965625
0 0.03562315 0.1339394796875 0.02946340625 0.30820985312500004 0.1047407203125 0.332479853125 0.10960435625 0.1429633078125 0.03562315 0.1339394796875
0 0.0290413765625 0.3172112234375 0.024147720312500003 0.46447748750000006 0.076727240625 0.5010670078125 0.080606140625 0.33255366249999996 0.0290413765625 0.3172112234375
0 0.07844537968750001 0.507311809375 0.022148228125 0.4642335984375 0.0212963578125 0.52265005625 0.0267152203125 0.6556384671875 0.066287159375 0.680850521875 0.07844537968750001 0.507311809375
0 0.11016532812499999 0.7314667781249999 0.026204390625 0.6431018265625 0.03225476875 0.79158871875 0.0991325203125 0.8810018359375 0.11016532812499999 0.7314667781249999
0 0.0765865640625 0.504067465625 0.06614648125 0.683850978125 0.1233177140625 0.751176728125 0.13631999374999998 0.559635278125 0.0765865640625 0.504067465625
0 0.080606140625 0.33255366249999996 0.076727240625 0.5010670078125 0.13488320625 0.5473895640625 0.1418870109375 0.3551164484375 0.080606140625 0.33255366249999996
0 0.22957387968749998 0.15759654375 0.1097450328125 0.1399628515625 0.10445936874999999 0.338480765625 0.221022634375 0.3828746796875 0.39782199375 0.38633401875 0.4068252890625 0.19430479375 0.22957387968749998 0.15759654375
0 0.21902314218750002 0.38263079375000003 0.13988751875 0.3548725625 0.13474253125 0.5503900203125001 0.2127527421875 0.602151903125 0.4609410875 0.5841427296874999 0.473239984375 0.40760356093750005 0.21902314218750002 0.38263079375000003
0 0.2127527421875 0.602151903125 0.1367420234375 0.5506339078125 0.121318221875 0.750932840625 0.20634166562499998 0.8246734703125 0.45393728437499997 0.77641584375 0.4645180421875 0.5936318734375 0.2127527421875 0.602151903125
0 0.4089654578125 0.1915482234375 0.3976813171875 0.38933447656250003 0.4073974234375 0.39655482656249996 0.5460657578125 0.3983807640625 0.55850533125 0.21884113749999998 0.4089654578125 0.1915482234375
0 0.5583646546875001 0.2218415953125 0.5439255890625 0.40113733281249997 0.7208656234374999 0.4015962125 0.7323204609375 0.24305978593750002 0.5583646546875001 0.2218415953125
0 0.770732840625 0.238692275 0.7343199546875 0.24330367343749998 0.7168666406249999 0.40110843906250004 0.7527168203125 0.40849886562500004 0.8846832953125 0.42459542499999997 0.9017145796875001 0.2757920296875 0.770732840625 0.238692275
0 0.9078537328125 0.273523234375 0.9017145796875001 0.2757920296875 0.8849646468750001 0.4185945140625 0.8991017703124999 0.4173012671875 0.9652256828124999 0.4223490890625 0.9754144328125 0.290816771875 0.9078537328125 0.273523234375
0 1 0.28680780625 0.9838344296875 0.28279095 0.9776952781249999 0.2850597453125 0.961086021875 0.424861771875 1 0.4205317203125 1 0.28680780625
0 1 0.4189774203125 0.9713648359375 0.42008029375 0.9568957484375 0.5571257515625 1 0.5549377546875001 1 0.4189774203125
0 0.8989610921875 0.42030172343750005 0.8865421109374999 0.4278397703125 0.8783528531250001 0.5596159765625 0.8840699765625001 0.5663485500000001 0.9568957484375 0.5571257515625 0.9712241593750001 0.42308075 0.8989610921875 0.42030172343750005
0 0.75257614375 0.411499325 0.7244425796875 0.411085359375 0.7154092624999999 0.560864303125 0.742980121875 0.5732800953125 0.8763533609374999 0.5593720875 0.8866827875000001 0.42483931249999995 0.75257614375 0.411499325
0 0.6180474703125001 0.407160703125 0.606170603125 0.574698503125 0.7132690937499999 0.5636208734375 0.724864609375 0.4020839875 0.6180474703125001 0.407160703125
0 0.5439255890625 0.40113733281249997 0.4857996421875 0.3970650578125 0.4735213375 0.4016026484375 0.46308125625 0.5813861593749999 0.4785144859375 0.595339084375 0.6038897578125 0.580455528125 0.616047978125 0.4069168171875 0.5439255890625 0.40113733281249997
0 0.46821508125 0.7721221390624999 0.5921535671875 0.74499286875 0.601749590625 0.5832120984375 0.466517534375 0.5938757609375 0.456640159375 0.7616574468749999 0.46821508125 0.7721221390624999
0 1 0.5562898015625 0.91834269375 0.564493721875 0.9104347890625 0.6902690140625001 0.995960896875 0.6675072546874999 1 0.6412934328125 1 0.5562898015625
0 0.88606946875 0.5665924375 0.8744945453125 0.5561277453125 0.8318018296874999 0.5660083953124999 0.822909190625 0.712786884375 0.8266268218749999 0.719275571875 0.9080132671875001 0.6990264953125 0.9182020171874999 0.5674941765625 0.88606946875 0.5665924375
0 0.7412619828125 0.5670352953125 0.7212670625000001 0.5645964234374999 0.7100935765624999 0.7171319359375 0.731665959375 0.7288160671874999 0.820909696875 0.712542996875 0.8319425078125 0.5630079390625 0.7412619828125 0.5670352953125
0 0.6103102625 0.5721858203125 0.601890265625 0.580211640625 0.59243491875 0.73899195625 0.6020103515625 0.7492127625 0.711811715625 0.7233767375 0.722563171875 0.57984259375 0.7212670625000001 0.5645964234374999 0.6103102625 0.5721858203125
0 1 0.6809994328125 0.9978197124999999 0.670751596875 0.9061544515625 0.6957821515625 0.896528409375 0.8153126421874999 0.985772146875 0.7990395718750001 1 0.694441078125 1 0.6809994328125
0 0.828907665625 0.7135185453124999 0.8207690218750001 0.715543453125 0.8081587499999999 0.8558332546875 0.8121577343749999 0.8563210281250001 0.8915446890625001 0.8358280640625001 0.8962470546875 0.82131355625 0.9060137765625 0.6987826078125 0.828907665625 0.7135185453124999
0 0.7296664671875 0.72857218125 0.711811715625 0.7233767375 0.70063823125 0.875912253125 0.7144939984375 0.8806199203125 0.8061592578125 0.8555893671874999 0.8166293609374999 0.7180561375 0.7296664671875 0.72857218125
0 0.601869675 0.7522132187499999 0.59229424375 0.7419924124999999 0.5330428859375 0.7619237937500001 0.521447371875 0.9234606765625 0.5288826328125 0.936438053125 0.6964985703125001 0.878424934375 0.709671546875 0.7261333078125001 0.601869675 0.7522132187499999
0 0.46993322031250007 0.778366940625 0.45464066562500005 0.761413559375 0.45593677499999996 0.7766597296875 0.39510795625 0.7873458515625 0.3869693109375 0.789370759375 0.3802468609375 0.9756429593749999 0.38410516875 0.979131190625 0.5233061859375 0.926705021875 0.535042378125 0.7621676796875 0.46993322031250007 0.778366940625
0 0.2043421734375 0.824429584375 0.11945940625 0.747688496875 0.1078844828125 0.7372238046875 0.10544237031249999 0.9179828640625001 0.13718291093749999 0.9701362546875 0.2111641171875 0.9791600828125 0.3572677125 0.993963396875 0.37982483125 0.9846443296875 0.386828634375 0.7923712171874999 0.2043421734375 0.824429584375
0 0.1373235875 0.9671357984375 0.104005584375 0.9057371515625 0.1033322234375 0.9629897140624999 0.1373235875 0.9671357984375
0 0.1033322234375 0.9629897140624999 0.1055830453125 0.9149824078125001 0.100991334375 0.88424618125 0.0326672109375 0.7974543671875 0.0324979609375 0.797557096875 0.0383707 0.9416844140625 0.045346953125 0.9559169843750001 0.1033322234375 0.9629897140624999
0 0.5162717828125001 1 0.5201812828125 0.9504647875 0.4947505921875 0.9352924265624999 0.381965 0.9818877609375001 0.38126161718749996 0.99689004375 0.4067583703125 1 0.5162717828125001 1
0 0.6839619375 1 0.6944990765625 0.8781810484375001 0.510746528125 0.9372435250000001 0.5223214515625 0.9477082187500001 0.51819439375 1 0.6839619375 1
0 0.77052938125 1 0.7958298312500001 0.9901221421875 0.8081587499999999 0.8558332546875 0.7026377218750001 0.8761561406249999 0.696217215625 0.8844258484375 0.685606478125 1 0.77052938125 1
0 0.8015469546875 0.9968547187500001 0.8773569546875001 0.966872609375 0.8955436734375001 0.8363158390625 0.805737228125 0.8645907359375 0.7959705078125 0.987121684375 0.8015469546875 0.9968547187500001
0 0.880059828125 0.9521142125000001 0.9727098234374999 0.9060804625 0.9837726546875001 0.798795684375 0.8962470546875 0.82131355625 0.8936848562499999 0.8330714968749999 0.880059828125 0.9521142125000001
0 0.9753910546875 1 0.9827072843750001 0.9072998999999999 0.9749906703125 0.9003234375 0.9071786375 0.93128109375 0.9167540671875001 0.9415019015625001 0.910896196875 1 0.9753910546875 1
0 0.9098559312500001 1 0.9168947453125 0.9385014437500001 0.882340675 0.9463571875 0.8792157703125 0.970116953125 0.8362417015625001 0.9859985171875 0.834291278125 1 0.9098559312500001 1