0 0.042873390625 0.0083986765625 0.0711045328125 0.225366903125 0.3516712359375 0.24248150625 0.3515360515625 0.006604753125 0.042873390625 0.0083986765625
0 0.07811599375 0.40965429531249997 0.32400216875 0.45196410625 0.3473531859375 0.4440178765625 0.3516712359375 0.24248150625 0.0711045328125 0.225366903125 0.056341671875 0.2285769078125 0.07811599375 0.40965429531249997
0 0.57159279375 0.26307278125 0.3516712359375 0.24248150625 0.3473531859375 0.4440178765625 0.5476029953125 0.4819066140625 0.5691143765625 0.46928476874999997 0.5985411046875 0.266040365625 0.7151322390625 0.22943438125 0.711125071875 0.22633346406250002 0.57159279375 0.26307278125
0 0.0694458625 0.41595309687500004 0.09277770156250001 0.567341475 0.3299117671875 0.6175126671875 0.347088084375 0.608040221875 0.34943874375 0.44400575625 0.32400216875 0.45196410625 0.07811599375 0.40965429531249997 0.0694458625 0.41595309687500004
0 0.549688553125 0.48189449375000004 0.34943874375 0.44400575625 0.3465962375 0.6174156984375 0.5341687453125 0.658502321875 0.5493414796875 0.6474794187499999 0.576554890625 0.48642465625 0.570462165625 0.4833358609375 0.56702881875 0.4692968890625 0.549688553125 0.48189449375000004
0 0.3299117671875 0.6175126671875 0.09069214375 0.5673535953125 0.0882786859375 0.573616034375 0.1109185359375 0.6984526859375 0.32887270156250004 0.7565458640625 0.3592181671875 0.734500059375 0.3651203390625 0.621994346875 0.3465962375 0.6174156984375 0.347088084375 0.608040221875 0.3299117671875 0.6175126671875
0 0.5362543046875 0.6584901999999999 0.3651203390625 0.621994346875 0.3595822578125 0.767302103125 0.5341495703125 0.817836928125 0.5469088453125 0.8130764640624999 0.5753880687499999 0.6676353749999999 0.5507712406249999 0.65996793125 0.5514270375 0.647467296875 0.5362543046875 0.6584901999999999
0 0.3516712359375 0.24248150625 0.57159279375 0.26307278125 0.7152961875 0.22630922187500002 0.753556996875 0.0136408578125 0.7170705640625 0.008343871875 0.49563657499999997 0.005767253125 0.3515360515625 0.006604753125 0.3516712359375 0.24248150625
0 0.7201231015625 0.21378434531249998 0.7303049703125 0.218411478125 0.8232171906250001 0.1960020390625 0.8613502421874999 0.025511195312500002 0.7702414656250001 0.0135438890625 0.7556425546875001 0.0136287390625 0.7201231015625 0.21378434531249998
0 0.6006266640625 0.26602824375 0.5691143765625 0.46928476874999997 0.5725477234375 0.48332374062500005 0.8185978453124999 0.52250839375 0.892421728125 0.42679105625 0.9500625796875 0.2421279109375 0.727891515625 0.224673915625 0.6006266640625 0.26602824375
0 0.97906025625 0.2060310125 0.8253027484375 0.19598991875 0.7303049703125 0.218411478125 0.7279734890625 0.2231113375 0.9500625796875 0.2421279109375 0.8946712359375001 0.423653778125 0.9153628703125 0.4266577265625 0.9560179609375 0.3670615296875 0.9760633875 0.302898809375 0.97906025625 0.2060310125
0 0.7774775140625 0.710199728125 0.8381780296875 0.5864408125 0.8855912312499999 0.43776547656250003 0.8185978453124999 0.52250839375 0.576636865625 0.48486207812500004 0.5507712406249999 0.65996793125 0.7774775140625 0.710199728125
0 0.8856732062500001 0.43620289687499997 0.8407554375 0.577053215625 0.8657001640624999 0.5784703437500001 0.9181766124999999 0.49224969375 0.9581035203124999 0.3670494109375 0.91753040625 0.425083025 0.8946712359375001 0.423653778125 0.8856732062500001 0.43620289687499997
0 0.5486665046875 0.8193146609375 0.7540253453125 0.87904314375 0.830636365625 0.7301981109375 0.8708091953125001 0.6003100906250001 0.8359285218749999 0.5895780937499999 0.7774775140625 0.710199728125 0.5753880687499999 0.6676353749999999 0.5486665046875 0.8193146609375
0 0.89285820625 0.5376978265625 0.8657001640624999 0.5784703437500001 0.8407554375 0.577053215625 0.8359285218749999 0.5895780937499999 0.8687236359374999 0.6003222109374999 0.89285820625 0.5376978265625