0 0.134085646875 0.10318818125 0.12505528593749998 0.119416465625 0.118946709375 0.116382109375 0.1141914484375 0.1465294640625 0.2006525890625 0.157543834375 0.41475107656250004 0.2375864171875 0.4593377828125 0.0348065359375 0.16395571874999998 0.012423821875000001 0.142678115625 0.097866565625 0.134085646875 0.10318818125
0 0.4083288078125 0.24504093125 0.40227144375 0.24340655625 0.40219078750000004 0.2373888390625 0.198709009375 0.15779309375 0.1155140546875 0.14836919531249998 0.065188240625 0.36640835156249996 0.0593664390625 0.401715871875 0.14460098593749998 0.43257921250000003 0.3502222578125 0.482965878125 0.361838940625 0.46118158437499995 0.3714813359375 0.408304571875 0.4083288078125 0.24504093125
0 0 0.6450662296874999 0.0765511734375 0.6960925484375 0.2987505078125 0.7268717234375 0.3538981484375 0.49575618437499996 0.3464451984375 0.4940998546875 0.34940410625 0.48729044843749997 0.1434320203125 0.43493942187499995 0.0580950453125 0.40127611874999997 0.0491824671875 0.4359753515625 0.0420150265625 0.44593665624999995 0.03842746875 0.4469995640625 0.034350809375 0.45756915625000005 0.026276882812500003 0.45800182031250003 0.03261208125 0.4634183375 0 0.59860181875 0 0.6450662296874999
0 0 0.8886901937499999 0.22732674375 0.967318375 0.29216050625 0.7411795531250001 0.2855769171875 0.7365986328125 0.2871402390625 0.7297672734375 0.2791610640625 0.7251644015625 0.0770261859375 0.6976391125 0 0.647632196875 0 0.8886901937499999
0 0.22732674375 0.967318375 0.26188320625 0.9792708250000001 0.41003778124999996 0.9832866359375 0.47084636562500004 0.77753793125 0.31328389375 0.7553380453125 0.2932087203125 0.7411012890625 0.22732674375 0.967318375
0 0.3991162765625 1 0.40363267656249996 0.98350226875 0.26188320625 0.9792708250000001 0.3218145921875 1 0.3991162765625 1
0 0.42026941406249996 0.9953701546874999 0.5631281031250001 0.9954923062500001 0.6130150890625 0.8183253796875001 0.4684857453125 0.792676084375 0.4100542984375 0.983013403125 0.42026941406249996 0.9953701546874999
0 0.5640158609375 0.994582328125 0.6431217671875 0.9942559890625 0.64507568125 0.9897593984374999 0.6543252625 0.990828840625 0.7013807171875001 0.829416821875 0.6138546546875 0.818615771875 0.5640158609375 0.994582328125
0 0.746067146875 1 0.7930132796875 0.8492447296875 0.700628234375 0.8340247062499999 0.654045409375 0.9907320453124999 0.729473296875 1 0.746067146875 1
0 0.752923984375 0.6799018828125 0.700266365625 0.8342038015625001 0.7943787375 0.8488042374999999 0.8452515343749999 0.7036212890625 0.752923984375 0.6799018828125
0 0.7575073515625 0.6717508765625 0.6575899062499999 0.644493484375 0.6053575546875 0.8129384421875001 0.70174258125 0.8292377234374999 0.7575073515625 0.6717508765625
0 0.4682879 0.7923033953124999 0.605145340625 0.8146905984374999 0.6597898546875001 0.6391692124999999 0.65478121875 0.63317718125 0.5380192265625 0.596138190625 0.4848661328125 0.7822160015625 0.4722726703125 0.7778601515625 0.4682879 0.7923033953124999
0 0.285533453125 0.7363941921875 0.313659271875 0.75494593125 0.48343304218750005 0.780807540625 0.543754996875 0.5716515 0.3836687828125 0.5235828265625 0.3507761296875 0.5106845578125 0.299100921875 0.7270909875 0.2797960140625 0.7255861859375 0.2871398734375 0.7299518515625001 0.285533453125 0.7363941921875
0 0.6160185578124999 0.3565852703125 0.6128192546875 0.34969775625 0.456958778125 0.281183990625 0.4044526109375 0.2709338171875 0.3610124234375 0.46067540312500005 0.3470069796875 0.4932551140625 0.35508894999999996 0.49513774374999997 0.352107765625 0.5093195890625 0.3924550421875 0.5220579390625 0.5548282875 0.5697006124999999 0.6160185578124999 0.3565852703125
0 0.4021145125 0.2373961703125 0.40166182343749995 0.243744484375 0.4079050875 0.24590391562499997 0.403340509375 0.270910315625 0.4567666265625 0.280339153125 0.6135484484375 0.3464456234375 0.6266896390625 0.34759706874999996 0.6628234765625 0.2171914109375 0.6829765703125 0.116114515625 0.5456875812499999 0.0413497328125 0.459697328125 0.03483378125 0.41462775937499996 0.2377647765625 0.4021145125 0.2373961703125
0 0.7676331359375 0.2562168796875 0.7608041515624999 0.25316143125 0.760347478125 0.2464159 0.6673584875 0.1948366875 0.6630489265625 0.21761610468749998 0.6284655453125 0.3481540078125 0.613482821875 0.3488659015625 0.617128540625 0.3567144640625 0.6074043328125 0.40362464062500003 0.7143914031249999 0.44479009375 0.7676331359375 0.2562168796875
0 0.6979625328125 0.4432682203125 0.6031323640624999 0.4073477625 0.5548158421875 0.56988735625 0.535384840625 0.5666336703125 0.54392395625 0.5734010578125 0.537568978125 0.5947795703125001 0.6485582546875001 0.6248475921875001 0.7006679171875 0.4483645375 0.6979625328125 0.4432682203125
0 0.64959204375 0.6272854484375 0.6645535609375 0.6432085125 0.773590871875 0.67156124375 0.8233092265625 0.5043057984375 0.7192086765625 0.46171173750000005 0.6990242546875 0.4550770296875 0.64959204375 0.6272854484375
0 0.769192684375 0.680441421875 0.8601131531249999 0.707035153125 0.9122786828124999 0.5492940078124999 0.8216877218749999 0.5144930999999999 0.772898146875 0.6727084984375 0.769192684375 0.680441421875
0 0.7133797734375 0.445827046875 0.7103342765625 0.45725538906249996 0.81471519375 0.49890627656250003 0.8651262750000001 0.330503578125 0.8634161421875 0.3267916421875 0.7632792625 0.27204667968749996 0.7133797734375 0.445827046875
0 0.8151660906249999 0.49975566406249994 0.8233092265625 0.5043057984375 0.82232553125 0.5147137046875 0.909688909375 0.547358109375 0.9532661843750001 0.390113584375 0.8628505796875 0.34289160625 0.8151660906249999 0.49975566406249994
0 0.8051703937499999 1 0.8518974734375 0.85935619375 0.7938145046875 0.8493878718750001 0.74600104375 1 0.8051703937499999 1