0 0 0 0 0.10933333281249999 0.124 0.12 0.124 0 0 0
0 0.124 0 0.124 0.12 0.26 0.13333333281249998 0.258 0 0.124 0
0 0.258 0.0026666671875 0.26 0.13333333281249998 0.388 0.14666666718750002 0.382 0 0.258 0.0026666671875
0 0.382 0 0.386 0.016 0.504 0.032 0.502 0 0.382 0
0 0.386 0.016 0.388 0.14666666718750002 0.508 0.16 0.504 0.032 0.386 0.016
0 0.636 0 0.504 0.0026666671875 0.506 0.0773333328125 0.53 0.037333332812499995 0.634 0.0506666671875 0.636 0
0 0.634 0.0506666671875 0.53 0.037333332812499995 0.506 0.0773333328125 0.508 0.16 0.524 0.1493333328125 0.63 0.1653333328125 0.634 0.0506666671875
0 0.634 0.0026666671875 0.634 0.0533333328125 0.734 0.064 0.732 0 0.634 0.0026666671875
0 0.634 0.0533333328125 0.628 0.1653333328125 0.734 0.176 0.734 0.064 0.634 0.0533333328125
0 0.732 0 0.734 0.064 0.8220000000000001 0.072 0.8220000000000001 0 0.732 0
0 0.734 0.064 0.734 0.176 0.8240000000000001 0.1866666671875 0.8220000000000001 0.07466666718750001 0.734 0.064
0 0.8220000000000001 0.0026666671875 0.8220000000000001 0.07466666718750001 0.914 0.088 0.9099999999999999 0 0.8220000000000001 0.0026666671875
0 0.8220000000000001 0.07466666718750001 0.8240000000000001 0.1866666671875 0.9019999999999999 0.1973333328125 0.906 0.088 0.8220000000000001 0.07466666718750001
0 0.9099999999999999 0 0.9119999999999999 0.088 0.9880000000000001 0.10400000000000001 0.986 0.0053333328125 0.9099999999999999 0
0 0.906 0.088 0.9019999999999999 0.1973333328125 0.99 0.20800000000000002 0.99 0.10400000000000001 0.906 0.088
0 0 0.25866666718750003 0.014000000000000002 0.2613333328125 0.014000000000000002 0.11200000000000002 0 0.10933333281249999 0 0.25866666718750003
0 0.014000000000000002 0.10933333281249999 0.014000000000000002 0.2613333328125 0.194 0.2666666671875 0.192 0.128 0.014000000000000002 0.10933333281249999
0 0.192 0.128 0.194 0.2666666671875 0.364 0.2773333328125 0.36 0.144 0.192 0.128
0 0.36 0.144 0.364 0.27999999999999997 0.518 0.29333333281249996 0.516 0.16 0.36 0.144
0 0.538 0.1493333328125 0.516 0.1573333328125 0.518 0.288 0.658 0.2906666671875 0.6559999999999999 0.16799999999999998 0.538 0.1493333328125
0 0.6559999999999999 0.16799999999999998 0.6559999999999999 0.2906666671875 0.778 0.2986666671875 0.778 0.1813333328125 0.6559999999999999 0.16799999999999998
0 0.778 0.184 0.778 0.296 0.8939999999999999 0.304 0.892 0.1946666671875 0.778 0.184
0 1 0.2106666671875 0.892 0.192 0.892 0.304 1 0.312 1 0.2106666671875
0 0 0.3973333328125 0.02 0.4 0.014000000000000002 0.2613333328125 0 0.25866666718750003 0 0.3973333328125
0 0 0.5413333328125 0.026000000000000002 0.5386666671875 0.02 0.4 0 0.3973333328125 0 0.5413333328125
0 0 0.6853333328125 0.024 0.6826666671875 0.028000000000000004 0.5413333328125 0.002 0.5413333328125 0 0.6853333328125
0 0.014000000000000002 0.2613333328125 0.02 0.4 0.196 0.4026666671875 0.194 0.2666666671875 0.014000000000000002 0.2613333328125
0 0.192 0.2666666671875 0.198 0.40533333281250006 0.366 0.41333333281250006 0.364 0.27999999999999997 0.192 0.2666666671875
0 0.364 0.27999999999999997 0.366 0.41333333281250006 0.518 0.41600000000000004 0.518 0.29333333281249996 0.364 0.27999999999999997
0 0.52 0.288 0.52 0.40533333281250006 0.658 0.40800000000000003 0.6559999999999999 0.2906666671875 0.52 0.288
0 0.658 0.2906666671875 0.6559999999999999 0.40800000000000003 0.78 0.40800000000000003 0.776 0.2986666671875 0.658 0.2906666671875
0 0.776 0.2986666671875 0.778 0.40800000000000003 0.8939999999999999 0.41333333281250006 0.892 0.304 0.776 0.2986666671875
0 1 0.312 0.892 0.3066666671875 0.8939999999999999 0.41333333281250006 1 0.41333333281250006 1 0.312
0 0.02 0.4 0.026000000000000002 0.5413333328125 0.202 0.5386666671875 0.2 0.4026666671875 0.02 0.4
0 0.2 0.40533333281250006 0.202 0.536 0.364 0.5386666671875 0.366 0.41333333281250006 0.2 0.40533333281250006
0 0.366 0.41333333281250006 0.364 0.5386666671875 0.516 0.5386666671875 0.516 0.41600000000000004 0.366 0.41333333281250006
0 0.52 0.40800000000000003 0.514 0.5253333328124999 0.658 0.5253333328124999 0.658 0.4106666671875 0.52 0.40800000000000003
0 0.658 0.4106666671875 0.658 0.5253333328124999 0.782 0.52 0.78 0.40800000000000003 0.658 0.4106666671875
0 0.78 0.40800000000000003 0.782 0.5226666671875 0.8939999999999999 0.52 0.8939999999999999 0.41600000000000004 0.78 0.40800000000000003
0 1 0.41333333281250006 0.8960000000000001 0.41333333281250006 0.8939999999999999 0.52 1 0.5226666671875 1 0.41333333281250006
0 0.026000000000000002 0.5386666671875 0.024 0.6826666671875 0.20400000000000001 0.6746666671875 0.202 0.5386666671875 0.026000000000000002 0.5386666671875
0 0.202 0.5386666671875 0.20400000000000001 0.6746666671875 0.364 0.6639999999999999 0.364 0.5386666671875 0.202 0.5386666671875
0 0.364 0.5386666671875 0.364 0.6639999999999999 0.514 0.6613333328125 0.514 0.5386666671875 0.364 0.5386666671875
0 0.658 0.5253333328124999 0.514 0.5253333328124999 0.516 0.6373333328124999 0.53 0.6453333328124999 0.6599999999999999 0.6373333328124999 0.658 0.5253333328124999
0 0.658 0.5253333328124999 0.6599999999999999 0.64 0.782 0.6293333328124999 0.782 0.52 0.658 0.5253333328124999
0 0.782 0.5226666671875 0.782 0.632 0.898 0.624 0.898 0.52 0.782 0.5226666671875
0 1 0.5253333328124999 0.898 0.52 0.898 0.6266666671875 1 0.6293333328124999 1 0.5253333328124999
0 0 0.9493333328125001 0.098 0.9413333328125001 0.096 0.792 0 0.792 0 0.9493333328125001
0 0.096 0.792 0.098 0.944 0.23199999999999998 0.9226666671875 0.23399999999999999 0.7813333328125001 0.096 0.792
0 0.23399999999999999 0.784 0.23199999999999998 0.9253333328125001 0.362 0.9013333328125 0.358 0.7626666671875 0.23399999999999999 0.784
0 0.358 0.7626666671875 0.36 0.9039999999999999 0.47800000000000004 0.8880000000000001 0.476 0.7546666671875 0.358 0.7626666671875
0 0.62 0.7386666671875 0.534 0.7466666671875 0.516 0.7253333328125 0.49400000000000005 0.7306666671875 0.488 0.8400000000000001 0.512 0.8746666671875 0.618 0.8613333328125 0.62 0.7386666671875
0 0.62 0.7386666671875 0.618 0.8613333328125 0.72 0.8480000000000001 0.72 0.7306666671875 0.62 0.7386666671875
0 0.72 0.7306666671875 0.72 0.8480000000000001 0.8160000000000001 0.8373333328125 0.8160000000000001 0.72 0.72 0.7306666671875
0 0.8160000000000001 0.72 0.8160000000000001 0.8373333328125 0.9019999999999999 0.8266666671875 0.9039999999999999 0.712 0.8160000000000001 0.72
0 0.906 0.712 0.9019999999999999 0.8266666671875 0.986 0.8186666671875 0.986 0.7093333328125 0.906 0.712
0 0.614 0.9866666671875001 0.618 0.8613333328125 0.51 0.8746666671875 0.488 0.8426666671874999 0.49000000000000005 0.9573333328125001 0.504 0.9973333328124999 0.544 1 0.614 0.9866666671875001
0 0.618 0.8640000000000001 0.614 0.9893333328124999 0.72 0.968 0.72 0.8453333328125 0.618 0.8640000000000001
0 0.72 0.8480000000000001 0.72 0.9653333328124999 0.8140000000000001 0.952 0.8160000000000001 0.8373333328125 0.72 0.8480000000000001
0 0.8160000000000001 0.8373333328125 0.8140000000000001 0.952 0.9019999999999999 0.9386666671875 0.9019999999999999 0.8266666671875 0.8160000000000001 0.8373333328125
0 0.9019999999999999 0.8266666671875 0.9039999999999999 0.9359999999999999 0.986 0.9253333328125001 0.986 0.8186666671875 0.9019999999999999 0.8266666671875
0 0.778 1 0.776 0.9573333328125001 0.544 1 0.778 1
0 0.9 1 0.898 0.9386666671875 0.776 0.9573333328125001 0.778 1 0.9 1
0 1 0.9199999999999999 0.986 0.9093333328125001 0.986 0.9253333328125001 0.898 0.9386666671875 0.9 0.9973333328124999 1 0.9973333328124999 1 0.9199999999999999
0 0 0.9973333328124999 0.098 1 0.098 0.944 0 0.9493333328125001 0 0.9973333328124999
0 0.22999999999999998 1 0.23199999999999998 0.9226666671875 0.098 0.9466666671875 0.098 1 0.22999999999999998 1
0 0.358 1 0.36 0.9039999999999999 0.23199999999999998 0.9226666671875 0.22999999999999998 1 0.358 1
0 0.36 0.9066666671875 0.358 0.9973333328124999 0.47400000000000003 1 0.47800000000000004 0.8880000000000001 0.36 0.9066666671875