0 0.33027664843750004 0 0 0.0858347578125 0 0.344807525 0.9244295984375 0.0493645453125 0.9190802296875 0 0.33027664843750004 0
0 0 0.5217237359375 0.03382428125 0.612154484375 0.22544549218749999 0.545243453125 0.22550642187499997 0.5063387921875 0.1611207265625 0.306849959375 0.1438262484375 0.305122365625 0 0.34580194999999997 0 0.5217237359375
0 0.3524140390625 0.2369130390625 0.16013702968750002 0.2977722921875 0.23343693281250003 0.5400554703125 0.41531476562499997 0.4818988328125 0.3524140390625 0.2369130390625
0 0.5422833125000001 0.17356841875 0.343930746875 0.23756218593749998 0.42188216875 0.48330315312499994 0.5952767140625 0.4257956625 0.5422833125000001 0.17356841875
0 0.7422238640625001 0.10449529375 0.5422833125000001 0.17356841875 0.6056758906249999 0.42309304687499993 0.7853099390625 0.3639639859375 0.7422238640625001 0.10449529375
0 0.924757496875 0.0523904328125 0.744795546875 0.1084936046875 0.7958730640625 0.362774315625 0.952956828125 0.3126168984375 0.924757496875 0.0523904328125
0 0 0.7091891718750001 0.048621834375 0.8276417593750001 0.9473154234375001 0.532260646875 0.9587943015624999 0.40105647343750006 0.9467173234375 0.3142384671875 0.42445385468749997 0.48730146249999995 0.41339888125 0.48395230156249996 0.23168499687500002 0.543621884375 0.2195338859375 0.5498909109375 0.0363959640625 0.6161527953125 0.0210783015625 0.5734670734375 0 0.5953975390624999 0 0.7091891718750001
0 0.25113406875 0.762566946875 0.077575575 0.8185614937500001 0.07105968124999999 0.837365975 0.1223684078125 0.9853253640625 0.2993805828125 0.9729474671875 0.2383786703125 0.782992996875 0.25113406875 0.762566946875
0 0.414508846875 0.7309967625 0.4162092734375 0.7072215468749999 0.248890284375 0.761594525 0.2404585046875 0.782452475 0.3012731015625 0.9728151296875 0.31001395 0.972203909375 0.4649399859375 0.9201122328125001 0.414508846875 0.7309967625
0 0.46844385624999996 0.9129794078125 0.6319310765624999 0.8627133656250001 0.58757549375 0.6704633828125 0.5852801984375 0.6492821578125 0.417797259375 0.7021421921875 0.4200925546875 0.7233234140625 0.46844385624999996 0.9129794078125
0 0.6341748593750001 0.8636857875 0.7907667734375 0.8089895359374999 0.7611339859374999 0.6144688359375 0.7486034671875 0.5975031703125 0.5852801984375 0.6492821578125 0.593978946875 0.6703547578125 0.6341748593750001 0.8636857875
0 0.9224898593749999 0.5445345140625 0.754679021875 0.5943686578125 0.77602073125 0.6137110625 0.7949264453125 0.8079084906249999 0.92640430625 0.7712758109375 0.9431804734375 0.57952335625 0.9412598859375001 0.5598786078125 0.9224898593749999 0.5445345140625
0 0.6340109109375 0.86217284375 0.46827990625 0.9114664640625 0.4649399859375 0.9201122328125001 0.30475132656250004 0.9725719078124999 0.4606558609375 0.9616700015624999 0.9201956234375 0.8422413796875 0.9264015750000001 0.771307040625 0.7949264453125 0.8079084906249999 0.6340109109375 0.86217284375
0 0 0.7789099359375 0.045487951562500004 0.9171227375000001 0.08642885312500001 0.9002605000000001 0.073139515625 0.8368254531250001 0.08173524531250001 0.8174804468750001 0.048785784375 0.8291547046875 0 0.7194427234375 0 0.7789099359375
0 0 0.9422095109375 0.0482235859375 0.9226339937500001 0 0.7843102609375 0 0.9422095109375