0 0.4312200796875 0.43245258125 0.5356700859375 0.446471821875 0.5552504468749999 0.439286190625 0.5761322890625 0.30994900625 0.5708946359375 0.284673425 0.5166784921875001 0.272259696875 0.3851204109375 0.2520335921875 0.297523859375 0.2344878671875 0.2556452984375 0.3993416453125 0.2580457015625 0.407867465625 0.338169715625 0.4222251484375 0.3558968671875 0.435146540625 0.3672965125 0.4389383484375 0.3715501234375 0.42735714375 0.4312200796875 0.43245258125
0 1 0.32119887343750003 0.9669852328124999 0.3170207765625 0.8484086734374999 0.30286887500000004 0.8363560234375 0.32344700312499997 0.8248505671874999 0.372657975 0.807946471875 0.4393916921875 0.80342153125 0.4733623140625 0.812475946875 0.478832753125 1 0.5056999265625 1 0.32119887343750003
0 0.332453640625 0.5987562296875 0.346249153125 0.537662171875 0.3645696078125 0.44259749375 0.3539333140625 0.43484465781250004 0.33582448593750003 0.42390377968750004 0.2498098109375 0.40864045156250006 0.21250229531249998 0.4029046890625 0.16810391875 0.392000371875 0.151632140625 0.3935463421875 0.1128069875 0.5425560078125 0.103481240625 0.5594749890624999 0.11057210312500002 0.5646435453125 0.13768017500000002 0.5708504109375 0.2142587578125 0.5826238140625 0.296346325 0.5972833796875 0.332453640625 0.5987562296875
0 0.5808869875 0.4636195640625 0.5722142484375 0.45616861093749994 0.5427609484375 0.451640378125 0.430838403125 0.43443309531249996 0.3735136765625 0.4276590265625 0.3482127078125 0.5379640546875 0.3367624234375 0.5973794796874999 0.43652197187499997 0.614755984375 0.5350813203125 0.6278695796875 0.5515530984375 0.6263236078125 0.57521701875 0.5035317296875 0.5808869875 0.4636195640625
0 0.5883043531250001 0.4566031546875 0.5531349765625 0.628606003125 0.6411132046875 0.644171215625 0.7153465578125 0.6576232515625 0.751072196875 0.6610766171875 0.7627431703124999 0.642479003125 0.7909320296875 0.48571650312500003 0.5883043531250001 0.4566031546875
0 1 0.505765559375 0.7983493953125 0.47870009218750004 0.7885868015625 0.487395134375 0.7627431703124999 0.642479003125 0.7651987453125 0.6612092781250001 0.97137185625 0.6929069046875 1 0.5443557125 1 0.505765559375
0 0.14963608125 0.75009843125 0.23134197343750001 0.7667385109375 0.3146297421875 0.7856609859375 0.35820959375 0.7903218796875 0.366827159375 0.7875683796875 0.380135184375 0.7814576171875001 0.38820555625000003 0.750071271875 0.39921898906250003 0.6824319078125 0.415741409375 0.61767870625 0.4109957765625 0.6108315171875 0.336380746875 0.59935999375 0.296346325 0.5972833796875 0.2103316515625 0.58202005 0.123553625 0.57071775 0.1170651296875 0.6043864906249999 0.10970293906249999 0.621607353125 0.1044146453125 0.6595390046875 0.0967259515625 0.688944834375 0.0933460375 0.716973915625 0.08522049375 0.73815580625 0.1005472453125 0.742551378125 0.14963608125 0.75009843125
0 0.61689755625 0.6649185625 0.6250231 0.6437366718749999 0.5586439609375 0.6314921640625 0.5515530984375 0.6263236078125 0.539390103125 0.6264928296875001 0.45223040000000003 0.6171710421875 0.4168864375 0.6117371640625 0.40118254374999995 0.6827337906250001 0.38978743437499996 0.75235366875 0.3817170609375 0.7837400125 0.382153909375 0.79196395 0.5058577765625001 0.8109825265625 0.5863634671875 0.823359696875 0.61689755625 0.6649185625
0 0.8148438421875 0.8442125453125 0.8273839828125 0.768651125 0.8372523890625001 0.7069533046875 0.8351233171875 0.6760380625 0.76481706875 0.6631897906249999 0.7647067234375 0.642780884375 0.75303575 0.6613784984375 0.7169284359375 0.659905646875 0.6250231 0.6437366718749999 0.618479434375 0.667200959375 0.60675781875 0.7490058046875 0.59498103125 0.8206061968749999 0.7077221015624999 0.844056903125 0.7843006875 0.8558303078125 0.811790434375 0.8600566578125 0.8148438421875 0.8442125453125
0 0.8164257203125 0.8464949421875 0.82477195625 0.8661308625 0.9343492718749999 0.885016778125 0.970608503125 0.6968679328125 0.852413621875 0.6807355171875 0.8392159421875001 0.7072551859375 0.828965859375 0.770933521875 0.8164257203125 0.8464949421875
0 0.303230096875 0.7818691796875 0.23134197343750001 0.7667385109375 0.145708975 0.7494946671875 0.1103650125 0.7440607875 0.0966753125 0.752152065625 0.0649410203125 0.9063302890625 0.127393053125 0.9179710312499999 0.22360717187499998 0.9327632578125 0.2671870234375 0.93742415 0.27656794218749997 0.9307096218750001 0.30524882343750004 0.7923755140625001 0.303230096875 0.7818691796875
0 0.507605171875 0.8438782828125 0.5134406593749999 0.8345794765625 0.5152938671875 0.814472453125 0.5054761 0.8129630421874999 0.382153909375 0.79196395 0.3820987375 0.7817594984375 0.366827159375 0.7875683796875 0.3578279171875 0.79230239375 0.3126661890625 0.785359103125 0.304867146875 0.794356028125 0.2766231140625 0.940914075 0.37125535468750004 0.9534239046874999 0.3704920015625 0.9573849328125 0.47452241562499997 0.9733788578125001 0.48478530781250007 0.9727811125000001 0.49811844218749995 0.9035955906250001 0.507605171875 0.8438782828125
0 0.732866621875 0.8499618859375 0.70968565625 0.8443587859375 0.5969445859375 0.8209080796875 0.5863634671875 0.823359696875 0.5152938671875 0.814472453125 0.5126773078125 0.8385405046875001 0.507605171875 0.8438782828125 0.5000819953125 0.9038974718749999 0.48682998906249997 0.9726620234375 0.71174491875 0.9595622203125 0.7126377859375 0.9549291359375 0.732866621875 0.8499618859375
0 0.826735509375 0.8664327437500001 0.811790434375 0.8600566578125 0.7846823625 0.85384979375 0.732866621875 0.8499618859375 0.7126377859375 0.9549291359375 0.711920690625 0.9595519828124999 0.9215205078125001 0.9473441843750001 0.9343492718749999 0.885016778125 0.826735509375 0.8664327437500001
0 0.058632414062500006 0.320111678125 0.034688098437499995 0.31846960625 0.0212742609375 0.37758315 0.050727562500000004 0.38211138125 0.08056253906250001 0.38465910000000003 0.08906976093749999 0.36149669375000004 0.0996508796875 0.359045075 0.1037941453125 0.3270549671875 0.058632414062500006 0.320111678125
0 0.17584778750000002 0.3727989953125 0.11535930781249999 0.3614601328125 0.08906976093749999 0.36149669375000004 0.07532942031249999 0.43279520312499997 0.13619957656249998 0.44215355 0.151632140625 0.3935463421875 0.1657586890625 0.39367900312500004 0.18970300625 0.39532107656250004 0.198210228125 0.3721586703125 0.17584778750000002 0.3727989953125
0 0.05269111562499999 0.38241326249999996 0.0212742609375 0.37758315 0.0128773859375 0.421154459375 0.0462577953125 0.42628645625 0.07412921875 0.4285322921875 0.08252609375 0.3849609828125 0.05269111562499999 0.38241326249999996
0 0.0557535921875 0.51339251875 0.0663301765625 0.43752921718750004 0.0745108953125 0.426551778125 0.0462577953125 0.42628645625 0.0144592640625 0.42343685625000005 0.007917092187499999 0.4535699421875 0.00887108125 0.508223865625 0.045554148437500004 0.513863621875 0.0557535921875 0.51339251875
0 0.11624207187499999 0.52473138125 0.13619957656249998 0.44215355 0.07494774374999999 0.4347757171875 0.0659485015625 0.43950973125 0.0557535921875 0.51339251875 0.11624207187499999 0.52473138125
0 0.00887108125 0.508223865625 0.01015049375 0.58152138125 0.0200279546875 0.5099391546875001 0.00887108125 0.508223865625
0 0.058158528125 0.595330025 0.097429596875 0.60136766875 0.103481240625 0.5594749890624999 0.1142785203125 0.5244294984375 0.057717146875 0.5136944015625 0.0435905953125 0.5135617406249999 0.0200279546875 0.5099391546875001 0.010128503125 0.5802615359375001 0.0102640359375 0.5880262093749999 0.0499226390625 0.5961030109375 0.058158528125 0.595330025
0 0.04049108125 0.6660247703125 0.043544490625 0.6501806578125 0.049214459375000005 0.610268490625 0.047577409375000004 0.5977816421875 0.0102652078125 0.5880933921875 0.0115764234375 0.66321289375 0.0224374234375 0.6652883453125 0.04049108125 0.6660247703125
0 0.0664586578125 0.7515848625 0.0852756671875 0.748360259375 0.0906191328125 0.7206330609375 0.0962891015625 0.6807208953125 0.07665356875 0.6777020734375 0.0401094046875 0.6680052843750001 0.0224374234375 0.6652883453125 0.0115835234375 0.6636196375 0.0129742703125 0.7432954328125 0.013442715625 0.74343404375 0.0664586578125 0.7515848625
0 0.1170651296875 0.6043864906249999 0.101356703125 0.6019714328125 0.0561949734375 0.59502814375 0.043544490625 0.6501806578125 0.04049108125 0.6660247703125 0.079380471875 0.674042928125 0.09825265625 0.681022778125 0.10403296875000001 0.66151951875 0.10773938593750002 0.6213054703124999 0.1170651296875 0.6043864906249999
0 0.09433008281250001 0.7538306968749999 0.0872392203125 0.7486621421875 0.0664586578125 0.7515848625 0.0166064703125 0.7479988359374999 0.015245284375000001 0.7865342515625 0.013897721875 0.7961999859375 0.014400742187500001 0.8250179703124999 0.0790630375 0.8330512640625001 0.09433008281250001 0.7538306968749999
0 0.053431031250000004 0.8821295750000001 0.06793925625 0.8802817218750001 0.08064491406249999 0.835333659375 0.045300951562500004 0.82989978125 0.014403037499999998 0.82514945 0.015604246875 0.8939667328124999 0.032323965625 0.8972372640625 0.053431031250000004 0.8821295750000001
0 0.1049943453125 0.331317878125 0.1035779859375 0.359648840625 0.14284905625 0.365686484375 0.151301103125 0.332319625 0.077449425 0.316887075 0.0417237875 0.3134337109375 0.1049943453125 0.331317878125
0 0.21250229531249998 0.4029046890625 0.24037371875 0.4051505265625 0.24806241562500003 0.3757446953125 0.197773378125 0.36393473125 0.1909032078125 0.3995839859375 0.21250229531249998 0.4029046890625
0 0.7681327421875 0.47813288906249996 0.7873866015625001 0.48313222343750006 0.7979677203125 0.48068060625 0.8041848843749999 0.4694012859375 0.8056012421875 0.4410703234375 0.7741843875 0.436240209375 0.7681327421875 0.47813288906249996
0 0.7794129734374999 0.3146924203125 0.7464142421875 0.307579909375 0.7524152468749999 0.3288944609375 0.7421099921875001 0.3823683453125 0.748055825 0.39347844374999996 0.7424410296875 0.4435950609375 0.73900594375 0.4614196890625 0.7508424375 0.47343543437499996 0.7794129734374999 0.3146924203125
0 0.5851912359375 0.3888311296875 0.5807721078125 0.3697989734375 0.592824759375 0.349220846875 0.591840715625 0.3123640640625 0.5866030624999999 0.2870884828125 0.57640361875 0.28755958593750003 0.5761322890625 0.30994900625 0.554868771875 0.44126670468749996 0.555687296875 0.44751012812499996 0.5681767953125 0.4351559421875 0.57952126875 0.4287432953125 0.579847771875 0.416558328125 0.5851912359375 0.3888311296875