0 0.0847925359375 0.7579955984375 0.0927449828125 0.9279147312499999 0.3274842421875 0.8707778984375001 0.3239646359375 0.7194229234375 0.0847925359375 0.7579955984375
0 0.327903496875 0.716744275 0.33142310468749997 0.868099253125 0.512339378125 0.8192429703125 0.5132526125 0.68645215 0.327903496875 0.716744275
0 0.51525291875 0.6864405031249999 0.514277934375 0.8165759703125 0.659435715625 0.7785507546875 0.6646582953125 0.6590133921875 0.51525291875 0.6864405031249999
0 0.6826610390625001 0.658908559375 0.6665968531249999 0.65634639375 0.65931221875 0.773240053125 0.6776236984375 0.7864119734374999 0.8090880828125 0.7617450453125 0.8163727171874999 0.6448513859375 0.6826610390625001 0.658908559375
0 0.900138525 0.6337407640625 0.8163109687500001 0.6421960343750001 0.8109031453125001 0.753767346875 0.92054941875 0.7371946015625 0.93020484375 0.63622139375 0.900138525 0.6337407640625
0 0.9381443140625001 0.6335194515625 0.9301430953125 0.6335660437499999 0.92054941875 0.7371946015625 0.9245500296875001 0.737171303125 0.9801936203125001 0.7272768578125001 0.98308384375 0.6279463421875 0.97002569375 0.62802238125 0.9381443140625001 0.6335194515625
0 0.9734332140624999 0.5164627187499999 0.962024475 0.6280689734375 0.97002569375 0.62802238125 0.98308384375 0.6279463421875 0.9836085875 0.60991208125 0.9814344328125 0.5164161265625 0.9734332140624999 0.5164627187499999
0 0.9034225499999999 0.5168704015625 0.8921373046875001 0.6337873562499999 0.904139134375 0.63371746875 0.9620862234375 0.6307243234375 0.9734332140624999 0.5164627187499999 0.91742468125 0.5167888656249999 0.9034225499999999 0.5168704015625
0 0.8374124937499999 0.5172547875 0.8282510500000001 0.639470796875 0.832251659375 0.6394475015625 0.8921373046875001 0.6337873562499999 0.9014222437500001 0.5168820484375 0.8973598875000001 0.51424999375 0.8374124937499999 0.5172547875
0 0.775403046875 0.5176158765625 0.7634629671875001 0.5203411171875 0.7564253234375 0.647856178125 0.7604259328125 0.6478328828125 0.8283127968749999 0.6421261453125 0.8354739375 0.5199217859374999 0.781465709375 0.5202362843749999 0.775403046875 0.5176158765625
0 0.6896369359375 0.528738146875 0.6796354124999999 0.5287963875 0.6725360203124999 0.6536560984374999 0.682599290625 0.6562532078125 0.75442501875 0.6478678265625 0.761524409375 0.5230081140625 0.6896369359375 0.528738146875
0 0.59974671875 0.5345730093750001 0.59283256875 0.6673987734375 0.6705974640625 0.6563230984375 0.6796971593750001 0.5314517390625 0.59974671875 0.5345730093750001
0 0.503917334375 0.54309816875 0.5031893421875 0.6838550390625 0.5908940109375 0.6700657734375 0.59974671875 0.5345730093750001 0.503917334375 0.54309816875
0 0.503917334375 0.54309816875 0.4001484796875 0.5543252703125 0.4014825390625 0.69772584375 0.409607253125 0.702989953125 0.5032510890624999 0.686510390625 0.503917334375 0.54309816875
0 0.2883166578125 0.562943615625 0.2822539953125 0.560323209375 0.2880208984375 0.722287940625 0.3996057296875 0.7030481921875 0.4001484796875 0.5543252703125 0.2883166578125 0.562943615625
0 0.14854231874999999 0.5743803828125 0.1562477765625 0.7336781125 0.16249568125 0.7442645703124999 0.2840202890625 0.7223112359375 0.2803154390625 0.5629902078125 0.14854231874999999 0.5743803828125
0 0 0.7610408984375 0.146554990625 0.7470131062500001 0.13854079375 0.574438625 0 0.5801543171875 0 0.7610408984375
0 0 0.5772042234375 0.24230965000000002 0.563211521875 0.2382343140625 0.38795839062500004 0.148097109375 0.3831718546875 0 0.3769353640625 0 0.5772042234375
0 0.2402346203125 0.38794674375 0.246310259375 0.563188225 0.45997237812499997 0.546009778125 0.45832958125 0.3893324546875 0.2402346203125 0.38794674375
0 0.4603916328125 0.39197615625000004 0.45997237812499997 0.546009778125 0.62568893125 0.5317662375000001 0.63047928125 0.39364141875 0.4603916328125 0.39197615625000004
0 0.7065526078125 0.39585414218750004 0.642481109375 0.39357152968750003 0.63047928125 0.39364141875 0.62568893125 0.5317662375000001 0.64169136875 0.5316730515625 0.7714641859375 0.520294525 0.782625934375 0.3980668671875 0.7065526078125 0.39585414218750004
0 0.85063629375 0.3976708328125 0.7845644921875 0.3953998671875 0.7714024390625001 0.5176391734375 0.781465709375 0.5202362843749999 0.8973598875000001 0.51424999375 0.9066448265625 0.3973446859375 0.85063629375 0.3976708328125
0 0.9205852109375 0.3946077984375 0.9066448265625 0.3973446859375 0.8993601921875 0.5142383453125 0.9134240734375 0.5168121609375 0.9454289484375 0.516625790625 0.9853732953125001 0.513737478125 0.97871754375 0.39958070625 0.9386497015625 0.3971583171875 0.9205852109375 0.3946077984375
0 0.9296849078125 0.269736440625 0.9205852109375 0.3946077984375 0.9366493968749999 0.397169965625 0.9827799 0.40221275937499995 0.9757536640625 0.27212388593750003 0.9497497031250001 0.272275309375 0.9296849078125 0.269736440625
0 0.9365990562500001 0.1369106765625 0.9276846031250001 0.2697480875 0.9497497031250001 0.272275309375 0.9798160203125 0.2747559375 0.9727280359374999 0.1420117125 0.962664765625 0.13941460156250002 0.9365990562500001 0.1369106765625
0 0.8635513578125 0.264810125 0.8525748515625 0.3950038328125 0.8625763750000001 0.39494559218749997 0.9206469593750001 0.39726315 0.9277463515625 0.2724034375 0.87355288125 0.2647518828125 0.8635513578125 0.264810125
0 0.8314229859375001 0.25968579375 0.797356059375 0.257228459375 0.7885651 0.395376571875 0.8525748515625 0.3950038328125 0.8636131046875001 0.267465475 0.8314229859375001 0.25968579375
0 0.7752292125 0.2520458875 0.7652276890625 0.252104128125 0.71709688125 0.24707298125000002 0.7105532171875 0.395830846875 0.7885651 0.395376571875 0.7974178078125 0.259883809375 0.7752292125 0.2520458875
0 0.624897621875 0.23964274218749998 0.6183539578125 0.3884006078125 0.6304175328125 0.3909860703125 0.7085529125 0.39584249531250004 0.7150965765625 0.2470846296875 0.636837703125 0.23691750156250002 0.624897621875 0.23964274218749998
0 0.530636309375 0.22956880000000002 0.524635396875 0.22960374374999998 0.5223393328125 0.388959715625 0.5284019921875001 0.391580121875 0.620416009375 0.391044309375 0.624897621875 0.23964274218749998 0.530636309375 0.22956880000000002
0 0.41224784843749995 0.2143239328125 0.41426112968749995 0.38693336093749997 0.4222623484375 0.3868867671875 0.5223393328125 0.388959715625 0.52257334375 0.2269600390625 0.42024906562500003 0.21427734062499998 0.41224784843749995 0.2143239328125
0 0.29385938437500003 0.1990790671875 0.2859816609375 0.2044363609375 0.290180490625 0.38500019218750003 0.4102605203125 0.38695665625000003 0.4101857953125 0.21168023125 0.29385938437500003 0.1990790671875
0 0.14128049843749999 0.176066165625 0.1362057984375 0.21593136875000002 0.14566457187499998 0.36459604843750004 0.15003566562499998 0.3805048546875 0.2861798796875 0.3850234875 0.2817340609375 0.1938382546875 0.14128049843749999 0.176066165625
0 0 0.374326675 0.14003414218750002 0.3805630953125 0.12727836718750002 0.176147703125 0 0.1589233296875 0 0.374326675
0 0 0.153180971875 0.23748036875 0.18347311093750002 0.2338990140625 0.029462782812499998 0 0.0284366359375 0 0.153180971875
0 0.47025668437499996 0.21398613906250002 0.4679346640625 0.0280999578125 0.2398999265625 0.0294278390625 0.24160447343749997 0.188760515625 0.47025668437499996 0.21398613906250002
0 0.645072934375 0.0748712359375 0.64214493125 0.029908381249999998 0.5882721359375 0.027399215625 0.4679346640625 0.0280999578125 0.645072934375 0.0748712359375
0 0.46999671718749997 0.0307436609375 0.4723187359375 0.21662984062500001 0.6488395296875 0.2368476140625 0.6531976484375 0.08013534375 0.46999671718749997 0.0307436609375
0 0.6551979515624999 0.080123696875 0.6488395296875 0.2368476140625 0.7992946171875001 0.2545614609375 0.8080238281250001 0.113758 0.6551979515624999 0.080123696875
0 0.8080238281250001 0.113758 0.7992946171875001 0.2545614609375 0.9276846031250001 0.2697480875 0.9365990562500001 0.1369106765625 0.8080238281250001 0.113758
0 0.6465175109375 0.050961434375 0.6471349859375 0.0775149375 0.7034522562500001 0.09046554531249999 0.7068971375 0.06654409375 0.6465175109375 0.050961434375
0 0.654580478125 0.0535701921875 0.70283478125 0.063912040625 0.722961321875 0.0691062609375 0.7691535734375 0.07680440468750001 0.7725950859374999 0.03598419375 0.6610876484375 0.0307906515625 0.6541482453125 0.034982739062500004 0.654580478125 0.0535701921875
0 0.7792785921875 0.082056865625 0.8235940328125 0.095077359375 0.830447090625 0.0386786953125 0.7734376140625 0.0360234359375 0.771153878125 0.07679275625000001 0.7792785921875 0.082056865625
0 0.8698480312499999 0.10543085781249999 0.8720958078125 0.040618515625000004 0.830447090625 0.0386786953125 0.8235940328125 0.095077359375 0.8698480312499999 0.10543085781249999
0 0.7088974421875001 0.0665324453125 0.7074528640625 0.09044225 0.76777074375 0.103369559375 0.7691535734375 0.07680440468750001 0.7088974421875001 0.0665324453125
0 0.771215625 0.0794481078125 0.76777074375 0.103369559375 0.82002565625 0.1136881125 0.8195934250000001 0.09510065625 0.771215625 0.0794481078125
0 0.821593728125 0.0950890078125 0.8200874031250001 0.1163434609375 0.8722805687499999 0.1240066625 0.8719100828125 0.10807455937499999 0.821593728125 0.0950890078125
0 0.8743670046875 0.041667503125 0.87197183125 0.110729909375 0.9000995921875001 0.1158775375 0.901791159375 0.1025891390625 0.9196704062500001 0.097173603125 0.9225595609375 0.049353999999999995 0.8743670046875 0.041667503125
0 0.9196704062500001 0.097173603125 0.9573674578125001 0.0836755390625 0.9713078453125 0.08093865156249999 0.9705668749999999 0.0490744453125 0.960532853125 0.0447375359375 0.9544175765625 0.044452712500000005 0.9225595609375 0.049353999999999995 0.9196704062500001 0.097173603125
0 0.8719100828125 0.10807455937499999 0.8722805687499999 0.1240066625 0.9004083296875001 0.129154290625 0.8999760968749999 0.1105668375 0.8719100828125 0.10807455937499999
0 0.901791159375 0.1025891390625 0.9004083296875001 0.129154290625 0.9385993609375 0.1368990265625 0.9747283421875 0.14200006406250001 0.9713078453125 0.08093865156249999 0.901791159375 0.1025891390625
0 0.0326984796875 0.8406259609375001 0.0866449609375 0.8376561125 0.0826687359375 0.7526965453125001 0.026845446875 0.76098874375 0.0326984796875 0.8406259609375001
0 0 0.9284547984374999 0.0047315765625 0.928427246875 0.032760228125 0.8432813093749999 0.024845140625 0.7610003921875 0 0.76114506875 0 0.9284547984374999