0 0.23513335624999998 0.15023848906249998 0.20744330781250003 0.1728326359375 0.1796284125 0.3323051375 0.3869030203125 0.3626147296875 0.42272169374999996 0.22210845156249998 0.41474550624999995 0.19685349531250002 0.346788234375 0.181215140625 0.349254278125 0.1612685765625 0.23513335624999998 0.15023848906249998
0 0.074077584375 0.10274315781250001 0.0104309015625 0.2972872609375 0.1782094875 0.33043785937500003 0.2065065546875 0.1694915390625 0.23135875781249998 0.143162834375 0.074077584375 0.10274315781250001
0 0.35021862187499997 0.1583209375 0.3650831734375 0.1314987546875 0.258139646875 0.110938853125 0.23135875781249998 0.143162834375 0.35021862187499997 0.1583209375
0 0.229939834375 0.14129555625 0.2543374546875 0.11015193593749999 0.1431647484375 0.0777014640625 0.074077584375 0.10274315781250001 0.229939834375 0.14129555625
0 0.6665992890625 0.25841995156249997 0.7285787234375001 0.1186071890625 0.7215392859375 0.096693328125 0.4321457625 0.025783864062500002 0.3978708578125 0.031279067187499995 0.3482071578125 0.1830824203125 0.6665992890625 0.25841995156249997
0 0.385456503125 0.3670361859375 0.5737201546875 0.39341118750000004 0.6185345421874999 0.26263475937499997 0.6105307640625 0.2436685375 0.41902987031250005 0.19616659375 0.42746063593750006 0.22623646874999997 0.385456503125 0.3670361859375
0 0.57658559375 0.3908570078125 0.7477117921875001 0.419979609375 0.8044149265625 0.29009011875 0.66898255625 0.25733959375 0.6133686109375 0.24740309218749998 0.6223367343749999 0.263421678125 0.57658559375 0.3908570078125
0 0.91222554375 0.438292 0.96458913125 0.3216668796875 0.82642928125 0.2600268578125 0.677578875 0.2496770578125 0.812019309375 0.29166395624999997 0.7496128875 0.42037306875 0.91222554375 0.438292
0 0.96887349375 0.320979978125 0.9146088109375 0.437211640625 0.9593360890625 0.4515777109375 0.9725123734375 0.2901615703125 0.8269114515625 0.2585530390625 0.96887349375 0.320979978125
0 0 0.43955149374999997 0.29504341093750003 0.48208085624999997 0.328423634375 0.3552324078125 0.012331996874999999 0.2976807203125 0 0.3371568359375 0 0.43955149374999997
0 0.33128907500000004 0.3526782296875 0.2974542703125 0.47471176093749995 0.4695172203125 0.507175459375 0.5223629812499999 0.3890765203125 0.33128907500000004 0.3526782296875
0 0.5213986375 0.392024159375 0.47524810000000006 0.5020671015625 0.6382877437500001 0.5310896859375001 0.697801134375 0.41122348750000004 0.5213986375 0.392024159375
0 0.701121153125 0.4134842234375 0.644018621875 0.525981328125 0.8018095593749999 0.55863845 0.8713105999999999 0.439265728125 0.701121153125 0.4134842234375
0 0.8741760390625 0.43671154999999995 0.8156821765625001 0.541052640625 0.9354511999999999 0.565840575 0.9548487890624999 0.5065494015625001 0.9596471125000001 0.447767525 0.9108066203125 0.43642472187500003 0.8741760390625 0.43671154999999995
0 0.3216863421875 0.4813005515625 0.2864326140625 0.6014668046875 0.46425403593750003 0.622533409375 0.5018634390625001 0.5075755328125 0.3216863421875 0.4813005515625
0 0.5018634390625001 0.5075755328125 0.46235294062500004 0.62213995 0.6183255562500001 0.6355374078125 0.66683176875 0.5307028390624999 0.5018634390625001 0.5075755328125
0 0.62453860625 0.62895523125 0.776681440625 0.647854503125 0.8227767953124999 0.55038903125 0.7942051765625 0.5570646125 0.66683176875 0.5307028390624999 0.62453860625 0.62895523125
0 0.9363879515625 0.569181671875 0.82042111875 0.54518065625 0.7809658046875 0.647167603125 0.9031180953125 0.6708751796875 0.9363879515625 0.569181671875
0 0.9031180953125 0.6708751796875 0.7552872171875 0.6450002718750001 0.7073459515625 0.7294948156250001 0.8765986453125001 0.751935221875 0.9031180953125 0.6708751796875
0 0.8742153781249999 0.75301558125 0.81003270625 0.74445288125 0.7773829796875 0.8132288953125 0.8549285046874999 0.8119683406249999 0.8742153781249999 0.75301558125
0 0.809550534375 0.7459267015625 0.6997139765625 0.7342097140625 0.6546933312500001 0.803572609375 0.7750273046875 0.80802051875 0.809550534375 0.7459267015625
0 0.7049626828125 0.730575175 0.5594322968750001 0.7224861125 0.516767328125 0.7970573828124999 0.6561122562499999 0.8054398859375 0.7049626828125 0.730575175
0 0.5565668578125 0.7250402890625 0.4124829859375 0.7125297703125 0.3798056671875 0.7875945203125 0.5210516921874999 0.7963704828125 0.5565668578125 0.7250402890625
0 0.2232956953125 0.7882483515625001 0.37027259687499997 0.7919159578125 0.40868079375 0.7117428515625 0.2427481203125 0.6915631828125 0.2210227953125 0.764173771875 0.2232956953125 0.7882483515625001
0 0.6159698812500001 0.6303290328125 0.57276755625 0.7189515937500001 0.7139859890625 0.734016290625 0.75673373125 0.6405788140625 0.6159698812500001 0.6303290328125
0 0.6097844218749999 0.6306224734375 0.455685309375 0.6239072109375 0.4267549984375 0.7123363484375 0.57225779375 0.7267141453125 0.6097844218749999 0.6306224734375
0 0.45852315624999995 0.6276417671875001 0.283567175 0.6040209828124999 0.267944534375 0.6952043359375 0.433877209375 0.715384003125 0.45852315624999995 0.6276417671875001
0 0.2873969578125 0.5985191671875 0.1010068109375 0.5788263609375 0.0891587703125 0.6770853671875 0.2655612671875 0.6962846953125 0.2873969578125 0.5985191671875
0 0 0.6667571515625 0.087257675 0.6766919078125 0.1043268296875 0.5810871 0 0.573015728125 0 0.6667571515625
0 0 0.7484858203125 0.2210227953125 0.764173771875 0.24655031093750002 0.6923501015625 0 0.6674031828125 0 0.7484858203125
0 0.31691980625 0.48346127031249997 0.12579071718749998 0.45964045000000003 0.10384465937500001 0.5825609187499999 0.28691478593749997 0.5999929859375001 0.31691980625 0.48346127031249997
0 0 0.5715425765625 0.10290790624999999 0.5792198203125001 0.12437179218750001 0.457773171875 0 0.44219662968750006 0 0.5715425765625