0 0 0.32440768750000004 0.3049094515625 0.2787596421875 0.28240204687500003 0.1033445328125 0 0.1456524328125 0 0.32440768750000004
0 0.283218059375 0.06418526249999999 0.301449490625 0.261243715625 0.570533559375 0.21913386875000002 0.5582872 0.021205590625 0.283218059375 0.06418526249999999
0 0.6212592031249999 0 0.557432653125 0.010818834375 0.5726506609375 0.22032775 0.8633137578125 0.17057707187499999 0.867114034375 0 0.6212592031249999 0
0 0 0.4925331796875 0.31447008906249996 0.44404382499999995 0.3007973265625 0.277855703125 0 0.3242368015625 0 0.4925331796875
0 0.30120533437499997 0.25827606875 0.312475065625 0.44433376718749995 0.57781324375 0.40577145156250005 0.570533559375 0.21913386875000002 0.30120533437499997 0.25827606875
0 0.5725285828125 0.2188439265625 0.577935321875 0.4072552734375 0.8569945109375 0.36369571875 0.8614408125 0.1723508359375 0.5725285828125 0.2188439265625
0 0.031655296875 0.7118822984375 0.2951205296875 0.6750937484375 0.316497171875 0.64045416875 0.3090504 0.5499409953125001 0.09757786562500001 0.580674871875 0.021481031249999998 0.6127561328125 0.031655296875 0.7118822984375
0 0.31906081406250003 0.671614440625 0.5805310234375 0.6351158328125 0.572473859375 0.5371835468749999 0.5523212359375 0.5130842234374999 0.34483874999999997 0.5432382140625001 0.3108815734375 0.57219833125 0.31906081406250003 0.671614440625
0 0.304684403125 0.7668008000000001 0.32516472812499997 0.7458055671875 0.31486838281249996 0.6451955765624999 0.297115553125 0.67480380625 0.0436254390625 0.71014264375 0.0588081515625 0.7965284031250001 0.304684403125 0.7668008000000001
0 0.31906081406250003 0.671614440625 0.32911300312499997 0.769256784375 0.5844760625000001 0.7321441796875 0.5804089453125 0.6336320109375 0.31906081406250003 0.671614440625
0 0.584598140625 0.733628003125 0.831981103125 0.6976751671875 0.82543065 0.59351765 0.7755968234374999 0.5767351015625 0.5802065609375 0.6066332609375 0.5785359999999999 0.635405775 0.584598140625 0.733628003125
0 0.5783336140625 0.6084070265625 0.7714846984375 0.575831165625 0.7564240640625 0.490929228125 0.74547231875 0.4805083578125 0.5523212359375 0.5130842234374999 0.5725959390625001 0.5386673703125 0.5783336140625 0.6084070265625
0 0.754429040625 0.4912191703125 0.7717288546875001 0.5787988078125 0.823599475 0.5712603109375001 0.8148901484375 0.48994001562499995 0.9783600296875001 0.46468093125000004 0.9412288171875 0.455061665625 0.745350240625 0.47902453593749994 0.754429040625 0.4912191703125
0 0.31437035625 0.8599916765625 0.332733578125 0.8378025609374999 0.3249205703125 0.742837921875 0.304684403125 0.7668008000000001 0.0569352046875 0.79830216875 0.066377003125 0.8885253984375 0.31437035625 0.8599916765625
0 0.32911300312499997 0.769256784375 0.3343205953125 0.85709225625 0.5942840921875 0.826818878125 0.5865931640625 0.7333380609375 0.32911300312499997 0.769256784375
0 0.6024312765625 0.7295347 0.6122393078125 0.8242093984375 0.8259510203125 0.7961532250000001 0.8240010078125 0.6988349359375 0.6024312765625 0.7295347
0 0.8168851734375 0.48965007343750006 0.82543065 0.59351765 0.856820946875 0.6069743859375001 0.9750192484375001 0.58979630625 0.979898884375 0.47004146249999995 0.9784821078125001 0.46616475468749996 0.8168851734375 0.48965007343750006
0 0.825552728125 0.5950014718750001 0.8313707109375 0.6902560531249999 0.8673614468749999 0.7105520171874999 0.9706626078125 0.6967159234375 0.9751281875 0.587122728125 0.8588159703124999 0.6066844437500001 0.825552728125 0.5950014718750001
0 0.84594626875 0.695645571875 0.852008409375 0.7938677984375 0.8714285640625 0.8090641890624999 0.9664340953125 0.80049105 0.9706973874999999 0.69586234375 0.86947855 0.7117458984375 0.84594626875 0.695645571875