0 0.2623076921875 0.284459634375 0.10076922968749999 0.2812148484375 0.0969230765625 0.360171325 0.2623076921875 0.35584494218749996 0.2623076921875 0.284459634375
0 0.435384615625 0.28878601718749997 0.42384615468750003 0.2812148484375 0.260384615625 0.2833780390625 0.2623076921875 0.35584494218749996 0.4373076921875 0.358008134375 0.435384615625 0.28878601718749997
0 0.595 0.274725275 0.4315384625 0.2758068703125 0.429615384375 0.35692653750000003 0.5988461546875 0.3515185609375 0.595 0.274725275
0 0.6180769234375 0.274725275 0.6142307703125 0.3526001546875 0.7853846156250001 0.35584494218749996 0.7873076921875 0.2779700625 0.6180769234375 0.274725275
0 0 0.35545556875 0.0834615375 0.35692653750000003 0.095 0.358008134375 0.09115384531250001 0.28554123124999997 0.052692307812500006 0.280133253125 0 0.2812148484375 0 0.35545556875
0 0.10846153750000001 0.4348014203125 0.095 0.362334515625 0.06999999999999999 0.35692653750000003 0.0026923078125 0.3612529203125 0.0007692296875 0.43047503750000005 0.0757692296875 0.43371982343750004 0.10846153750000001 0.4348014203125
0 0.10269230781250001 0.35584494218749996 0.10846153750000001 0.4250670578125 0.26423077031250003 0.4391278015625 0.26615384531249997 0.3634161109375 0.10269230781250001 0.35584494218749996
0 0.2680769234375 0.360171325 0.26423077031250003 0.43371982343750004 0.429615384375 0.43263822812499997 0.429615384375 0.360171325 0.2680769234375 0.360171325
0 0.429615384375 0.3612529203125 0.4430769234375 0.43371982343750004 0.604615384375 0.43371982343750004 0.6007692296875 0.358008134375 0.429615384375 0.3612529203125
0 0.610384615625 0.3526001546875 0.6084615375 0.429393440625 0.7719230765625 0.43263822812499997 0.7911538453125 0.358008134375 0.610384615625 0.3526001546875
0 0.095 0.4348014203125 0.0007692296875 0.429393440625 0 0.5050618671875 0.0969230765625 0.5061867265625 0.095 0.4348014203125
0 0.34500000000000003 0.4348014203125 0.10269230781250001 0.4348014203125 0.104615384375 0.5061867265625 0.34500000000000003 0.507268321875 0.34500000000000003 0.4348014203125
0 0.3526923078125 0.43263822812499997 0.3488461546875 0.507268321875 0.5969230765625 0.5159210859375001 0.6007692296875 0.429393440625 0.3526923078125 0.43263822812499997
0 0.6084615375 0.4283118453125 0.6084615375 0.5137578953124999 0.8776923078125 0.5115947046875 0.8776923078125 0.4348014203125 0.6084615375 0.4283118453125
0 0.10269230781250001 0.5061867265625 0.0007692296875 0.507268321875 0 0.583802025 0.095 0.588387990625 0.10269230781250001 0.5061867265625
0 0.2623076921875 0.5105131093749999 0.10269230781250001 0.5040235359375 0.095 0.581898415625 0.2623076921875 0.585143203125 0.2623076921875 0.5105131093749999
0 0.4276923078125 0.5083499171875 0.26615384531249997 0.50510513125 0.2680769234375 0.5764904390625001 0.4373076921875 0.5797352250000001 0.4276923078125 0.5083499171875
0 0.5969230765625 0.5115947046875 0.435384615625 0.5115947046875 0.429615384375 0.580816821875 0.6007692296875 0.585143203125 0.5969230765625 0.5115947046875
0 0.7776923078125 0.5137578953124999 0.6065384625 0.5115947046875 0.6007692296875 0.581898415625 0.779615384375 0.585143203125 0.7776923078125 0.5137578953124999
0 0.9565384625 0.5083499171875 0.7815384625 0.5094315125 0.7738461546875001 0.585143203125 0.9623076921875 0.585143203125 0.9565384625 0.5083499171875
0 0.998 0.5050618671875 0.954615384375 0.50510513125 0.9565384625 0.5775720343749999 0.998 0.57705286875 0.998 0.5050618671875
0 0.33923077031250004 0.581898415625 0.0930769234375 0.581898415625 0.095 0.64571255625 0.3469230765625 0.6511205328125 0.33923077031250004 0.581898415625
0 0.6026923078124999 0.585143203125 0.3488461546875 0.580816821875 0.3565384625 0.6500389375 0.604615384375 0.6608548937500001 0.6026923078124999 0.585143203125
0 0.09115384531250001 0.5840616078124999 0.0026923078125 0.580816821875 0 0.643419571875 0.10076922968749999 0.6489573421875 0.09115384531250001 0.5840616078124999
0 0.8680769234374999 0.5862247984375 0.610384615625 0.581898415625 0.62 0.655446915625 0.8738461546874999 0.6565285109375 0.8680769234374999 0.5862247984375
0 0.998 0.58605174375 0.8757692296874999 0.5829800125 0.8699999999999999 0.65436531875 0.998 0.6557930265625 0.998 0.58605174375
0 0.254615384375 0.6500389375 0.10269230781250001 0.6435493640625001 0.10076922968749999 0.722505840625 0.2584615375 0.7203426484375 0.254615384375 0.6500389375
0 0 0.7244094484375 0.0969230765625 0.722505840625 0.095 0.6467941500000001 0 0.643419571875 0 0.7244094484375
0 0.42000000000000004 0.652202128125 0.24500000000000002 0.64571255625 0.2565384625 0.714934671875 0.42000000000000004 0.72466903125 0.42000000000000004 0.652202128125
0 0.604615384375 0.6565285109375 0.4276923078125 0.653283725 0.42192307656250005 0.722505840625 0.6007692296875 0.7311586046875 0.604615384375 0.6565285109375
0 0.7776923078125 0.6586917015625 0.6065384625 0.655446915625 0.5988461546875 0.7268322234375 0.7776923078125 0.7344033921875 0.7776923078125 0.6586917015625
0 0.9623076921875 0.6586917015625 0.7776923078125 0.65436531875 0.7834615375 0.7268322234375 0.960384615625 0.7268322234375 0.9623076921875 0.6586917015625
0 0.998 0.6591676046875 0.9680769234375 0.6597732984375 0.9565384625 0.730077009375 0.998 0.7334083234375 0.998 0.6591676046875
0 0 0.788526434375 0.10076922968749999 0.7960543390625 0.095 0.7170978625 0 0.7199100109375001 0 0.788526434375
0 0.3373076921875 0.7214242453125 0.095 0.7181794578125 0.09884615468749999 0.7938911484375 0.3373076921875 0.800380721875 0.3373076921875 0.7214242453125
0 0.5930769234375 0.7289954140625 0.3373076921875 0.722505840625 0.3315384625 0.79821753125 0.5911538453125 0.7960543390625 0.5930769234375 0.7289954140625
0 0.8565384625 0.7344033921875 0.5988461546875 0.72791381875 0.5988461546875 0.7960543390625 0.8738461546874999 0.8101150828125 0.8565384625 0.7344033921875
0 0.998 0.7334083234375 0.8680769234374999 0.733321796875 0.8738461546874999 0.8068702953125 0.998 0.8042744656249999 0.998 0.7334083234375
0 0 0.8582677171875 0.095 0.8663580515625 0.09115384531250001 0.79497274375 0 0.788526434375 0 0.8582677171875
0 0.260384615625 0.79821753125 0.095 0.79497274375 0.0930769234375 0.8641948609375 0.260384615625 0.85878688125 0.260384615625 0.79821753125
0 0.4180769234375 0.79821753125 0.260384615625 0.797135934375 0.2584615375 0.859868478125 0.42000000000000004 0.8674396468750001 0.4180769234375 0.79821753125
0 0.5892307703124999 0.797135934375 0.42192307656250005 0.79497274375 0.4276923078125 0.8685212437500001 0.5911538453125 0.8696028374999999 0.5892307703124999 0.797135934375
0 0.760384615625 0.8025439125 0.595 0.797135934375 0.6065384625 0.870684434375 0.7565384625 0.87717400625 0.760384615625 0.8025439125
0 0.9430769234374999 0.8057886999999999 0.7719230765625 0.8025439125 0.7719230765625 0.875010815625 0.9373076921875001 0.8825819859375 0.9430769234374999 0.8057886999999999
0 0.9949999999999999 0.8025439125 0.9680769234375 0.8068702953125 0.9661538453125 0.878255603125 0.998 0.8773903265625 0.9949999999999999 0.8025439125