0 0.050991329687499996 0 0.0119132859375 0.3090124515625 0.204806403125 0.33064442656250004 0.22251767500000003 0 0.050991329687499996 0
0 0.22572867031250002 0 0.20799066093750002 0.325503325 0.5512283890624999 0.3596448015625 0.6011175203125 0.0218552765625 0.42729782656250004 0 0.22572867031250002 0
0 0.5495945734375 0.3660316875 0.9295493125000001 0.4201988671875 0.9970750515625 0.1617523421875 0.9990332593750001 0.049566746875 0.60483014375 0.0124004703125 0.5495945734375 0.3660316875
0 0.9278180484374999 0.413477259375 0.992415175 0.42871647968750004 0.9961676578124999 0.2137368890625 0.9819634031250001 0.21474006562499998 0.9278180484374999 0.413477259375
0 0 0.6832265859375 0.19513144531249998 0.6877159421875 0.2070173015625 0.3264980734375 0.0142833515625 0.3149680078125 0 0.4253189375 0 0.6832265859375
0 0.6106109359375 0.3753756203125 0.21750880156250002 0.32426695156249996 0.19247555 0.6885433296875 0.5630301546875 0.7221272859375001 0.6106109359375 0.3753756203125
0 0.5521423828125 0.727593690625 0.92195316875 0.774202459375 0.9917837031250001 0.46489350937499996 0.9924495578125001 0.42674671406250003 0.6164510937500001 0.36940713281250004 0.5521423828125 0.727593690625
0 0.9692697203125 0.6798820546875 0.991253309375 0.4952797828125 0.9917975953125 0.46409762499999996 0.950124253125 0.6623901046875 0.9692697203125 0.6798820546875
0 0 0.9461464234375001 0.1936807484375 0.9637380156249999 0.20469831093750002 0.693033815625 0 0.6885898890625 0 0.9461464234375001
0 0.5581146328125 0.7205467765625 0.2058524875 0.6975148875 0.1936807484375 0.9637380156249999 0.4858301046875 0.9970719718750001 0.522821721875 0.9968567609375001 0.5740641 0.736323621875 0.5581146328125 0.7205467765625
0 0.9229265281249999 0.7732077109375 0.5745924625 0.7320099078125 0.52176098125 0.9968629328124999 0.8881731625 0.994731209375 0.947518228125 0.8018514234375 0.9229265281249999 0.7732077109375