0 0.2126445359375 0.08675886875 0.030672656250000003 0.075185309375 0.024120984375 0.23564836875 0.23798823281249998 0.2516983734375 0.25621 0.24734339374999997 0.24254071718749998 0.0910958015625 0.2126445359375 0.08675886875
0 0.0337424578125 0 0.0308101046875 0.0718189515625 0.1907451046875 0.08297998749999999 0.2007868578125 0.0825554328125 0.19941847968749998 0 0.0337424578125 0
0 0.2611927203125 0 0.522277128125 0.016090567187499998 0.5229185515625 0.000380896875 0.51713416875 0 0.2611927203125 0
0 0.5249177390625 0.000520409375 0.52014049375 0.0193174125 0.8079776796875 0.0405293953125 0.814799928125 0.0207497875 0.5249177390625 0.000520409375
0 1 0.05783764375 0.8419180515625 0.044023234375 0.801705221875 0.046843571875000004 0.7731166703125 0.2068941078125 0.8048745921875 0.2147369125 1 0.2303335046875 1 0.05783764375
0 0.8018884859375 0.0423550953125 0.524093053125 0.0207185578125 0.512901584375 0.1966122609375 0.768889215625 0.2122256796875 0.7731624874999999 0.2057719890625 0.8018884859375 0.0423550953125
0 0.24225818437500002 0 0.2532362859375 0.17286498125 0.5109482125 0.19535062812499998 0.5242305 0.0173522 0.2434651375 0 0.24225818437500002 0
0 0.0182565515625 0.3792796375 0.21004110625 0.39603923750000003 0.26321119375 0.3704914734375 0.2582091875 0.24748290625 0.2378966015625 0.2539426109375 0.026120171874999997 0.23578788125 0.0182565515625 0.3792796375
0 0.263136271875 0.32322295 0.49885713593750003 0.3441739546875 0.5069040218749999 0.196193721875 0.2552354734375 0.17300449375 0.263136271875 0.32322295
0 0.7608008359375 0.213911865625 0.5109023968749999 0.196472746875 0.5028555109374999 0.3444529796875 0.7365771875 0.365264471875 0.742803828125 0.3600724140625 0.7608008359375 0.213911865625
0 1 0.2333062734375 0.8048745921875 0.2147369125 0.7770692312499999 0.20829525312500002 0.7727959609374999 0.21474894375 0.7627083906250001 0.21629561718749998 0.7426663796875 0.363438771875 0.9704821265625 0.3815874875 1 0.3048601140625 1 0.2333062734375
0 1 0.3093301984375 0.9744805015625 0.3818665125 1 0.3836473859375 1 0.3093301984375
0 1 0.3858980203125 0.96839130625 0.3836922140625 0.9252753640625 0.506718828125 1 0.51380478125 1 0.3858980203125
0 0.968437121875 0.3825700953125 0.7305796250000001 0.3648459328125 0.709408928125 0.4905293109375 0.9212311734374999 0.507561921875 0.968437121875 0.3825700953125
0 0.7325788125 0.364985446875 0.4988113203125 0.3452960734375 0.4914974890625 0.47532240000000003 0.7012747296875 0.4933376171875 0.7325788125 0.364985446875
0 0.27381513125 0.4545048921875 0.489589934375 0.47293864843750005 0.49690376406250003 0.342912321875 0.2630446421875 0.32546718750000003 0.27381513125 0.4545048921875
0 1 0.5141841078125 0.9211853578125 0.5086840406250001 0.8845251375000001 0.6209080015625 1 0.6310313671875 1 0.5141841078125
0 0.6807912734375 0.602189203125 0.8845709515625 0.6197858828125 0.9191861703124999 0.5085445281250001 0.7053647375 0.4913724046875 0.6807912734375 0.602189203125
0 0.4770115953125 0.5845925249999999 0.6787462703125 0.603171809375 0.7052731062500001 0.4936166421875 0.48549992656249996 0.4749038609375 0.4770115953125 0.5845925249999999
0 0.267051090625 0.571065784375 0.4729674046875 0.5854356187499999 0.4874991140625 0.4750433734375 0.2596833703125 0.45689465937499996 0.267051090625 0.571065784375
0 0.269954203125 0.45085950781250006 0.26316537812499996 0.3716135921875 0.21008692031249998 0.39491711875 0.0242082984375 0.3808202953125 0.0275943546875 0.44519963437500004 0.2455516109375 0.45928442656249996 0.269954203125 0.45085950781250006
0 0.0411887171875 0.5541787031250001 0.241061653125 0.5692521171875 0.2631901625 0.5674204015625001 0.255639178125 0.457737753125 0.24750498125 0.4605460578125 0.0275485390625 0.446321753125 0.0411887171875 0.5541787031250001
0 0.0508763375 0.66063450625 0.246934159375 0.6709404171875 0.2449683953125 0.5717753812499999 0.0291935921875 0.5533416250000001 0.0508763375 0.66063450625
0 0.2489791640625 0.6699578109375001 0.4468529125 0.6848917125 0.4528838984375 0.586284728125 0.247059215625 0.56967065625 0.2489791640625 0.6699578109375001
0 0.4507596546875 0.6874149765625 0.6408199171875 0.6973023484375 0.6567093921875 0.6027592875 0.45483726874999997 0.587546359375 0.4507596546875 0.6874149765625
0 0.6428649203125001 0.6963197421875 0.836648659375 0.7132188562499999 0.8685774515625001 0.618669778125 0.6627069546875 0.6031778250000001 0.6428649203125001 0.6963197421875
0 1 0.6308777906249999 0.8726216421874999 0.6178266859375 0.8406012203125 0.7146200015625 1 0.7257436171875 1 0.6308777906249999
0 1 0.7269732078125 0.8664532109374999 0.719800028125 0.8408426906249999 0.8069128093750001 1 0.8180195734375 1 0.7269732078125
0 0.65696325625 0.7929554984375 0.8368443156250001 0.806633784375 0.8624548359374999 0.7195210015625 0.6685336453125 0.7059882453124999 0.65696325625 0.7929554984375
0 0.6645810875 0.7045871 0.4706598984375 0.6910543453125 0.47108463437500003 0.7788586750000001 0.6508740625 0.7947811984375 0.6645810875 0.7045871
0 0.46666152343749995 0.69077531875 0.278737896875 0.6776611015625 0.27688855 0.7720586359375 0.4649496234375 0.7818064953125 0.46666152343749995 0.69077531875
0 0.27269451875 0.6783646828125 0.0808183328125 0.6638493203125 0.0891481875 0.754455940625 0.27498099374999996 0.769674884375 0.27269451875 0.6783646828125
0 0.280841109375 0.7734597812499999 0.087103184375 0.755438546875 0.10593295 0.8343994218749999 0.285951459375 0.8447113484375001 0.280841109375 0.7734597812499999
0 0.287813196875 0.84821721875 0.46183414375 0.85811060625 0.4669029953125 0.7830681265625 0.280886925 0.7723376609375 0.287813196875 0.84821721875
0 0.46574088593749996 0.860633871875 0.6378542765625 0.8681435078125 0.6487374265625 0.79800804375 0.47103881875000003 0.7799807953125 0.46574088593749996 0.860633871875
0 0.6458052109375 0.8698236781249999 0.8197345234375 0.8819613046875 0.8387976890625 0.8078954156249999 0.66087 0.7954787640625 0.6458052109375 0.8698236781249999
0 1 0.8180796390625 0.84670280625 0.81069770625 0.831454753125 0.8895310984375 0.985483825 0.89802935625 1 0.8454787250000001 1 0.8180796390625