0 0.734 0.9480000000000001 0.75 0.618 0.194 0.588 0.194 0.898 0.734 0.9480000000000001
0 0 0.9380000000000001 0.19 0.952 0.19 0.916 0.194 0.9 0.192 0.74 0 0.734 0 0.9380000000000001
0 0.19 1 0.19 0.954 0 0.9400000000000001 0 1 0.19 1
0 0.728 1 0.732 0.9480000000000001 0.198 0.9 0.19 0.9179999999999999 0.19 0.952 0.188 1 0.728 1
0 1 0.9480000000000001 0.748 0.9259999999999999 0.732 0.95 0.732 1 1 1 1 0.9480000000000001
0 1 0.54 0.746 0.53 0.75 0.614 0.74 0.9199999999999999 0.746 0.9259999999999999 1 0.9480000000000001 1 0.54
0 0.742 0.618 0.764 0.25 0.16999999999999998 0.236 0.178 0.554 0.184 0.592 0.742 0.618
0 0 0.734 0.194 0.74 0.194 0.5940000000000001 0.184 0.5940000000000001 0.178 0.558 0.178 0.526 0 0.516 0 0.734
0 0 0.516 0.178 0.526 0.16999999999999998 0.292 0 0.286 0 0.516
0 1 0.294 0.76 0.292 0.748 0.53 1 0.54 1 0.294
0 0.22599999999999998 0 0.238 0.23399999999999999 0.768 0.25 0.76 0.292 0.782 0.292 0.82 0.244 0.842 0 0.22599999999999998 0
0 0 0 0.002 0.284 0.16999999999999998 0.292 0.16999999999999998 0.238 0.24 0.23399999999999999 0.22599999999999998 0 0 0