0 0.5555555562500001 0.22916666718749998 0.5611111109375 0.46527777812500004 0.99444444375 0.4583333328125 0.99444444375 0.24305555625 0.5555555562500001 0.22916666718749998
0 0.5833333328125 0.47222222187499996 0.5888888890625 0.6736111109375 1 0.6805555562500001 0.99444444375 0.46527777812500004 0.5833333328125 0.47222222187499996
0 0.5388888890625 0.4513888890625 0.09444444375 0.46527777812500004 0.10555555624999999 0.7013888890625 0.48333333281249996 0.715277778125 0.54444444375 0.6180555562500001 0.5388888890625 0.4513888890625
0 0.5666666671875 0 0.5611111109375 0.222222221875 0.99444444375 0.23611111093749998 0.99444444375 0 0.5666666671875 0
0 0.5388888890625 0.44444444375 0.54444444375 0.2708333328125 0.4888888890625 0.222222221875 0.1 0.222222221875 0.10555555624999999 0.46527777812500004 0.5388888890625 0.44444444375
0 0.12222222187500001 0.006944443749999999 0.12222222187500001 0.215277778125 0.4888888890625 0.215277778125 0.54444444375 0.2708333328125 0.5611111109375 0.07638888906249999 0.5333333328125 0 0.12222222187500001 0.006944443749999999
0 0.09444444375 0.215277778125 0.00555555625 0.222222221875 0.00555555625 0.4513888890625 0.1 0.4513888890625 0.09444444375 0.215277778125
0 0.00555555625 0.215277778125 0.12222222187500001 0.215277778125 0.12222222187500001 0.013888889062500001 0.00555555625 0.006944443749999999 0.00555555625 0.215277778125
0 0.1 0.4583333328125 0.00555555625 0.4513888890625 0.00555555625 0.6875 0.10555555624999999 0.6875 0.1 0.4583333328125
0 0.45 0.8680555562500001 0.43333333281249997 0.722222221875 0.055555556250000006 0.6944444437499999 0.0111111109375 0.722222221875 0.027777778125000003 0.9444444437499999 0.4 0.972222221875 0.45 0.8680555562500001
0 0.49444444374999996 0.7430555562500001 0.4388888890625 0.7291666671875 0.45 0.8611111109375 0.4 0.972222221875 0.05 0.9444444437499999 0.05 0.9930555562500001 0.45555555625000005 1 0.5111111109375 0.902777778125 0.49444444374999996 0.7430555562500001
0 1 1 0.99444444375 0.875 0.5833333328125 0.8541666671874999 0.577777778125 1 1 1
0 1 0.6875 0.5833333328125 0.6736111109375 0.5666666671875 0.659722221875 0.5722222218749999 0.8541666671874999 0.9333333328125001 0.8680555562500001 0.99444444375 0.8680555562500001 1 0.6875