0 0.8075938828125 0 0.8033679421875 0.0064580328125 0.8019573531249999 0.1837411015625 0.808880940625 0.178544215625 0.9821144515625001 0.18679416875 0.9903133625 0 0.8075938828125 0
0 0.6494118703125 0 0.6325274624999999 0.1886796703125 0.7980104859375 0.19230615 0.8013779390625 0.0009486109375 0.788029575 0 0.6494118703125 0
0 0.47847375468750003 0 0.45920575937499997 0.1815145578125 0.633249596875 0.18979292187500002 0.6463497171875 0 0.47847375468750003 0
0 0.3130482078125 0 0.29182092656249997 0.17129381562499998 0.45920575937499997 0.1815145578125 0.4754737609375 0 0.3130482078125 0
0 0.1572035109375 0 0.1303013421875 0.168894240625 0.2949740375 0.172492303125 0.3118864328125 0 0.1572035109375 0
0 0.80098720625 0.1956743109375 0.7911537109375 0.3965964984375 0.969337375 0.40393208593749996 0.9845454328125 0.18687940625 0.81140011875 0.17754461562499999 0.80098720625 0.1956743109375
0 0.6165807062499999 0.39482715625 0.792333390625 0.40207750937500003 0.801885728125 0.1946178859375 0.636226315625 0.1931610828125 0.6165807062499999 0.39482715625
0 0.44433391406249995 0.38443594375 0.611806940625 0.39357184375 0.63217468125 0.1930190203125 0.46146035 0.18376946875 0.44433391406249995 0.38443594375
0 0.26912697343750003 0.38046851406250004 0.444069328125 0.387690453125 0.45920575937499997 0.1815145578125 0.2900238828125 0.173406665625 0.26912697343750003 0.38046851406250004
0 0.09635100937499999 0.37658632187499996 0.2664314046875 0.3836377875 0.290112078125 0.17232182812500002 0.1283113390625 0.1633848140625 0.09635100937499999 0.37658632187499996
0 0.7794681203125 0.6203002640624999 0.95368834375 0.6264089546875 0.9727550718750001 0.4018760640625 0.78872273125 0.3965112609375 0.7794681203125 0.6203002640624999
0 0.600402503125 0.6238130468749999 0.7772300984375 0.6278373015625001 0.78720684375 0.40516154374999996 0.6197338171875 0.3960256421875 0.600402503125 0.6238130468749999
0 0.41815063593749996 0.6065434468750001 0.6030980703125 0.6206437734375 0.616316121875 0.398081665625 0.44568998281249994 0.387747278125 0.41815063593749996 0.6065434468750001
0 0.2384345140625 0.5980661953124999 0.4155432671875 0.6086278828125 0.4383088453125 0.3885764015625 0.26364764531249996 0.3878918984375 0.2384345140625 0.5980661953124999
0 0.0578364421875 0.600437315625 0.236549275 0.6012638796875 0.26301371093750003 0.38569380937500003 0.09310970156250001 0.376472671875 0.0578364421875 0.600437315625
0 0.7722200796875 0.8593906406249999 0.959229140625 0.8681236078125 0.9732356031249999 0.6858425421875001 0.9532473671874999 0.6318331421875001 0.7824448375 0.6236684265625 0.7722200796875 0.8593906406249999
0 0.5805420171875 0.858109475 0.7671817296875 0.8613898421874999 0.7811053421875 0.6301490375000001 0.5973375875 0.6215297234375 0.5805420171875 0.858109475
0 0.3937259171875 0.8569987828125001 0.578480390625 0.863476834375 0.5973375875 0.6215297234375 0.4145565515625 0.6107691453124999 0.3937259171875 0.8569987828125001
0 0.2082327453125 0.83961553125 0.3892167359375 0.852488959375 0.41212557031249997 0.6106839078124999 0.2349286234375 0.6012070546875 0.2082327453125 0.83961553125
0 0.0246413796875 0.8288265421875 0.208320940625 0.8385306937499999 0.2325858375 0.6000369796875 0.0554054625 0.600352078125 0.0246413796875 0.8288265421875
0 1 0 0.044851307812500005 0 0.0029642046875000003 0.5095034359375 0.0049303515625 0.8474555718750001 0.0496075640625 0.9515500515624999 0.5624967765625 0.9708256921875 0.9324412875 0.9514377218750001 0.9679112859375 0.89127455 1 0.5009142015625 1 0