0 0 0.2213333328125 0.3439534875 0.22635658906249997 0.371085271875 0.20568475468749997 0.356356590625 0.002067184375 0 0.0053333328125 0 0.2213333328125
0 0.3540310078125 0.0031007765625 0.37263565781249997 0.2170542640625 0.7555813953125 0.19741602187500001 0.756356590625 0.00413436875 0.3540310078125 0.0031007765625
0 0.995891471875 0.0031007765625 0.7610077515625 0.0031007765625 0.75713178125 0.1808785515625 0.7796124046874999 0.1984496140625 0.9966666656250001 0.202583978125 0.995891471875 0.0031007765625
0 0.7478294578125 0.20981912343750003 0.7346511625 0.1994832046875 0.37263565781249997 0.2191214484375 0.3664341078125 0.2077519390625 0.34472868125 0.240826875 0.3594573640625 0.47441860468749997 0.74472868125 0.45167958593749996 0.7478294578125 0.20981912343750003
0 0 0.4853333328125 0.33620155 0.4806201546875 0.3555813953125 0.4558139546875 0.3408527140625 0.23152454687500001 0.33232558125 0.22739018125000002 0 0.2266666671875 0 0.4853333328125
0 0.9974418593750001 0.20465116249999998 0.781162790625 0.19741602187500001 0.7579069765625001 0.18191214375 0.7586821703125 0.19741602187500001 0.7408527140625 0.2005167953125 0.7517054265625001 0.20671834687500001 0.7470542640625 0.42997415937500005 0.998 0.44000000000000006 0.9974418593750001 0.20465116249999998
0 0.998 0.4373333328125 0.74937984375 0.43204134375000003 0.7478294578125 0.4506459953125 0.7013178296875 0.4558139546875 0.7044186046875 0.5984496140625 0.72379845 0.6428940562500001 0.998 0.648 0.998 0.4373333328125
0 0.3579069765625 0.47855297031250005 0.3540310078125 0.45478036250000003 0.33852713125 0.47958656250000004 0.32147286875000003 0.48372093125 0.33077519375 0.6811369515625 0.6982170546875001 0.6739018078125001 0.697441859375 0.45684754375000003 0.3579069765625 0.47855297031250005
0 0 0.6826666671875 0.32302325625 0.6904392765625 0.3160465125 0.48372093125 0 0.4853333328125 0 0.6826666671875
0 0 0.8720000000000001 0.296666665625 0.8764857890625001 0.3206976734375 0.8444444453125 0.3144961234375 0.6894056859375 0 0.6826666671875 0 0.8720000000000001
0 0.32767441875 0.6811369515625 0.3144961234375 0.692506459375 0.32999999999999996 0.9012919890625 0.6927906984375001 0.8888888875 0.685038759375 0.6780361765625 0.32767441875 0.6811369515625
0 0.7206976734375 0.6439276484375 0.7005426359375 0.597416021875 0.6989922484375 0.6739018078125001 0.688914728125 0.67906976875 0.6943410859375 0.8578811359375 0.998 0.8613333328125 0.998 0.648 0.7206976734375 0.6439276484375
0 0 0.9146666671875 0.3268992234375 0.9105943140624999 0.32379845 0.8454780375000001 0.2951162796875 0.8764857890625001 0 0.8693333328125 0 0.9146666671875
0 0.696666665625 0.8578811359375 0.6989922484375 0.91162790625 0.998 0.9119999999999999 0.998 0.8613333328125 0.696666665625 0.8578811359375