0 0.0607298171875 0.19521294843749998 0.059721567187500005 0.314594475 0.20340673125 0.3338536515625 0.34406074375 0.32337063125 0.36420732031249997 0.2326307171875 0.3411608453125 0.1991192078125 0.07942421250000001 0.15099854375 0.0607298171875 0.19521294843749998
0 0.39744301718749997 0.1729811484375 0.38774148125 0.30749517656249997 0.5156781296874999 0.355065890625 0.5471882609375001 0.3603759390625 0.550407521875 0.326038953125 0.621316265625 0.330110796875 0.62674876875 0.272167134375 0.5768482640625 0.1992011796875 0.39744301718749997 0.1729811484375
0 0.875391821875 0.5064998953125001 0.8933842375 0.36114548750000003 0.5493730796875 0.3215542390625 0.5277896531249999 0.4121015609375 0.5601176999999999 0.47076048593750003 0.875391821875 0.5064998953125001
0 0.20340673125 0.3338536515625 0.23191190781249998 0.43328774374999995 0.2902476375 0.4628372140625 0.3087539359375 0.48270199218750004 0.5322860828125 0.4572513734375 0.51260321875 0.35682676562500004 0.3930864796875 0.3125576671875 0.20340673125 0.3338536515625
0 0.2240234375 0.43983600312500004 0.1988949765625 0.33542194062499997 0.055310412499999996 0.315089734375 0.0185121296875 0.3351472359375 0.0055131171875000004 0.4737961125 0.005833728125 0.5013493109375 0.1983175578125 0.4657263609375 0.2240234375 0.43983600312500004
0 0.297068784375 0.6538916609375 0.268001521875 0.63804389375 0.271767546875 0.5668386765625 0.049888778125 0.5436177328125 0.006881853124999999 0.5914249671875 0.0102263453125 0.8788499875 0.2729965078125 0.8951309890625 0.297068784375 0.6538916609375
0 0.2359468546875 0.560950853125 0.1957456625 0.46212208906249996 0.01020369375 0.5013569343750001 0.0061423484374999995 0.5278721828124999 0.006845670312500001 0.588315521875 0.052661882812500005 0.545075946875 0.2359468546875 0.560950853125
0 0.29168449375 0.46302980624999995 0.22913880937500003 0.4318295328125 0.1983175578125 0.4657263609375 0.23317375624999997 0.559492640625 0.2755750921875 0.5727816109375 0.297689953125 0.49208415624999996 0.45470919062500004 0.5087845359375 0.45268405312500004 0.46831202968749996 0.3111246265625 0.48845232968749996 0.29168449375 0.46302980624999995
0 0.4737906703125 0.50699610625 0.6157371796875 0.529281784375 0.6201636640625 0.4820684328125 0.565965709375 0.4704578234375 0.55250260625 0.45887462343749996 0.4792515953125 0.46426746874999997 0.4737906703125 0.50699610625
0 0.6488962390624999 0.7032227046874999 0.679704384375 0.60739275 0.621685790625 0.5279060921875 0.29922740625 0.4912037171875 0.264524209375 0.64409689375 0.6488962390624999 0.7032227046874999
0 1 0.52986426875 0.8825192312500001 0.47703281249999996 0.878265521875 0.506885078125 0.620264265625 0.48099539843750005 0.6218869953125 0.5257600296875 0.6883254984375 0.6085483 0.64766059375 0.700884053125 0.6762248468750001 0.7220969671875 0.9824413390625001 0.7427149296875 1 0.555432353125 1 0.52986426875
0 0.6730493359375 0.724930878125 0.64909744375 0.7010766453125 0.3016811484375 0.65125034375 0.2917784140625 0.7879104328125 0.6447846609375001 0.8091500859374999 0.6730493359375 0.724930878125
0 0.28746785625000004 0.7873326578125 0.2707548421875 0.90352264375 0.6430153484375001 0.9056127859374999 0.6530033609375 0.8145977562500001 0.28746785625000004 0.7873326578125
0 0.9436629 0.91114229375 0.9735682515624999 0.8373562421875 0.9824413390625001 0.7427149296875 0.6734517421875 0.720638753125 0.64415039375 0.909024465625 0.9436629 0.91114229375