0 1 0 0.9359999999999999 0.002012071875 0.922 0.350100603125 1 0.350100603125 1 0
0 0.6679999999999999 0 0.658 0.3521126765625 0.922 0.350100603125 0.9339999999999999 0 0.6679999999999999 0
0 0.398 0.002012071875 0.40599999999999997 0.3521126765625 0.6559999999999999 0.350100603125 0.666 0 0.398 0.002012071875
0 0.11599999999999999 0 0.136 0.360160965625 0.404 0.35412474843749997 0.396 0 0.11599999999999999 0
0 0 0 0.002 0.3661971828125 0.132 0.36217303749999996 0.11200000000000002 0 0 0
0 1 0.3521126765625 0.6519999999999999 0.35412474843749997 0.654 0.51509054375 1 0.5090543265624999 1 0.3521126765625
0 1 0.5130784703125 0.658 0.517102615625 0.662 0.674044265625 1 0.6700201203125 1 0.5130784703125
0 0.23399999999999999 0.36217303749999996 0.242 0.527162978125 0.648 0.517102615625 0.648 0.35412474843749997 0.23399999999999999 0.36217303749999996
0 0.244 0.52917505 0.252 0.688128771875 0.6559999999999999 0.6760563375 0.648 0.5191146875 0.244 0.52917505
0 0.22599999999999998 0.360160965625 0.004 0.36820925625 0 0.537223340625 0.238 0.52917505 0.22599999999999998 0.360160965625
0 0 0.7022132796875 0.242 0.688128771875 0.24 0.5311871234375001 0 0.541247484375 0 0.7022132796875
0 1 0.6700201203125 0.8320000000000001 0.674044265625 0.834 0.8350100609375 1 0.8309859156250001 1 0.6700201203125
0 1 0.8329979875 0.8380000000000001 0.8390342046875 0.834 0.953722334375 0.8699999999999999 1 1 1 1 0.8329979875
0 0.422 0.684104628125 0.42800000000000005 0.8470824953125 0.8300000000000001 0.8329979875 0.8300000000000001 0.674044265625 0.422 0.684104628125
0 0 0.86720321875 0.414 0.8470824953125 0.41 0.6861167 0.246 0.6921529171875 0 0.7062374250000001 0 0.86720321875
0 0.51 1 0.51 0.9698189140625001 0.462 0.8450704218749999 0.034 0.8953722328125 0 0.97585513125 0 1 0.51 1
0 0.8320000000000001 0.953722334375 0.836 0.8370221328125 0.466 0.8470824953125 0.51 0.963782696875 0.8320000000000001 0.953722334375
0 0.866 1 0.8320000000000001 0.9557344062500001 0.514 0.96579476875 0.512 1 0.866 1