0 0.0633921015625 0.0444469484375 0.002927584375 0.0502646703125 0.006500134374999999 0.1116030046875 0.07825188281249999 0.10145512968749999 0.0633921015625 0.0444469484375
0 0.0633921015625 0.0444469484375 0.0770564984375 0.1026276078125 0.2597659234375 0.074937275 0.24505451875 0.0273279859375 0.0633921015625 0.0444469484375
0 0.2460819359375 0.025127204687499998 0.2652193515625 0.074360565625 0.42968163125 0.053830220312499996 0.4137748421875 0.0073934109375 0.2460819359375 0.025127204687499998
0 0.5111499703125 0 0.42126350781250005 0.01078573125 0.4307090484375 0.051629440625 0.65278785625 0.018729665625 0.6467066375 0 0.5111499703125 0
0 0.6508442546875 0 0.653983240625 0.017557187499999998 0.81842593125 0.0053974328125 0.8258444921875 0 0.6508442546875 0
0 0.9208758546875 0 0.7255300953125 0.0225437703125 0.7663077671875 0.289162240625 0.9898210390625 0.25485549218750003 0.9481910062500001 0 0.9208758546875 0
0 0.2307798921875 0.0842789828125 0.29593001874999997 0.3472739609375 0.767335184375 0.286961459375 0.720580578125 0.026205384375 0.2307798921875 0.0842789828125
0 0.2149431125 0.0807234234375 0.0065596859374999995 0.1126254703125 0.022195075 0.3810747171875 0.296957434375 0.3450731796875 0.2149431125 0.0807234234375
0 0.1982079671875 0.6065716390625 0.132663121875 0.36663182656250004 0.0221952921875 0.38107844062499996 0.0306478859375 0.5262038875 0.047204428124999996 0.627561615625 0.1982079671875 0.6065716390625
0 0.136921165625 0.367227596875 0.20041117968750002 0.6115689703125 0.35568549531250004 0.5857338765625 0.298824703125 0.3480139078125 0.136921165625 0.367227596875
0 0.5227065203125 0.563886878125 0.4774244671875 0.3291266953125 0.29916064531250003 0.3500705125 0.355349553125 0.583677275 0.510604278125 0.566212775 0.5227065203125 0.563886878125
0 0.486967965625 0.3281174546875 0.53566820625 0.5583318984375001 0.7048924421875 0.541482228125 0.6683140359374999 0.3005713 0.486967965625 0.3281174546875
0 0.6683140359374999 0.3005713 0.715631328125 0.5393005093750001 0.88349220625 0.5225950171875 0.8503319875 0.27713834843749996 0.6683140359374999 0.3005713
0 1 0.3171702171875 0.9898210390625 0.25485549218750003 0.8503319875 0.27713834843749996 0.8875822765624999 0.522162484375 1 0.5101511203125 1 0.3171702171875
0 1 0.5087900515625 0.7594267218749999 0.535715140625 0.8001343828125 0.759452359375 1 0.7389412203125 1 0.5087900515625
0 0.3081359703125 0.59180838125 0.368958046875 0.8113263390625001 0.79398948125 0.7642864515625 0.75670000625 0.5360034953125 0.3081359703125 0.59180838125
0 0.08154601875 0.8377978796875001 0.354820565625 0.8096832046875001 0.31631611249999997 0.5909433187500001 0.048422215625 0.635016803125 0.08154601875 0.8377978796875001
0 1 0.7421286625 0.85330530625 0.7538294484375 0.8766728109375 0.8883927796875 0.9323339296875 0.96169363125 1 0.9545378359375001 1 0.7421286625
0 0.88364920625 0.965063809375 0.8454611046875 0.7567511140625001 0.6932690375 0.775983865625 0.7283944859375 0.982528309375 0.8315136828125 0.972355534375 0.88364920625 0.965063809375
0 0.5368189265625001 0.7946208453125 0.58115193125 0.998099446875 0.729757840625 0.9823841328125 0.6864522515625 0.7767047515625001 0.5368189265625001 0.7946208453125
0 0.5605812453125 1 0.579788575 0.9982436234375 0.53545556875 0.794765021875 0.38684965937500004 0.8104803359374999 0.4308754828125 1 0.5605812453125 1
0 0.428041246875 1 0.38565427343750003 0.811652815625 0.25103746562499996 0.81961236875 0.292754003125 1 0.428041246875 1
0 0.2886874953125 1 0.25001005 0.8218131515625 0.09169266875 0.8375094015625001 0.13642651249999999 1 0.2886874953125 1