0 0.9403913875000001 0.307107490625 0.9823220359375 0.310781571875 0.9918182249999999 0.1625956109375 0.966360228125 0.16291092812500002 0.9403913875000001 0.307107490625
0 0.9029657156249999 0.4319911703125 0.9736114921875 0.44670773124999996 0.9820907046875 0.3143914484375 0.9358674078125 0.3067110875 0.9029657156249999 0.4319911703125
0 0.8961503515624999 0.5687115140625 0.9645388359375 0.5701266546875 0.967119509375 0.5480137265625 0.973571465625 0.44733234531250005 0.9200040828124999 0.4426386203125 0.8961503515624999 0.5687115140625
0 0.9529057328125001 0.669806846875 0.9645388359375 0.5701266546875 0.8956215750000001 0.57324243125 0.873354178125 0.6857225687499999 0.9180652046875 0.694217525 0.9529057328125001 0.669806846875
0 0.8905688171874999 0.5773769453125001 0.802498078125 0.5879689406249999 0.7775867937500001 0.7231036671875 0.8728254 0.6902534859375 0.8905688171874999 0.5773769453125001
0 0.802498078125 0.5879689406249999 0.8956215750000001 0.57324243125 0.920532859375 0.438107703125 0.8234141609375 0.4479068921875 0.8091371687500001 0.570241675 0.802498078125 0.5879689406249999
0 0.931343425 0.30631468281249996 0.8584309625 0.3045031375 0.82846691875 0.443772378125 0.8979129578125 0.43612568281249997 0.931343425 0.30631468281249996
0 0.966360228125 0.16291092812500002 0.932812271875 0.13708510625 0.8849285796874999 0.1557756578125 0.8584309625 0.3045031375 0.9409201640625 0.3025765734375 0.966360228125 0.16291092812500002
0 0.6337007859375 0.1154533640625 0.61066959375 0.2736390859375 0.7458602296875 0.2900621203125 0.8589597390625 0.29997222031250004 0.8870436906249999 0.1376519859375 0.78058326875 0.1100146203125 0.6337007859375 0.1154533640625
0 0.7071419859375 0.46518230000000005 0.731759509375 0.29340382656249997 0.5587907000000001 0.2874023140625 0.533644396875 0.463711703125 0.5687786859374999 0.47594477187499995 0.7071419859375 0.46518230000000005
0 0.731759509375 0.29340382656249997 0.7076707625 0.4606513828125 0.82235660625 0.456968728125 0.8584309625 0.3045031375 0.731759509375 0.29340382656249997
0 0.670538853125 0.6221788078125 0.6930412671874999 0.46852400625 0.5320580640625 0.47730445781249997 0.5034453375 0.6441556109375 0.5431036046875 0.65678508125 0.670538853125 0.6221788078125
0 0.697565246875 0.4689204109375 0.6710676296875 0.617647890625 0.7979740984375 0.5875725375 0.817832625 0.4565723234375 0.697565246875 0.4689204109375
0 0.6795868125 0.622971615625 0.66824746875 0.75929555625 0.7775867937500001 0.7231036671875 0.797445321875 0.5921034546875 0.6795868125 0.622971615625
0 0.4939860859375 0.8035305421875 0.649387753125 0.8034155234375 0.6764141484375 0.6501571234375 0.651385375 0.629655028125 0.542574828125 0.6613159984375 0.5069117624999999 0.6536138484375 0.4939860859375 0.8035305421875
0 0.2779513234375 0.8532597281250001 0.31549448281250003 0.8840128703125 0.4923997546875 0.8171232953124999 0.5063829859375 0.658144765625 0.33317915625 0.693317915625 0.30256885 0.6814812531250001 0.2779513234375 0.8532597281250001
0 0.5325868421875 0.472773540625 0.5547954953125 0.2824749921875 0.328067696875 0.2671857125 0.3117343390625 0.485462575 0.3473974046875 0.493164725 0.5325868421875 0.472773540625
0 0.5029165609375 0.6486865265625 0.5230101046875 0.47651165000000006 0.328243928125 0.50064094375 0.30762160625 0.677346740625 0.3427558953125 0.68957980625 0.5029165609375 0.6486865265625
0 0.3828842390625 0.267411640625 0.5688962156249999 0.27913328593750003 0.5932199796875001 0.070711065625 0.3973375046875 0.026083784375000002 0.3414634078125 0.034919689062499995 0.3235437171875 0.2667893078125 0.3828842390625 0.267411640625
0 0 0.2475939953125 0.0781912171875 0.2544453296875 0.3235437171875 0.2667893078125 0.3379969828125 0.025461451562499997 0.2740931953125 0.0095715453125 0.0255177171875 0.0008910984375 0 0.2195439109375 0 0.2475939953125
0 0.3112055609375 0.48999349375 0.3235437171875 0.2667893078125 0.0324226359375 0.2550122078125 0.0315413125 0.49752927812500003 0.0791899875 0.5200133921875 0.3112055609375 0.48999349375
0 0.023198359374999998 0.725660784375 0.068731925 0.7662685687499999 0.3004537390625 0.6996049265625001 0.318667190625 0.5043790546875 0.2971048421875 0.49333520000000003 0.0791899875 0.5200133921875 0.039531720312500004 0.5073839203125 0.023198359374999998 0.725660784375
0 0 0.5358719359374999 0.03688783125 0.530038509375 0.032951414062500003 0.25048129218750004 0 0.2475939953125 0 0.5358719359374999
0 0 0.792836978125 0.0157954765625 0.789093634375 0.0318350734375 0.5341730234375001 0 0.5376783796875 0 0.792836978125
0 0.2843553984375 0.876707125 0.2779513234375 0.8532597281250001 0.290877 0.7033430359375 0.07325590625 0.7666649750000001 0.02296334375 0.7668354484375 0.039355403125 0.9788253046875001 0.2843553984375 0.876707125