0 0.11373839687500001 0 0.09512336406250001 0.08744168906250001 0.27216999531249997 0.1296339890625 0.2680064484375 0 0.11373839687500001 0
0 0.2680064484375 0 0.27216999531249997 0.1296339890625 0.52212904375 0.1757471671875 0.6559609 0.20091337031249998 0.6758516218749999 0.0778309671875 0.55984429375 0 0.2680064484375 0
0 0.0668575984375 0.2623482625 0.375642328125 0.3426628109375 0.40495497187499996 0.1612782140625 0.09512336406250001 0.08744168906250001 0.0668575984375 0.2623482625
0 0.65891694375 0.41017048906250003 0.6882295859374999 0.22878589531250001 0.6559609 0.20091337031249998 0.40495497187499996 0.1612782140625 0.3745954484375 0.3491408296875 0.65891694375 0.41017048906250003
0 1 0.28048237187499997 0.6981288 0.2244174875 0.667769275 0.4122801046875 1 0.508809446875 1 0.28048237187499997
0 0.0668575984375 0.2623482625 0.0438262359375 0.4048647296875 0.2099267796875 0.4579034578125 0.234005021875 0.30890896875 0.07570993125 0.264457878125 0.0668575984375 0.2623482625
0 0.4719710984375 0.37234659375 0.22515268906250002 0.306799353125 0.218779109375 0.4600130734375 0.43694676250000003 0.5321875109375 0.4719710984375 0.37234659375
0 0.772950375 0.4440735046875 0.4719710984375 0.37234659375 0.43694676250000003 0.5321875109375 0.735832278125 0.6168704625 0.772950375 0.4440735046875
0 1 0.509046840625 0.772950375 0.4440735046875 0.735832278125 0.6168704625 1 0.6982739546875 1 0.509046840625
0 0.349470325 0.504613340625 0.0438262359375 0.4048647296875 0.038373203125 0.43860771718749997 0.04869260625 0.556559034375 0.3175866296875 0.6450201921875001 0.349470325 0.504613340625
0 0.594194971875 0.5831166234375 0.349470325 0.504613340625 0.31653975 0.6514982140625001 0.5789690609375 0.734220728125 0.594194971875 0.5831166234375
0 1 0.692877625 0.5931480921875 0.5895946453125 0.5789690609375 0.734220728125 0.9877004906250001 0.8787187812499999 1 0.8209434421875 1 0.692877625
0 0.24781485781249998 0.6216652500000001 0.0486881640625 0.5565082640625 0.060974346874999995 0.69693996875 0.22687725625000002 0.7512256765624999 0.24781485781249998 0.6216652500000001
0 0.4649356296875 0.7003177109375 0.24781485781249998 0.6216652500000001 0.22687725625000002 0.7512256765624999 0.4439980265625 0.8298781343750001 0.4649356296875 0.7003177109375
0 0.7263180593749999 0.7895182468749999 0.4649356296875 0.7003177109375 0.4351456953125 0.8277685218749999 0.693387484375 0.9364031203125001 0.7263180593749999 0.7895182468749999
0 0.7252711796875 0.7959962671875 0.693387484375 0.9364031203125001 0.8474750921875 0.995578528125 0.978131478125 0.9948183921875 0.9955059421874999 0.8873064171875 0.7252711796875 0.7959962671875
0 0.32215914218749997 0.7873874828125 0.0610595921875 0.69791433125 0.0718371796875 0.8211027281250001 0.2913223296875 0.9213163156249999 0.32215914218749997 0.7873874828125
0 0.3310114734375 0.7894970984375 0.2824699984375 0.9192066999999999 0.3678526734375 0.9597369125 0.526096384375 0.9974482546875001 0.5272820031250001 0.9974413578125001 0.56374315 0.8853248312499999 0.3310114734375 0.7894970984375
0 0.52730529375 0.9974412218750001 0.8494863968749999 0.9955668265625001 0.57259548125 0.887434446875 0.52730529375 0.9974412218750001
0 0.07186894687499999 0.8214658281249999 0.07792115 0.8906428140625 0.3767050046875 0.9618465281249999 0.07186894687499999 0.8214658281249999