0 0.0944273359375 0 0.0748809859375 0.07947086406250001 0.27099497499999997 0.1074873859375 0.2922799078125 0 0.0944273359375 0
0 0.2283907671875 0.28070609687500003 0.26323309687499996 0.11428426093749999 0.25934432812499997 0.10533398125 0.0748809859375 0.07947086406250001 0.0045194921875 0.3655441875 0.0226409796875 0.36614977031249996 0.046519937500000004 0.26080983281250003 0.06268921250000001 0.24459155781250003 0.2283907671875 0.28070609687500003
0 0 0.8698157828124999 0.222962125 0.905297775 0.3675634390625 0.32563645 0.37144176875 0.31812177343750003 0.36496570781250004 0.31143711875 0.0646309859375 0.2449504578125 0.045874420312500004 0.26343435937500004 0 0.4525912359375 0 0.8698157828124999
0 0.3102745984375 0 0.282005321875 0.120497796875 0.56032456875 0.169196115625 0.60193939375 0 0.3102745984375 0
0 0.36496570781250004 0.31143711875 0.37662157500000004 0.3218230046875 0.5235456843749999 0.3434915265625 0.56032456875 0.169196115625 0.2794180296875 0.122763421875 0.24198318749999997 0.283218403125 0.36496570781250004 0.31143711875
0 0.5330004984375 0.9653464609375 0.6808398453125 0.3890274671875 0.673713046875 0.3767348578125 0.5235456843749999 0.3434915265625 0.37403428125 0.32408862968749996 0.22490389687499998 0.9056566765625 0.5330004984375 0.9653464609375
0 0.6080295390625 0 0.5616312640625 0.1886444984375 0.829596121875 0.2381728359375 0.8786607312499999 0.0469413484375 0.637962678125 0 0.6080295390625 0
0 0.8334848906250001 0.2471231171875 0.56421855625 0.186378875 0.524841940625 0.3464749546875 0.798637340625 0.40531247343750004 0.8334848906250001 0.2471231171875
0 0.9811693484375 0.44728164843749996 0.9695134812499999 0.4368957625 0.6944270453125 0.38330729531249996 0.6788980703124999 0.388668565625 0.536884046875 0.9660642625 0.62557059375 0.9807816640624999 0.8382725578124999 0.9745926687500001 0.9792327921874999 0.45515522500000005 0.9811693484375 0.44728164843749996
0 0.8347811453125 0.2501065453125 0.799282859375 0.4026879484375 0.9688627437499999 0.4312878109375 0.9832960484375001 0.449241578125 0.9893519859375 0.2758221890625 0.8490138640625 0.24176184687500002 0.8347811453125 0.2501065453125
0 0.8328341515625001 0.241515165625 0.8418922859375 0.23770171874999999 0.989444359375 0.2731769546875 0.9966361593749999 0.0672307484375 0.8825442796875 0.04765915 0.8328341515625001 0.241515165625
0 0 0.910732603125 0.4125271125 0.9869805968750001 0.430941671875 0.9864447875 0.426853646875 0.951214859375 0.4184358140625 0.9441713015625 0.22490389687499998 0.9056566765625 0 0.8640873593749999 0 0.910732603125