0 0 0.23189597343749999 0.137922984375 0.23620000000000002 0.1587210046875 0.004618309375 0.008851399999999999 0.00025755 0 0.0895441421875 0 0.23189597343749999
0 0.361730228125 0.238936546875 0.3827185015625 0.0111359703125 0.159309975 0.004635446875 0.1380896453125 0.236542421875 0.361730228125 0.238936546875
0 0.59144285625 0.261023603125 0.6151188624999999 0.020173382812499998 0.4735961859375 0.0137802421875 0.3833262328125 0.0111536546875 0.36230708125 0.2533535078125 0.59144285625 0.261023603125
0 0.6162179015625 0.0212285765625 0.5912147875 0.267371375 0.81882376875 0.2803247390625 0.84458950625 0.030536312500000003 0.6162179015625 0.0212285765625
0 0.8203804937499999 0.2706923796875 0.979162996875 0.2843608546875 0.999289315625 0.0378032765625 0.8444574156250001 0.031868765625 0.8203804937499999 0.2706923796875
0 0.7943567546875 0.531177665625 0.800487115625 0.5401644265625001 0.9547488906250001 0.554383590625 0.9681836781250001 0.41886304843750005 0.9788876953125 0.287733428125 0.8235800843750001 0.27686528906249996 0.7943567546875 0.531177665625
0 0.7881097625 0.543603246875 0.8179589843749999 0.28095372812499997 0.5908484406250001 0.26701964375 0.5649913640625 0.5278473531250001 0.7881097625 0.543603246875
0 0.34233838125 0.51144385 0.557702103125 0.526503578125 0.56561725625 0.5195102109375 0.5914098328125 0.26135671875 0.361675003125 0.2536586953125 0.33737774374999996 0.5088700234375 0.34233838125 0.51144385
0 0.1238111828125 0.49389407500000004 0.332814928125 0.5043068265625 0.3376388359375 0.5021891390625 0.3631280203125 0.2390017109375 0.1498380140625 0.237424765625 0.1458819828125 0.242929440625 0.1238111828125 0.49389407500000004
0 0 0.48586122343750004 0.120614684375 0.49173714375 0.1237405 0.4885363359375 0.14248270624999998 0.23674721875000002 0 0.2322419421875 0 0.48586122343750004
0 0 0.7315862484375 0.10103762187500001 0.7398061578124999 0.12161310624999999 0.4917836875 0 0.4863677109375 0 0.7315862484375
0 0.10133946875 0.7428321062500001 0.305822696875 0.7603964765625 0.31503348125 0.750451634375 0.3377110671875 0.50955486875 0.33743915156250004 0.5021798296875 0.332415559375 0.5042882078125001 0.12267912343750001 0.49317199531250006 0.10133946875 0.7428321062500001
0 0.3371780578125 0.5088607140625 0.315111896875 0.7658493187500001 0.533670571875 0.781057990625 0.5392823953125 0.7649216203125 0.5651250015625 0.5285228890625 0.5658499640625 0.5191864078124999 0.5579017875 0.5265128875 0.3423714046875 0.5111107374999999 0.3371780578125 0.5088607140625
0 0.5395826953125 0.765939578125 0.5408937875000001 0.783067990625 0.7603848390625 0.7989894343749999 0.7920389546875 0.5464636406250001 0.7891711390625 0.5389675859375 0.7883094453124999 0.54361255625 0.5651910484375 0.5278566625 0.5395826953125 0.765939578125
0 0.7910973 0.5337029390625 0.79250436875 0.545816034375 0.7604508859375 0.798323209375 0.7638816390625001 0.802164325 0.928990884375 0.8142119609374999 0.9547488906250001 0.554383590625 0.8002544078125 0.54048823125 0.7942561390625 0.5301690171875 0.7910973 0.5337029390625
0 0.9105728421875 1 0.928990884375 0.8142119609374999 0.7645137156249999 0.8018591390625 0.76045243125 0.8003311984374999 0.7330186578125 1 0.9105728421875 1
0 0.732964434375 1 0.7602512015625 0.7983139 0.5408937875000001 0.783067990625 0.5357319171875 0.7784768640624999 0.510852471875 1 0.732964434375 1
0 0.51153521875 1 0.5358985796875 0.7788192890625 0.31547824375 0.7662010484375 0.2926928203125 1 0.51153521875 1
0 0.2926779046875 1 0.3161985671875 0.7508406015625 0.305789675 0.760729590625 0.1009401 0.7428134875 0.0835518390625 0.9809449578124999 0.24840693906250003 1 0.2926779046875 1
0 0 0.9686193125000001 0.083317584375 0.9792607734375001 0.10127033125 0.7394823546875 0 0.7314551375 0 0.9686193125000001
0 0 0.9917746171875 0.08249819375 0.9956205609375001 0.08368393125 0.97961250625 0 0.9687491406250001 0 0.9917746171875
0 0.24678750625 1 0.083784546875 0.980621153125 0.08249819375 0.9956205609375001 0.176440234375 1 0.24678750625 1