0 0.18 0.26236881562500003 0.196 0.26236881562500003 0.184 0.23988005937499998 0.182 0.1334332828125 0.002 0.1319340328125 0 0.2458770609375 0.16799999999999998 0.2503748125 0.18 0.26236881562500003
0 0.398 0.136431784375 0.184 0.1304347828125 0.19 0.260869565625 0.38 0.26836581718749997 0.384 0.2563718140625 0.394 0.2548725640625 0.398 0.136431784375
0 0.394 0.2503748125 0.604 0.2563718140625 0.61 0.134932534375 0.392 0.134932534375 0.394 0.2503748125
0 0.8240000000000001 0.260869565625 0.8300000000000001 0.2518740625 0.8320000000000001 0.137931034375 0.624 0.139430284375 0.608 0.2563718140625 0.602 0.2788605703125 0.612 0.2803598203125 0.624 0.2563718140625 0.8240000000000001 0.260869565625
0 1 0.1469265375 0.8300000000000001 0.1454272859375 0.8300000000000001 0.25787106406250004 1 0.25787106406250004 1 0.1469265375
0 0 0.35982009062500003 0.16599999999999998 0.362818590625 0.178 0.263868065625 0.16999999999999998 0.2473763125 0 0.2458770609375 0 0.35982009062500003
0 0.18 0.260869565625 0.162 0.3658170921875 0.16599999999999998 0.37331334374999997 0.378 0.37781109375 0.384 0.2668665671875 0.18 0.260869565625
0 0.38 0.3703148421875 0.592 0.37331334374999997 0.596 0.2563718140625 0.386 0.2518740625 0.38 0.3703148421875
0 0.624 0.25787106406250004 0.606 0.37781109375 0.626 0.3673163421875 0.8320000000000001 0.3703148421875 0.836 0.26236881562500003 0.624 0.25787106406250004
0 1 0.2563718140625 0.8320000000000001 0.2563718140625 0.842 0.37631184375000004 1 0.37781109375 1 0.2563718140625
0 0.16599999999999998 0.362818590625 0 0.35982009062500003 0.002 0.47676161875 0.16 0.4797601203125 0.16599999999999998 0.362818590625
0 0.38 0.37631184375000004 0.16599999999999998 0.37331334374999997 0.156 0.47376311875 0.16599999999999998 0.4917541234375 0.378 0.497751125 0.38 0.48425787031249995 0.376 0.4812593703125 0.38 0.37631184375000004
0 0.5860000000000001 0.3703148421875 0.378 0.3688155921875 0.378 0.48725637187500004 0.588 0.49325337343750003 0.592 0.4797601203125 0.606 0.37481259375 0.5860000000000001 0.3703148421875
0 0.626 0.3673163421875 0.606 0.3793103453125 0.602 0.49325337343750003 0.614 0.48725637187500004 0.828 0.497751125 0.834 0.37331334374999997 0.626 0.3673163421875
0 1 0.3793103453125 0.834 0.37481259375 0.826 0.4962518734375 1 0.499250375 1 0.3793103453125
0 0 0.47526236875 0.002 0.589205396875 0.152 0.5982008999999999 0.16399999999999998 0.48725637187500004 0.156 0.47376311875 0 0.47526236875
0 0.374 0.60269865 0.38 0.499250375 0.162 0.49025487187500005 0.148 0.60269865 0.372 0.6176911546875 0.374 0.60269865
0 0.374 0.6071964015625 0.592 0.610194903125 0.61 0.49475262343750004 0.382 0.48575712187500003 0.374 0.6071964015625
0 0.602 0.6041979015625001 0.828 0.6161919046875 0.8300000000000001 0.49325337343750003 0.608 0.48875562187500005 0.602 0.6041979015625001
0 1 0.500749625 0.8300000000000001 0.4962518734375 0.8300000000000001 0.6191904046875 1 0.62668665625 1 0.500749625
0 0.002 0.715142428125 0.132 0.7181409296875 0.148 0.60269865 0.002 0.587706146875 0.002 0.715142428125
0 0.152 0.6071964015625 0.13799999999999998 0.7301349328125 0.354 0.736131934375 0.366 0.7196401796874999 0.368 0.6191904046875 0.152 0.6071964015625
0 0.374 0.6071964015625 0.37 0.72713643125 0.58 0.7331334328125 0.588 0.72413793125 0.592 0.610194903125 0.374 0.6071964015625
0 0.588 0.7301349328125 0.8119999999999999 0.739130434375 0.82 0.614692653125 0.596 0.6071964015625 0.588 0.7301349328125
0 1 0.62668665625 0.82 0.62218890625 0.8140000000000001 0.7436281859375 1 0.7451274359375 1 0.62668665625
0 0 0.839580209375 0.126 0.839580209375 0.13 0.8335832078125 0.142 0.7301349328125 0.132 0.7181409296875 0 0.713643178125 0 0.839580209375
0 0.354 0.737631184375 0.13999999999999999 0.7286356828125 0.132 0.8560719640625001 0.344 0.862068965625 0.364 0.8305847078124999 0.366 0.7181409296875 0.354 0.737631184375
0 0.592 0.7301349328125 0.37 0.72413793125 0.364 0.8425787109374999 0.364 0.8560719640625001 0.378 0.8605697156250001 0.588 0.8590704640625001 0.592 0.7301349328125
0 0.592 0.7316341828125 0.592 0.8590704640625001 0.8099999999999999 0.8695652171875 0.826 0.7511244375 0.8140000000000001 0.739130434375 0.592 0.7316341828125
0 1 0.7466266859374999 0.828 0.7436281859375 0.828 0.7496251875 0.8119999999999999 0.8500749624999999 0.834 0.8710644671875001 1 0.8785607203125 1 0.7466266859374999
0 0.002 0.8380809593749999 0 0.962518740625 0.11599999999999999 0.9670164921875 0.124 0.8560719640625001 0.128 0.8380809593749999 0.002 0.8380809593749999
0 0.122 0.8560719640625001 0.12 0.9790104953125001 0.33399999999999996 0.9835082453125 0.354 0.9550224890625 0.356 0.8560719640625001 0.122 0.8560719640625001
0 0.358 0.988005996875 0.5820000000000001 0.9865067468750001 0.58 0.8590704640625001 0.356 0.8575712140625 0.358 0.988005996875
0 0.5820000000000001 0.9895052468750001 0.808 0.9955022484375 0.8119999999999999 0.8680659671875001 0.588 0.8605697156250001 0.5820000000000001 0.9895052468750001
0 1 0.8785607203125 0.834 0.87256371875 0.8119999999999999 0.8485757125 0.8119999999999999 0.8680659671875001 0.8119999999999999 0.9940029984375001 0.998 0.99850075 1 0.8785607203125