0 0.6492011140625 0.3163318375 0.6592026859375 0.30820627031250003 0.783651009375 0.2874596171875 0.753083009375 0.18156106249999998 0.62783924375 0.1993558046875 0.620565190625 0.21006299374999998 0.6492011140625 0.3163318375
0 0.6492011140625 0.3163318375 0.6584052296875 0.3580288984375 0.75500904375 0.33951439375 0.7855790578125 0.3926384078125 0.7860333078124999 0.4018644359375 0.8150144515625 0.3963100828125 0.786378528125 0.2900412390625 0.6492011140625 0.3163318375
0 0.6170341734375 0.41562761875 0.602829271875 0.3779933390625 0.6584052296875 0.3580288984375 0.64954230625 0.31005772187499997 0.4988403578125 0.33894035 0.4912251125 0.355921653125 0.5186113437500001 0.4500125578125 0.6032815078125 0.43999390624999996 0.6020318140625001 0.4278159671875 0.6170341734375 0.41562761875
0 0.4844113515625 0.2175312484375 0.46940899218750004 0.22971959375 0.494180765625 0.3367290203125 0.6448827109375 0.307846390625 0.620565190625 0.21006299374999998 0.60806423125 0.19383268125 0.4844113515625 0.2175312484375
0 0.5272642609375 0.044787129687499996 0.5266969515625 0.0200609609375 0.5051236078125 0.0117568828125 0.48506669531249996 0.011290053125000001 0.49248689062500006 0.051452353125 0.5272642609375 0.044787129687499996
0 0.40702128281250005 0.058519089062499995 0.4932823328125 0.054404265625 0.4851052125 0.0112909484375 0.44744788125 0.010414465625 0.398612609375 0.019773940625 0.40702128281250005 0.058519089062499995
0 0.6181708078125 0.4123054171875 0.6028272578125 0.43076788125 0.6036227000000001 0.4337197921875 0.6287356625 0.5344551 0.6562389796875 0.538497065625 0.811941715625 0.50555165625 0.7860333078124999 0.4018644359375 0.784783615625 0.3896864953125 0.7542136015625001 0.3365624828125 0.6595418640624999 0.354706696875 0.6016926375 0.38131554218749997 0.6181708078125 0.4123054171875
0 0.54451975 0.5536997765625 0.63146318125 0.5370367234375 0.6052135843750001 0.43962361562499996 0.5174747109375 0.453334759375 0.54451975 0.5536997765625
0 0.811941715625 0.50555165625 0.8439915687499999 0.4963048109375 0.816946528125 0.3959397921875 0.787965384375 0.4014941453125 0.811941715625 0.50555165625
0 0.71420126875 0.5273883625 0.7455647125 0.636238828125 0.7801139515625 0.6513478625 0.9134272125 0.6257978453125 0.8838827859375 0.5010769484375001 0.8447870109375 0.49925672343749994 0.71420126875 0.5273883625
0 0.7831826609375 0.6476553703125 0.7455647125 0.636238828125 0.749883115625 0.644724275 0.7812465578125 0.753574740625 0.93706235 0.7361294703125 0.9084264265625001 0.629860628125 0.7831826609375 0.6476553703125
0 0.749883115625 0.644724275 0.744882328125 0.6487870578125 0.5811100984375 0.6894877421875 0.61679194375 0.8068236546875 0.7856780203125 0.7775603296875 0.749883115625 0.644724275
0 0.558948759375 0.67510888125 0.5717909078125001 0.6850650796875 0.744882328125 0.6487870578125 0.713064634375 0.5307105671875 0.657034425 0.5414489796875 0.6287356625 0.5344551 0.5367914453125 0.5551809375000001 0.534518178125 0.56182534375 0.558948759375 0.67510888125
0 0.802039103125 0.8985991421874999 0.7702214109375001 0.78052265 0.615655309375 0.8101458593749999 0.60008765625 0.744833496875 0.579404140625 0.7208583156249999 0.630425509375 0.9252808453125001 0.802039103125 0.8985991421874999
0 0.820564425 0.891944328125 0.9688800453124999 0.8542059640625 0.9389944265624999 0.7357591796875 0.782042 0.756526653125 0.7856780203125 0.7775603296875 0.7702214109375001 0.78052265 0.7948801234375 0.8720319328125001 0.820564425 0.891944328125
0 0.432568359375 0.696225825 0.48199884531250003 0.8947445296875 0.5800804828125 0.8666337078125 0.5250819015625 0.6474516171875 0.524512578125 0.6754999875000001 0.432568359375 0.696225825
0 0.46667140468749996 0.49101067187499997 0.32676647187499996 0.5147196484375 0.378470225 0.7065939484375 0.52337594375 0.678822190625 0.5223543828125 0.6448699953125 0.488491553125 0.51166365 0.46667140468749996 0.49101067187499997
0 0.376075840625 0.9088363718749999 0.47768044062500004 0.8862590828125001 0.4306362828125 0.696596115625 0.32903168437499997 0.7191734046875 0.376075840625 0.9088363718749999
0 0.22798835468749998 0.9248004796875 0.37687128593749997 0.9117882843749999 0.3286904921875 0.72544751875 0.1845802171875 0.7561711890625 0.22798835468749998 0.9248004796875
0 0.32597102968749997 0.5117677359374999 0.22322979843750002 0.5376672265625 0.27686562656249997 0.7291712375 0.3309637609375 0.7188031140625 0.37574270625 0.7040123265625 0.32597102968749997 0.5117677359374999
0 0.1733289515625 0.7521188140625 0.2757289921875 0.7324934390625 0.224025240625 0.5406191390624999 0.1216251984375 0.5602445140625 0.1733289515625 0.7521188140625
0 0.2622125140625 0.523987309375 0.21289508906250001 0.3409687453125 0.06526185 0.36615888124999996 0.119693121875 0.5606148046875 0.22322979843750002 0.5376672265625 0.2622125140625 0.523987309375
0 0.302907228125 0.32061320000000004 0.21289508906250001 0.3409687453125 0.2649400328125 0.52656893125 0.368135515625 0.50989546875 0.3152951296875 0.32134337031250004 0.302907228125 0.32061320000000004
0 0.36540799687500003 0.5073138453125 0.5157687531249999 0.4847053328125 0.4675879625 0.29836456718750004 0.3152951296875 0.32134337031250004 0.36540799687500003 0.5073138453125
0 0.46679252031249996 0.2954126546875 0.44111023125 0.22272571718749998 0.30040985781249996 0.2434827796875 0.3249555109375 0.3194919203125 0.46679252031249996 0.2954126546875
0 0.16812218437499998 0.1974359140625 0.20516678281249998 0.34244990625 0.300975153125 0.32098348906249996 0.2726804203125 0.20844053125 0.252792346875 0.1874172625 0.16812218437499998 0.1974359140625
0 0.16698554999999998 0.200758115625 0.1186856578125 0.157240828125 0.017422251562499998 0.1735440015625 0.06833056093749999 0.3624663890625 0.20516678281249998 0.34244990625 0.16698554999999998 0.200758115625
0 0.2519969046875 0.1844653515625 0.260974903125 0.1951621296875 0.300411871875 0.190708240625 0.2671163515625 0.082228065625 0.18210499687499998 0.0985208296875 0.2086957859375 0.189659821875 0.2519969046875 0.1844653515625
0 0.31484691875 0.1537937234375 0.376673359375 0.141944440625 0.355991859375 0.0651947203125 0.270980503125 0.081487484375 0.30745779375 0.20177530937500002 0.3259831125 0.1951204953125 0.31484691875 0.1537937234375
0 0.330079425 0.06705657968749999 0.3201929265625 0.037907746874999995 0.21506536718749997 0.0549514984375 0.22654275 0.09000415625 0.330079425 0.06705657968749999
0 0.39326459062499997 0.18843445625 0.4044007828125 0.2297612296875 0.4333819265625 0.224206878125 0.40838202187499995 0.1389717109375 0.31484691875 0.1537937234375 0.3279151890625 0.19475020468749998 0.39326459062499997 0.18843445625
0 0.40167326406250004 0.22717960625 0.3913325140625 0.18880474687499998 0.3259831125 0.1951204953125 0.2726804203125 0.20844053125 0.302907228125 0.32061320000000004 0.3249555109375 0.3194919203125 0.302341934375 0.243112490625 0.40167326406250004 0.22717960625
0 0.47373142343749997 0.1326559625 0.45191328906250006 0.0592284453125 0.368379759375 0.0659248921875 0.387129184375 0.1430449015625 0.47373142343749997 0.1326559625
0 0.47293598125 0.1297040484375 0.554878625 0.11710377812499999 0.5349925671875 0.04330596875 0.45191328906250006 0.0592284453125 0.47293598125 0.1297040484375
0 0.483615909375 0.21457933437499999 0.5261215875 0.20643295312499998 0.5038492015625 0.1237794078125 0.40838202187499995 0.1389717109375 0.43531400312499996 0.2238365875 0.44111023125 0.22272571718749998 0.4549739421875 0.2666341125 0.474635896875 0.256657096875 0.470204434375 0.23267150781249998 0.483615909375 0.21457933437499999
0 0.475431340625 0.2596090078125 0.4549739421875 0.2666341125 0.46952003906249995 0.297994278125 0.485428884375 0.35703252343749997 0.48849759375 0.3533400296875 0.4957716484375 0.3426328421875 0.49338532031250004 0.33377710625 0.475431340625 0.2596090078125
0 0.523735259375 0.197577215625 0.610678690625 0.18091416093749998 0.5955652859375 0.1248278265625 0.508963046875 0.13521676875 0.523735259375 0.197577215625
0 0.6099963078124999 0.19346239062499998 0.610678690625 0.18091416093749998 0.523735259375 0.197577215625 0.5269170296875 0.209384865625 0.6099963078124999 0.19346239062499998
0 0.1733289515625 0.7521188140625 0.14753360468750001 0.663931734375 0.0647955171875 0.6735800953125 0.11013573125000001 0.841839096875 0.16343842343749998 0.8285190609375 0.1894659296875 0.7893828046875 0.18571685 0.7528489875 0.1733289515625 0.7521188140625
0 0.0410533609375 0.38942470625 0.0224673203125 0.385748990625 0.025466014062499997 0.437234575 0.0518483625 0.43702559374999994 0.0410533609375 0.38942470625
0 0.0391172578125 0.49534407812500003 0.094806278125 0.49087977968749996 0.0827615828125 0.43110095312499996 0.0526438046875 0.43997750625 0.025935929687499998 0.4388874515625 0.0391172578125 0.49534407812500003
0 0.11185175781250001 0.546595821875 0.0975337953125 0.49346140156249996 0.03718518125 0.49571436875 0.052298584375 0.5518007 0.11185175781250001 0.546595821875
0 0.06627535625 0.6112092375 0.1316247578125 0.6048934890625 0.11889767968750001 0.5576628921875 0.1137838328125 0.54622553125 0.055026103125 0.5543823234375 0.06627535625 0.6112092375
0 0.14946568124999998 0.6635614453125 0.1316247578125 0.6048934890625 0.06627535625 0.6112092375 0.082184203125 0.6702474828125 0.14946568124999998 0.6635614453125
0 0.053094026562499994 0.5547526140625 0.0344576625 0.4931327453125 0.0289106046875 0.4963759203125 0.032182496875 0.55255211875 0.0329778234375 0.5555036015625 0.053094026562499994 0.5547526140625
0 0.064000075 0.67062818125 0.0813887609375 0.667295571875 0.0611615109375 0.5997718796875 0.0457049015625 0.6027341984375 0.064000075 0.67062818125
0 0.0457049015625 0.6027341984375 0.0630935875 0.5994015890625 0.055026103125 0.5543823234375 0.0349099 0.5551333125 0.0457049015625 0.6027341984375
0 0.9859355953125 0.64604930625 0.9732085171874999 0.5988187109374999 0.95581983125 0.602151321875 0.9615009875 0.63831485 0.9859355953125 0.64604930625
0 1 0.6201872359375 0.997643125 0.60655316875 0.97514059375 0.5984484218749999 0.9859355953125 0.64604930625 1 0.64795465 1 0.6201872359375
0 0.9759360359375 0.6014003328124999 0.9596859984374999 0.5486362015624999 0.9399109843750001 0.5431130750000001 0.9530923124999999 0.5995697 0.9759360359375 0.6014003328124999
0 0.9732085171874999 0.5988187109374999 0.997643125 0.60655316875 0.9809388359375 0.544563009375 0.9600271890625001 0.5423620859375 0.9732085171874999 0.5988187109374999
0 1 0.55443840625 0.9987817734375 0.5504564265624999 0.9809388359375 0.544563009375 0.9968476828125 0.6036012546875 1 0.6040283078125 1 0.55443840625
0 1 0.4889166859375 0.982077484375 0.48846626718749997 0.9968496968749999 0.5508267171875 1 0.5505513843750001 1 0.4889166859375
0 0.97321053125 0.5460441703125001 0.999577215625 0.5534083390625 0.9812820421874999 0.48551435468750004 0.961961278125 0.48921725625 0.97321053125 0.5460441703125001
0 0.939115540625 0.5401611625 0.9596859984374999 0.5486362015624999 0.9461634765625 0.498453690625 0.929911425 0.49846409999999997 0.939115540625 0.5401611625
0 0.9611658359374999 0.4862653453125 0.9453680343749999 0.49550177968750003 0.9600271890625001 0.5423620859375 0.971619646875 0.540140346875 0.9611658359374999 0.4862653453125
0 0.9291159812500001 0.4955121875 0.9465046687499999 0.4921795765625 0.9313912640625001 0.43609324374999997 0.9151392125 0.43610365156249997 0.9291159812500001 0.4955121875
0 0.9465046687499999 0.4921795765625 0.9630979125 0.48589505468749994 0.9487799515625 0.43276063125 0.930595821875 0.43314133125 0.9465046687499999 0.4921795765625
0 0.9630979125 0.48589505468749994 0.9801454078124999 0.48883655781249996 0.9688961562499999 0.43200964375 0.9449157984375001 0.43350121250000007 0.9630979125 0.48589505468749994
0 1 0.46449385625 0.9901489937499999 0.42793645312499995 0.9700327890624999 0.4286874421875 0.9801454078124999 0.48883655781249996 1 0.48964690156249996 1 0.46449385625
0 0.8808281750000001 0.1353476609375 0.8546876078125001 0.1589837765625 0.867414684375 0.20621437343750001 0.928219565625 0.16041289375 0.9167421796875 0.1253602359375 0.8808281750000001 0.1353476609375
0 0.8590039968750001 0.22024376406249999 0.8713898828125 0.273748475 0.9029854859374999 0.2552756046875 0.8890087156250001 0.1958670671875 0.8590039968750001 0.22024376406249999
0 0.9029854859374999 0.2552756046875 0.9249207078125 0.238654184375 0.90821641875 0.176664025 0.8901453484375 0.192544865625 0.9029854859374999 0.2552756046875
0 0.9249207078125 0.238654184375 0.9457192953125 0.22535496406250002 0.9274241218749999 0.1574609828125 0.90821641875 0.176664025 0.9249207078125 0.238654184375
0 0.9457192953125 0.22535496406250002 0.9576529453125 0.2168591078125 0.9382211375 0.1522873296875 0.9274241218749999 0.1574609828125 0.9457192953125 0.22535496406250002
0 0.901505646875 0.3176464609375 0.887187684375 0.26451203749999996 0.8683211734375 0.2774409671875 0.8826391359375 0.3305753890625 0.901505646875 0.3176464609375
0 0.9182099359375 0.37963661875 0.901505646875 0.3176464609375 0.8815025015625 0.3338975921875 0.8958204625 0.3870320125 0.9182099359375 0.37963661875
0 0.9313912640625001 0.43609324374999997 0.916277859375 0.380006909375 0.8958204625 0.3870320125 0.9104796171875 0.43389232031249997 0.9313912640625001 0.43609324374999997
0 0.930595821875 0.43314133125 0.9476433171875 0.43608283593749997 0.9301435859374999 0.3711407640625 0.9154824187499999 0.377054996875 0.930595821875 0.43314133125
0 0.9449157984375001 0.43350121250000007 0.9688961562499999 0.43200964375 0.95651026875 0.37850493125 0.9333253546875 0.3829484140625 0.9449157984375001 0.43350121250000007
0 0.9681007125000001 0.42905773125 0.9893535515625 0.424984540625 0.9738989546875001 0.37517232031250003 0.95651026875 0.37850493125 0.9681007125000001 0.42905773125
0 1 0.381550690625 0.9946975437500001 0.3618731046875 0.9738989546875001 0.37517232031250003 0.9893535515625 0.424984540625 1 0.4213285328125 1 0.381550690625
0 0.9185511265624999 0.3733625046875 0.935144371875 0.36707798281250004 0.9216218515625 0.316895471875 0.901505646875 0.3176464609375 0.9185511265624999 0.3733625046875
0 0.9320756609374999 0.370770475 0.9525330578125001 0.3637453703125 0.9366242109374999 0.3047071234375 0.9216218515625 0.316895471875 0.9320756609374999 0.370770475
0 0.9525330578125001 0.3637453703125 0.9691263015624999 0.357460846875 0.9551495296875 0.298052309375 0.9385562859375 0.3043368328125 0.9525330578125001 0.3637453703125
0 0.96992174375 0.360412759375 0.9950387359375 0.3555989890625 0.9756069281249999 0.29102720625 0.9562861640625 0.29473010781250003 0.96992174375 0.360412759375
0 0.90264228125 0.3143242578125 0.9216218515625 0.316895471875 0.9068496390625 0.25453502499999997 0.8863922421874999 0.261560128125 0.90264228125 0.3143242578125
0 0.9216218515625 0.316895471875 0.9396929203125 0.30101463125 0.924125265625 0.23570227031250002 0.9068496390625 0.25453502499999997 0.9216218515625 0.316895471875
0 0.9396929203125 0.30101463125 0.9601503171875001 0.293989528125 0.9415139531250001 0.23236966093750003 0.9249207078125 0.238654184375 0.9396929203125 0.30101463125
0 0.9601503171875001 0.293989528125 0.9775390046875 0.29065691562499996 0.95572086875 0.2172293984375 0.9407185109375 0.229417746875 0.9601503171875001 0.293989528125