0 0.89530615 0.34356887812500003 0.7226454171875 0.3364933 0.735027775 0.43284955625 0.924602565625 0.45007305937500003 0.89530615 0.34356887812500003
0 0.73677151875 0.43508144687500006 0.7591634218750001 0.5649512765625 0.955957259375 0.589114521875 0.9725920109375 0.5851036578125 0.9342975750000001 0.45328124062499997 0.9243584921875 0.45206087500000003 0.73677151875 0.43508144687500006
0 0.7211457453125 0.33227359375 0.5549366078125 0.321954603125 0.5491493125 0.401955409375 0.5509282875 0.42033390624999994 0.7312962140625 0.43037359375 0.7211457453125 0.33227359375
0 0.731052140625 0.43236141093749997 0.5489404703125 0.42008983281249995 0.5352019109375 0.49911434843749997 0.5355516765624999 0.545566346875 0.7494684125 0.5617430953125 0.731052140625 0.43236141093749997
0 0.9884644015624999 0.8009377484375 0.999971071875 0.7236569765625 0.967640084375 0.5925667781249999 0.7613953125 0.563207534375 0.7472365234375 0.5634868375 0.741552378125 0.576913409375 0.750832246875 0.7314044890625 0.6951273796875 0.96631649375 0.915367090625 0.9547742187500001 0.9605318203125 0.8640949625 0.9884644015624999 0.8009377484375
0 0.7385882671874999 0.5846206015625001 0.73928525625 0.562510546875 0.5236247765625001 0.5441019078125 0.5031226296875 0.7110784984375 0.489527540625 0.9697034890625 0.5293641609375 0.975003775 0.6930305453125001 0.9664263828124999 0.7490885031250001 0.7291725984374999 0.7385882671874999 0.5846206015625001
0 0.25119330781250004 0.6922521749999999 0.2785749125 0.9458195484375 0.48332001562500004 0.9709590859375 0.4991469984375 0.7105903515625 0.516929109375 0.5493331390625 0.30350052031249997 0.5291807578125 0.25119330781250004 0.6922521749999999
0 0.5292736921875 0.514528734375 0.541233278125 0.4171257234375 0.351414415625 0.4018900375 0.3097080421875 0.5279251625 0.525368521875 0.5463337984375001 0.5292736921875 0.514528734375
0 0.54416215625 0.39327192499999997 0.545241596875 0.3187464203125 0.38126435000000003 0.3066836859375 0.353646303125 0.40014629375000005 0.53750171875 0.41464976093750006 0.54416215625 0.39327192499999997
0 0.21156772343750002 0.291900915625 0.166303403125 0.3811790484375 0.351414415625 0.4018900375 0.381508421875 0.30469586875 0.21156772343750002 0.291900915625
0 0.0868285171875 0.5025767812499999 0.3084524453125 0.5217176375 0.351414415625 0.4018900375 0.154376503125 0.379714609375 0.0868285171875 0.5025767812499999
0 0.2785749125 0.9458195484375 0.2474617484375 0.6897762125 0.3059764828125 0.5254491984375 0.086340371875 0.5065524156250001 0.0315732609375 0.6024537125 0.0415373328125 0.792579528125 0.07780544375000001 0.9211681578125 0.2785749125 0.9458195484375
0 1 0.3477218984375 0.943537125 0.3615976078125 0.9446191109375001 0.4020861578125 0.9400169515625001 0.456001278125 0.9390406578125001 0.4639525421875 0.97308015625 0.581128025 0.9693838296875 0.59479866875 1 0.7207838468750001 1 0.3477218984375