0 0.8534573875 0.2467169703125 0.85454435 0.2587214890625 0.94254351875 0.25417204843749996 0.9544769375 0.14875635625 0.9610589203125001 0.06146990625 0.86684831875 0.06913419374999999 0.8534573875 0.2467169703125
0 0.76315305 0.1761594296875 0.75434928125 0.266490746875 0.8144209312499999 0.26243116718750004 0.8485598828124999 0.258826459375 0.8555479328125 0.1925741640625 0.8605411609375 0.1263568578125 0.8633126015625001 0.06318441875 0.7733186109375 0.0677688484375 0.76315305 0.1761594296875
0 0.6628267390625 0.13283075 0.6326774312500001 0.136365478125 0.627325996875 0.15449472343749998 0.6214249093750001 0.23275153906249998 0.6164795437499999 0.2719149375 0.658370821875 0.271180146875 0.7202103296875 0.27009545468749996 0.7523544578125 0.2665257359375 0.75911554375 0.20328331875 0.760800021875 0.1281063609375 0.708934628125 0.1290161015625 0.6628267390625 0.13283075
0 0.5227352125 0.1412998078125 0.500565196875 0.144694575 0.49511803906249996 0.21693163593749998 0.4928005296875 0.27408432031249996 0.548428603125 0.2761144765625 0.6082732859375 0.2750647765625 0.612489896875 0.27198491874999997 0.6207918765625 0.2147272625 0.6237902828124999 0.1485449484375 0.5763684640625 0.143364953125 0.5227352125 0.1412998078125
0 0.3886281546875 0.14966389687499998 0.3185823921875 0.153898425 0.30684042031250003 0.1510984875 0.299350578125 0.250424446875 0.296400034375 0.2895528546875 0.36222918593750003 0.288398184375 0.42007904687500003 0.2873834734375 0.43848638281249996 0.2810488078125 0.44034996406250004 0.229915878125 0.441353546875 0.163768553125 0.434282115625 0.1518690015625 0.3886281546875 0.14966389687499998
0 0.21793339375 0.16768743749999998 0.1902328375 0.165167421875 0.183829959375 0.27649789999999996 0.18623085 0.2974970625 0.2480703578125 0.2964123703125 0.2921834234375 0.2926327125 0.3013932625 0.22333555 0.3012620203125 0.1722376109375 0.2498505578125 0.1671275984375 0.21793339375 0.16768743749999998
0 0.099641334375 0.2569333296875 0.098458646875 0.29903662343750004 0.17249405625 0.29473211718750003 0.17648370156249998 0.2946621359375 0.183017821875 0.23442959375 0.185287471875 0.2043308203125 0.18601622812500002 0.1682472796875 0.10622331562500001 0.16964688125 0.099641334375 0.2569333296875
0 0.9061827796875 0.260821625 0.8523225640625001 0.26176635625 0.8079825312500001 0.2685558921875 0.8052110921875 0.33172833125 0.7988560734375 0.416004903125 0.7913662312499999 0.5153308625 0.789729615625 0.5634539109375 0.78768693125 0.5905428109375 0.86747984375 0.589143209375 0.93308203125 0.590998415625 0.9426145578125 0.46458355781250005 0.9534131515625001 0.3742172515625 0.9622647828125 0.25683202656250004 0.9061827796875 0.260821625
0 0.7100092499999999 0.2732802828125 0.65592206875 0.277234890625 0.649387946875 0.33746743281249997 0.6441198921875 0.43374852343750003 0.636857015625 0.5300646046875 0.6363073640625 0.5901921765625 0.6719872078125 0.5925722328125 0.7218577796875 0.59169748125 0.771501384375 0.5938326093749999 0.773364965625 0.54269968125 0.7823957 0.449358484375 0.7921073296875 0.346987659375 0.7980084171875 0.26873084375 0.7100092499999999 0.2732802828125
0 0.5581757515625 0.27894940468749996 0.512294828125 0.2797541765625 0.5079346328125001 0.36399575781250004 0.5040283671875 0.4422175828125 0.4990351390625 0.5084348875 0.492226190625 0.5987312140625 0.53788015 0.6009363203125 0.6039362671874999 0.5967717734375 0.62365753125 0.5994317484375 0.6299168265625 0.5692629921875 0.6380875640625 0.4609074015625 0.6417668640625 0.385695453125 0.6479427765625 0.27737485156249997 0.599840065625 0.281224490625 0.5581757515625 0.27894940468749996
0 0.364224009375 0.28836319375 0.35895595625 0.384644284375 0.3565905828125 0.46885087499999994 0.34846770781249997 0.5501525593750001 0.34882591406249996 0.5982406218749999 0.404680953125 0.5972608984375001 0.47227796250000004 0.599081115625 0.48515476093750004 0.5868316640625 0.49491425156249996 0.45740692968749996 0.50131713125 0.34607645 0.505581603125 0.315942684375 0.494341421875 0.280069084375 0.440254240625 0.2840236953125 0.364224009375 0.28836319375
0 0.348013778125 0.556172315625 0.351513975 0.4569163359375 0.3574150625 0.37865951875000003 0.364224009375 0.28836319375 0.336296490625 0.2888530546875 0.285971990625 0.29574755937499997 0.23188480937499997 0.29970216875 0.22661675625000002 0.39598326093749997 0.22420352187499998 0.507243759375 0.2191624328125 0.6005149734375 0.26504335625 0.599710203125 0.338624834375 0.60142545 0.348013778125 0.556172315625
0 0.08825756875 0.3022214515625 0.0837182703125 0.36241900312499997 0.0813528984375 0.44662559375 0.073182159375 0.5549811859375 0.086465025 0.5637658875 0.0928555625 0.5846950703125 0.0928077 0.611748978125 0.1533332796875 0.6016696453125 0.201209028125 0.600829884375 0.2096422484375 0.59467016875 0.21286761875 0.525477975 0.2221731796875 0.40207299531249996 0.22590034218750002 0.2998071390625 0.1740349484375 0.3007168796875 0.08825756875 0.3022214515625
0 0.8849793187499999 0.5948480515625 0.7912226484375 0.596492584375 0.7750371 0.5997823828125 0.767093328125 0.7051280984375 0.7596034859375 0.80445405625 0.751707575 0.8827458625 0.7565572203125 0.8976902796875 0.768932225 0.9185144921875 0.8207976171875 0.9176047515624999 0.9072558921875 0.9070705453125001 0.9167884187500001 0.7806556890625 0.930633278125 0.5970531593749999 0.8849793187499999 0.5948480515625
0 0.7313779625 0.597542284375 0.64981719375 0.5959670015625 0.6254253890625 0.6024066359375 0.6166216203125 0.6927379515625 0.6119387374999999 0.8340972265625 0.6027288984375 0.903394390625 0.6399496359375 0.9117592109375 0.6973455671875 0.9167642562499999 0.7412316703124999 0.9159944734375 0.7489484765625 0.8136586390625 0.7595201046875 0.726302209375 0.7672847734375 0.596912465625 0.7313779625 0.597542284375
0 0.5932812609375 0.6059763546875 0.529900859375 0.6010762796875 0.4917722609375 0.60475096875 0.48677903437500003 0.670968275 0.48292062968750005 0.7221361921875 0.527033696875 0.718356534375 0.5709197984375 0.717586753125 0.5700119390625 0.7296262640625 0.56673870625 0.825872365625 0.56083761875 0.9041291828125001 0.600734075 0.9034293812499999 0.6091317765625 0.7920639109375001 0.61707555 0.686718196875 0.6212087796875 0.60548649375 0.5932812609375 0.6059763546875
0 0.5447601375 0.7210515015625 0.5028688578125 0.7217862937499999 0.478930984375 0.722206171875 0.47443954843749997 0.755349815625 0.46926721562499996 0.7975230921875001 0.46132344375 0.9028688078125 0.457465040625 0.9540367234374999 0.49137702812499995 0.9534418921875 0.53104651875 0.9557519703124999 0.553670465625 0.9463374468750001 0.5561192171875 0.9402827031250001 0.56310726875 0.8740304046875 0.56569960625 0.7868139375000001 0.571779796875 0.7326011515624999 0.5447601375 0.7210515015625
0 0.4503349140625 0.59946600625 0.404680953125 0.5972608984375001 0.354810384375 0.5981356515625 0.34941108593750003 0.643318803125 0.3459587515625 0.715520875 0.3415506953125 0.8268163625 0.3341087140625 0.8990884140625001 0.356051765625 0.8987035234375 0.423194846875 0.9065434953124999 0.45710683281250003 0.905948665625 0.4600095171875 0.8938741625000001 0.46777418437499996 0.7644844187500001 0.4763988515625 0.6501090734375 0.4780354671875 0.6019860203125 0.4503349140625 0.59946600625
0 0.2648163921875 0.60272008125 0.2167136796875 0.6065697171875 0.198760275 0.606884628125 0.1906373984375 0.6881863125 0.1860502390625 0.7754377703124999 0.179695221875 0.8597143421875 0.1798264625 0.9108122812499999 0.235681503125 0.909832559375 0.3015106546875 0.9086778890625 0.3210528140625 0.8872938343750001 0.33039389531249996 0.869094609375 0.3340731953125 0.7938826609375 0.33643856875 0.70967606875 0.338302146875 0.658543140625 0.3446093046875 0.6013204796875 0.31269213906250004 0.6018803187499999 0.2648163921875 0.60272008125
0 0.06687500468749999 0.6122038484375001 0.06160695000000001 0.708484940625 0.055610139062499994 0.840849571875 0.0486220890625 0.9071018687500001 0.092508190625 0.9063320875 0.174295925 0.9048974953125001 0.176338609375 0.8778085953125 0.1817857671875 0.8055715359375 0.18836775 0.7182850890625 0.1929070484375 0.6580875359375 0.1949975953125 0.6039447328125 0.11497771718750001 0.6083542093750001 0.06687500468749999 0.6122038484375001