0 0 0.3243967828125 0.110220440625 0.3109919578125 0.110220440625 0.2868632703125 0.160320640625 0.2761394109375 0.1543086171875 0.25201072343750003 0 0.2680965140625 0 0.3243967828125
0 0.41082164375 0.1849865953125 0.41082164375 0.1501340484375 0.23246492968750002 0.1689008046875 0.24649298593750002 0.2895442359375 0.3807615234375 0.2734584453125 0.37675350625 0.19302949062500002 0.41082164375 0.1849865953125
0 0.364729459375 0.294906165625 0.3747494984375 0.3243967828125 0.3807615234375 0.3243967828125 0.3847695390625 0.3217158171875 0.3807615234375 0.2734584453125 0.24649298593750002 0.2895442359375 0.2424849703125 0.30294906093749996 0.364729459375 0.294906165625
0 0.194388778125 0.3083109921875 0.244488978125 0.300268096875 0.24649298593750002 0.2922252015625 0.2424849703125 0.2707774796875 0.1082164328125 0.2868632703125 0.110220440625 0.313672921875 0.194388778125 0.3083109921875
0 0.372745490625 0.42895442343749995 0.372745490625 0.3217158171875 0.364729459375 0.294906165625 0.1903807609375 0.3109919578125 0.1843687375 0.3217158171875 0.2004008015625 0.455764075 0.35871743437500003 0.43699731875000003 0.372745490625 0.42895442343749995
0 0.0501002 0.45040214531249995 0.194388778125 0.4477211796875 0.1843687375 0.3243967828125 0.1923847703125 0.3056300265625 0.110220440625 0.3109919578125 0.03607214375 0.3270777484375 0.0501002 0.45040214531249995
0 0 0.458445040625 0.0480961921875 0.455764075 0.03607214375 0.319034853125 0 0.3217158171875 0 0.458445040625
0 0 0.5844504015624999 0.054108217187499995 0.5817694375 0.0480961921875 0.458445040625 0 0.46380697031249996 0 0.5844504015624999
0 0.046092184375 0.45308310937499996 0.0581162328125 0.5817694375 0.20440881718749998 0.5844504015624999 0.194388778125 0.45308310937499996 0.046092184375 0.45308310937499996
0 0.194388778125 0.45308310937499996 0.206412825 0.5844504015624999 0.3747494984375 0.57640750625 0.368737475 0.43699731875000003 0.194388778125 0.45308310937499996
0 0.3707414828125 0.46380697031249996 0.378757515625 0.5898123328125 0.5791583171875 0.5817694375 0.5751503 0.455764075 0.3707414828125 0.46380697031249996
0 0.37675350625 0.3297587125 0.378757515625 0.458445040625 0.5851703406250001 0.45040214531249995 0.5851703406250001 0.3163538875 0.37675350625 0.3297587125
0 0.3747494984375 0.19302949062500002 0.38276553125 0.3270777484375 0.5911823640625 0.313672921875 0.5971943890625 0.3083109921875 0.59519038125 0.17158176875 0.4088176359375 0.1849865953125 0.3747494984375 0.19302949062500002
0 0.59519038125 0.1823056296875 0.6032064125 0.3083109921875 0.8296593187499999 0.281501340625 0.825651303125 0.1286863265625 0.59519038125 0.1823056296875
0 1 0.021447721875 0.847695390625 0.03217158125 0.8296593187499999 0.067024128125 0.8296593187499999 0.206434315625 0.847695390625 0.1849865953125 1 0.1823056296875 1 0.021447721875
0 1 0.1823056296875 0.8496993984375001 0.1849865953125 0.8316633265625001 0.20911528124999998 0.8316633265625001 0.3270777484375 0.8416833671875 0.3163538875 1 0.3163538875 1 0.1823056296875
0 1 0.3163538875 0.8396793593749999 0.3297587125 0.8416833671875 0.45040214531249995 1 0.455764075 1 0.3163538875
0 1 0.458445040625 0.8276553109375 0.458445040625 0.8276553109375 0.597855228125 1 0.60053619375 1 0.458445040625
0 1 0.60053619375 0.8456913828125 0.60053619375 0.8296593187499999 0.60053619375 0.8276553109375 0.7265415546875 0.8316633265625001 0.7292225203125 1 0.737265415625 1 0.60053619375
0 1 0.737265415625 0.8216432859375 0.7265415546875 0.8176352703124999 0.8123324390625 0.8296593187499999 0.8337801609375 1 0.84182305625 1 0.737265415625
0 0.8076152296875 0.825737265625 0.8076152296875 0.7077747984375 0.5931863734375 0.7050938343750001 0.59519038125 0.820375334375 0.8076152296875 0.825737265625
0 0.5871743484375 0.5898123328125 0.5971943890625 0.70241286875 0.8176352703124999 0.70241286875 0.8136272546875001 0.5683646109375 0.5871743484375 0.5898123328125
0 0.5851703406250001 0.45308310937499996 0.5871743484375 0.5898123328125 0.8156312625 0.565683646875 0.8096192390624999 0.42359249375 0.5851703406250001 0.45308310937499996
0 0.5911823640625 0.3243967828125 0.5971943890625 0.4477211796875 0.8116232468750001 0.42627345781250003 0.8236472953125 0.420911528125 0.8176352703124999 0.28418230625 0.5931863734375 0.313672921875 0.5911823640625 0.3243967828125
0 0.5851703406250001 0.7050938343750001 0.5851703406250001 0.5898123328125 0.577154309375 0.5817694375 0.38276553125 0.5898123328125 0.386773546875 0.6970509390624999 0.5851703406250001 0.7050938343750001
0 0.386773546875 0.699731903125 0.3967935875 0.8123324390625 0.5851703406250001 0.8176943703124999 0.5851703406250001 0.7050938343750001 0.386773546875 0.699731903125
0 0.386773546875 0.825737265625 0.3907815625 0.8150134046874999 0.3847695390625 0.70241286875 0.22444889843750002 0.721179625 0.2384769546875 0.82841823125 0.386773546875 0.825737265625
0 0.206412825 0.5898123328125 0.22044088125 0.7104557640625 0.3847695390625 0.70241286875 0.37675350625 0.5737265421875 0.206412825 0.5898123328125
0 0.22444889843750002 0.82841823125 0.216432865625 0.7077747984375 0.07014028125 0.6970509390624999 0.0781563125 0.8230563 0.22444889843750002 0.82841823125
0 0.062124248437499995 0.5844504015624999 0.07414829687499999 0.6970509390624999 0.2184368734375 0.7104557640625 0.206412825 0.5844504015624999 0.062124248437499995 0.5844504015624999
0 0 0.8230563 0.0761523046875 0.825737265625 0.0661322640625 0.7077747984375 0 0.7050938343750001 0 0.8230563
0 0.054108217187499995 0.5844504015624999 0 0.5844504015624999 0.0020040078125 0.7050938343750001 0.06412825625 0.7077747984375 0.07014028125 0.6943699734375001 0.0581162328125 0.5844504015624999 0.054108217187499995 0.5844504015624999