0 0.998 0.064 0.914 0.066 0.914 0.16399999999999998 1 0.16 0.998 0.064
0 1 0.162 0.9119999999999999 0.16399999999999998 0.9099999999999999 0.27 1 0.268 1 0.162
0 1 0.268 0.978 0.27 0.9720000000000001 0.368 1 0.37 1 0.268
0 0.974 0.27 0.844 0.274 0.842 0.372 0.968 0.374 0.974 0.27
0 0.914 0.052000000000000005 0.72 0.06 0.718 0.16799999999999998 0.908 0.162 0.914 0.052000000000000005
0 0.906 0.16399999999999998 0.718 0.16999999999999998 0.714 0.272 0.898 0.272 0.906 0.16399999999999998
0 0.8400000000000001 0.274 0.714 0.274 0.718 0.372 0.836 0.372 0.8400000000000001 0.274
0 1 0.376 0.9039999999999999 0.374 0.9039999999999999 0.47000000000000003 1 0.46799999999999997 1 0.376
0 0.9019999999999999 0.374 0.722 0.372 0.718 0.466 0.898 0.46799999999999997 0.9019999999999999 0.374
0 1 0.47000000000000003 0.9640000000000001 0.47000000000000003 0.962 0.562 1 0.562 1 0.47000000000000003
0 0.962 0.47000000000000003 0.8400000000000001 0.46799999999999997 0.836 0.558 0.9560000000000001 0.564 0.962 0.47000000000000003
0 0.8400000000000001 0.47000000000000003 0.718 0.46399999999999997 0.712 0.554 0.8320000000000001 0.562 0.8400000000000001 0.47000000000000003
0 1 0.5660000000000001 0.8960000000000001 0.562 0.89 0.6519999999999999 1 0.654 1 0.5660000000000001
0 0.716 0.558 0.716 0.644 0.8859999999999999 0.6519999999999999 0.8880000000000001 0.562 0.716 0.558
0 1 0.6559999999999999 0.952 0.654 0.9480000000000001 0.742 1 0.742 1 0.6559999999999999
0 0.826 0.65 0.718 0.646 0.72 0.726 0.8220000000000001 0.732 0.826 0.65
0 1 0.744 0.8960000000000001 0.74 0.9039999999999999 0.826 1 0.828 1 0.744
0 0.9179999999999999 0.9 0.906 0.852 0.6980000000000001 0.8380000000000001 0.688 0.9019999999999999 0.686 0.998 0.916 1 0.9179999999999999 0.9
0 0.906 0.82 0.898 0.8119999999999999 0.898 0.788 0.712 0.778 0.7 0.8380000000000001 0.9039999999999999 0.85 0.906 0.834 0.906 0.82
0 0.8939999999999999 0.74 0.718 0.73 0.712 0.774 0.898 0.784 0.8960000000000001 0.764 0.8939999999999999 0.74
0 0.828 0.65 0.828 0.734 0.944 0.74 0.95 0.654 0.828 0.65
0 0.716 0.074 0.708 0.044 0.64 0.041999999999999996 0.596 0.046 0.562 0.052000000000000005 0.564 0.152 0.7 0.154 0.714 0.16599999999999998 0.716 0.074
0 0.704 0.162 0.686 0.154 0.44400000000000006 0.16 0.45 0.296 0.6940000000000001 0.29 0.708 0.288 0.704 0.162
0 0.5599999999999999 0.05 0.52 0.016 0.45199999999999996 0.006 0.352 0.02 0.36 0.16 0.52 0.156 0.564 0.154 0.5599999999999999 0.05
0 0.202 0.16 0.358 0.162 0.352 0.02 0.27799999999999997 0.012 0.196 0.022 0.202 0.16
0 0.202 0.162 0.21200000000000002 0.296 0.44800000000000006 0.298 0.442 0.16 0.202 0.162
0 0 0.16799999999999998 0.196 0.16 0.2 0.156 0.194 0.026000000000000002 0.178 0.022 0.11399999999999999 0.022 0.092 0.018 0.026000000000000002 0.03 0 0.028000000000000004 0 0.16799999999999998
0 0.21000000000000002 0.296 0.2 0.16399999999999998 0.002 0.16799999999999998 0 0.298 0.21000000000000002 0.296
0 0.714 0.394 0.706 0.292 0.54 0.294 0.542 0.42800000000000005 0.706 0.426 0.714 0.394
0 0.534 0.298 0.378 0.3 0.38 0.42800000000000005 0.538 0.42800000000000005 0.534 0.298
0 0.22000000000000003 0.298 0.22999999999999998 0.42400000000000004 0.376 0.42800000000000005 0.374 0.3 0.22000000000000003 0.298
0 0.21800000000000003 0.3 0.064 0.3 0.072 0.39 0.078 0.426 0.22799999999999998 0.426 0.21800000000000003 0.3
0 0.074 0.42800000000000005 0.066 0.3 0.002 0.298 0.002 0.422 0.074 0.42800000000000005
0 0 0.426 0.006 0.544 0.22000000000000003 0.548 0.21600000000000003 0.426 0 0.426
0 0.22200000000000003 0.42800000000000005 0.22799999999999998 0.546 0.45199999999999996 0.5559999999999999 0.44800000000000006 0.43 0.22200000000000003 0.42800000000000005
0 0.706 0.426 0.45 0.43200000000000005 0.45599999999999996 0.554 0.6940000000000001 0.562 0.708 0.554 0.706 0.426
0 0.6980000000000001 0.562 0.686 0.564 0.53 0.5559999999999999 0.536 0.674 0.6839999999999999 0.6759999999999999 0.702 0.658 0.6980000000000001 0.562
0 0.528 0.5559999999999999 0.378 0.554 0.382 0.6679999999999999 0.536 0.6719999999999999 0.528 0.5559999999999999
0 0.374 0.5559999999999999 0.22799999999999998 0.548 0.236 0.662 0.38 0.67 0.374 0.5559999999999999
0 0.08 0.546 0.092 0.658 0.23199999999999998 0.662 0.22799999999999998 0.546 0.08 0.546
0 0 0.65 0.086 0.6559999999999999 0.074 0.544 0 0.544 0 0.65
0 0 0.768 0.026000000000000002 0.766 0.016 0.654 0 0.654 0 0.768
0 0.014000000000000002 0.6519999999999999 0.026000000000000002 0.77 0.23199999999999998 0.776 0.22799999999999998 0.6639999999999999 0.014000000000000002 0.6519999999999999
0 0.22999999999999998 0.662 0.238 0.774 0.458 0.784 0.45199999999999996 0.6719999999999999 0.22999999999999998 0.662
0 0.6940000000000001 0.6759999999999999 0.454 0.6719999999999999 0.462 0.786 0.6839999999999999 0.796 0.704 0.728 0.6940000000000001 0.6759999999999999
0 0 0.8720000000000001 0.10600000000000001 0.8699999999999999 0.094 0.772 0 0.77 0 0.8720000000000001
0 0.1 0.774 0.10600000000000001 0.868 0.242 0.8779999999999999 0.236 0.774 0.1 0.774
0 0.386 0.782 0.238 0.772 0.24 0.874 0.38 0.892 0.388 0.882 0.386 0.782
0 0.384 0.784 0.388 0.89 0.534 0.898 0.536 0.79 0.384 0.784
0 0.696 0.766 0.686 0.796 0.538 0.792 0.534 0.8960000000000001 0.6839999999999999 0.9019999999999999 0.702 0.8320000000000001 0.696 0.766
0 0.458 0.8939999999999999 0.462 0.998 0.6759999999999999 0.998 0.6759999999999999 0.9039999999999999 0.458 0.8939999999999999
0 0.45599999999999996 1 0.45 0.8939999999999999 0.38 0.892 0.242 0.882 0.246 1 0.45599999999999996 1
0 0.246 1 0.242 0.8779999999999999 0.11000000000000001 0.868 0.034 0.8720000000000001 0.04 1 0.246 1
0 0.04 1 0.034 0.8699999999999999 0 0.868 0 1 0.04 1