0 0.994 0.6161919046875 0.998 0.4017991 0.8800000000000001 0.38830584687499997 0.8720000000000001 0.6071964015625 0.89 0.62368815625 0.994 0.6161919046875
0 1 0.6176911546875 0.8939999999999999 0.6281859078124999 0.8640000000000001 0.611694153125 0.844 0.8170914546875 1 0.809595203125 1 0.6176911546875
0 0.8099999999999999 0.962518740625 0.85 0.9970015 0.998 0.99850075 1 0.809595203125 0.842 0.8170914546875 0.844 0.8815592203125 0.8099999999999999 0.889055471875 0.8099999999999999 0.962518740625
0 0.782 0.99850075 0.794 0.8935532234375 0.46799999999999997 0.914542728125 0.462 0.9955022484375 0.782 0.99850075
0 0.47000000000000003 0.9175412296875001 0.842 0.884557721875 0.85 0.7331334328125 0.836 0.713643178125 0.49000000000000005 0.7496251875 0.46799999999999997 0.763118440625 0.47000000000000003 0.9175412296875001
0 0.8640000000000001 0.5562218890625 0.85 0.5502248875 0.472 0.586206896875 0.49400000000000005 0.5907046484375 0.476 0.7466266859374999 0.8480000000000001 0.7061469265625 0.8640000000000001 0.5562218890625
0 0.472 0.160419790625 0.462 0.0014992500000000001 0.002 0.0029985000000000003 0.006 0.1514242875 0.472 0.160419790625
0 0.46799999999999997 0.0014992500000000001 0.48200000000000004 0.17691154375 0.8800000000000001 0.19340329843749998 0.8939999999999999 0.0029985000000000003 0.46799999999999997 0.0014992500000000001
0 0.908 0.39730135 1 0.40029985 0.9960000000000001 0.1454272859375 0.9480000000000001 0.136431784375 0.882 0.1499250375 0.8859999999999999 0.3823088453125 0.908 0.39730135
0 0.89 0.1529235375 0.954 0.134932534375 0.9960000000000001 0.1439280359375 1 0.0029985000000000003 0.9019999999999999 0 0.89 0.1529235375
0 0.8859999999999999 0.19340329843749998 0.46799999999999997 0.17841079531249998 0.472 0.3823088453125 0.8779999999999999 0.3793103453125 0.8859999999999999 0.19340329843749998
0 0.8880000000000001 0.37631184375000004 0.472 0.3823088453125 0.488 0.5742128937500001 0.858 0.5472263875000001 0.8880000000000001 0.37631184375000004
0 0.476 0.760119940625 0.472 0.589205396875 0.006 0.6176911546875 0.008 0.8035982015625001 0.034 0.8110944531250001 0.476 0.760119940625
0 0.446 0.763118440625 0.002 0.809595203125 0.034 0.9655172406249999 0.45599999999999996 0.9205397296875001 0.446 0.763118440625
0 0.45599999999999996 0.9190404796875 0.04 0.962518740625 0.05 0.9970015 0.454 0.9970015 0.45599999999999996 0.9190404796875
0 0.002 0.6086956515625 0.472 0.5832083953125 0.45999999999999996 0.3838080953125 0.006 0.3928035984375 0.002 0.6086956515625
0 0.008 0.1499250375 0.002 0.3988006 0.46799999999999997 0.3838080953125 0.458 0.160419790625 0.008 0.1499250375