0 0.41600000000000004 0.146 0.42000000000000004 0.16799999999999998 0.422 0.346 0.6980000000000001 0.346 0.71 0.144 0.41600000000000004 0.146
0 0.418 0.352 0.422 0.628 0.602 0.624 0.5940000000000001 0.346 0.418 0.352
0 0.768 0.33999999999999997 0.704 0.33799999999999997 0.6980000000000001 0.352 0.604 0.346 0.6 0.626 0.778 0.624 0.786 0.346 0.768 0.33999999999999997
0 0.9800000000000001 0.344 0.794 0.344 0.78 0.604 0.796 0.624 0.976 0.622 0.9800000000000001 0.344
0 0.974 0.622 0.78 0.626 0.778 0.86 0.798 0.8939999999999999 0.97 0.8880000000000001 0.974 0.622
0 0.604 0.628 0.596 0.8859999999999999 0.772 0.8880000000000001 0.778 0.63 0.604 0.628
0 0.42400000000000004 0.63 0.43 0.8939999999999999 0.5940000000000001 0.8880000000000001 0.602 0.628 0.42400000000000004 0.63
0 0.244 0.634 0.254 0.8960000000000001 0.42400000000000004 0.89 0.42000000000000004 0.636 0.244 0.634
0 0.066 0.634 0.078 0.9019999999999999 0.252 0.8960000000000001 0.24 0.63 0.066 0.634
0 0.044 0.32799999999999996 0.057999999999999996 0.638 0.236 0.638 0.22599999999999998 0.32599999999999996 0.044 0.32799999999999996
0 0.41200000000000003 0.356 0.414 0.32799999999999996 0.242 0.32999999999999996 0.23199999999999998 0.354 0.244 0.636 0.422 0.628 0.41200000000000003 0.356