0 0.8454322812499999 0.195621721875 0.987709484375 0.1993839453125 0.9980078421874999 0.0225679671875 0.8742795578125 0.0172637390625 0.8454322812499999 0.195621721875
0 0.731520534375 0.0065075578125 0.698088953125 0.1893984625 0.843750428125 0.193122665625 0.8785587125 0.015113575 0.731520534375 0.0065075578125
0 0.58356690625 0.0050498171875 0.5615960875 0.17660841562500001 0.7006862546875 0.18474924375 0.7295335328125 0.0063912609375 0.58356690625 0.0050498171875
0 0.5500215296875 0.36077859375 0.976580703125 0.39045775312500003 0.9875906296875 0.2014245953125 0.5758102546874999 0.1750397390625 0.5500215296875 0.36077859375
0 0.5335152109375 0.36461372812500004 0.5084858390625 0.5287914578125 0.6439071515625 0.5343169328124999 0.667254671875 0.3676401484375 0.5335152109375 0.36461372812500004
0 0.6732156796875 0.36798904062500004 0.6538421640625 0.5348984203125 0.7843740203125 0.547339571875 0.812000696875 0.378512625 0.6732156796875 0.36798904062500004
0 0.81368255 0.3810116796875 0.784835271875 0.5593696640625 0.9222435875 0.565011434375 0.9607207265625 0.3896176984375 0.81368255 0.3810116796875
0 0.92881489375 0.5605948109375001 0.9622887859375 0.5649546265625001 0.9698613640625 0.5058243296875 0.9766225984375 0.38973843750000003 0.9610258765624999 0.3872349390625 0.92881489375 0.5605948109375001
0 0.9619836359375 0.5673373859375 0.5045118343749999 0.5285588640625 0.48712531875 0.6955845421875 0.9397076656250001 0.7412787437499999 0.9619836359375 0.5673373859375
0 0.940012815625 0.738895984375 0.4808591625 0.6976184062499999 0.462706246875 0.8549967546874999 0.9186522984375 0.9056890671875 0.940012815625 0.738895984375
0 0.033692175000000005 0 0.0163910296875 0.13509556250000002 0.5330116515625 0.16533291875 0.5502777015625 0 0.033692175000000005 0
0 0 0.32148560625 0.5202164953125 0.35903413125 0.538667509375 0.1680645703125 0.0163910296875 0.13509556250000002 0 0.263084515625 0 0.32148560625
0 0 0.4900927359375 0.49840177656250007 0.5450055765624999 0.5255672015624999 0.3641485390625 0.00084246875 0.31903314531250004 0 0.3294516328125 0 0.4900927359375
0 0 0.676490071875 0.45763248437500004 0.7226657750000001 0.47715505 0.5389607875 0 0.49747325781249996 0 0.676490071875
0 0 0.83140570625 0.4399408203125 0.8920742109375001 0.4638986421875 0.7206319078125001 0 0.6712805796875 0 0.83140570625