0 0.2813170734375 0.4715447140625 0.27969105625 0.36205962187499996 0.021154471875 0.3512195125 0.0227804875 0.4769647703125 0.1447317078125 0.48780487656249993 0.2813170734375 0.4715447140625
0 0.14717073125 0.48780487656249993 0.020341464062500002 0.4715447140625 0.0219674796875 0.605962059375 0.23416260156250002 0.6027100265625001 0.2325365859375 0.47913279218750005 0.14717073125 0.48780487656249993
0 0.234975609375 0.6081300796875 0.030910570312500003 0.6102981046875 0.030097559375 0.7392953921875 0.2252195125 0.727371275 0.234975609375 0.68943089375 0.234975609375 0.6081300796875
0 0.21546341406249997 0.8021680218749999 0.210585365625 0.7306233062499999 0.0325365859375 0.7403794031250001 0.025219512500000003 0.700271003125 0 0.7413333328125 0.000016259375 0.875880759375 0.2040813 0.8585365859375 0.21546341406249997 0.8021680218749999
0 0.20570731874999998 0.8943089437499999 0.20164227656249997 0.8574525734374999 0.0016422765625 0.8769647703125001 0.00082926875 0.9962059625 0.165056909375 0.9799458 0.20570731874999998 0.8943089437499999
0 0.35530081406249997 0.1712737125 0.20164227656249997 0.1571815703125 0.20326829218750003 0.25799457812500004 0.3536747953125 0.2644986453125 0.35530081406249997 0.1712737125
0 0.3536747953125 0.37615176250000004 0.356113821875 0.2644986453125 0.19839024375 0.25907859218749996 0.19513821250000002 0.3598916 0.278065040625 0.36314363125 0.3536747953125 0.37615176250000004
0 0.3504227640625 0.3772357734375 0.2813170734375 0.36314363125 0.282943090625 0.472628725 0.34879674843749997 0.47479674687499995 0.3504227640625 0.3772357734375
0 0.34879674843749997 0.4737127359375 0.280504065625 0.46937669375 0.230097559375 0.483468834375 0.234975609375 0.5799458 0.34879674843749997 0.5712737125 0.34879674843749997 0.4737127359375
0 0.34147967343749996 0.5734417328125 0.234975609375 0.5810298109375001 0.234975609375 0.684010840625 0.34147967343749996 0.67317073125 0.34147967343749996 0.5734417328125
0 0.216276421875 0.7913279125 0.33904065 0.7750677515625 0.33904065 0.6753387546875 0.23578861875 0.6818428187500001 0.22440650468749998 0.7317073171875 0.21221138125 0.7317073171875 0.216276421875 0.7913279125
0 0.3447317078125 0.8628726296875 0.34147967343749996 0.7761517625 0.2138373984375 0.7902439015625 0.202455284375 0.8607046078125 0.2081463421875 0.8975609765625 0.3447317078125 0.8628726296875
0 0.5154634140625001 0.06504065 0.367495934375 0.058536585937499996 0.36586991874999997 0.1647696484375 0.517902440625 0.1636856375 0.5154634140625001 0.06504065
0 0.6731869921875 0.0607046078125 0.51952845625 0.067208671875 0.5187154484375001 0.161517615625 0.6691219515625 0.1636856375 0.6731869921875 0.0607046078125
0 0.834975609375 0.04552845625 0.6715609765624999 0.058536585937499996 0.672373984375 0.15934959531249998 0.8333495937500001 0.147425475 0.834975609375 0.04552845625
0 0.998 0.032 0.8374146343750001 0.048780487500000004 0.8325365859374999 0.15067750625 0.998 0.1413333328125 0.998 0.032
0 0.5170894296874999 0.16693766875 0.3666829265625 0.16585365937500002 0.365056909375 0.2644986453125 0.516276421875 0.27208672031250003 0.5170894296874999 0.16693766875
0 0.66586991875 0.1604336046875 0.517902440625 0.16802167968749998 0.517902440625 0.2688346875 0.6642439015625 0.2644986453125 0.66586991875 0.1604336046875
0 0.8284715437499999 0.1485094859375 0.667495934375 0.15934959531249998 0.665056909375 0.2644986453125 0.8284715437499999 0.25799457812500004 0.8284715437499999 0.1485094859375
0 0.998 0.1413333328125 0.834975609375 0.1495934953125 0.8309105703125 0.25907859218749996 0.9975772359375 0.25474254687500003 0.998 0.1413333328125
0 0.36343089375000004 0.2666666671875 0.3609918703125 0.3663956640625 0.510585365625 0.37073170625 0.5138373984375 0.274254740625 0.36343089375000004 0.2666666671875
0 0.665056909375 0.2623306234375 0.5130243906249999 0.27317073125 0.51465040625 0.3685636859375 0.66343089375 0.36531165312499997 0.665056909375 0.2623306234375
0 0.8227804875 0.260162603125 0.66586991875 0.26558265625 0.6642439015625 0.3663956640625 0.8227804875 0.36422764218750003 0.8227804875 0.260162603125
0 0.998 0.2613333328125 0.8276585359374999 0.2623306234375 0.8227804875 0.36964769531249997 0.9967642281250001 0.36531165312499997 0.998 0.2613333328125
0 0.3626178859375 0.36964769531249997 0.36424390156249997 0.46612466093749994 0.51465040625 0.46937669375 0.516276421875 0.36964769531249997 0.3626178859375 0.36964769531249997
0 0.6609918703125001 0.37073170625 0.5170894296874999 0.3718157171875 0.5113983734375 0.463956640625 0.6609918703125001 0.4737127359375 0.6609918703125001 0.37073170625
0 0.661804878125 0.3685636859375 0.6626178859375 0.4715447140625 0.8244065046875001 0.4715447140625 0.8235934953124999 0.36964769531249997 0.661804878125 0.3685636859375
0 0.998 0.36266666718749996 0.8260325203125 0.36531165312499997 0.8244065046875001 0.472628725 0.9926991859375001 0.4769647703125 0.998 0.36266666718749996
0 0.5113983734375 0.48888888750000004 0.5130243906249999 0.46829268281249997 0.36424390156249997 0.4737127359375 0.36424390156249997 0.56693766875 0.39269918593750003 0.5680216796875001 0.3951382125 0.491056909375 0.5113983734375 0.48888888750000004
0 0.567495934375 0.5723577234375 0.6609918703125001 0.57452574375 0.6609918703125001 0.475880759375 0.5130243906249999 0.4737127359375 0.510585365625 0.48780487656249993 0.565056909375 0.49430894375 0.567495934375 0.5723577234375
0 0.8219674796875 0.4704607046875 0.6609918703125001 0.47479674687499995 0.6626178859375 0.5734417328125 0.8195284562499999 0.577777778125 0.8219674796875 0.4704607046875
0 0.9926991859375001 0.4769647703125 0.8203414640625001 0.47479674687499995 0.816276421875 0.5788617890625 0.9894471546875 0.5886178859375 0.9926991859375001 0.4769647703125
0 0.396764228125 0.4953929546875 0.3943252046875 0.60704606875 0.561804878125 0.6048780484375 0.5626178859375 0.4986449859375 0.396764228125 0.4953929546875
0 0.747983740625 0.60704606875 0.7235934953125 0.5799458 0.572373984375 0.5756097578125 0.565056909375 0.605962059375 0.56830894375 0.7089430906249999 0.7439187 0.719783196875 0.747983740625 0.60704606875
0 0.3943252046875 0.6102981046875 0.3951382125 0.70569105625 0.5642439015625 0.7089430906249999 0.565056909375 0.6081300796875 0.3943252046875 0.6102981046875
0 0.391886178125 0.7078590765625 0.391886178125 0.8205962046874999 0.5642439015625 0.8227642265625 0.56343089375 0.7132791328125 0.391886178125 0.7078590765625
0 0.5666829265625 0.7132791328125 0.56343089375 0.834688346875 0.7447317078125 0.8411924109375001 0.7406666656249999 0.7208672078125 0.5666829265625 0.7132791328125
0 0.54717073125 0.8260162609374999 0.3894471546875 0.8205962046874999 0.3870081296875 0.79674796875 0.374 0.8401084000000001 0.3748130078125 0.9441734421874999 0.5463577234375 0.9344173437500001 0.54717073125 0.8260162609374999
0 0.565056909375 0.8357723578125 0.5626178859375 0.9387533859375001 0.7447317078125 0.9615176156249999 0.74229268125 0.8466124671875 0.565056909375 0.8357723578125
0 0.367495934375 0.569105690625 0.361804878125 0.6644986453125 0.3943252046875 0.66558265625 0.3943252046875 0.56693766875 0.367495934375 0.569105690625
0 0.3593658546875 0.6644986453125 0.36017886250000003 0.765311653125 0.3910731703125 0.765311653125 0.396764228125 0.6688346875 0.3593658546875 0.6644986453125
0 0.39269918593750003 0.7609756109375 0.3609918703125 0.7663956640625 0.36424390156249997 0.8628726296875 0.3910731703125 0.797831978125 0.39269918593750003 0.7609756109375
0 0.8187154484375 0.6775067765625 0.8203414640625001 0.5810298109375001 0.7268455281249999 0.5821138218749999 0.74960975625 0.60921409375 0.7463577234375001 0.6785907859375 0.8187154484375 0.6775067765625
0 0.9894471546875 0.59078590625 0.8195284562499999 0.5788617890625 0.8179024406250001 0.676422765625 0.980504065625 0.692682928125 0.9894471546875 0.59078590625
0 0.7748130078125001 0.73495935 0.8154634140624999 0.7392953921875 0.8179024406250001 0.6818428187500001 0.7487967484375 0.6818428187500001 0.7414796734375 0.7837398375 0.7691219515625 0.785907859375 0.7748130078125001 0.73495935
0 0.967495934375 0.8021680218749999 0.98213008125 0.7989159890625 0.9837560984374999 0.6915989140625001 0.8170894296875 0.6829268296875 0.8170894296875 0.7403794031250001 0.967495934375 0.7414634140625 0.967495934375 0.8021680218749999
0 0.7715609765625 0.7848238484375 0.7439187 0.785907859375 0.747983740625 0.9615176156249999 0.7691219515625 0.9636856375 0.7715609765625 0.7848238484375
0 0.982943090625 0.8032520312500001 0.9691219515625 0.8021680218749999 0.9691219515625 0.9073170718749999 0.9837560984374999 0.9029810296875 0.982943090625 0.8032520312500001