0 0.080209790625 0.06814774375 0.0886013984375 0.23694446406249997 0.523566434375 0.254767721875 0.54034965 0.0870194265625 0.517972028125 0.073389878125 0.080209790625 0.06814774375
0 0.5431468546875 0.0639540375 0.5263636359375 0.2453318796875 0.998 0.260869565625 0.998 0.07646176875 0.5431468546875 0.0639540375
0 0.9976923078125 0.2631551359375 0.5193706296875 0.2495255859375 0.5109790203125 0.4130801734375 0.9781118875000001 0.43195185625 0.998 0.3523238375 0.9976923078125 0.2631551359375
0 0.50818181875 0.4130801734375 0.5039860140625 0.5651020640625 0.9487412578125 0.590264309375 0.9767132859375 0.4330002828125 0.50818181875 0.4130801734375
0 0.506783215625 0.5651020640625 0.49699300625 0.708736540625 0.9207692296875001 0.7349472109375 0.9515384625 0.5955064421875 0.506783215625 0.5651020640625
0 0.5025874124999999 0.7055912609375 0.49979020937499996 0.8355961875 0.899790209375 0.8670489921875 0.9263636359375 0.737044065625 0.5025874124999999 0.7055912609375
0 0.5025874124999999 0.7045428328125001 0.1095804203125 0.676235309375 0.1095804203125 0.7989012484375 0.48860139843750006 0.8324509078125001 0.5025874124999999 0.7045428328125001
0 0.49279720156250006 0.6982522734375001 0.5025874124999999 0.5661504921875 0.09559440625 0.5451819546875 0.1025874125 0.6772837359375 0.49279720156250006 0.6982522734375001
0 0.0941958046875 0.39630534375000004 0.09699300625 0.5388913921875 0.49839160781249997 0.571392625 0.5025874124999999 0.41727387968749996 0.0941958046875 0.39630534375000004
0 0.49559440625000006 0.412031746875 0.512377621875 0.254767721875 0.0886013984375 0.241138171875 0.0886013984375 0.39630534375000004 0.49559440625000006 0.412031746875
0 0 0.22488755624999998 0.0606293703125 0.223314915625 0.0438461546875 0.0524213421875 0 0.037481259375 0 0.22488755624999998
0 0 0.40329835156250005 0.0662237765625 0.3868695015625 0.062027971875 0.22436334375000003 0 0.2308845578125 0 0.40329835156250005
0 0 0.5712143921874999 0.0788111875 0.5399398203125 0.0662237765625 0.3879179296875 0 0.4017991 0 0.5712143921874999
0 0 0.7301349328125 0.0913986015625 0.6730900281250001 0.080209790625 0.5399398203125 0 0.5667166421875 0 0.7301349328125
0 0 0.8875562218749999 0.09559440625 0.7999496765624999 0.0913986015625 0.6730900281250001 0 0.7316341828125 0 0.8875562218749999
0 0.045244756250000004 0.0524213421875 0.0592307703125 0.22646019687500002 0.0886013984375 0.23275075781250001 0.0760139859375 0.0670993171875 0.045244756250000004 0.0524213421875
0 0.0886013984375 0.23379918437499997 0.062027971875 0.22750862343749997 0.0690209796875 0.3900147828125 0.08440559375 0.4004990515625 0.0886013984375 0.23379918437499997
0 0.0886013984375 0.3984021984375 0.07181818125 0.3900147828125 0.0816083921875 0.5388913921875 0.1011888125 0.5420366750000001 0.0886013984375 0.3984021984375