0 0.8796759796875 0.821113803125 0.8954707187500001 0.7994883859375 0.9071321031249999 0.7550960640625 0.8599134718749999 0.5960321578125 0.580257984375 0.567171209375 0.56888315 0.7798801281250001 0.8796759796875 0.821113803125
0 0.5537777171875 0.7911811609375 0.57890655 0.5646154828125 0.5364784171875 0.6106249953125 0.5537777171875 0.7911811609375
0 0.570234584375 0.7824358546875 0.538566046875 0.8105869625000001 0.8328229546875001 0.84546621875 0.8810274124999999 0.8236695296875001 0.570234584375 0.7824358546875
0 0.5382745140625 0.8116967703125001 0.51937913125 0.8374253093749999 0.75008898125 0.8601031125 0.8389179984374999 0.8453647421875001 0.5382745140625 0.8116967703125001
0 0.5158016609375 0.8356432781249999 0.50369063125 0.850945959375 0.7168837156250001 0.8787035328125 0.7539579859375001 0.8607753328125 0.5158016609375 0.8356432781249999
0 0.8765481546875 0.8484214171875 0.8339890921875 0.8410269859374999 0.72181261875 0.8830412890625 0.8689410734375 0.9004809187499999 0.8765481546875 0.8484214171875
0 0.9077151703125 0.7528764484375 0.9437864015624999 0.6001605234375 0.866591584375 0.5937110640625 0.9077151703125 0.7528764484375
0 0.8649486171874999 0.592265146875 0.9399173953125001 0.599488303125 0.9719499765625 0.49447943906249997 0.97403133125 0.4547648296875 0.8241165640625001 0.43198995625 0.8649486171874999 0.592265146875
0 0.571067284375 0.401949403125 0.55868691875 0.564583803125 0.8572282015624999 0.5918778109375 0.8238250296875 0.4330997640625 0.571067284375 0.401949403125
0 0.2818652265625 0.5942382484375 0.2827126484375 0.6141133187500001 0.49773399375 0.650311771875 0.498344246875 0.6248876625 0.514062425 0.50344931875 0.3117079921875 0.4729330625 0.2818652265625 0.5942382484375
0 0.5195225234375 0.467263240625 0.304501178125 0.4310647875 0.3156041796875 0.4504007921875 0.5193100453125 0.4834727734375 0.5195225234375 0.467263240625
0 0.5173483609375 0.5063411546875 0.5203699453125 0.48713830781249995 0.31231824375 0.4475089546875 0.310356559375 0.4703773359375 0.5173483609375 0.5063411546875
0 0.501603 0.6509839937499999 0.28716472187500003 0.612565925 0.29188115 0.6331132125 0.501603 0.6509839937499999
0 0.5144552109375 0.6636611484375 0.5018945359375 0.6498741859375 0.29323258281250003 0.6356689390625 0.29378846875 0.6566538140625 0.49508300156249996 0.6835045359375 0.5144552109375 0.6636611484375
0 0.31156958437500004 0.6736687265625 0.49402310156249996 0.6798390015625 0.2905025328125 0.653761978125 0.31156958437500004 0.6736687265625
0 0.30394529062500003 0.4100799109375 0.3009237046875 0.4292827578125 0.5228084609375 0.4701550765625 0.5274730140624999 0.45239814999999994 0.30394529062500003 0.4100799109375
0 0.3020379703125 0.38653930625 0.29930792031250003 0.404632346875 0.5277645484375 0.451288340625 0.536404346875 0.42609886562500005 0.3020379703125 0.38653930625
0 0.582227146875 0.2901632203125 0.35705645625 0.2463990640625 0.3123207359375 0.3627957515625 0.2984605 0.384757278125 0.5408564218749999 0.42455146875 0.582227146875 0.2901632203125
0 0.2590836265625 0.30364625 0.2526995421875 0.22014433281249998 0.0777196859375 0.193223815625 0.01801195625 0.289612278125 0.0232052125 0.3160447171875 0.255928621875 0.35415835625000003 0.247449428125 0.3248340796875 0.2590836265625 0.30364625
0 0.254285653125 0.35271243750000003 0.022039074999999998 0.3204839484375 0.0360302421875 0.351926365625 0.258419009375 0.37547934375 0.254285653125 0.35271243750000003
0 0.260061978125 0.3769252609375 0.0360302421875 0.351926365625 0.0592170921875 0.379164184375 0.265838303125 0.40113808593750006 0.260061978125 0.3769252609375
0 0.0596939234375 0.385049334375 0.064808121875 0.39638204843749997 0.27142933281250003 0.41835595000000003 0.2705819125 0.398480884375 0.0596939234375 0.385049334375
0 0.0703200953125 0.3985001875 0.0736850890625 0.41649175156249996 0.271110615625 0.44267025000000004 0.2692032953125 0.4191296484375 0.0703200953125 0.3985001875
0 0.275562690625 0.44112285625 0.0756195921875 0.4168278609375 0.0730748375 0.441915859375 0.2744756078125 0.46066181406249995 0.275562690625 0.44112285625
0 0.798997703125 0.31970282499999997 0.5844531843749999 0.2893895234375 0.5578173 0.398486821875 0.8077659374999999 0.432630496875 0.798997703125 0.31970282499999997
0 0.8025454984374999 0.42940254843750003 0.9741949375000001 0.45164305000000005 0.9799945875 0.3409791390625 0.7899082578125001 0.31580265625 0.8025454984374999 0.42940254843750003
0 0.7638851171875001 0.3147626453125 0.9800798437499999 0.3393523578125 0.9807736281249999 0.326114146875 0.785298071875 0.2871506015625 0.7638851171875001 0.3147626453125
0 0.7749362484375 0.29579443125 0.512029159375 0.2570783671875 0.510942078125 0.276617325 0.7754921343750001 0.31677930781249997 0.7749362484375 0.29579443125
0 0.7875512921875 0.2631724109375 0.766778265625 0.15744265 0.526316846875 0.11798457031250001 0.52122484375 0.2528737703125 0.7774538203125 0.293910925 0.7875512921875 0.2631724109375
0 0.256143590625 0.2532356203125 0.3491059671875 0.26126415625 0.357347990625 0.24528925625000003 0.5045555015625001 0.2778286109375 0.5014820421875 0.2587272390625 0.251931178125 0.21536899062499998 0.256143590625 0.2532356203125
0 0.347939828125 0.2657033890625 0.2542090890625 0.252899509375 0.2582362078125 0.28377118125 0.33784235625000003 0.2964419015625 0.347939828125 0.2657033890625
0 0.3287257296875 0.315746228125 0.2562745203125 0.30663956406250004 0.2528551625 0.3350569859375 0.32143736562499997 0.343491428125 0.3287257296875 0.315746228125
0 0.3359078546875 0.29610579062500003 0.2568847734375 0.2812154546875 0.2540484828125 0.3074132625 0.3270827609375 0.314300309375 0.3359078546875 0.29610579062500003
0 0.31891979375 0.3453749328125 0.2650452484375 0.3348540328125 0.261149059375 0.3573863046875 0.313089103125 0.36757109374999997 0.31891979375 0.3453749328125
0 0.5243823437499999 0.11764845937499999 0.279760384375 0.07862796562499999 0.24936173281250001 0.1789482765625 0.2555086484375 0.21715101875 0.5133805921875 0.2596340953125 0.5243823437499999 0.11764845937499999
0 0.3340120828125 0 0.2861469625 0.07741668125 0.542084403125 0.11956364531250001 0.553402378125 0.037976915625 0.3474435375 0 0.3340120828125 0
0 0.7632032875 0.0709474203125 0.55978895625 0.0367656296875 0.5423759390625 0.1184538390625 0.7783852828125 0.1594593140625 0.7632032875 0.0709474203125
0 0.763494821875 0.06983761250000001 0.781300628125 0.14836123437499998 0.9879948296875 0.188325425 0.9906244171875 0.1381499 0.9732957296875 0.10280811875 0.763494821875 0.06983761250000001
0 0.7830720328125 0.2879243 0.9809220609375 0.3232818734375 0.988176859375 0.1848520703125 0.7860442375 0.14570402968750001 0.7830720328125 0.2879243