0 0 0.448294715625 0.049548235937500004 0.442714153125 0 0.234135775 0 0.448294715625
0 0 0.635939225 0.0028577406249999998 0.6511965125 0.103794971875 0.6346686 0.0480778109375 0.44088727812500006 0 0.44676389375000003 0 0.635939225
0 0.0400491328125 0.8310539109375 0.167861778125 0.8057597734374999 0.20040909375 0.7204497203125 0.17681091875 0.6194847218749999 0.108832940625 0.632364484375 0.005755021875 0.6561039796875 0.0400491328125 0.8310539109375
0 0.074965465625 0.987314759375 0.20617183125 0.9502562687499999 0.2435168578125 0.8845522375 0.20166913593750002 0.721236728125 0.1683213328125 0.806698171875 0.0415195609375 0.8328807921875001 0.074965465625 0.987314759375
0 0.20548859218749999 0.949368484375 0.07213278437500001 0.9863449453124999 0.07494481875 0.9987893640625 0.2710468078125 0.9965075109375 0.24441346406250003 0.8858335687500001 0.20548859218749999 0.949368484375
0 0 0.22082116406250002 0.22856289843750002 0.18171709062500002 0.2028297453125 0.0572198234375 0 0.1060786859375 0 0.22082116406250002
0 0 0.2239716375 0.04718358125 0.4415430234375 0.2700465796875 0.397360625 0.2287986359375 0.1855787375 0 0.2217277546875 0 0.2239716375
0 0.0514543328125 0.44684905625000004 0.10709969374999999 0.6342389625 0.3103715078125 0.588776759375 0.2691332703125 0.40074803125 0.0514543328125 0.44684905625000004
0 0.241776015625 0.6053004578125 0.27294516406249997 0.7751665953125 0.517148984375 0.725843490625 0.49512590625 0.5537741921875 0.241776015625 0.6053004578125
0 0.270689090625 0.7747035453125 0.29801781250000003 0.9342886796875 0.541000209375 0.8733019140625 0.5176159218749999 0.7250450625 0.270689090625 0.7747035453125
0 0.541459946875 0.8761052546875 0.2993575 0.9352931140624999 0.3122517484375 0.996028046875 0.4982346984375 0.9938639390624999 0.5497435296875001 0.9814561796874999 0.541459946875 0.8761052546875
0 0.42163142656249997 0 0.20404737343749998 0.05241296875 0.22882172500000003 0.1816471890625 0.4478997921875 0.1458595109375 0.4265558875 0 0.42163142656249997 0
0 0.2296506765625 0.18603717343749998 0.2650253359375 0.39746785 0.47979571718749997 0.35550829687499996 0.44889245468750005 0.1478883421875 0.2296506765625 0.18603717343749998
0 0.2710518171875 0.4030972140625 0.310774053125 0.5856749375 0.495192440625 0.5522834375000001 0.47015697031250003 0.35973235468750003 0.2710518171875 0.4030972140625
0 0.42656369843749997 0 0.44903618593749994 0.146736984375 0.7345989640624999 0.10193573593750001 0.726433178125 0 0.42656369843749997 0
0 0.45108397812499995 0.14682512187500002 0.480014584375 0.35643570156250004 0.7357336125 0.3177138765625 0.7312328609375001 0.10307590625 0.45108397812499995 0.14682512187500002
0 0.4710091671875 0.3617795046875 0.49711779375000004 0.5552359906250001 0.737506925 0.49597078281250007 0.72017003125 0.3221423359375 0.4710091671875 0.3617795046875
0 0.5148395531250001 0.7106277375000001 0.6948051234375 0.6679559453125 0.6796991390625 0.51193409375 0.49646385156250006 0.5553935171875 0.5148395531250001 0.7106277375000001
0 0.515624565625 0.7111180453125 0.5409356812499999 0.873513915625 0.71370509375 0.82578150625 0.6946740578124999 0.667308109375 0.515624565625 0.7111180453125
0 0.5425057015625 0.874494534375 0.5497435296875001 0.9814561796874999 0.7197688765625 0.9404994421874999 0.7144901031249999 0.8262718140624999 0.5425057015625 0.874494534375
0 0.8579750625000001 0.4632135125 0.7388148125 0.49565573125 0.6801427734375001 0.5103508796875 0.6957979140624999 0.6663981140625 0.8650788531250001 0.627054046875 0.8579750625000001 0.4632135125
0 0.6941417796875 0.6653637078125 0.7157316609375 0.8257147359375001 0.8765951125000001 0.7840982750000001 0.8634227140625 0.626019634375 0.6941417796875 0.6653637078125
0 0.7159290578124999 0.8266045999999999 0.7197688765625 0.9404994421874999 0.8897942249999999 0.8995427015624999 0.8771388578125 0.78315905 0.7159290578124999 0.8266045999999999
0 0.72574101875 0 0.7362483703125 0.0985162234375 0.81544281875 0.0785022734375 0.903836525 0.0536952875 0.89297318125 0 0.72574101875 0
0 0.8276183937500001 0.292979621875 0.9457778109375001 0.2610024921875 0.9029359734375 0.057426390625000004 0.8168852375 0.0762805859375 0.7344443890625 0.098950778125 0.7370414984375 0.31739882656249996 0.8276183937500001 0.292979621875
0 0.9457778109375001 0.2610024921875 0.723570815625 0.322002540625 0.73868235625 0.49161119375 0.9798551062499999 0.4294395953125 0.9457778109375001 0.2610024921875
0 0.8546705703124999 0.4626982703125 0.867656565625 0.6273249671875 0.9822343640625 0.59892923125 0.9862467578125 0.46103222343750005 0.9798551062499999 0.4294395953125 0.8546705703124999 0.4626982703125
0 0.8788626453124999 0.7831539046875 0.9776235484375 0.7573927 0.9822395234375 0.5987519265625 0.866687415625 0.626719646875 0.8788626453124999 0.7831539046875
0 0.8897942249999999 0.8995427015624999 0.9740781578125001 0.8792398765625 0.9776356578125001 0.7569765296875001 0.876278825 0.7829375421875 0.8897942249999999 0.8995427015624999