0 0.2147355234375 0.1747754078125 0.30330945625 0.18034258281249999 0.36988193593749996 0.17528016562499998 0.4133054921875 0.173635225 0.425635571875 0.112682325 0.3809484609375 0.05980375156249999 0.22481452968750001 0.061389178125 0.2147355234375 0.1747754078125
0 0.2714718625 0.320121321875 0.29670067499999997 0.32123872656249997 0.302090303125 0.2052660015625 0.284303725 0.183034025 0.126900890625 0.180155475 0.1165902515625 0.3163749296875 0.2714718625 0.320121321875
0 0.467978528125 0.324242059375 0.49033305 0.330549478125 0.5004837390625 0.206286909375 0.48241577968750005 0.17750076875 0.302040553125 0.17587860625 0.2993101640625 0.3192903421875 0.467978528125 0.324242059375
0 0.4985306328125 0.170203540625 0.42275593125000005 0.167931878125 0.4837729484375 0.1808842015625 0.502193978125 0.20534816875 0.4985306328125 0.170203540625
0 0.500207703125 0.14967320625 0.49237977187500004 0.3154927609375 0.7037489734375 0.31764809375 0.712387890625 0.1518994390625 0.500207703125 0.14967320625
0 0.6839039062500001 0.090643096875 0.5697646765625 0.0980764921875 0.563359709375 0.1464882703125 0.695622 0.147168875 0.6839039062500001 0.090643096875
0 0.9030684078125001 0.0673616796875 0.7234159015625 0.0668909640625 0.6960467515625 0.13197035625 0.6945462140625 0.15033960625 0.7114886390625 0.15290908125 0.7093151343749999 0.1995142796875 0.7385106078125 0.2020667359375 0.7597781078125 0.15168955 0.8973476453125 0.14739284531250002 0.9030684078125001 0.0673616796875
0 0.7469959937499999 0.31816424374999996 0.980807984375 0.3255464484375 0.992585996875 0.15136614843750001 0.763110315625 0.1508926140625 0.7367121 0.20408601875 0.7279736812500001 0.3110598859375 0.7469959937499999 0.31816424374999996
0 0.739409859375 0.20105709218749998 0.7115715578125 0.2018880734375 0.704383425 0.3198800828125 0.728061946875 0.30997934374999997 0.739409859375 0.20105709218749998
0 0.1158675328125 0.3152234859375 0.104922440625 0.449210953125 0.21620396249999999 0.456763371875 0.22642633750000002 0.321624459375 0.1158675328125 0.3152234859375
0 0.2232706609375 0.320260309375 0.21817900156249997 0.452583 0.3389275484375 0.4642278703125 0.3461707796875 0.32556371875 0.2232706609375 0.320260309375
0 0.4572431375 0.47566003281249997 0.48409391875 0.476919240625 0.49214813749999997 0.33832599218750004 0.4671675421875 0.3241711578125 0.3454480609375 0.324412271875 0.34046125156249996 0.46545021562500005 0.4572431375 0.47566003281249997
0 0.4900350828125 0.3141995140625 0.48742612812499997 0.47612230312500003 0.632769034375 0.4866525859375 0.6414079546875 0.32090393281249996 0.4900350828125 0.3141995140625
0 0.643118190625 0.3199651921875 0.6301595437499999 0.48860097031249994 0.7944199140625 0.49752035625 0.806197925 0.323340053125 0.643118190625 0.3199651921875
0 0.80781989375 0.3234818578125 0.7972059359375 0.49341088437499997 0.9627352078125 0.50679425 0.975324203125 0.33268485000000003 0.80781989375 0.3234818578125
0 0.0839807234375 0.58558923125 0.2352819109375 0.60316999375 0.2754449421875 0.5914456484375 0.285049446875 0.46387054375 0.1042879890625 0.4469789609375 0.092228059375 0.45463069375 0.0839807234375 0.58558923125
0 0.447302146875 0.6173531109375 0.4701696875 0.60738146875 0.4813078953125 0.48102871093750005 0.4572431375 0.47566003281249997 0.285049446875 0.46387054375 0.2752849921875 0.6034025359374999 0.447302146875 0.6173531109375
0 0.4817658140625 0.4854217890625 0.47455574843750004 0.6436775390625 0.6831555078125 0.659738140625 0.691159978125 0.4917574953125 0.4817658140625 0.4854217890625
0 0.7434498078125 0.6715390171875 0.9764673984375 0.688646121875 0.9845435453125001 0.509789134375 0.7328732953125 0.4910512953125 0.7259280328125 0.6460654124999999 0.7434498078125 0.6715390171875
0 0.7311630578125 0.49199003750000003 0.690260725 0.4927671390625 0.687248953125 0.629624709375 0.72663416875 0.637421059375 0.7311630578125 0.49199003750000003
0 0.1908050359375 0.72769633125 0.20365348437500003 0.600404834375 0.0809133171875 0.5831445375000001 0.069068971875 0.718141646875 0.1735261265625 0.73924483125 0.1908050359375 0.72769633125
0 0.20365348437500003 0.600404834375 0.191825725 0.7451977421875 0.311305365625 0.7523786328125001 0.322233875 0.60859536875 0.272940303125 0.6021092859375 0.2737347046875 0.592384390625 0.23753833124999998 0.6055437859375 0.20365348437500003 0.600404834375
0 0.316171278125 0.752804040625 0.43467998437500005 0.7718709203125 0.4662420796875 0.7354528828125 0.472144725 0.6032010953125 0.4463146296875 0.6194433015625 0.323044859375 0.6086662703125 0.316171278125 0.752804040625
0 0.619986921875 0.6531272796875001 0.4728455109375 0.6446162796875 0.45987028125 0.803456259375 0.6076627265625001 0.8239950468749999 0.619986921875 0.6531272796875001
0 0.638639584375 0.6547580140625 0.6292062640625 0.830231565625 0.7841044593750001 0.8437737546875 0.7958107875 0.6804697921875 0.74660548125 0.67290316875 0.7265459015625 0.638501603125 0.688236471875 0.627534521875 0.6849540140625 0.65771885625 0.638639584375 0.6547580140625
0 0.9651136015624999 0.6876535015624999 0.8010297671875 0.6765730249999999 0.7818480375 0.8413999625 0.95081436875 0.8627016421875 0.9651136015624999 0.6876535015624999
0 1 0.5024343499999999 0.99011559375 0.5015701921875 0.9909816796875001 0.4809689515625 0.9691733421875 0.4779740671875 0.9633696625000001 0.5090262375 0.985442796875 0.5087794921875 0.9802794546875001 0.651978525 1 0.6562908171874999 1 0.5024343499999999
0 0.0426638015625 0.341471375 0.082683465625 0.35149971406249997 0.11305957656250001 0.3595966953125 0.11306492500000001 0.3095371578125 0.08214263125 0.2981276453125 0.0449255734375 0.29378563125 0.0426638015625 0.341471375
0 0.040153812500000004 0.4021945484375 0.0766481515625 0.40538511718750003 0.1113439875 0.410594971875 0.115580796875 0.35872885625 0.08331791875 0.35373170625 0.0414997484375 0.34572265 0.040153812500000004 0.4021945484375
0 0.076190234375 0.4009920390625 0.037809123437499995 0.40090130156250003 0.0354756671875 0.45946338593749997 0.065393859375 0.46316728593749995 0.0805377796875 0.46775604531250004 0.0836105375 0.42014120625 0.10739391250000001 0.418955715625 0.1122432390625 0.4095853296875 0.076190234375 0.4009920390625
0 0.07882754374999999 0.46869478593749997 0.088294565625 0.47278723906250003 0.08907238437500001 0.45326654531250005 0.10564515781249999 0.450362396875 0.10739391250000001 0.418955715625 0.083434003125 0.42230229531249996 0.07882754374999999 0.46869478593749997
0 0.0737685109375 0.46063466875000003 0.0404298484375 0.45880825156249994 0.036584623437500005 0.4758842515625 0.0409209328125 0.48279292656250006 0.040705884375 0.51542195 0.0657581609375 0.5187004453124999 0.08765476562499999 0.5206147859375 0.090815790625 0.4719194 0.0737685109375 0.46063466875000003
0 0.0455600234375 0.296017621875 0.0341013796875 0.286309746875 0.031221740625 0.3415592984375 0.0403191125 0.3401781265625 0.0455600234375 0.296017621875
0 0.043651321874999996 0.3393811890625 0.029864570312499998 0.3381758625 0.026543596875 0.3988281359375 0.0395193625 0.39996255937499997 0.043651321874999996 0.3393811890625
0 0.039607628125 0.39888201562500003 0.025362959375 0.3932836109375 0.0242984078125 0.4563096765625 0.0373624390625 0.45636355625 0.039607628125 0.39888201562500003
0 0.041715334375 0.473068028125 0.0231509375 0.47035675 0.0201413515625 0.49430418125 0.0222219421875 0.5453655359375 0.037335159374999996 0.5466868296875 0.041715334375 0.473068028125
0 0.038057876562499995 0.5478382734375 0.0560760875 0.5472370203125 0.0546804015625 0.574321525 0.08549784375 0.5770157828125 0.08846575 0.5206856875 0.0405293484375 0.5175830421875001 0.038057876562499995 0.5478382734375