0 0.4903191609375 0.089697771875 0.47879361875 0.19379861874999998 0.5996201328125 0.2046832546875 0.611145675 0.10058240781250001 0.4903191609375 0.089697771875
0 0.23632175625000001 0.071833946875 0.23714058593749998 0.1720293484375 0.3582050296875 0.178374065625 0.3573861984375 0.0781786640625 0.23632175625000001 0.071833946875
0 0.0798896890625 0.0454261453125 0.0314639125 0.042888259375 0.025515739062499997 0.15638617500000002 0.098154403125 0.1601930046875 0.1344737359375 0.1620964203125 0.11573316874999999 0.0564093953125 0.0798896890625 0.0454261453125
0 1 0.234568478125 0.768872428125 0.2181057765625 0.743337025 0.35789148437499996 0.9794126890625 0.370263684375 1 0.281659078125 1 0.234568478125
0 0.525421028125 0.346470990625 0.7430990984375 0.3624314015625 0.7628192046875 0.21778854062500003 0.5388499859375 0.2060508125 0.525421028125 0.346470990625
0 0.2891074390625 0.3386387046875 0.5251831015625 0.35101090625000003 0.533034690625 0.20119365781249998 0.2971969546875 0.184281540625 0.2891074390625 0.3386387046875
0 0.028818884375 0.3249975609375 0.283054215625 0.33832147031250004 0.2911437328125 0.1839643046875 0.025039884374999998 0.1654660078125 0.028818884375 0.3249975609375
0 1 0.28762014375 0.9733594671875 0.3699464484375 1 0.37134261875 1 0.28762014375
0 1 0.3742209640625 0.9733594671875 0.3699464484375 0.9364314 0.4954779328125 1 0.49880942343749995 1 0.3742209640625
0 0.7004886156250001 0.364750665625 0.6836236343750001 0.45491452499999996 0.736912996875 0.48046923125 0.9364314 0.4954779328125 0.9670683171875 0.3741691296875 0.7430990984375 0.3624314015625 0.7004886156250001 0.364750665625
0 0.47009536875 0.475590684375 0.67614285 0.4818367890625 0.7007265421875 0.36021074999999997 0.48281054687499997 0.3487902546875 0.47009536875 0.475590684375
0 0.23935914687499998 0.47715546875000003 0.4698574421875 0.4801306 0.48281054687499997 0.3487902546875 0.2346284375 0.33578358124999996 0.23935914687499998 0.47715546875000003
0 0.015151999999999999 0.46995765624999997 0.23935914687499998 0.47715546875000003 0.2346284375 0.33578358124999996 0.0164745140625 0.3289030046875 0.015151999999999999 0.46995765624999997
0 1 0.498809421875 0.9364314 0.4954779328125 0.9123235624999999 0.6080241421875 0.9965928171874999 0.6215452781249999 1 0.5881594031249999 1 0.498809421875
0 0.730726896875 0.5985070640625 0.9062703390625 0.6077069046875 0.9424846234375 0.49579517031250003 0.7427282921875 0.48532638281249996 0.730726896875 0.5985070640625
0 0.5303896640625 0.483302959375 0.5186261953125 0.5919437234375 0.5602849703125 0.6077841234375 0.7302510421874999 0.607586896875 0.7424903656249999 0.4898663 0.5664710703125 0.48974629218750004 0.5303896640625 0.483302959375
0 0.2881279 0.5889685906250001 0.499990675 0.6000718484374999 0.5122299984375001 0.48235125156249997 0.29383814531249997 0.4800105921875 0.2881279 0.5889685906250001
0 0.0329408609375 0.593804346875 0.2694923796875 0.5970967171875 0.2754405546875 0.4835988015625 0.020967296875 0.47481480937500004 0.0329408609375 0.593804346875
0 1 0.621590825 0.9120856343750001 0.6125640578125 0.8889295015625001 0.7069505984375 0.9978875 0.7126608453125 1 0.6723519578125 1 0.621590825
0 0.7180117203124999 0.72530749375 0.8821624984374999 0.7202531125 0.9060324124999999 0.612246821875 0.7363042640625 0.607904134375 0.7180117203124999 0.72530749375
0 0.5240706828125 0.719695859375 0.7180117203124999 0.72530749375 0.7360663375 0.61244405 0.52978093125 0.6107378609375 0.5240706828125 0.719695859375
0 0.30591676093750003 0.7128152828125 0.5240706828125 0.719695859375 0.53001885625 0.6061979453124999 0.31162700781249997 0.603857284375 0.30591676093750003 0.7128152828125
0 0.057020871875000004 0.713428359375 0.287519165625 0.7164034921875 0.2876520453125 0.598048425 0.0569158234375 0.5996132078125 0.057020871875000004 0.713428359375