0 0.06851730624999999 0.60991025 0.1046658734375 0.7635803015625 0.142417753125 0.777518559375 0.1072486859375 0.6045648203125 0.06851730624999999 0.60991025
0 0.034305307812500005 0.4559729265625 0.0658907078125 0.6075372531250001 0.10849522656249999 0.60165728125 0.06945302343750001 0.429238084375 0.034305307812500005 0.4559729265625
0 0.1391011265625 0.7725052953125 0.1930355875 0.7869456484375 0.148473146875 0.5934043140624999 0.110431796875 0.601390009375 0.1391011265625 0.7725052953125
0 0.19234555625 0.78430538125 0.26827230625 0.798446015625 0.208929778125 0.57138301875 0.14833962812499998 0.585216240625 0.19234555625 0.78430538125
0 0.07069956250000001 0.42633054843749996 0.1064251375 0.5937364781250001 0.146403059375 0.5854835109375001 0.1057137578125 0.39140763437500004 0.07069956250000001 0.42633054843749996
0 0.14833962812499998 0.585216240625 0.21017631875 0.5684754812499999 0.1574670453125 0.3514390125 0.10834035625 0.39378063124999996 0.14833962812499998 0.585216240625
0 0.2248688375 0.2792201875 0.1574670453125 0.3514390125 0.210732828125 0.5629276734374999 0.2810058234375 0.547758096875 0.2248688375 0.2792201875
0 0.20823974843749998 0.5687427515625 0.26646925781249997 0.8069013609375 0.34433257500000003 0.8207747234375 0.2862590203125 0.5525040875 0.20823974843749998 0.5687427515625
0 0.3476492046875 0.8257879875 0.5691967546875001 0.8827475843749999 0.5109672484375001 0.6445889765625 0.5250797406250001 0.63717026875 0.5103220859375 0.56534850625 0.30061611875 0.599761628125 0.3476492046875 0.8257879875
0 0.57707655 0.8898665734375 0.906493025 0.9757068765625 0.806282809375 0.6229801328125 0.5148403859374999 0.6440544328125 0.57707655 0.8898665734375
0 1 0.6115594453125001 0.8127825453125 0.6248185828125 0.9091196234375 0.9780798734375 0.9454914437499999 0.9867375953125 1 0.9792147140624999 1 0.6115594453125001
0 1 0.4045539734375 0.9786609687500001 0.32290419375 0.674730715625 0.411353984375 0.66199828125 0.4240532265625 0.707940778125 0.62287509375 1 0.60351970625 1 0.4045539734375
0 0.46920979375 0.38500850937500003 0.5328260171875 0.636101184375 0.700194503125 0.6239441796875 0.6557655828125 0.4385909203125 0.6633783390625 0.42933376093750003 0.6323270171875001 0.310521728125 0.46920979375 0.38500850937500003
0 0.315130253125 0.37891846406249996 0.2535606 0.41203537187499994 0.297299490625 0.5947483671875 0.3818185 0.5803481546875 0.33574248125 0.3733382125 0.315130253125 0.37891846406249996
0 0.22072866093750002 0.26337858281250004 0.2599268171875 0.40568575156250003 0.3329823640625 0.3627771421875 0.29614376875000004 0.2064668234375 0.22072866093750002 0.26337858281250004
0 0.3275956484375 0.3498430765625 0.378501871875 0.5753348921875 0.5121251359375 0.5568931625 0.4421651265625 0.2738500078125 0.3275956484375 0.3498430765625
0 0.2994603953125 0.21148008749999997 0.3281521578125 0.344295271875 0.4453482359375 0.2706751984375 0.4294775609375 0.2099490484375 0.4741746 0.1736897765625 0.384291309375 0.13685582031250002 0.2994603953125 0.21148008749999997
0 0.603368215625 0.161330396875 0.6501353437499999 0.1329919265625 0.5797512640625 0.10167333125 0.431414128125 0.20968177500000001 0.4729494109375 0.37628589375 0.6308134375 0.29705311874999996 0.603368215625 0.161330396875
0 0.6689210078125 0.41215579843750005 0.977280909375 0.31762365937500003 0.911278059375 0.053075903125000004 0.7863633437499999 0.0458004484375 0.601431646875 0.16159766874999998 0.6689210078125 0.41215579843750005