0 0.041554640625 0 0.035016900000000004 0.06264685625000001 0.23068225 0.084923253125 0.25316258281250004 0 0.041554640625 0
0 0.826034828125 0.1859669875 0.9953981140625 0.1995589640625 0.9974102828125 0.0842819171875 0.83821750625 0.069228409375 0.826034828125 0.1859669875
0 0.80727998125 0.2971085203125 0.9934635609375 0.31038941875 0.9953108296875 0.20455951875 0.8258931671875 0.1873244140625 0.80727998125 0.2971085203125
0 0.0212759703125 0.1943171125 0.193428625 0.21332084375 0.23515813593749998 0.0877496671875 0.0345919234375 0.0667191328125 0.0212759703125 0.1943171125
0 0.0061184515625 0.33956162343749996 0.1575629890625 0.3512761921875 0.18628982031250002 0.2131535015625 0.020992653125 0.197031965625 0.0061184515625 0.33956162343749996
0 0 0.4985291421875 0.137221290625 0.5004814171875 0.1670813953125 0.35149931875 0.008214734375000001 0.34233225625 0 0.41099144687500005 0 0.4985291421875
0 0 0.670397221875 0.0929133125 0.6736182609375 0.14574808125 0.5102065203125 0 0.5016422234375 0 0.670397221875
0 0 0.8535229062499999 0.056990471875000004 0.8578376359375 0.10733258125 0.6725955265625 0 0.6711743343750001 0 0.8535229062499999
0 0 0.8981627828125 0.01667890625 0.8555319234375001 0 0.8540328374999999 0 0.8981627828125
0 0 0.957196896875 0.10123853281249999 0.959570084375 0.1087464625 0.88762654375 0.0134207484375 0.88675270625 0 0.92596759375 0 0.957196896875
0 0.2538462453125 0 0.23736747500000002 0.1122948859375 0.8215875468749999 0.1600085609375 0.821020909375 0.1654382625 0.8476501046875 0.13884757187500002 0.82858604375 0.0472306953125 0.2570289625 0 0.2538462453125 0
0 0.19816057812500001 0.12226178437499999 0.1877908640625 0.2444858453125 0.823682475 0.2770818296875 0.8168283421875 0.159896996875 0.19816057812500001 0.12226178437499999
0 0.184277990625 0.2552894671875 0.17515460624999998 0.38842871093750003 0.829261675 0.40648348749999996 0.8253537812499999 0.2839247359375 0.184277990625 0.2552894671875
0 0.8550123140625001 0.411169359375 0.834020878125 0.40659505156250003 0.1699704265625 0.3923894234375 0.1776186609375 0.4333910921875 0.161895859375 0.46976266874999995 0.154303475 0.4967996109375 0.179317215625 0.5314046234375 0.8628294562500001 0.541984225 0.8695718859375001 0.523091834375 0.8739919203125 0.45787963749999994 0.8550123140625001 0.411169359375
0 0.8576452765625 0.5459449390625 0.1667109140625 0.5379128421875 0.1518666671875 0.5430078546875 0.159401846875 0.5622349343749999 0.1339903796875 0.6228728234375 0.1354628203125 0.67733718125 0.15364967812500002 0.685927984375 0.838295190625 0.685648184375 0.8552357203125001 0.6833238046875 0.8576452765625 0.5459449390625
0 0.11271291875 0.8496186328125 0.8253756140625 0.8323059015625001 0.8375569390625 0.8298699578125 0.8238759234374999 0.6866709203125 0.11795565625 0.6850912625000001 0.101098228125 0.846624875 0.11271291875 0.8496186328125
0 0.0953474140625 0.8560152890625 0.0942413890625 0.958045315625 0.4837785546875 0.9678794906249999 0.847527515625 0.944569396875 0.8444124234375 0.832752153125 0.0953474140625 0.8560152890625
0 0.8329448125000001 0.37119042812499997 0.9922230593749999 0.3814577484375 0.993437390625 0.31188870468749996 0.8260334734375 0.300269621875 0.8329448125000001 0.37119042812499997
0 0.834020878125 0.40659505156250003 0.8550123140625001 0.411169359375 0.868128046875 0.4454954640625 0.9909602718749999 0.4538027828125 0.99217631875 0.38413549375 0.832803153125 0.37254785468749996 0.834020878125 0.40659505156250003
0 0.986399821875 0.45507166874999994 0.86770306875 0.44956774062499993 0.8662006718749999 0.5325380296875 0.98265948125 0.53662875 0.986399821875 0.45507166874999994
0 0.8551798671874999 0.61528519375 0.9738766203125 0.620789121875 0.9819511859375 0.543415878125 0.9444442000000001 0.537093671875 0.8612998109375001 0.5337838921875 0.8575036171875 0.5473023640625 0.8551798671874999 0.61528519375
0 0.8286065234375 0.709914496875 0.9641021453124999 0.7144514671875 0.9734516421875 0.6248613984375 0.8595140921875 0.6194690328125 0.8576153203124999 0.6833795859375 0.82597220625 0.689441553125 0.8286065234375 0.709914496875
0 0.9611559078124999 0.7198253890624999 0.8258019437499999 0.713930990625 0.8349226218749999 0.809397015625 0.9541860109375 0.809471240625 0.9611559078124999 0.7198253890624999
0 0.8552330093749999 0.911929075 0.94356158125 0.9112781421875 0.9533360562500001 0.8176157937499999 0.836593928125 0.8162399234375 0.8327977359375 0.8297583953125001 0.8540724890625 0.8316178531249999 0.8552330093749999 0.911929075
0 0.8473859109375 0.9185488562499999 0.8467921140625 0.944616525 0.9391217218750001 0.9386997734375001 0.9404736859374999 0.9180094859375 0.8473859109375 0.9185488562499999