0 0.582233446875 0.0554201109375 0.38962644218750003 0.0300730359375 0.4089828890625 0.167561815625 0.59818645 0.18888996875 0.582233446875 0.0554201109375
0 0.1638639765625 0.0352027609375 0.0026808703125 0.0418344125 0.009315540625 0.145367 0.18473788124999999 0.15495355625 0.1638639765625 0.0352027609375
0 0.1694229546875 0.0349740453125 0.18829730312499998 0.1600058015625 0.407749128125 0.1686523109375 0.3883926890625 0.031163537499999998 0.3599738609375 0.0281738375 0.1694229546875 0.0349740453125
0 0.56971005625 0.35226073593749996 0.5226581875 0.1795206125 0.0095304953125 0.14872131718749998 0.024288203124999998 0.3790121734375 0.549813946875 0.3686754046875 0.56971005625 0.35226073593749996
0 0.5159345625 0.533308215625 0.48557375468749997 0.3692390046875 0.0243328734375 0.3797092421875 0.033440415625 0.5218304671875 0.038795724999999996 0.5573063171875 0.5159345625 0.533308215625
0 0.0394820640625 0.5618529265625 0.0669356640625 0.743717296875 0.577975775 0.7127097874999999 0.5477568203125001 0.540316834375 0.5188700328125 0.5342271734375 0.0394820640625 0.5618529265625
0 0.09576194375 0.9346748859374999 0.608052871875 0.89342648125 0.57952150625 0.71368593125 0.0676220046875 0.7482639062499999 0.09576194375 0.9346748859374999
0 0.6162253796875 1 0.6001823703125 0.8968695140625 0.1002147796875 0.9382347390625 0.10714448750000001 1 0.6162253796875 1
0 0.9631342796875 0.5221869796874999 0.9377367703124999 0.37246989375 0.4875874390625 0.37331510625000003 0.5214935390625 0.5330795 0.9631342796875 0.5221869796874999
0 1 0.5219458671874999 0.5355469609375 0.533541025 0.557329040625 0.5388832640625 0.5832227765625 0.710414428125 1 0.6917793343749999 1 0.5219458671874999
0 1 0.6919974921875001 0.5807552578124999 0.7125954296875 0.60680498125 0.8851599171875 1 0.8583086484375 1 0.6919974921875001
0 0.6003561281249999 0.1939993921875 0.9481747593750001 0.228556578125 0.9537761375 0.25639904375 0.984168975 0.257643946875 0.95196916875 0.0443386765625 0.628508678125 0.0292732625 0.5850129296875 0.0553057546875 0.6003561281249999 0.1939993921875
0 0.55568489375 0.3705133328125 0.9715585828125001 0.37419755625 0.9497204921875 0.22953271874999998 0.522970159375 0.1815872578125 0.5693980843750001 0.350194096875 0.55568489375 0.3705133328125
0 1 1 1 0.862706546875 0.6170011468750001 0.8878596234374999 0.6309122031250001 0.9985392531249999 0.632894759375 1 1 1