0 1 0.1483074265625 0.9799983718749999 0.141905375 0.95913199375 0.2575725109375 1 0.2850638 1 0.1483074265625
0 0.81375523125 0.17995588906249999 0.95913199375 0.2575725109375 0.9815069937500001 0.1450164234375 0.8261575296875 0.09973341718749999 0.81375523125 0.17995588906249999
0 0.575215803125 0.0794983359375 0.81375523125 0.17995588906249999 0.8256938328125001 0.1023037984375 0.581590034375 0.032690815625 0.575215803125 0.0794983359375
0 1 0.287946103125 0.9586682968750001 0.26014289218750003 0.9372271124999999 0.4134173578125 0.9969778937499999 0.43788915156249997 1 0.41960289062499995 1 0.287946103125
0 0.86668734375 0.3913829953125 0.936763415625 0.4159877390625 0.95913199375 0.2575725109375 0.9007723046875 0.22538957656249997 0.86668734375 0.3913829953125
0 0.7843136640624999 0.3661046375 0.86668734375 0.3913829953125 0.9007723046875 0.22538957656249997 0.81375523125 0.17995588906249999 0.7843136640624999 0.3661046375
0 0.6753724484375 0.33893837968749996 0.7818776484375001 0.3681343515625 0.81375523125 0.17995588906249999 0.7060875796875 0.1342563 0.6753724484375 0.33893837968749996
0 0.5438083375 0.3109655578125 0.674908753125 0.3415087609375 0.7056238828125 0.1368266796875 0.5732434843750001 0.07895767031249999 0.5438083375 0.3109655578125
0 1 0.43875136093749995 0.9372271124999999 0.4134173578125 0.9127686859375 0.5604697296875 1 0.57759138125 1 0.43875136093749995
0 0.7739883734374999 0.3659716875 0.7474465203125 0.5475203421875 0.75928043125 0.5507643390625 0.91427730625 0.563580778125 0.938735734375 0.41652840625 0.7823413453125 0.365563971875 0.7739883734374999 0.3659716875
0 0.499639565625 0.5443295453125 0.5154181125 0.548654875 0.7474465203125 0.5475203421875 0.7739883734374999 0.3659716875 0.53104703125 0.3128623234375 0.499639565625 0.5443295453125
0 1 0.579870209375 0.9625403453124999 0.571416003125 0.94388134375 0.709268184375 0.9959714906249999 0.7073625531250001 1 0.6850315984375001 1 0.579870209375
0 0.8854105453125 0.7121221984375 0.9458536625 0.70980885 0.9625403453124999 0.571416003125 0.9107963671875 0.5599290640625 0.8854105453125 0.7121221984375
0 0.806406696875 0.7255325015625 0.8849468484375 0.714692578125 0.9123049875 0.5630401109375 0.8365470203125 0.55845775 0.806406696875 0.7255325015625
0 0.7430381859375 0.549009390625 0.7140603140625 0.732587759375 0.7239219078125 0.735291090625 0.8083790140625 0.7260731671875 0.8365470203125 0.55845775 0.7588167328125001 0.5533347203125001 0.7430381859375 0.549009390625
0 0.5948002296875 0.7511476921875 0.7140603140625 0.732587759375 0.7430381859375 0.549009390625 0.622615646875 0.5510657046875 0.5948002296875 0.7511476921875
0 0.4972035484375 0.5463592609375 0.48490594062500003 0.54568564375 0.45976159843750003 0.76538229375 0.5948002296875 0.7511476921875 0.622615646875 0.5510657046875 0.5154181125 0.548654875 0.4972035484375 0.5463592609375
0 0.850626828125 0.8590416187500001 0.9643161250000001 0.8254671203124999 0.985182503125 0.709799984375 0.867777209375 0.7180783921875 0.850626828125 0.8590416187500001
0 0.7140603140625 0.732587759375 0.696890675 0.7359735734374999 0.6717399125 0.9098110875 0.8501631312500001 0.8616120015625001 0.867777209375 0.7180783921875 0.7219495890625 0.734750425 0.7140603140625 0.732587759375
0 0.41094943281249996 0.9785909500000001 0.420811025 0.98129428125 0.67371223125 0.910351753125 0.696890675 0.7359735734374999 0.43423898593750004 0.7691758234375 0.41094943281249996 0.9785909500000001
0 0.8882312499999999 0.971854740625 0.9440309734375001 0.9493860640625 0.9643161250000001 0.8254671203124999 0.9094437953125001 0.8427950359375 0.8882312499999999 0.971854740625
0 0.8240785546874999 0.9947311359375 0.8882312499999999 0.971854740625 0.9089800984374999 0.8453654171875 0.8481908125000001 0.8610713343749999 0.8240785546874999 0.9947311359375
0 0.824339625 1 0.82454225 0.99216075625 0.8481908125000001 0.8610713343749999 0.771740509375 0.8832741125 0.75384688125 1 0.824339625 1
0 0.75384688125 1 0.771740509375 0.8832741125 0.67371223125 0.910351753125 0.6806741109375001 0.917655178125 0.6681696406250001 1 0.75384688125 1
0 0.6672850312499999 1 0.6787017921875 0.9171145125000001 0.6732485328125 0.91292213125 0.5600229328124999 0.943926253125 0.57394669375 0.9585331046875 0.5675359609374999 1 0.6672850312499999 1
0 0.567611509375 1 0.571510678125 0.96056281875 0.5595592375 0.9464966328125 0.420811025 0.98129428125 0.43312169375 1 0.567611509375 1
0 0.581590034375 0.032690815625 0.5569678015624999 0.0259411921875 0.45069894374999997 0.020991640625 0.575215803125 0.0794983359375 0.581590034375 0.032690815625
0 0.5438083375 0.3109655578125 0.5732434843750001 0.07895767031249999 0.44956040937499997 0.020938612500000002 0.40469749374999997 0.018849089062499998 0.3693169140625 0.2685277015625 0.5438083375 0.3109655578125
0 0.160251153125 0.211217090625 0.36734459531249997 0.26798703437500004 0.40456199687499994 0.018842778125 0.10249739375 0.0047738921875 0.06732354375 0.21002054062500003 0.160251153125 0.211217090625
0 0.129275284375 0.21081823906250002 0.06732354375 0.21002054062500003 0.0255907875 0.4413548125 0.107507190625 0.5150626890625001 0.497667246875 0.543788878125 0.531510728125 0.3102919421875 0.160251153125 0.211217090625 0.129275284375 0.21081823906250002
0 0.27367774375 0.7872039562500001 0.461733915625 0.765922959375 0.48490594062500003 0.54568564375 0.2993968921875 0.529899975 0.27367774375 0.7872039562500001
0 0.27367774375 0.7872039562500001 0.2993968921875 0.529899975 0.10704349375 0.5176330703125 0.0255907875 0.4413548125 0.02368428125 0.4519230171875 0.04012775625 0.7656831890625 0.056500490625 0.7978045781249999 0.27367774375 0.7872039562500001
0 0.43312169375 1 0.420811025 0.98129428125 0.40944081250000003 0.9754799046875 0.43423898593750004 0.7691758234375 0.0580091109375 0.800915625 0.0401343953125 0.7658098718749999 0.0470225390625 0.8972434890625 0.42992497187499995 1 0.43312169375 1