0 0.415816328125 0.0718537421875 0.5055272093750001 0.041241496875 0.525085034375 0.035714284375 0.557397959375 0.035714284375 0.5561224499999999 0.000850340625 0.133928571875 0.0038265296875 0.1364795921875 0.0348639453125 0.219812925 0.0102040828125 0.3958333328125 0.077380953125 0.415816328125 0.0718537421875
0 0.058673470312499997 0.2657312921875 0.08886054531250001 0.25935374218749996 0.1190476203125 0.2559523796875 0.22534013437499997 0.2380952375 0.39710884218750003 0.220663265625 0.39710884218750003 0.077380953125 0.2193877546875 0.0102040828125 0 0.0786564625 0.001275509375 0.264880953125 0.008928571875000001 0.267431971875 0.058673470312499997 0.2657312921875
0 0.411564625 0.077380953125 0.398384353125 0.0769557828125 0.3975340125 0.221088434375 0.415816328125 0.221088434375 0.411564625 0.077380953125
0 0.5454931968750001 0.200255103125 0.600340134375 0.20068027187499998 0.624149659375 0.1989795921875 0.624149659375 0.041241496875 0.605867346875 0.035289115625 0.5242346953125 0.035289115625 0.5059523796875001 0.041241496875 0.4145408171875 0.071428571875 0.412414965625 0.07568027187500001 0.4166666671875 0.220663265625 0.45365646249999997 0.2215136046875 0.5454931968750001 0.200255103125
0 0.0599489796875 0.2661564625 0.0004251703125 0.2687074828125 0.0004251703125 0.4417517 0.09991496562499999 0.44897959218750005 0.1084183671875 0.4477040828125 0.107993196875 0.4413265296875 0.10501700781250001 0.43962585 0.09863945468749999 0.343962584375 0.098214284375 0.2665816328125 0.119472790625 0.2568027203125 0.0901360546875 0.25892857187499996 0.0599489796875 0.2661564625
0 0.107993196875 0.440901359375 0.10756802812499999 0.44982993281250006 0.25 0.4583333328125 0.2431972796875 0.242772109375 0.22406462500000002 0.2385204078125 0.1207483 0.255527209375 0.09863945468749999 0.267006803125 0.09863945468749999 0.3443877546875 0.1045918375 0.4400510203125 0.107993196875 0.440901359375
0 0.45110544218750004 0.46598639531249997 0.45238095312500004 0.2215136046875 0.416241496875 0.221088434375 0.3979591828125 0.220663265625 0.248724490625 0.23554421718750002 0.24362245 0.24107142812500001 0.25 0.4583333328125 0.4443027203125 0.47278911562500003 0.45110544218750004 0.46598639531249997
0 0.9349489796875 0.25892857187499996 0.936649659375 0.265306121875 0.9749149656249999 0.269132653125 0.9974489796875 0.26020408281249996 0.9974489796875 0.056547620312500005 0.9124149656249999 0.0004251703125 0.7436224499999999 0.000850340625 0.6339285718750001 0.0297619046875 0.625 0.0395408171875 0.623724490625 0.19812925312500002 0.7291666671875 0.190476190625 0.9349489796875 0.25892857187499996
0 0.920068028125 0.4600340125 0.934523809375 0.25935374218749996 0.7295918375 0.18962585 0.600340134375 0.20110544218749998 0.5471938781250001 0.20068027187499998 0.45238095312500004 0.221088434375 0.45280612187499997 0.474914965625 0.713435375 0.491071428125 0.920068028125 0.4600340125
0 0.9787414968749999 0.273384353125 0.934098640625 0.264880953125 0.920493196875 0.45068027187500004 0.9600340125000001 0.4370748296875 0.9787414968749999 0.273384353125
0 0.8065476203124999 0.478316328125 0.813775509375 0.48256802812500005 0.795068028125 0.690901359375 0.8193027203125001 0.6917517 0.8312074828125 0.6913265296875 0.9689625843749999 0.6050170078125 0.9795918374999999 0.443027209375 0.9536564625 0.4400510203125 0.9209183671875 0.45068027187500004 0.9209183671875 0.4596088421875 0.8065476203124999 0.478316328125
0 0.45195578281250004 0.46471088437499997 0.44387755 0.47278911562500003 0.26020408281249996 0.459183671875 0.2546768703125 0.4638605453125 0.25977891249999996 0.658588434375 0.27168367187500003 0.6577380953125 0.6449829921875 0.74787415 0.6577380953125 0.748724490625 0.793367346875 0.6964285718750001 0.815476190625 0.48299319687500003 0.8056972796874999 0.4770408171875 0.7130102046875 0.491071428125 0.45280612187499997 0.4744897953125 0.45195578281250004 0.46471088437499997
0 0.2542517 0.464285715625 0.25977891249999996 0.459183671875 0.10714285781249999 0.45025510312500006 0.1084183671875 0.4468537421875 0.09991496562499999 0.44855442187500005 0.0025510203125 0.4443027203125 0.0114795921875 0.5973639453125 0.252976190625 0.654336734375 0.25977891249999996 0.648809525 0.2542517 0.464285715625
0 0.130102040625 0.625850340625 0.0097789125 0.599914965625 0.019557821875 0.7410714281249999 0.1318027203125 0.785289115625 0.1190476203125 0.6309523796875001 0.130102040625 0.625850340625
0 0.2623299328125 0.8354591828125001 0.273384353125 0.8358843531250001 0.269557821875 0.6568877546875 0.25977891249999996 0.658588434375 0.261054421875 0.6479591828125 0.252976190625 0.653911565625 0.1296768703125 0.625 0.11862245 0.6313775500000001 0.13137755 0.787840134375 0.2623299328125 0.8354591828125001
0 0.45195578281250004 0.9043367343750001 0.45195578281250004 0.707057821875 0.457057821875 0.702380953125 0.2708333328125 0.657312925 0.273384353125 0.8367346953125001 0.4443027203125 0.9064625843749999 0.45195578281250004 0.9043367343750001
0 0.665 0.9974999999999999 0.6799999999999999 0.9974999999999999 0.8988095250000001 0.8150510203125 0.9115646249999999 0.6547619046875 0.9000850343750001 0.650085034375 0.8312074828125 0.6917517 0.795068028125 0.6913265296875 0.793367346875 0.6964285718750001 0.658588434375 0.7482993203125 0.6454081625 0.7474489796875 0.457057821875 0.7015306125 0.45195578281250004 0.707057821875 0.45195578281250004 0.9064625843749999 0.665 0.9974999999999999
0 0.926445578125 0.75 0.932397959375 0.7083333328125 0.93537415 0.684523809375 0.9400510203125 0.62287415 0.8996598656250001 0.648809525 0.9115646249999999 0.654336734375 0.9026360546875001 0.7687074828125 0.926445578125 0.75
0 0.7636054421875 0.9285714281249999 0.76 0.9974999999999999 0.8324999999999999 0.9974999999999999 0.9511054421875 0.9017857156250001 0.9591836718750001 0.7597789125000001 0.9255952375 0.751275509375 0.9022108843750001 0.7678571421875 0.9000850343750001 0.81462585 0.7636054421875 0.9285714281249999
0 0.938775509375 0.9778911578124999 0.9413265296875 0.9519557828125 0.9421768703125 0.9098639453124999 0.8324999999999999 0.9974999999999999 0.9349999999999999 0.9974999999999999 0.938775509375 0.9778911578124999
0 0.2678571421875 0.988945578125 0.2640306125 0.8358843531250001 0.130527209375 0.7882653046875 0.13137755 0.784438775 0.028911565625000003 0.7457483 0.028486395312500003 0.7504251703125 0.0399659875 0.877976190625 0.2568027203125 0.9936224499999999 0.2678571421875 0.988945578125
0 0.1458333328125 0.9413265296875 0.151785715625 0.9375 0.047193878125 0.8839285718750001 0.056122450000000004 0.9557823125 0.12250000000000001 0.9974999999999999 0.14750000000000002 0.9974999999999999 0.1458333328125 0.9413265296875
0 0.26749999999999996 0.9974999999999999 0.2678571421875 0.988945578125 0.2568027203125 0.9936224499999999 0.151785715625 0.9379251703125 0.1458333328125 0.9413265296875 0.14750000000000002 0.9974999999999999 0.26749999999999996 0.9974999999999999
0 0.06 0.9974999999999999 0.12 0.9974999999999999 0.055272109375 0.9574829921875001 0.06 0.9974999999999999
0 0.442543228125 0.9070605171875 0.271793946875 0.8357348703125 0.2624279546875 0.8357348703125 0.2681916421875 0.9971181546875 0.666606628125 0.9971181546875 0.4533501453125 0.9063400578125 0.442543228125 0.9070605171875
0 0.7624279546875 0.928674353125 0.681736309375 0.9956772328125 0.7602665703125 0.9963976953125 0.7624279546875 0.928674353125