0 0.4658239984375 0.1486889921875 0.7609215109374999 0.1482957421875 0.7651489078125 0.0181043875 0.4744866859375 0.017309859375 0.4658239984375 0.1486889921875
0 0.1413368390625 0.15518974375 0.45241077812499997 0.15333894374999998 0.47293668125000005 0.0184301953125 0.15662897656250002 0.014982812500000001 0.1413368390625 0.15518974375
0 0.4620798296875 0.1574493484375 0.4483981015625 0.28135706875 0.7359133609375 0.270300009375 0.7590494265625 0.1526759203125 0.4620798296875 0.1574493484375
0 0.14411476406249998 0.156208915625 0.147100578125 0.2862316609375 0.45427603124999993 0.28013556875 0.4620798296875 0.1574493484375 0.14411476406249998 0.156208915625
0 0.4552354421875 0.4015328453125 0.739113896875 0.398149525 0.7582441156249999 0.2773667609375 0.4595097953125 0.2854337515625 0.4552354421875 0.4015328453125
0 0.1414305375 0.4164567375 0.4413927796875 0.41052925 0.457208271875 0.2941603859375 0.1522269859375 0.29261645937499997 0.1414305375 0.4164567375
0 0.4628176921875 0.4121966546875 0.441983153125 0.521094109375 0.47044006562499996 0.5681295296875 0.8174257453125 0.552430040625 0.8362942859375 0.41972824218750004 0.7528961578125 0.40433199531249997 0.4628176921875 0.4121966546875
0 0.1411084546875 0.4197165796875 0.12951352968750002 0.53707089375 0.416814071875 0.5281870609375 0.43187804218750003 0.41942449374999996 0.1411084546875 0.4197165796875
0 0.46434741874999996 0.5715242593750001 0.4456669171875 0.527512628125 0.4374471203125 0.6252741703125 0.44589487187500004 0.7291507359375 0.78700261875 0.714672746875 0.8153858968750001 0.5730757078125001 0.800697796875 0.5614938921875 0.46434741874999996 0.5715242593750001
0 0.1509384453125 0.5387382984375 0.138216340625 0.550960825 0.1331435078125 0.6605739546875 0.4206587671875 0.6495168953125 0.43203897343750003 0.5343358078125 0.41847143437499995 0.5259801140625 0.1509384453125 0.5387382984375
0 0.92181273125 0.47193448125000004 0.9643713406250001 0.4811302609375 0.969245546875 0.3851814890625 0.9462706328125 0.384634421875 0.92181273125 0.47193448125000004
0 0.8929195453125001 0.5604223203124999 0.9452706624999999 0.5841330203124999 0.9616699140625 0.47642334531249997 0.92181273125 0.47193448125000004 0.8929195453125001 0.5604223203124999