0 0 0.29444881875 0.1747234359375 0.26274895468750004 0.134488059375 0.07615175468749999 0 0.10757070312499999 0 0.29444881875
0 0 0.5376454500000001 0.2254031484375 0.5077328 0.16930250156249999 0.270773903125 0 0.30125986875 0 0.5376454500000001
0 0.1747234359375 0.26274895468750004 0.518117603125 0.1892841125 0.5432827890625 0.176646534375 0.5127511484375 0.0059664 0.43860772031249995 0.0051036625 0.134488059375 0.07615175468749999 0.1747234359375 0.26274895468750004
0 0.1681420203125 0.264286496875 0.2254031484375 0.5077328 0.55253450625 0.45834280156249996 0.5126966687500001 0.1973090609375 0.1681420203125 0.264286496875
0 0 0.7179335890625 0.0054818171875 0.7348319703125 0.135170665625 0.7315682703124999 0.078291009375 0.5285839390625 0 0.5424509875 0 0.7179335890625
0 0.078291009375 0.5285839390625 0.1417520828125 0.7300307265625 0.27028045 0.7202796203124999 0.2254031484375 0.5077328 0.078291009375 0.5285839390625
0 0.23198456250000002 0.5061952578125 0.2768618671875 0.7187420765625 0.42513448593750003 0.704378340625 0.38683860000000003 0.490293978125 0.23198456250000002 0.5061952578125
0 0.39225953593749996 0.482269028125 0.431715903125 0.702840796875 0.5865699390625 0.6869395171875 0.5536949875 0.4648302078125 0.39225953593749996 0.482269028125
0 0.006642298437499999 0.7413193765625 0.0720428625 0.9152789984374999 0.179666496875 0.9036531171875 0.1285892484375 0.7331058140625 0.006642298437499999 0.7413193765625
0 0.135170665625 0.7315682703124999 0.18624791406250002 0.9021155734375 0.30935534531250003 0.9003894140625001 0.27028045 0.7202796203124999 0.135170665625 0.7315682703124999
0 0.2768618671875 0.7187420765625 0.31593676406250004 0.8988518703124999 0.6028006109375 0.8926617015625 0.579988521875 0.6884770625 0.2768618671875 0.7187420765625
0 0.74962768125 0.14195750625 0.7391063203125 0.00860028125 0.51962190625 0.0060463484375 0.5498642078125 0.17510899062500002 0.74962768125 0.14195750625
0 0.5312804375 0.1862090265625 0.5591159234374999 0.456805259375 0.7457165640625 0.426728859375 0.72446249375 0.1545950828125 0.5312804375 0.1862090265625
0 0.5602764046875001 0.46329266249999995 0.5865699390625 0.6869395171875 0.7545868078125 0.667963153125 0.7402956281249999 0.43475380625 0.5602764046875001 0.46329266249999995
0 0.761168225 0.6664256109375 0.9489293468750001 0.6428366140625 0.93889861875 0.395114915625 0.7457165640625 0.426728859375 0.761168225 0.6664256109375
0 0.600893253125 0.6903518359375 0.627965796875 0.8800241249999999 0.9396280406249999 0.8749952875 0.954411765625 0.663578171875 0.9369269921875001 0.6523991046875001 0.600893253125 0.6903518359375
0 0.21675914375 1 0.1874083953125 0.908602978125 0.07320334375000001 0.9217664031249999 0.10005773124999999 1 0.21675914375 1
0 0.34088681875 1 0.32367866093750003 0.9038017343750001 0.1874083953125 0.908602978125 0.2162008765625 1 0.34088681875 1
0 0.4848724 1 0.46653034531250004 0.8974629453125 0.32367866093750003 0.9038017343750001 0.345783546875 1 0.4848724 1
0 0.5194272078125 1 0.6376311203125 0.9723853359374999 0.6237053421875001 0.8945364765624999 0.46653034531250004 0.8974629453125 0.4848724 1 0.5194272078125 1
0 0.795585128125 0.9354842984375 0.7863012765625 0.8835850593749999 0.627965796875 0.8800241249999999 0.6376311203125 0.9723853359374999 0.795585128125 0.9354842984375
0 0.9435566124999999 0.3061660203125 0.9087421718750001 0.11154387343750001 0.7298834296875001 0.146570134375 0.7445560828125 0.42024145312499994 0.9377381375 0.388627509375 0.9435566124999999 0.3061660203125
0 0.9064212078124999 0.0985690625 0.8906428125 0.0103635671875 0.7453168515625 0.008672546875000001 0.7538881359375 0.1274451515625 0.9064212078124999 0.0985690625