0 0.19469867968750001 0.13829360468750002 0.1965907203125 0.013746962500000001 0.049797978124999996 0.0034822140625 0.0416450984375 0.1292325578125 0.19469867968750001 0.13829360468750002
0 0.4245510125 0.15961520468749998 0.42710308125 0.02986595625 0.196929565625 0.013770656249999999 0.19615539375 0.13750648125 0.4245510125 0.15961520468749998
0 0.6569439453125 0.1959536953125 0.6627732484375 0.062679715625 0.5126308296875 0.035846639062500005 0.4277441140625 0.029910782812499998 0.424979046875 0.163853834375 0.6569439453125 0.1959536953125
0 0.6627732484375 0.062679715625 0.654658765625 0.198678446875 0.8789120609375001 0.2304753 0.8864926343749999 0.1027115796875 0.6627732484375 0.062679715625
0 1 0.1214514484375 0.8876380328125 0.09978818125 0.8810637625 0.229809303125 1 0.253322965625 1 0.1214514484375
0 1 0.256509765625 0.9044264 0.2380450796875 0.8950438875 0.393601946875 1 0.4198722015625 1 0.256509765625
0 0.8963003875 0.3959029515625 0.9004566859375001 0.23423019687500002 0.6625981921874999 0.206308209375 0.656568675 0.342670315625 0.6705903796875 0.3648932234375 0.8963003875 0.3959029515625
0 0.42560729531249997 0.1650043359375 0.422868575 0.337334225 0.652787646875 0.3576264515625 0.6582671859375 0.197225321875 0.42560729531249997 0.1650043359375
0 0.1995635953125 0.139141484375 0.1950068640625 0.3069904921875 0.41986080625 0.32952296406250003 0.4237225484375 0.16155283125 0.1995635953125 0.139141484375
0 0.031073734375000002 0.29228568125 0.1909036765625 0.30523436406250004 0.1981068828125 0.139928609375 0.0416450984375 0.1292325578125 0.031073734375000002 0.29228568125
0 0.1902086890625 0.3051132390625 0.031073734375000002 0.29228568125 0.0212343671875 0.4505528296875 0.183539390625 0.4621839875 0.1902086890625 0.3051132390625
0 0.1934834140625 0.30880699218749996 0.183539390625 0.4621839875 0.409744171875 0.4964029671875 0.41744214843750005 0.33430646875000003 0.1934834140625 0.30880699218749996
0 0.41744214843750005 0.33430646875000003 0.409744171875 0.4964029671875 0.639196071875 0.523900825 0.6432856328125001 0.36325744531250004 0.41744214843750005 0.33430646875000003
0 0.650435728125 0.3613805765625 0.639196071875 0.523900825 0.8629154609375 0.5639326859375 0.8753448734375 0.40474281718749994 0.650435728125 0.3613805765625
0 1 0.42360320625 0.8953384468750001 0.39989933125 0.8806102234375001 0.399414440625 0.8648393437499999 0.5559399296875001 1 0.5782659109375 1 0.42360320625
0 1 0.57867395 0.8646391265625001 0.559028059375 0.8505251765624999 0.71167829375 1 0.7370276859375 1 0.57867395
0 0.633302475 0.5280786984375 0.6253766796875 0.6828484421875001 0.8460215578125 0.7160984203125 0.8629154609375 0.5639326859375 0.633302475 0.5280786984375
0 0.6220352171875 0.6801840640625 0.631350990625 0.5256565671875 0.404545565625 0.5007019703125 0.3984447640625 0.5839602828125 0.401150990625 0.6614664703125 0.6220352171875 0.6801840640625
0 0.1748658421875 0.46587735781250006 0.170187165625 0.613925971875 0.39450719843750004 0.644693453125 0.4012041 0.4980375875 0.1748658421875 0.46587735781250006
0 0.1695728921875 0.46079084843749996 0.0206945765625 0.4523742046875 0.0193057125 0.473796109375 0.0247650234375 0.6077772078125 0.16346510625 0.6200414703125 0.1695728921875 0.46079084843749996
0 0.16346510625 0.6200414703125 0.024875500000000002 0.6104885015625 0.03131905625 0.7686246890625 0.1533208671875 0.7765065921875001 0.16346510625 0.6200414703125
0 0.165750284375 0.6173167203125 0.15408259375 0.7755983421875 0.3742050953125 0.7952241843750001 0.3763040359375 0.6436029328124999 0.165750284375 0.6173167203125
0 0.603698575 0.6811522984375 0.3928111359375 0.6600129625 0.3782163859375 0.6574693218750001 0.3811825765625 0.8068503234375 0.5960788671875 0.8203602796875 0.603698575 0.6811522984375
0 0.8217497406250001 0.8628142671875001 0.8343678421874999 0.722395415625 0.6128001578125 0.6816975546874999 0.5990314296875 0.8073417718749999 0.607293015625 0.8316838000000001 0.8217497406250001 0.8628142671875001
0 1 0.7403268953125 0.8360915078125 0.7174907890625 0.8293002656249999 0.85476114375 1 0.8838896203125 1 0.7403268953125
0 1 0.8839078546874999 0.8290333109375 0.8588786468749999 0.8118196937500001 0.8642066343750001 0.8089820890625001 0.9730178468749999 0.8186213234374999 1 0.993232578125 1 1 0.8956190140625001 1 0.8839078546874999
0 0.8029183281250001 0.8605732500000001 0.6059030390625 0.8314415468749999 0.5889287703125 0.8222371484375 0.58676309375 0.974887771875 0.7975837984374999 0.9970564828124999 0.8029183281250001 0.8605732500000001
0 0.5833688687499999 0.8212681421875001 0.3810491015625 0.8089090734375001 0.3716529625 0.8020664343749999 0.3696990296875 0.9297697875000001 0.576844578125 0.9544209968749999 0.5833688687499999 0.8212681421875001
0 0.145475784375 0.7782623359375 0.14312142187500002 0.9121419421875 0.3625098 0.94309091875 0.364074834375 0.799704678125 0.145475784375 0.7782623359375
0 0.1476274890625 0.7775963359375 0.0314275078125 0.771286290625 0.036959078125 0.9070407578124999 0.139779959375 0.9094775640625 0.1476274890625 0.7775963359375
0 0.14312142187500002 0.9121419421875 0.0370372375 0.9089589296874999 0.038578243750000005 0.946777921875 0.13769953906250001 0.9632473546875 0.14312142187500002 0.9121419421875
0 0.3598431015625 1 0.35661620625 0.9472687921875 0.1431881609375 0.9111125687499999 0.1397177625 0.9646401078125001 0.3426036375 1 0.3598431015625 1
0 0.5788647703125 1 0.5801193015624999 0.958114753125 0.3686036125 0.9358249187500001 0.3597298484375 0.942606415625 0.3632333 1 0.5788647703125 1
0 0.7947246703124999 1 0.7946703687500001 0.9986307296874999 0.5873246046875 0.9770676484375 0.5867341171875 1 0.7947246703124999 1