0 0 0.15387594531249998 0.22168807968749998 0.13824383906249998 0.2235980546875 0.0435405171875 0 0.0583634359375 0 0.15387594531249998
0 0.2149079328125 0.1496648140625 0.5601988703125 0.1279994703125 0.5690650796875001 0.023187625 0.478299103125 0.0194891953125 0.2195029953125 0.0406145359375 0.2149079328125 0.1496648140625
0 0 0.411803415625 0.224189653125 0.38147205 0.23126480625 0.137462096875 0 0.1590388828125 0 0.411803415625
0 0.5507102671874999 0.1298607734375 0.23014257656249998 0.1473344703125 0.2263693671875 0.384554378125 0.5113152375000001 0.35586069062500003 0.5507102671874999 0.1298607734375
0 0 0.6221713546875 0.2252578734375 0.5835206937499999 0.22993569218749998 0.38100300468750004 0 0.41239156875000005 0 0.6221713546875
0 0.51697314375 0.354312084375 0.224189653125 0.38147205 0.23126828437500002 0.586290325 0.50001014375 0.5480518390625 0.51697314375 0.354312084375
0 0 0.7830712078125 0.22837094375000003 0.7397588453124999 0.21786086249999997 0.5873847640625 0 0.6229443578125 0 0.7830712078125
0 0.49435223749999996 0.5496004453125 0.21777273749999998 0.58630520625 0.22097393125 0.7436229109375 0.47925782968749997 0.695370584375 0.49435223749999996 0.5496004453125
0 0.2060324046875 0.8676455375 0.20373582343750002 0.7450300453125 0.006302357812499999 0.7828814359375 0.009369753125 0.9102157140625 0.2060324046875 0.8676455375
0 0.45636180781249996 0.698326325 0.2073902640625 0.7425582328125 0.1945403265625 0.8685836265625 0.4377658390625 0.8248207624999999 0.45636180781249996 0.698326325
0 0.184642003125 1 0.223739875 0.990089796875 0.2137819109375 0.8680996999999999 0.0109549015625 0.91073836875 0.017189975 1 0.184642003125 1
0 0.4393286890625 0.82034618125 0.20594428125 0.8665659781249999 0.22539084687500002 0.9866947765624999 0.4347336265625 0.9293964578124999 0.4393286890625 0.82034618125
0 0.5973835421875 0.13474488281250002 0.85760616875 0.11024283906250001 0.8803906921875001 0.035873171875 0.5712301734375 0.023275845312499998 0.5627310796875 0.1354000328125 0.5973835421875 0.13474488281250002
0 0.599475140625 0.1367476484375 0.5687756015625001 0.3511702421875 0.7564614546875 0.40648845 0.8041688453125 0.400420628125 0.8945084718749999 0.1843899125 0.9451699890624999 0.1719951328125 0.94183891875 0.1311878265625 0.8593452640624999 0.1079273734375 0.599475140625 0.1367476484375
0 0.7235821984374999 0.617828715625 0.8115244828125 0.4432902625 0.8063485671875 0.40350295156250005 0.75481048125 0.409883475 0.5690399703125 0.354408915625 0.5369304546875 0.5515585734374999 0.7235821984374999 0.617828715625
0 0.8193621125 0.4448239890625 0.9639410046875 0.4917067140625 0.9396836453124999 0.170921528125 0.8925049968750001 0.18346670468749998 0.8096505140625 0.39671290625 0.8193621125 0.4448239890625
0 0.819890853125 0.4513013375 0.726555025 0.63062706875 0.9718785984375 0.730895490625 0.9763787171875 0.6204546890625 0.9664732140625001 0.49910727499999996 0.819890853125 0.4513013375
0 0.54329335 0.558646440625 0.5385454234375 0.68944423125 0.6812557140625 0.7842965703125 0.7349213953125 0.6386381375 0.54329335 0.558646440625
0 0.6778656453125 0.7900070609375 0.8839819625 0.9057656609375 0.964856134375 0.90323910625 0.972052503125 0.7266275640625001 0.7423184078125 0.634774071875 0.6778656453125 0.7900070609375
0 0.53671819375 0.6906801359375 0.5038335703125 0.807473428125 0.6370552671875 0.9041870703124999 0.687794865625 0.7935435546875 0.53671819375 0.6906801359375
0 0.687794865625 0.7935435546875 0.6352280390625 0.9054229781249999 0.74521416875 0.9962087093750001 0.96178826875 0.9785299203125 0.964968415625 0.9004835296874999 0.8837175921875 0.9025269828125 0.687794865625 0.7935435546875
0 0.5897806453125 1 0.6415028203124999 0.911431284375 0.4979994078125 0.8068629156249999 0.46703012812500005 0.9234998593749999 0.5715602453125 1 0.5897806453125 1
0 0.683278471875 1 0.7390145625 0.9958453781250001 0.6415028203124999 0.911431284375 0.5899338843749999 1 0.683278471875 1
0 0.597119171875 0.13150620625 0.5526256109375 0.1297044265625 0.5093117609375 0.354937478125 0.580179546875 0.34915259062500004 0.597119171875 0.13150620625
0 0.5746097546875 0.35178075625 0.5073082953125 0.35401426874999997 0.50218985625 0.5511341671875 0.539286415625 0.5568000171875 0.5746097546875 0.35178075625
0 0.54494433125 0.5552514140625 0.49252500781249997 0.5508363515625 0.46976922656250003 0.6972318859375 0.5411657546875001 0.6979243484375 0.54494433125 0.5552514140625
0 0.5468236703125 0.696375746875 0.4677657609375 0.696308675 0.443159375 0.8200334843749999 0.498351903125 0.8111811484375 0.5468236703125 0.696375746875
0 0.5021825984375 0.8108684531250001 0.43166730624999994 0.8209715734374999 0.43656085312500004 0.9281605515625 0.476783109375 0.9248772375 0.5021825984375 0.8108684531250001