0 0.129990521875 0 0.027972028125 0.013358987499999999 0.0470748765625 0.213346940625 0.2251407125 0.19102687499999998 0.216953778125 0.013369696875 0.167033665625 0 0.129990521875 0
0 0.2292341796875 0.188340309375 0.1071124 0.202226834375 0.057990790625 0.245374690625 0.084598328125 0.5842756625 0.29609415 0.5622375453124999 0.3131502640625 0.540538478125 0.2933651703125 0.218170003125 0.2872249703125 0.2173513640625 0.2851782359375 0.1847552515625 0.2292341796875 0.188340309375
0 0.0818693515625 0.5844505437499999 0.0566263 0.2430378890625 0.09687873125 0.20530687812499998 0 0.2248484828125 0.0006822437500000001 0.59207749375 0.0818693515625 0.5844505437499999
0 0.09687873125 0.8889432453125 0.105747909375 0.884738515625 0.0825515953125 0.5844068234375001 0 0.5933333328125 0.0006822437500000001 0.890259309375 0.09687873125 0.8889432453125
0 0.3151969984375 0.8713164078125001 0.33088862343750003 0.8121290265625 0.31178577500000004 0.5442622828125 0.29472966093749997 0.567173471875 0.079140371875 0.5858375453125 0.10779464375 0.8833952343749999 0.3151969984375 0.8713164078125001
0 0.12280402500000001 0.9878879375 0.20075046875 0.9838019921875001 0.33702882500000003 0.9741597875 0.32679515625 0.848754984375 0.329524134375 0.8207013171875 0.3151969984375 0.8725285312500001 0.11257035625 0.8855134375 0.12280402500000001 0.9878879375
0 0 0.9966666671875 0.119392803125 0.9868944140625 0.1118881125 0.8855571578125 0 0.89393939375 0 0.9966666671875
0 0.3138325078125 0.5586765781249999 0.334299846875 0.8446376984375 0.5840013640625 0.8310603421874999 0.5819546296875 0.5330096828124999 0.3138325078125 0.5586765781249999
0 0.5819546296875 0.5330096828124999 0.5826368765625001 0.8396326296875 0.8548524656250001 0.8306731125000001 0.8637216437499999 0.51131686875 0.5819546296875 0.5330096828124999
0 0.5785434078125 0.5320161625 0.8644038890625 0.51612163125 0.8664506234375 0.1572025953125 0.5737676953124999 0.192928265625 0.5785434078125 0.5320161625
0 0.5712709734375 0 0.5764966734375 0.1915412640625 0.8678151125 0.1546909109375 0.8755183843750001 0 0.5712709734375 0
0 0.5751321859375 0.1879923375 0.29472966093749997 0.2277795328125 0.3145147546875 0.5562086140625 0.5771789187499999 0.5296793609375 0.5751321859375 0.1879923375
0 0.27032586875 0 0.2844959921875 0.21995048593750002 0.57308545 0.18327501562499998 0.5696235 0 0.27032586875 0
0 0.594235034375 0.8425257484375 0.5962817671875 0.9575461046875 0.8623571562500001 0.94049521875 0.8637216437499999 0.8276805046875 0.594235034375 0.8425257484375
0 0.33088862343750003 0.8448563 0.33975780312500004 0.9727727843749999 0.5819546296875 0.9584642296875 0.579907896875 0.834959028125 0.33088862343750003 0.8448563