0 0.6358278796875 0.246285615625 0.6038457234375 0.3249863921875 0.5844789046875001 0.513057096875 0.8860309578125 0.5932582078124999 0.9277291156249999 0.397452475 0.9120604625000001 0.2971957625 0.6358278796875 0.246285615625
0 0.5914001625 0.5132094625 0.5724957796875 0.6904407406249999 0.8569800656250001 0.7745582734375 0.8878155234375 0.5960397000000001 0.5914001625 0.5132094625
0 0.5769981 0.6937589703125 0.5588015890625 0.8383377781249999 0.8269876703125 0.9386689984375 0.856599440625 0.7781266875 0.5769981 0.6937589703125
0 0.8091753468749999 1 0.8200664109375 0.9385166359375001 0.5566363984375 0.8391247015625 0.54077701875 0.9878086578125 0.57807080625 1 0.8091753468749999 1
0 0.388990065625 0.023859546875000002 0.334995503125 0.061777192187499996 0.33257789375 0.2665550421875 0.6008291546875 0.3207470578125 0.6286528703125 0.2485121984375 0.6480647515625 0.06652303281250001 0.388990065625 0.023859546875000002
0 0.3374608359375 0.26630485937500004 0.33295153593750004 0.4451645234375 0.585792715625 0.507243925 0.6016354703125 0.31969176718750003 0.3374608359375 0.26630485937500004
0 0.3344823484375 0.4503249578125 0.330599109375 0.6038031671875 0.5693523375 0.687390878125 0.584306965625 0.5081650265625 0.3344823484375 0.4503249578125
0 0.32805329375 0.6081585031250001 0.323826175 0.7518525687500001 0.555105584375 0.8339642609375 0.565402584375 0.6853963046875 0.32805329375 0.6081585031250001
0 0.3234004875 0.7493394437500001 0.322018 0.8923807703125 0.5376335765625 0.9847587953125 0.5530672703125 0.8335617093750001 0.3234004875 0.7493394437500001
0 0.53637018125 1 0.5391193296875 0.9838376921875 0.31887455781249996 0.8893309109375 0.31259544687499996 0.9758405187499999 0.434926871875 1 0.53637018125 1
0 0.0897195984375 0.21494888437499998 0.3300688265625 0.257557825 0.3328303140625 0.0625641109375 0.38818375 0.024914835937499998 0.310714571875 0.0126606484375 0.13113419531249998 0.005343309375 0.086791828125 0.021260646875 0.0897195984375 0.21494888437499998
0 0.092310475 0.21667509218749997 0.099134625 0.3868422625 0.327090340625 0.441577925 0.330539578125 0.2661524921875 0.092310475 0.21667509218749997
0 0.327075040625 0.604321721875 0.33227209687500003 0.4450303375 0.09870893750000001 0.3843291390625 0.10684689843749999 0.5486831343749999 0.327075040625 0.604321721875
0 0.1080789015625 0.5501409749999999 0.1146777328125 0.6899004359375 0.3212803609375 0.75620790625 0.325335540625 0.60762176875 0.1080789015625 0.5501409749999999
0 0.1179480484375 0.691760825 0.12012637500000001 0.820931046875 0.31789630625 0.8854941296875 0.3211534859375 0.7573973765625001 0.1179480484375 0.691760825
0 0.11889437656249999 0.819473209375 0.114355309375 0.8295075359374999 0.11813794687500001 0.93713308125 0.2640156078125 0.9662463890625 0.31109843125 0.9752412375 0.31650068125 0.8985783171874999 0.3220998109375 0.88510975625 0.11889437656249999 0.819473209375