0 0.8859999999999999 0.40800000000000003 0.632 0.40800000000000003 0.624 0.55 0.89 0.5519999999999999 0.8859999999999999 0.40800000000000003
0 0.63 0.41200000000000003 0.388 0.418 0.39 0.558 0.626 0.5559999999999999 0.63 0.41200000000000003
0 0.622 0.414 0.622 0.284 0.388 0.286 0.386 0.418 0.622 0.414
0 0.624 0.274 0.622 0.414 0.874 0.40599999999999997 0.8720000000000001 0.27 0.624 0.274
0 0.642 0.546 0.64 0.6980000000000001 0.9099999999999999 0.7 0.9039999999999999 0.5519999999999999 0.642 0.546
0 0.392 0.704 0.64 0.6980000000000001 0.64 0.5559999999999999 0.394 0.558 0.392 0.704
0 0.6519999999999999 0.702 0.4 0.702 0.4 0.8539999999999999 0.658 0.858 0.6519999999999999 0.702
0 0.658 0.702 0.6599999999999999 0.8539999999999999 0.93 0.8619999999999999 0.9259999999999999 0.702 0.658 0.702
0 0.6599999999999999 0.8560000000000001 0.4 0.858 0.398 0.9960000000000001 0.6639999999999999 0.998 0.6599999999999999 0.8560000000000001
0 0.9339999999999999 0.8640000000000001 0.6599999999999999 0.858 0.6639999999999999 0.9960000000000001 0.9400000000000001 0.998 0.9339999999999999 0.8640000000000001
0 0.942 0.756 1 0.756 0.9960000000000001 0.526 0.9 0.528 0.9099999999999999 0.696 0.93 0.6980000000000001 0.942 0.756
0 1 0.758 0.9259999999999999 0.756 0.9400000000000001 0.998 0.9960000000000001 0.998 1 0.758
0 0.998 0.286 0.8720000000000001 0.292 0.892 0.524 0.9960000000000001 0.526 0.998 0.286
0 0.866 0.142 0.632 0.144 0.624 0.274 0.8720000000000001 0.272 0.866 0.142
0 1 0.078 0.866 0.08399999999999999 0.874 0.294 1 0.286 1 0.078
0 0.8619999999999999 0 0.866 0.086 1 0.074 0.998 0.002 0.8619999999999999 0
0 0.86 0.008 0.622 0.018 0.626 0.146 0.866 0.144 0.86 0.008
0 0.622 0.03 0.4 0.048 0.396 0.16399999999999998 0.622 0.154 0.622 0.03
0 0.398 0.04 0.176 0.041999999999999996 0.16599999999999998 0.174 0.396 0.16799999999999998 0.398 0.04
0 0.176 0.052000000000000005 0 0.057999999999999996 0.004 0.184 0.16599999999999998 0.182 0.176 0.052000000000000005
0 0.16999999999999998 0.174 0.16999999999999998 0.302 0.382 0.294 0.396 0.16799999999999998 0.16999999999999998 0.174
0 0.16799999999999998 0.184 0 0.184 0.004 0.312 0.16399999999999998 0.308 0.16799999999999998 0.184
0 0.162 0.31 0.002 0.312 0 0.442 0.152 0.43600000000000005 0.162 0.31
0 0.386 0.294 0.162 0.306 0.154 0.42800000000000005 0.386 0.422 0.386 0.294
0 0.154 0.43 0.148 0.564 0.392 0.558 0.388 0.42000000000000004 0.154 0.43
0 0.152 0.438 0.004 0.442 0 0.5700000000000001 0.148 0.5700000000000001 0.152 0.438
0 0.392 0.04 0.398 0.002 0.18 0.004 0.178 0.041999999999999996 0.392 0.04
0 0.62 0.002 0.40199999999999997 0.002 0.396 0.046 0.40199999999999997 0.048 0.624 0.034 0.62 0.002
0 0.39 0.5599999999999999 0.15 0.568 0.144 0.708 0.39 0.706 0.39 0.5599999999999999
0 0 0.71 0.146 0.71 0.158 0.5740000000000001 0 0.5700000000000001 0 0.71
0 0 0.8539999999999999 0.146 0.86 0.148 0.712 0 0.71 0 0.8539999999999999
0 0.154 0.708 0.148 0.858 0.4 0.86 0.398 0.708 0.154 0.708
0 0.398 0.858 0.15 0.8560000000000001 0.13999999999999999 0.998 0.396 0.994 0.398 0.858
0 0 1 0.142 0.9960000000000001 0.148 0.8619999999999999 0 0.8539999999999999 0 1
0 0.182 0.004 0.002 0.002 0.002 0.057999999999999996 0.176 0.052000000000000005 0.182 0.004
0 0.6205673765624999 0.1524822703125 0.3971631203125 0.1602836875 0.3893617015625 0.2843971640625 0.6226950359375001 0.2822695046875 0.6205673765624999 0.1524822703125