0 0.139309775 0.173060725 0.0049751281250000005 0.17098408437499998 0.0136547140625 0.46928205937499995 0.182588928125 0.4448960796875 0.139309775 0.173060725
0 0.35987625156249997 0.17444701875 0.14071436875 0.17075888749999998 0.182374765625 0.4427359796875 0.390872921875 0.421211596875 0.35987625156249997 0.17444701875
0 0.3899091875 0.41149114375 0.45033853125 0.41164707968750003 0.609952790625 0.39113469218749997 0.5853588015625 0.1677768765625 0.42300769687499995 0.168919228125 0.3658853453125 0.21858734531250001 0.3899091875 0.41149114375
0 0.5326797812499999 0.12227583906249999 0.546772978125 0.10796872187499999 0.5167189265625 0.1095108296875 0.4492888296875 0.1622603453125 0.539391171875 0.1652652453125 0.5326797812499999 0.12227583906249999
0 0.5317633203125001 0.12126665781249998 0.5385817937499999 0.16533611406249998 0.5842281796875 0.16460759687499998 0.5896893328124999 0.2196901625 0.7236649484375001 0.21231695625000002 0.71286225625 0.08688938125 0.5810533375 0.083178603125 0.5317633203125001 0.12126665781249998
0 0.7236649484375001 0.21231695625000002 0.7764886484375 0.20987056875 0.9286988953125 0.20525844375000002 0.915159359375 0.0604608265625 0.7669014562500001 0.0472960625 0.711731634375 0.08372009999999999 0.7236649484375001 0.21231695625000002
0 0.771465496875 0.216846953125 0.5890941171875 0.2219211328125 0.6155586265624999 0.3982698296875 0.782945415625 0.373808596875 0.771465496875 0.216846953125
0 0.9257826296875 0.20878207187500003 0.7710371703125001 0.2125267515625 0.7844570890625 0.372586809375 0.9391552765625001 0.36013085624999996 0.9257826296875 0.20878207187500003
0 0.2278707484375 0.6381173828125 0.1996929375 0.44448788125 0.013532478125 0.46508110468749997 0.0143587359375 0.4934777625 0.0387253140625 0.6819146234375 0.2278707484375 0.6381173828125
0 0.4572207625 0.653986559375 0.4281515609375 0.42666288906250005 0.21728507968750002 0.4407686578125 0.2463793515625 0.635407340625 0.280751396875 0.7021210140624999 0.4572207625 0.653986559375
0 0.43204409374999997 0.41651722031249994 0.46035119062499996 0.6526230328125 0.6240248734375 0.6154138062500001 0.601585046875 0.397314503125 0.43204409374999997 0.41651722031249994
0 0.6049296359375 0.398111078125 0.6205509921875 0.5721409203125 0.8027805484374999 0.540932925 0.7898487624999999 0.37756184843749996 0.6049296359375 0.398111078125
0 0.7904439765625 0.375330878125 0.8054826500000001 0.5352491984375 0.956146484375 0.5068050984375 0.9491417765625 0.353809309375 0.7904439765625 0.375330878125
0 0.8199859187499999 0.689767265625 0.804078059375 0.5375510375 0.6259426640625 0.577115959375 0.6394696640624999 0.7382560687499999 0.6545738671875 0.742380678125 0.8199859187499999 0.689767265625
0 0.8029474375 0.5343817546875 0.8213905109375 0.6874654265625 0.9576051624999999 0.645034528125 0.9495643828125001 0.506292 0.8029474375 0.5343817546875
0 0.2822032625 0.708530446875 0.244867675 0.63662913125 0.22868012656249997 0.6380465140625 0.0387253140625 0.6819146234375 0.032718271874999996 0.6956008703125 0.062839484375 0.9994110234375 0.3107403796875 0.995083896875 0.3135086421875 0.9748776687499999 0.2822032625 0.708530446875
0 0.45603033281250005 0.6584485 0.279239725 0.703342803125 0.3096411765625 0.9523383484375 0.4819093 0.8947669171875001 0.45603033281250005 0.6584485
0 0.45954181250000004 0.6526939015625 0.48239743281249997 0.8914558984375001 0.6457025953125 0.8422952484374999 0.6250484140625 0.6175030359375 0.45954181250000004 0.6526939015625
0 0.6439767609375 0.8413569359374999 0.65316355625 0.89284500625 0.813076853125 0.834176509375 0.8012033453124999 0.697948428125 0.6347204828125 0.7397613328125 0.6439767609375 0.8413569359374999
0 0.813196465625 0.8189140671875 0.8424286046875 0.833785321875 0.9783220140625 0.7881142734375 0.96893645 0.644042359375 0.8206882156249999 0.6886163468750001 0.8001798062500001 0.6958591984375 0.813196465625 0.8189140671875
0 0.3064036671875 0.9526218249999999 0.311675725 0.9728593062499999 0.3093756 0.9951077187499999 0.4874673515625 0.9919991156249999 0.47775533125 0.8940412140625 0.3064036671875 0.9526218249999999
0 0.6539729328125 0.8927741375 0.64316738125 0.8414278046874999 0.480885759375 0.8926776875 0.49187144375 0.9919222421875 0.508329178125 0.991634971875 0.663229840625 0.9780718640625 0.6539729328125 0.8927741375
0 0.8129697703125001 0.833096459375 0.652032934375 0.889675725 0.662432365625 0.978098115625 0.824903084375 0.9616933203125001 0.8129697703125001 0.833096459375
0 0.8257124609375 0.9616224515624999 0.977982515625 0.9493791078125 0.9650980046875001 0.7947192984375 0.8405956874999999 0.8317669609375 0.81379168125 0.8166830968750001 0.8118864234375 0.8386384484375 0.8257124609375 0.9616224515624999
0 0.92341430625 0.2013634578125 0.9289352671875 0.2488148046875 0.989646121875 0.23929377343749997 0.9830606140624999 0.1728706765625 0.9764675640625 0.11065342656249999 0.9217984093749999 0.1274239484375 0.92341430625 0.2013634578125
0 1 0.9028091921874999 0.9739857640625 0.8843634781249999 0.9777808875 0.9308765125 1 0.9471786578125 1 0.9028091921874999
0 1 0.801104446875 0.9758938796875001 0.7883268796875 0.964502790625 0.7969502703125 0.9703199265625001 0.8803267546875 1 0.90132225625 1 0.801104446875
0 1 0.69672654375 0.9732197062499999 0.6872443765625 0.9781078515624999 0.785954171875 1 0.797087540625 1 0.69672654375
0 1 0.586328925 0.9525375953124999 0.5692184 0.9591168375000001 0.6438127406249999 0.9704481218750001 0.6428205734375 0.9738149203124999 0.68501340625 1 0.696374525 1 0.586328925
0 1 0.47654759843749994 0.9533150921875 0.47001251718750003 0.9545277296875 0.5069468374999999 0.9479456265625 0.5064337390625 0.9519423796875 0.5714493671875001 1 0.5871645562500001 1 0.47654759843749994
0 1 0.36136179375 0.9494630203125001 0.357049459375 0.9515892562499999 0.4690742046875 1 0.47639696093749995 1 0.36136179375
0 1 0.3437256046875 0.9893827015625 0.23663684843750002 0.9287211046875001 0.246654703125 0.9472017781250001 0.3507108953125 1 0.35863035 1 0.3437256046875