0 1 0.508 0.76 0.49800000000000005 0.74 0.514 0.738 0.734 1 0.764 1 0.508
0 1 0.766 0.77 0.74 0.742 0.784 0.734 1 1 1 1 0.766
0 1 0.33999999999999997 0.77 0.354 0.766 0.49800000000000005 1 0.506 1 0.33999999999999997
0 1 0.006 0.8320000000000001 0.048 0.8480000000000001 0.32599999999999996 1 0.308 1 0.006
0 0.678 0.064 0.6839999999999999 0.32799999999999996 0.8460000000000001 0.32 0.828 0.03 0.678 0.064
0 0.768 0.492 0.766 0.32799999999999996 0.648 0.33599999999999997 0.648 0.5820000000000001 0.738 0.588 0.738 0.514 0.768 0.492
0 0.54 0.358 0.542 0.5900000000000001 0.646 0.5940000000000001 0.646 0.35 0.54 0.358
0 0.674 0.052000000000000005 0.542 0.078 0.546 0.32999999999999996 0.558 0.33599999999999997 0.682 0.32599999999999996 0.674 0.052000000000000005
0 0.74 0.786 0.762 0.752 0.764 0.74 0.738 0.736 0.738 0.62 0.6599999999999999 0.614 0.618 0.642 0.622 0.8939999999999999 0.736 0.914 0.74 0.786
0 0.6599999999999999 0.61 0.5519999999999999 0.602 0.49400000000000005 0.628 0.49400000000000005 0.866 0.62 0.89 0.618 0.642 0.6599999999999999 0.61
0 0.492 0.628 0.536 0.608 0.48 0.602 0.434 0.614 0.43 0.842 0.49400000000000005 0.852 0.492 0.628
0 0.42800000000000005 0.834 0.434 0.604 0.374 0.616 0.274 0.61 0.262 0.616 0.262 0.8480000000000001 0.37 0.874 0.42800000000000005 0.834
0 0.42800000000000005 0.382 0.366 0.374 0.266 0.38 0.266 0.606 0.374 0.614 0.43 0.602 0.42800000000000005 0.382
0 0.544 0.356 0.544 0.32999999999999996 0.532 0.32999999999999996 0.53 0.344 0.438 0.344 0.43600000000000005 0.5559999999999999 0.542 0.558 0.54 0.358 0.544 0.356
0 0.534 0.1 0.458 0.036 0.324 0.05600000000000001 0.316 0.32599999999999996 0.42400000000000004 0.344 0.528 0.344 0.534 0.1
0 0.314 0.32599999999999996 0.32 0.092 0.238 0.10200000000000001 0.23199999999999998 0.348 0.40800000000000003 0.354 0.40800000000000003 0.344 0.314 0.32599999999999996