0 0.05482491874999999 0 0.0542491625 0.1407276625 0.0664825140625 0.163346790625 0.3184823609375 0.15746537031250002 0.32278649531250003 0.0314228 0.283120709375 0 0.05482491874999999 0
0 0.29156786874999996 0 0.2913380171875 0.00555135625 0.3233383015625 0.031033321875 0.31992476718749996 0.14566381718750002 0.33084575781250003 0.15769469687499998 0.5192836671875 0.16725100625 0.5328619015625 0.0529395765625 0.47098327656250005 0.015099564062500001 0.31417096875 0 0.29156786874999996 0
0 0.50691655625 0.025742654687499998 0.5011066078125 0.0325850359375 0.5328619015625 0.0529395765625 0.521277878125 0.1550599734375 0.5467460390625 0.1697997703125 0.6972500593750001 0.18200515781249998 0.7192800171875 0.07909146875 0.6490944578125 0.052232298437500005 0.50691655625 0.025742654687499998
0 0.667523453125 0.0489114375 0.6658317921875 0.056319659375 0.719005178125 0.0791026859375 0.700590740625 0.1745296375 0.7235896281249999 0.18863629375 0.841454153125 0.1907980796875 0.8642212078125 0.1028996234375 0.7811758796875 0.0666574078125 0.667523453125 0.0489114375
0 0.8442153125 0.188483634375 0.8570644234374999 0.1997019078125 0.9645192546875 0.196417203125 0.98145930625 0.11829749687499999 0.8976022578125 0.0798866578125 0.7872222921875001 0.066410634375 0.8124220078125 0.0800605109375 0.864223340625 0.1025325765625 0.8442153125 0.188483634375
0 0.8455255375 0.1994389265625 0.8227925921875 0.28146465 0.9365580093749999 0.2797571875 0.9611892328125 0.2020574984375 0.8455255375 0.1994389265625
0 0.7194649453124999 0.1891715921875 0.6953023828125 0.2807965953125 0.8200484859375001 0.280842728125 0.8444453796875001 0.19618038124999998 0.7194649453124999 0.1891715921875
0 0.8018003406249999 0.3476400984375 0.8214841296875001 0.364817725 0.9251061671875 0.3591207390625 0.9508111546875 0.28578073125 0.939619590625 0.273026975 0.9368264500000001 0.280847109375 0.8222471812500001 0.2807529921875 0.8018003406249999 0.3476400984375
0 0.820928059375 0.365941296875 0.8023521453125 0.3472506171875 0.7799345421874999 0.42229125156249997 0.7927602015625 0.437547028125 0.898058975 0.42701114218749997 0.9215290234375001 0.3600006515625 0.820928059375 0.365941296875
0 0.873557803125 0.48232103437499996 0.8917270671875 0.42910436093750004 0.7924853640625 0.43755824375 0.7802115109375001 0.4219129875 0.763043521875 0.4919689015625 0.789020846875 0.5136601359374999 0.873557803125 0.48232103437499996
0 0.5322114890625 0.271110175 0.54829328125 0.28048573593750004 0.693506453125 0.2827332703125 0.7188192531250001 0.187697446875 0.7005306734375 0.1750679796875 0.698815678125 0.1829405734375 0.5428166125 0.169615128125 0.5322114890625 0.271110175
0 0.67098938125 0.3754256734375 0.689315028125 0.28587675 0.5480063687500001 0.28198365625 0.531924578125 0.27260809375 0.5285399203125001 0.2805488296875 0.51550585625 0.36913868125 0.67098938125 0.3754256734375
0 0.6371859875 0.4474002296875 0.6501164359375 0.37664911874999996 0.515227578125 0.3691500390625 0.512412428125 0.37483821875 0.5085251828125 0.37351066093749996 0.49749086406250004 0.4531016390625 0.6371859875 0.4474002296875
0 0.4884260734375 0.5288967140625 0.5074933609375 0.5511547578125 0.63479984375 0.522922728125 0.6521654625 0.454963021875 0.6408597125 0.43758993593750006 0.6380143406250001 0.44848107812500004 0.49860397343749996 0.453056209375 0.4884260734375 0.5288967140625
0 0.48080663125 0.595343990625 0.49738669375000005 0.6147311296875 0.6332679625 0.5950663890625 0.64643351875 0.5317367281250001 0.636473825 0.522111303125 0.5069389656250001 0.5508058328125001 0.487021734375 0.53118334375 0.48080663125 0.595343990625
0 0.6246327375 0.59690503125 0.4979432484375 0.614708415625 0.4810676390625 0.598305759375 0.47100198750000005 0.6548209640625 0.48674721718749997 0.674242171875 0.6118015828125001 0.6505606875 0.6246327375 0.59690503125
0 0.7974005921875 0.357633646875 0.8195465687500001 0.2809331328125 0.6974196046875 0.2796011421875 0.6901606546875 0.28398447656250003 0.6755216859375001 0.36149326249999997 0.7974005921875 0.357633646875
0 0.796844040625 0.3576563625 0.6732868328125 0.36307068125 0.670152390625 0.3758313859375 0.6509555859375 0.3758717640625 0.64454855 0.42517815781249996 0.660041409375 0.4401510375 0.77721335 0.43239645624999995 0.796844040625 0.3576563625
0 0.7592631171875001 0.505210203125 0.77748515 0.43350001875000005 0.66032184375 0.439768040625 0.6437094015625 0.42595551093750006 0.6408683468749999 0.436103371875 0.6530024531249999 0.4545573078125 0.6384800484375 0.5119975109375 0.7592631171875001 0.505210203125
0 0.646435678125 0.5313650859375 0.6378499140625 0.57258625 0.7380922828125 0.55772001875 0.753695415625 0.5058089921875 0.6379256515625 0.5116485843749999 0.6350824390625001 0.5221680906249999 0.646435678125 0.5313650859375
0 0.7378075296875 0.558846296875 0.638408628125 0.57219189375 0.6332593281250001 0.596552953125 0.6251849734375 0.597625596875 0.616573309375 0.64330644375 0.7262922109375001 0.6254525796875 0.7430710515625 0.5627185515625001 0.7378075296875 0.558846296875
0 0.6003749515625 0.653999459375 0.588423959375 0.6998165984375 0.591715796875 0.7078563984375 0.7047761796875001 0.6894946046875 0.7203965828125 0.634610453125 0.71403938125 0.6274388656250001 0.615451565625 0.644838434375 0.6131972859375 0.64976061875 0.6003749515625 0.653999459375
0 0.7003107953125001 0.6919061640625 0.591991915625 0.7082166812499999 0.583945621875 0.7044579984375 0.57418846875 0.7557588828124999 0.6838814671875 0.742364703125 0.7003107953125001 0.6919061640625
0 0.741724996875 0.554970890625 0.7505759000000001 0.5638984625 0.8441676765624999 0.5444734859375 0.865092615625 0.486400421875 0.7895305671874999 0.5151214609375 0.7629519546875 0.492798425 0.76009795 0.5051761296875 0.7545280890625 0.5061465578125001 0.741724996875 0.554970890625
0 0.7308180375 0.6126350890625 0.7499198640625 0.628946884375 0.833042884375 0.5917431093750001 0.8517027484374999 0.54045043125 0.8475480187500001 0.5372760296875 0.8447199140625001 0.5451940515625 0.751132453125 0.5638757484375 0.74363408125 0.5615809140625 0.7308180375 0.6126350890625
0 0.71515680625 0.62665015625 0.7204030593749999 0.6334955328125 0.713290709375 0.6605375718750001 0.7262704375 0.677099234375 0.8182206171875 0.652911075 0.83855661875 0.6004353328125 0.83220589375 0.5921488203124999 0.75075469375 0.6289128109375001 0.731661503125 0.6111144562499999 0.72712488125 0.625790146875 0.71515680625 0.62665015625
0 0.6954872625 0.7080797765625 0.6974136171875001 0.711716678125 0.7084626734375 0.725384715625 0.799860615625 0.7004759921875 0.8165423203125 0.6544657796875 0.726826990625 0.6770765203125 0.712173284375 0.6613262828125 0.70534136875 0.6879853265625 0.701704340625 0.6914777375 0.6954872625 0.7080797765625
0 0.68260861875 0.7699115203125 0.69452056875 0.7787141609375 0.7801113890625 0.74772605625 0.798462753125 0.7016476984375 0.70873879375 0.7257450000000001 0.6943719953125 0.7084968468749999 0.6872985015624999 0.7288493609375 0.6931099421875 0.7341854624999999 0.68260861875 0.7699115203125
0 0.3440058703125 0.27486714375 0.352693390625 0.28782952812499996 0.5307277218750001 0.27773856406249997 0.5431386203125 0.16988935 0.521459571875 0.1566501046875 0.5186808218750001 0.1668521140625 0.34829855625 0.16008546875000002 0.3440058703125 0.27486714375
0 0.32802204375 0.37358067031250003 0.33763503125 0.38327693125 0.5135466671875 0.37448323437500003 0.5280075828124999 0.27784958125000003 0.3533048984375 0.28659393906249997 0.33798456250000003 0.2710774546875 0.3340367203125 0.27446693125 0.32802204375 0.37358067031250003
0 0.50447719375 0.3752569328125 0.33763268750000003 0.3836805703125 0.321644578125 0.37908702656250004 0.3204750796875 0.47638884687500005 0.4948966265625 0.46402406875 0.50447719375 0.3752569328125
0 0.328326221875 0.477279046875 0.32359317656250003 0.5638306203125001 0.48511463125 0.5354470375 0.49550344687500003 0.46359575625 0.328326221875 0.477279046875
0 0.47749987968749996 0.5979035828125 0.48451250156250003 0.535068065625 0.3229840125 0.56466256875 0.3210906734375 0.6305175046875 0.33134095937499997 0.6345381406249999 0.47749987968749996 0.5979035828125
0 0.29372263125 0.71234326875 0.4510502734375 0.6776741453125 0.4586790953125 0.612795759375 0.4544946578125 0.604895659375 0.3307317953125 0.635370090625 0.322002075 0.6296732203125 0.3051635171875 0.6154293281250001 0.299898878125 0.6374355703125001 0.29372263125 0.71234326875
0 0.44459289375 0.748961425 0.450436421875 0.6793133734375 0.2934133609375 0.7135665234374999 0.28906695312499997 0.785574734375 0.44459289375 0.748961425
0 0.4363267765625 0.8195154328124999 0.4451997125 0.7485331109375 0.2893715359375 0.78515875625 0.288666046875 0.85459710625 0.299778503125 0.866249890625 0.4363267765625 0.8195154328124999
0 0.28109584062500004 0.9093845046875 0.288314375 0.9151430515625 0.4284121296875 0.881580678125 0.4360198484375 0.8203350484374999 0.299778503125 0.866249890625 0.288968284375 0.854584771875 0.282016821875 0.854868484375 0.28109584062500004 0.9093845046875
0 0.462228171875 0.7300821921875 0.4700722828125 0.7321833140625 0.58628389375 0.7012099875 0.59532074375 0.6540300671875 0.48733284687499995 0.6737720703125001 0.4684067609375 0.6547708531249999 0.4689268359375 0.6692772078125 0.462228171875 0.7300821921875
0 0.445839153125 0.7945110234375 0.4533857140625 0.7958172 0.5687140578125 0.76084448125 0.5784210296875 0.7023379828125 0.47006759374999996 0.7329905921875 0.46222348437500005 0.7308894703125 0.4498458125 0.72897338125 0.445839153125 0.7945110234375
0 0.5693161890625 0.7612234515625 0.4533857140625 0.7958172 0.44551816093749996 0.797752475 0.44095626093750007 0.8548383562499999 0.56538924375 0.8130373453124999 0.5693161890625 0.7612234515625
0 0.57141289375 0.8164233968750001 0.58524314375 0.8283688 0.6804153515625 0.7780769640625 0.6924534765625 0.7344064484375 0.6876434640625 0.730163778125 0.68425789375 0.7407940953125001 0.57539141875 0.7557294328124999 0.57141289375 0.8164233968750001
0 0.0971656765625 0.291063634375 0.328138240625 0.2788078203125 0.332146465625 0.161843596875 0.0948854046875 0.1626355890625 0.0779297984375 0.16413591249999998 0.08155468906249999 0.26947227812499996 0.0971656765625 0.291063634375
0 0.0771639375 0.40019335937499995 0.085594778125 0.40752820312500004 0.306644159375 0.3843610609375 0.3108728984375 0.28153324375 0.09656263281250001 0.2906840921875 0.082153034375 0.2706603203125 0.0658873484375 0.2575829234375 0.0771639375 0.40019335937499995
0 0.303978203125 0.47863785 0.3066394625 0.3851695609375 0.0852850390625 0.40875330937500004 0.087495071875 0.49717293281249997 0.1046594484375 0.51183026875 0.303978203125 0.47863785
0 0.094419078125 0.607628659375 0.297703390625 0.5690203859375 0.3024553390625 0.480316621875 0.103744321875 0.5130800796874999 0.08657994218750001 0.4984227484375 0.08808831875 0.6034413359374999 0.094419078125 0.607628659375
0 0.105672390625 0.702145665625 0.29389944375 0.650814834375 0.297567003125 0.6446028328125 0.3013310328125 0.5696806390625 0.092302565625 0.6073108859375 0.09513207500000001 0.6932802984374999 0.105672390625 0.702145665625
0 0.0641423546875 0.6622127328125 0.0734292203125 0.7826758859375 0.0806892 0.783187890625 0.267761828125 0.7222044671875001 0.2705543765625 0.6582340921875 0.1071835140625 0.702488146875 0.09241721562500001 0.6917744828125 0.0887052453125 0.653531309375 0.0641423546875 0.6622127328125
0 0.261388803125 0.72529365 0.08008380781249999 0.7832125984375 0.07131035625 0.7827623625 0.076653 0.8528671843750001 0.2616020703125 0.7927787390625001 0.261388803125 0.72529365
0 0.2721351359375 0.8549927875 0.271583953125 0.79358380625 0.2628692 0.7830273156249999 0.262519546875 0.791124675 0.09211156718749999 0.848598878125 0.09716795 0.915886303125 0.2721351359375 0.8549927875
0 0.1007979421875 0.9161423046875001 0.1040921625 0.9742060968749999 0.27271919218749996 0.9107422625 0.27152974687500003 0.8550174953124999 0.1007979421875 0.9161423046875001
0 1 0.1049130296875 0.9895428687500001 0.10192879218749999 0.927921046875 0.0914122625 0.9817850187499999 0.1176039890625 0.9649450953125 0.1969457875 0.9666284781250001 0.20711613125 1 0.20583915468749997 1 0.1049130296875
0 1 0.20616741562500002 0.966620365625 0.20851269687500001 0.9621159484374999 0.2040424234375 0.9411688515625001 0.270520334375 0.94774308125 0.2786294234375 1 0.27834286874999997 1 0.20616741562500002
0 1 0.2800963125 0.9491292625 0.27996908125000003 0.9508342750000001 0.2864152546875 0.9292116609375001 0.34919744375 1 0.3467210875 1 0.2800963125
0 1 0.3484845078125 0.92893088125 0.3508151265625 0.9256218984375 0.36022205937499996 0.921278371875 0.360978825 0.9009635093749999 0.42207517031249997 0.9059311250000001 0.42592887343749997 0.9817358890625 0.4109554375 1 0.3522725828125 1 0.3484845078125
0 0.8780950546874999 0.4745833453125 0.8895291375 0.4857065359375 0.9655576437500001 0.46956498281250003 0.9817274734374999 0.4124045140625 0.9061464484374999 0.42620983125 0.8996580968749999 0.42270794218749996 0.89832743125 0.4276879359375 0.8924665359375 0.428216884375 0.8780950546874999 0.4745833453125
0 0.8745774796875001 0.48255005781250004 0.8656599546875 0.48639096875 0.8548195171874999 0.522472196875 0.8748985656249999 0.539327228125 0.9572472328125 0.518291790625 0.97165575 0.465549396875 0.968849796875 0.46305620000000003 0.965550909375 0.47072424375 0.8895325046875 0.48512690625 0.8770016 0.4760767046875 0.8745774796875001 0.48255005781250004
0 0.8510243328125 0.5408811046875 0.8373173390625 0.5849024765624999 0.8569472234375001 0.604383559375 0.94764978125 0.6018406781250001 0.96861903125 0.540138134375 0.9504997875000001 0.522044128125 0.8757649140625 0.5395816156250001 0.8546058765625 0.521901421875 0.8469247484375 0.5369919734375 0.8510243328125 0.5408811046875
0 0.8331571578125001 0.5914466843749999 0.8383165281249999 0.59963875625 0.8255398546875 0.632901546875 0.8257332953125 0.6369501 0.82790505625 0.6365717156249999 0.8475181046875001 0.658950946875 0.9361145499999999 0.6454836671875 0.956807878125 0.5939335031249999 0.952923621875 0.5903253281249999 0.948300803125 0.6018141078125 0.8571608640624999 0.60495433125 0.8366595828125 0.5860883046875001 0.8331571578125001 0.5914466843749999
0 0.90679814375 0.6875343921875 0.9204697828124999 0.649599134375 0.848384453125 0.659205334375 0.8263893671875 0.6360540828125 0.8059248328124999 0.6855666828125 0.8261990046875001 0.70618045625 0.90679814375 0.6875343921875
0 0.8848650546875 0.728414540625 0.8994064078124999 0.6901540421875 0.8266296531249999 0.7067423703125 0.80548576875 0.6864538437500001 0.79181749375 0.7238094687500001 0.8174108109375 0.7624601656250001 0.8848650546875 0.728414540625