0 0.21480423750000002 0.379091421875 0.31340369687499997 0.5979318953125 0.3841152171875 0.7340939 0.4711847640625 0.6860838890625 0.3716186328125 0.433763325 0.2948417109375 0.3469707265625 0.21480423750000002 0.379091421875
0 0.5274711859375001 0.008001740625 0.2945461 0.08281197968750001 0.3831884625 0.321115734375 0.424579578125 0.3581067953125 0.56859694375 0.29524277187500003 0.6430949015625 0.2589449390625 0.5690776546875 0.002771334375 0.5274711859375001 0.008001740625
0 0.3831884625 0.321115734375 0.309001034375 0.3460884921875 0.31874277812499996 0.368846675 0.370747134375 0.43117962343749994 0.4739545234375 0.6881724593749999 0.5580990484374999 0.64373641875 0.47253697343749995 0.39619615625 0.42545107499999996 0.360690496875 0.3831884625 0.321115734375
0 0.42545107499999996 0.360690496875 0.47356373593749995 0.39311732187500004 0.56189556875 0.6427461515624999 0.64414183125 0.5988052453125 0.5670443 0.35186815 0.511338596875 0.3214218609375 0.42545107499999996 0.360690496875
0 0.511338596875 0.3214218609375 0.5670443 0.35186815 0.6425541015625 0.587975303125 0.7199770812499999 0.5481035000000001 0.6463655390625 0.31150121406250003 0.5924028328125 0.2862223296875 0.511338596875 0.3214218609375
0 0.6449931624999999 0.2584498046875 0.5924028328125 0.2862223296875 0.6482638 0.3110060796875 0.7218753421875 0.5476083671875001 0.791550015625 0.5153796390625 0.7322530609375 0.2722325765625 0.644276928125 0.2502035640625 0.6449931624999999 0.2584498046875
0 0.6320759546875 0.214031734375 0.6406356718749999 0.24553129375 0.7332798234375 0.26915374375 0.7925767765625 0.5123008015625 0.8622514515624999 0.4800720734375 0.8084940140624999 0.24110215 0.6605498640625 0.206604728125 0.6320759546875 0.214031734375
0 0.6596783671875001 0.20402102656249999 0.8084940140624999 0.24110215 0.8641497125000001 0.4795769390625 0.932797621875 0.45042704687499996 0.8866332265624999 0.20947658750000003 0.719706471875 0.1799305046875 0.6596783671875001 0.20402102656249999
0 0.3830884546875 0.7371727359375 0.3419126921875 0.6579602078125 0.3951341625 0.779007103125 0.4851739046875 0.9663480171875 0.5611644171875 0.9099837328125 0.482108534375 0.7001007015625 0.47205626250000005 0.6886675921875 0.3830884546875 0.7371727359375
0 0.4796493046875 0.6866870578125 0.5621911796875 0.9069048984375 0.6361281671875 0.8566982875000001 0.5646653265625 0.6448347203125 0.4796493046875 0.6866870578125
0 0.5637938296875 0.64225101875 0.6388979265625 0.8587868546875 0.648233965625 0.861973725 0.716476171875 0.8132525156250001 0.64604009375 0.5983101109375 0.5637938296875 0.64225101875
0 0.645323859375 0.590063871875 0.7167867 0.8019274390625 0.7783073625 0.7577704671875 0.7199770812499999 0.5481035000000001 0.645323859375 0.590063871875
0 0.7227468406249999 0.5501920703125001 0.7812323859375 0.7541964984375 0.84552280625 0.7121280953125 0.791550015625 0.5153796390625 0.7227468406249999 0.5501920703125001
0 0.7925767765625 0.5123008015625 0.8465495687500001 0.7090492578125 0.9079149671875 0.670554825 0.8612246875 0.48315090781250003 0.7925767765625 0.5123008015625
0 0.48327564531249995 0.9668431515625 0.3913376421875 0.7799973703124999 0.362553203125 0.798749453125 0.46025849374999994 0.9978312890625001 0.5665470921875 0.9972129203125 0.5380747625 0.9272504171874999 0.48327564531249995 0.9668431515625
0 0.6239622828125 0.8879817796875 0.613910009375 0.876548671875 0.5399730218750001 0.9267552828125 0.5686418953125 0.9972007328125001 0.6488809437499999 0.996733915625 0.6634902234375 0.9929232953125 0.6239622828125 0.8879817796875
0 0.6216583171875001 0.8689055984375 0.6504177531249999 0.9541677640625 0.6824728296875 0.9879719578125 0.7678945578125 0.9656909359375 0.71734766875 0.8158362171875 0.6491054625 0.8645574265624999 0.636999665625 0.8592819890625 0.6216583171875001 0.8689055984375
0 0.7678945578125 0.9656909359375 0.8153510718750001 0.953312590625 0.8279226625 0.9416004140625001 0.775382340625 0.7613444375 0.7138616765625 0.8055014093749999 0.7678945578125 0.9656909359375
0 0.774510840625 0.758760734375 0.828949425 0.9385215765625 0.8875450640625001 0.8979385750000001 0.8388012609375 0.71669233125 0.774510840625 0.758760734375
0 0.8465495687500001 0.7090492578125 0.8396727593750001 0.7192760328125 0.8852411 0.8788623953125001 0.900988153125 0.8888101015625001 0.951274515625 0.8419613953124999 0.9106847234375 0.6726433921875 0.8465495687500001 0.7090492578125
0 0.8650212093749999 0.48216064062499997 0.9098132265625001 0.6700596921875001 0.9635855812499999 0.6335457921875001 0.9298726 0.454001015625 0.8650212093749999 0.48216064062499997
0 1 0.780981528125 0.9692803624999999 0.632060390625 0.9106847234375 0.6726433921875 0.9521460125000001 0.8445450953125 0.9595837921875001 0.8482270984375001 1 0.8101964718750001 1 0.780981528125