0 0.57374101875 0 0.5417332375 0.295663940625 0.5488360421875 0.3254169390625 0.8948697453125 0.3252879234375 0.9686151875 0.0051220265625 0.8524492890625 0 0.57374101875 0
0 0.18521134687500002 0 0.18483023437499999 0.3334208453125 0.5368966078125 0.3303056203125 0.5737022281249999 0 0.18521134687500002 0
0 0.552067453125 0.3255683671875 0.5402434296874999 0.294504490625 0.5430551734375 0.32623567656249997 0.5110977812499999 0.3356344703125 0.483504853125 0.6710387437499999 0.4974377 0.5790726515625 0.8167912828125001 0.5918586343750001 0.8770550187499999 0.3527836203125 0.8693961609375 0.32082529375 0.552067453125 0.3255683671875
0 0.1839804234375 0.277809621875 0.15847535468750001 0.3365443671875 0.15526489999999998 0.5739344187500001 0.44444466406250005 0.5667826234375 0.44937570156250006 0.678156496875 0.4810812953125 0.6709251734375 0.511853178125 0.3291320578125 0.18551219218749998 0.3345424375 0.1839804234375 0.277809621875
0 0.857834375 0.741972359375 0.810884515625 0.5937611078125 0.49849734999999995 0.5769430390625 0.44724588125000003 0.8992526578125 0.44408790312499996 0.9753791421875 0.503062996875 0.978316140625 0.8225399250000001 0.9652984531250001 0.88275190625 0.7442296578125001 0.857834375 0.741972359375
0 0.4340054859375 0.943307246875 0.44195811406249996 0.94476955 0.4486832328125 0.8938718375000001 0.4755522265625 0.6695764390625001 0.4498058578125 0.681445559375 0.4340054859375 0.943307246875
0 0.126685803125 0.568236628125 0.12354880937499998 0.6301988390625 0.0941408640625 0.7225293875000001 0.060462851562499996 0.718771928125 0.0675026828125 0.9588215874999999 0.43166480937499996 0.9770198375 0.446186271875 0.5657746015625 0.126685803125 0.568236628125
0 0.0485759375 0.2267893734375 0.1616962875 0.21792505625 0.1579927640625 0.1589112 0.0535804328125 0.1627354078125 0.0485759375 0.2267893734375
0 0.045103204687499995 0.34757615468749997 0.15915730781249998 0.337665959375 0.1614130078125 0.28328989843749997 0.045564842187499996 0.287667846875 0.045103204687499995 0.34757615468749997
0 0.046750375 0.452258334375 0.15600981875 0.4486612671875 0.1577829046875 0.384455871875 0.0479674046875 0.3858476125 0.046750375 0.452258334375
0 0.0494047359375 0.5482706265624999 0.156796675 0.5467653171875 0.154331159375 0.4910783796875 0.0449458140625 0.49575918124999996 0.0494047359375 0.5482706265624999
0 0 0.5511638078125001 0.0176466828125 0.548961678125 0.015789678125 0.5020203421875 0 0.49977688750000004 0 0.5511638078125001
0 0 0.453073675 0.010827159375000001 0.45384383906250003 0.0154015015625 0.38650080937500003 0 0.38330430781249997 0 0.453073675
0 0.0031527828125 0.348465159375 0.027204548437499997 0.34782704062500003 0.027131115625 0.2715491296875 0.012134434375 0.2711514671875 0.0031527828125 0.348465159375