0 0 0.02474690625 0.1886972484375 0.0237355640625 0.1886972484375 0.00103198125 0 0.00224971875 0 0.02474690625
0 0.1886972484375 0.00103198125 0.1868623859375 0.0092878296875 0.3813577984375 0.00825585 0.3813577984375 0.0020639625 0.1886972484375 0.00103198125
0 0 0.1271091109375 0.1886972484375 0.126933675 0.1868623859375 0.025799528125 0 0.029246343749999997 0 0.1271091109375
0 0 0.22947131562499998 0.20154128437500002 0.230131784375 0.194201834375 0.1289976359375 0 0.13048368906250002 0 0.22947131562499998
0 0.194201834375 0.1135179203125 0.205211009375 0.2198119734375 0.407045871875 0.2167160296875 0.390532109375 0.1114539578125 0.194201834375 0.1135179203125
0 0.390532109375 0.106294053125 0.383192659375 0.007223867187499999 0.1886972484375 0.0092878296875 0.190532109375 0.10835801406250001 0.390532109375 0.106294053125
0 0.38869724843750003 0.0020639625 0.3960366984375 0.105262071875 0.5886972484374999 0.106294053125 0.5758532125 0.00309594375 0.38869724843750003 0.0020639625
0 0.5831926593750001 0.007223867187499999 0.5886972484374999 0.106294053125 0.7776880734375 0.10732603437499999 0.7740183484375 0.0103198109375 0.5831926593750001 0.007223867187499999
0 0.7758532125000001 0.00825585 0.7776880734375 0.10835801406250001 0.9685137625 0.1124859390625 0.9666789 0.014447735937500001 0.7758532125000001 0.00825585
0 0.785027521875 0.10835801406250001 0.7997064218750001 0.21258810625 0.990532109375 0.2136200859375 0.9795229359375 0.1124859390625 0.785027521875 0.10835801406250001
0 0.594201834375 0.10732603437499999 0.6033761453125 0.2105241421875 0.794201834375 0.2094921625 0.783192659375 0.10835801406250001 0.594201834375 0.10732603437499999
0 0.5868623859375 0.105262071875 0.39236697187499997 0.10732603437499999 0.408880734375 0.2136200859375 0.599706421875 0.2115561234375 0.5868623859375 0.105262071875
0 0.5978715593749999 0.2156840484375 0.408880734375 0.2146520671875 0.407045871875 0.3240420625 0.607045871875 0.3219781015625 0.5978715593749999 0.2156840484375
0 0.601541284375 0.2146520671875 0.607045871875 0.3230100828125 0.805211009375 0.3199141390625 0.792366971875 0.2115561234375 0.601541284375 0.2146520671875
0 0.797871559375 0.21258810625 0.8033761453125001 0.3209461203125 0.998 0.3228346453125 0.998 0.21709786250000002 0.797871559375 0.21258810625
0 0.407045871875 0.2136200859375 0.20337614531249998 0.2229079171875 0.1960366984375 0.3250740453125 0.3960366984375 0.3261060265625 0.407045871875 0.2136200859375
0 0 0.3442069734375 0.194201834375 0.3436497046875 0.194201834375 0.233227728125 0 0.230596175 0 0.3442069734375
0 0 0.4521934765625 0.1960366984375 0.44994375625 0.20337614531249998 0.3436497046875 0 0.34645669218749997 0 0.4521934765625
0 0.1960366984375 0.32816998750000004 0.1960366984375 0.44581583281250003 0.399706421875 0.437559984375 0.397871559375 0.32920196874999996 0.1960366984375 0.32816998750000004
0 0.4033761453125 0.3261060265625 0.399706421875 0.435496021875 0.6052110093749999 0.4313680984375 0.599706421875 0.32713800625 0.4033761453125 0.3261060265625
0 0.6033761453125 0.3261060265625 0.616220184375 0.430336115625 0.8290642203124999 0.430336115625 0.7997064218750001 0.3240420625 0.6033761453125 0.3261060265625
0 0.8107155953125 0.3240420625 0.8290642203124999 0.430336115625 0.998 0.42632170937499997 0.998 0.3262092234375 0.8107155953125 0.3240420625
0 0.83823853125 0.430336115625 0.8602568796875 0.53663016875 0.998 0.5410573671875001 0.998 0.428571428125 0.83823853125 0.430336115625
0 0.6180550453125 0.4313680984375 0.65291743125 0.54488601875 0.8529174312500001 0.5397261125 0.8364036703125001 0.432400078125 0.6180550453125 0.4313680984375
0 0.6198899078125 0.433432059375 0.408880734375 0.437559984375 0.4253944953125 0.5500459234374999 0.6272293578125 0.5469499796874999 0.6198899078125 0.433432059375
0 0.407045871875 0.44065592656249997 0.197871559375 0.45200771875 0.216220184375 0.5634616765625 0.4253944953125 0.553141865625 0.407045871875 0.44065592656249997
0 0 0.57255343125 0.21438532187499998 0.5665576203125 0.197871559375 0.45097573750000003 0 0.45669291406249996 0 0.57255343125
0 0 0.6962879640625 0.2198899078125 0.684203465625 0.2125504578125 0.565525640625 0 0.573678290625 0 0.6962879640625
0 0.2125504578125 0.565525640625 0.223559634375 0.6831714843750001 0.43456880781249996 0.6697557296875 0.4290642203125 0.556237809375 0.2125504578125 0.565525640625
0 0.4272293578125 0.554173846875 0.44007339375 0.6728516734375 0.65475229375 0.6645958249999999 0.64190825625 0.5490139421875 0.4272293578125 0.554173846875
0 0.64741284375 0.5469499796874999 0.65658715625 0.6656278046875 0.86576146875 0.6553079937499999 0.85842201875 0.5428220546875 0.64741284375 0.5469499796874999
0 0.85658715625 0.53869413125 0.86576146875 0.6594359187500001 0.998 0.6557930265625 0.998 0.5433070859375 0.85658715625 0.53869413125
0 0.8547522937500001 0.6666597859375 0.8841100921875 0.7894655359375 0.998 0.788526434375 0.998 0.6614173234375 0.8547522937500001 0.6666597859375
0 0.6364036703125 0.6800755406250001 0.66576146875 0.8008173296875001 0.8822752296875 0.7946254421875001 0.8529174312500001 0.6718196921875 0.6364036703125 0.6800755406250001
0 0.6364036703125 0.6728516734375 0.4107155953125 0.6883313906249999 0.43823853125 0.8142330828125001 0.6602568796875 0.8018493109374999 0.6364036703125 0.6728516734375
0 0.20337614531249998 0.8224889328125 0.44190825624999996 0.813201103125 0.408880734375 0.6862674281250001 0.199706421875 0.6965872390625 0.20337614531249998 0.8224889328125
0 0 0.8323959500000001 0.20154128437500002 0.8193929890625 0.199706421875 0.6862674281250001 0 0.7019122609374999 0 0.8323959500000001
0 0 0.967379078125 0.223559634375 0.956646475 0.216220184375 0.825584875 0 0.8368953875 0 0.967379078125
0 0.2180550453125 0.825584875 0.22722935781250003 0.956646475 0.45108256874999997 0.94529468125 0.43823853125 0.8162970453125 0.2180550453125 0.825584875
0 0.44190825624999996 0.8162970453125 0.45108256874999997 0.94529468125 0.67126605625 0.9370388328124999 0.6694311921875 0.8049452531249999 0.44190825624999996 0.8162970453125
0 0.6675963296874999 0.8039132718750001 0.6767706421875 0.9370388328124999 0.8969541281250001 0.9267190218750001 0.8841100921875 0.7987533671875 0.6675963296874999 0.8039132718750001
0 0.8859449546875 0.7925614796875 0.8987889906250001 0.9236230781250001 0.998 0.9156355453125 0.998 0.79415073125 0.8859449546875 0.7925614796875
0 0.7758532125000001 0 0.7795229359375 0.00825585 0.9630091734375 0.012383773437499999 0.9593394500000001 0.00103198125 0.7758532125000001 0