0 0.5844467343749999 0 0.6029533765624999 0.2810152640625 0.6082756359375 0.292253271875 0.8216197078125 0.24917404375 0.77411564375 0 0.5844467343749999 0
0 0.3758551765625 0 0.26074404218749997 0.030933296875 0.3286261953125 0.361068090625 0.60268149375 0.29692362031249997 0.5829190046875 0 0.3758551765625 0
0 0.017890434375 0.0977777828125 0.0773726796875 0.4175016125 0.1407450375 0.40205537343750003 0.32652621718749997 0.35846535 0.2592052171875 0.03134681875 0.017890434375 0.0977777828125
0 0.6326944984375 0.44087717968750006 0.636087503125 0.5112242140625 0.6512125546875 0.5404138421875 0.666890065625 0.555203246875 0.8705846765624999 0.52105119375 0.8203614609375001 0.2510956953125 0.6226862046874999 0.29154784375 0.6326944984375 0.44087717968750006
0 0.6214279578124999 0.2934694953125 0.60268149375 0.29692362031249997 0.3489114828125 0.3572004453125 0.400520190625 0.5998636265624999 0.40640360624999994 0.6141178968750001 0.41619770312500004 0.6146530328125 0.5914876921875 0.5754657890625 0.6376524109374999 0.5630601515625 0.6366660453125 0.5490734484375001 0.632413921875 0.4393690484375 0.6214279578124999 0.2934694953125
0 0.0761144328125 0.41942326406249997 0.12824081874999999 0.5780202765625 0.1629888453125 0.6779461203125 0.3974512390625 0.6181071546875 0.40248422812499995 0.6104205453125 0.3984202140625 0.597260884375 0.347372659375 0.3576139671875 0.1410256140625 0.4035635046875 0.0761144328125 0.41942326406249997
0 0.6653512421875 0.55561676875 0.6493931546875 0.5393192328125 0.6471572359375 0.54467066875 0.6494018500000001 0.5567357187499999 0.6475911437499999 0.5730575953125 0.6641973343750001 0.7665362578125 0.6809971515625 0.7873581890625 0.753747090625 0.77889313125 0.8866471031250001 0.7463465671875 0.8971382953125 0.7419437875 0.90088695 0.6839293703125 0.870865253125 0.522559325 0.6653512421875 0.55561676875
0 0.6475911437499999 0.5730575953125 0.6496824265625001 0.55824385 0.647998965625 0.5491950625 0.6390466 0.553184321875 0.6394718109374999 0.5641547609375 0.5933070921875 0.5765603984375 0.41186180937500005 0.6174017265625 0.445531003125 0.7983774796875001 0.448617346875 0.8149669218750001 0.45953374843750006 0.821534584375 0.55326606875 0.8042639656249999 0.6584672515625 0.7791607843749999 0.6660167343750001 0.76763086875 0.6475911437499999 0.5730575953125
0 0.4346319890625 0.826642790625 0.44385623750000003 0.806745178125 0.4090647359375 0.6197369 0.3961929921875 0.6200288078125 0.165088821875 0.6805488625 0.22450150781249997 0.8609408000000001 0.232901415625 0.8713517656249999 0.2848049125 0.8637380890624999 0.4346319890625 0.826642790625
0 0.899229575 0.7271300421875 0.897418871875 0.74345191875 0.8881859265625 0.7459330453125 0.7522082671875 0.779306653125 0.681277728125 0.7888663203124999 0.68983096875 0.8261560812500001 0.694337584375 0.885119153125 0.6957578578125 0.9274927828124999 0.8958049703125001 0.8737350218750001 0.9045605328124999 0.7557845359375001 0.9044072015625 0.728905740625 0.901746071875 0.7232867374999999 0.899229575 0.7271300421875
0 0.6940570078125 0.883611021875 0.6895503921875 0.8246479484375 0.681277728125 0.7888663203124999 0.6647584875 0.7695525203125 0.6584672515625 0.7791607843749999 0.55326606875 0.8042639656249999 0.45981432499999997 0.823042715625 0.46513658593749996 0.834280721875 0.479310053125 0.9191495953125 0.49178324843750004 0.9780635515625 0.510392053125 0.9773053015625001 0.694219034375 0.9279063046875 0.6940570078125 0.883611021875
0 0.4596783859375 0.8309968921875001 0.44945907656250006 0.8194913171874999 0.4377096359375 0.8258157484374999 0.2850854890625 0.8652462218749999 0.2457731609375 0.8710598578125 0.2364042765625 0.8814951625 0.27952114687499996 0.9867125703124999 0.49017338437499997 0.9781291484375 0.477490653125 0.9180549843750001 0.4596783859375 0.8309968921875001
0 0.2005861125 0.8800357109375 0.22352383593749997 0.864370584375 0.1635499984375 0.680962384375 0.12941529375 0.6885517203125 0.164632009375 0.8865304359374999 0.2005861125 0.8800357109375
0 0.232204321875 0.8762896796874999 0.2250626609375 0.8639570624999999 0.19806961875 0.883879015625 0.165618375 0.9005171390625 0.18419025 0.99059700625 0.278825153125 0.9867409296874999 0.2784299046875 0.985799446875 0.232204321875 0.8762896796874999
0 0.126337646875 0.6893787625 0.16173059843749998 0.6798677750000001 0.082839575 0.4382019296875 0.126337646875 0.6893787625