0 0.017333334375000002 0.0017599890625 0.0521159421875 0.1516850265625 0.368057971875 0.1516850265625 0.35646376874999997 0.0071920562499999995 0.017333334375000002 0.0017599890625
0 0.3695072453125 0.002846403125 0.36371014375 0.1462529609375 0.6782028984374999 0.14299372187499998 0.6926956515625 0.0050192296875 0.3695072453125 0.002846403125
0 0.998 0 0.7013913046875 0.003932815625000001 0.6796521734375001 0.1440801328125 0.9912463765625 0.1495122015625 0.998 0.11394302812499998 0.998 0
0 0.36371014375 0.152771440625 0.0071884062499999995 0.15603068125 0.0057391296875 0.367881278125 0.3753043484375 0.361362796875 0.36371014375 0.152771440625
0 0.747768115625 0.1495122015625 0.36515942031250004 0.1495122015625 0.370956521875 0.35810355625 0.7260289859375 0.3537579046875 0.747768115625 0.1495122015625
0 0.998 0.1529235375 0.7506666656250001 0.1462529609375 0.724579709375 0.347239425 0.998 0.3508245875 0.998 0.1529235375
0 0.344869565625 0.36244920937499997 0.0071884062499999995 0.3689676890625 0 0.565217390625 0.35936231875 0.553657953125 0.344869565625 0.36244920937499997
0 0.697043478125 0.3559307296875 0.35066666562500004 0.3635356234375 0.35936231875 0.5341025140625 0.6825507234375 0.530843275 0.697043478125 0.3559307296875
0 0.998 0.3538230890625 0.7013913046875 0.3591899703125 0.6883478265625 0.530843275 0.998 0.5292353828125 0.998 0.3538230890625
0 0.36081159375 0.6677313515625001 0.34052174062499996 0.553657953125 0.0028405796875 0.5666949125 0.01443478125 0.727484084375 0.347768115625 0.7111878843749999 0.36081159375 0.6677313515625001
0 0.70428985625 0.5514851281250001 0.697043478125 0.530843275 0.3782028984375 0.54062099375 0.384 0.698150925 0.6897971015625 0.6883732046875 0.70428985625 0.5514851281250001
0 0.998 0.57571214375 0.998 0.5292353828125 0.697043478125 0.528670446875 0.6854492765625 0.6872867921875 0.968057971875 0.6840275515625 0.998 0.57571214375
0 0 0.8695652171875 0.3129855078125 0.8665449875 0.33762318750000003 0.8165699765625 0.30718840625 0.7263976703125 0.00863768125 0.727484084375 0.01008695625 0.6927188578125001 0 0.7046476765625 0 0.8695652171875
0 0.35356521875 0.737261803125 0.36371014375 0.8524216140625 0.6550144921875 0.828520521875 0.6622608703124999 0.7340025640625 0.35356521875 0.737261803125
0 0.9666086953124999 0.69054603125 0.6622608703124999 0.7307433234375 0.6521159421875 0.83069335 0.670956521875 0.8339525890624999 0.9289275359375001 0.819829215625 0.9666086953124999 0.69054603125
0 0.3332753625 0.8187428015625 0.31153623124999996 0.8708906421875 0.0419710140625 0.8687178156250001 0.073855071875 0.9903961062500001 0.3666086953125 0.9871368671875 0.3550144921875 0.8241748703124999 0.3332753625 0.8187428015625
0 0.6535652187500001 0.8296069359375 0.35791304375 0.853508028125 0.36515942031250004 0.9599765343750001 0.640521740625 0.9632357734375001 0.6535652187500001 0.8296069359375
0 0.9318260859375 0.8220020421875001 0.65646376875 0.832866175 0.644869565625 0.90565586875 0.6622608703124999 0.9349890265624999 0.9260289859374999 0.9089151078125 0.9318260859375 0.8220020421875001
0 0.36515942031250004 0.9588901203125 0.3666086953125 0.9838776265625 0.1028405796875 0.9893096921875 0.3897971015625 0.998001 0.3883478265625 0.95780370625 0.36515942031250004 0.9588901203125
0 0.6651594203125 0.9512852265625 0.6434202906250001 0.90782869375 0.640521740625 0.9588901203125 0.3883478265625 0.95671729375 0.3897971015625 0.9969145859375 0.6651594203125 0.9969145859375 0.6651594203125 0.9512852265625
0 0.9492173921875 0.9219520671874999 0.9274782593750001 0.887186840625 0.9274782593750001 0.9100015203125 0.694144928125 0.936075440625 0.70428985625 0.954544465625 0.704 0.99850075 0.944 0.99850075 0.9492173921875 0.9219520671874999