0 0.0443054640625 0.137583575 0.7614283578125 0.26465235625 0.828 0.0385647203125 0 0 0.0103054640625 0.136 0.0443054640625 0.137583575
0 0.9078209734374999 0.1977318703125 0.9560000000000001 0.044526415624999996 0.8300000000000001 0.038657871875 0.7869116671875 0.18014278125 0.9078209734374999 0.1977318703125
0 1 0.2532166984375 0.910124075 0.201825021875 0.78721476875 0.18414278125 0.7733066453124999 0.2373044171875 0.8260345609374999 0.27563320468749997 0.7616144703125001 0.50381399375 0.776826878125 0.5204660546875 1 0.534277840625 1 0.2532166984375
0 0.4231896546875 0.4561645421875 0.43531136875 0.48463029999999996 0.6056144703124999 0.49654817656250005 0.757766021875 0.505627690625 0.8241861125 0.27754005312499996 0.7716097468750001 0.241211265625 0.763731459375 0.2687455078125 0.44654889062500003 0.2121207234375 0.4231896546875 0.4561645421875
0 0.44470044062499997 0.214027571875 0.044608565625 0.14158357500000002 0.010608565625 0.13999999999999999 0.0324319 0.42800000000000005 0.4191896546875 0.4559782390625 0.44470044062499997 0.214027571875
0 1 0.5362684609375 0.776978428125 0.5224660546875 0.759917571875 0.5077208421875 0.665917571875 0.503342721875 0.62743544375 0.653013934375 0.647890096875 0.6599454484375 1 0.70943938125 1 0.5362684609375
0 0.661917571875 0.50315641875 0.43531136875 0.48463029999999996 0.4234927578125 0.4601645421875 0.032886553125 0.434 0.0497087078125 0.6559999999999999 0.6252838921875 0.6509207828125 0.661917571875 0.50315641875
0 0.8604986625000001 0.80935375 0.906011809375 0.699868840625 0.654041646875 0.662224903125 0.616195559375 0.7939892671875 0.6249533140625 0.8043618734375 0.8604986625000001 0.80935375
0 0.922197921875 0.9397756890625001 0.98555951875 0.82912914375 0.9069211156250001 0.711868840625 0.8606502125000001 0.81135375 0.5509533140625 0.8009152687500001 0.5240463703125 0.9192385406250001 0.922197921875 0.9397756890625001
0 0.648041646875 0.6619454484375 0.62158699375 0.6547344796875 0.3584963 0.6544384828124999 0.34186262031250003 0.8031343609375 0.6124986625 0.7978029640625001 0.648041646875 0.6619454484375
0 0.3564963 0.6543453312499999 0.05001180937500001 0.6599999999999999 0.061378129687500005 0.8099999999999999 0.33786262031250003 0.8029480578125 0.3564963 0.6543453312499999
0 0.5469533140625 0.8007289656250001 0.06168123125 0.8140000000000001 0.0724413484375 0.9560000000000001 0.5200463703125 0.9190522390625 0.5469533140625 0.8007289656250001
0 0.7776934890625 1 0.8061979218750001 0.934372903125 0.576197921875 0.9236604796875 0.557271859375 1 0.7776934890625 1
0 0.5520031546874999 1 0.5709556765625 0.9333810250000001 0.568197921875 0.923287875 0.5221979218749999 0.9211453890625 0.314168084375 0.9373644828125001 0.30528201875 1 0.5520031546874999 1
0 0.302739684375 1 0.308319634375 0.9390850281249999 0.07274445 0.96 0.07577546874999999 1 0.302739684375 1
0 0.868154478125 1 0.8381979218750001 0.9358633265625 0.8103494734375 0.9365592046875 0.7821181109374999 1 0.868154478125 1
0 1 0.15886437343749998 0.9560321999999999 0.150153809375 0.9268197921875 0.1328496890625 0.9079725234374999 0.1997318703125 1 0.2530864046875 1 0.15886437343749998
0 1 0.046575748437499995 0.958 0.0446195671875 0.9288197921875 0.132942840625 0.9560321999999999 0.150153809375 1 0.15886437343749998 1 0.046575748437499995