0 0.1695772546875 0.06263632031250001 0.052590882812499996 0.059827365625 0.057028790625000006 0.15401934374999998 0.1767716296875 0.16322408125 0.19979953749999999 0.2132656953125 0.200157321875 0.15901343437499998 0.20927342968749998 0.16406438125 0.20655956406249998 0.1348870515625 0.1695772546875 0.06263632031250001
0 0.1732400125 0.160114253125 0.0035354734375 0.15189834375 0.0065570375 0.28171709218749996 0.1804923015625 0.2845642046875 0.1732400125 0.160114253125
0 0.3910913265625 0.1783237453125 0.20533975624999998 0.1566319859375 0.2044810734375 0.2868374078125 0.40087009843750004 0.2950771015625 0.3910913265625 0.1783237453125
0 0.46068792031249994 0.13642640781249998 0.4344605625 0.179804359375 0.504474525 0.18887332343750002 0.5084950671875 0.23209899687500002 0.51858735 0.23602526875000002 0.5170932921875 0.185103003125 0.5500687015625 0.1794154203125 0.5450004234375 0.14816486874999998 0.46068792031249994 0.13642640781249998
0 0.39943228125 0.18666065 0.41213958906250003 0.300039984375 0.5147269062500001 0.2990987953125 0.5034983453125 0.1899979953125 0.39943228125 0.18666065
0 0.5195482171875 0.1882568625 0.527144646875 0.2931671921875 0.6335651234374999 0.29857775625 0.620958328125 0.18627906562500002 0.5195482171875 0.1882568625
0 0.7387078781249999 0.301871071875 0.7329632937499999 0.19363075000000002 0.6322278171875 0.1912419453125 0.6276484671875 0.2001072453125 0.6324884281250001 0.2986217890625 0.7387078781249999 0.301871071875
0 0.7653372921875 0.26281568593750004 0.7404438953125 0.25081670312500004 0.7377316984375 0.3029957453125 0.7708365781250001 0.3103198984375 0.7653372921875 0.26281568593750004
0 0.10717670625 0.2864777890625 0.006610231249999999 0.2840024609375 0.0097208671875 0.41764806875 0.12384664062499999 0.419220615625 0.10717670625 0.2864777890625
0 0.24451971874999998 0.287369478125 0.113536346875 0.28513295312500003 0.12088914843750001 0.41066354374999997 0.260285034375 0.41038652343750004 0.24451971874999998 0.287369478125
0 0.36426255625000004 0.2965742171875 0.24805133750000002 0.29047930625 0.25813164843749997 0.4104745890625 0.3770703796875 0.41103419218750004 0.36426255625000004 0.2965742171875
0 0.575725275 0.3041974515625 0.40931156875 0.30449465 0.41505615156250003 0.41273497031249995 0.5824460375 0.4113131 0.575725275 0.3041974515625
0 0.739310959375 0.308354921875 0.580907709375 0.301816003125 0.588403625 0.4056456921875 0.7504390062499999 0.4163750796875 0.739310959375 0.308354921875
0 0.8906816 0.40196164999999995 0.8762519171875001 0.3049240421875 0.7941217578125 0.3050286078125 0.7386652781249999 0.324652615625 0.7560234968749999 0.4183161984375 0.8906816 0.40196164999999995
0 0.9687469500000001 0.30005658125 0.880860228125 0.3079898375 0.8877530625000001 0.4053356734375 0.9779941984375 0.3994756359375 0.9687469500000001 0.30005658125
0 0.9906945171875 0.3123387484375 0.9693789875000001 0.3184715265625 0.9706583765625 0.40194514843749996 0.9996201203125 0.40829974843750005 0.9906945171875 0.3123387484375
0 0.21438931718749998 0.4166025015625 0.0110665265625 0.41515488749999996 0.020199617187499998 0.548205940625 0.22487168125 0.5409203515625001 0.21438931718749998 0.4166025015625
0 0.4173100515625 0.41372754843750004 0.22926198125 0.4138247578125 0.23631324375 0.5361134234375 0.42816551562500005 0.5304368703125 0.4173100515625 0.41372754843750004
0 0.42335450625000004 0.443853421875 0.4338215609375 0.5215275421875 0.4576093078125 0.5216394609375 0.5693842859375 0.5148987671875 0.5609121890625001 0.41219375625000004 0.4529414125 0.41335510781249996 0.42335450625000004 0.443853421875
0 0.6633989953125 0.41017192500000005 0.558457265625 0.40903989531249996 0.5703604624999999 0.51377409375 0.6738524031249999 0.5225586796874999 0.6633989953125 0.41017192500000005
0 0.7680681390624999 0.419993121875 0.66565289375 0.4111645015625 0.6703207859375 0.51944885625 0.7744873640625001 0.5238668421875 0.7680681390624999 0.419993121875
0 0.93495545625 0.413168040625 0.76971895625 0.4145018453125 0.77378376875 0.5163023484375 0.943327040625 0.5147924125000001 0.93495545625 0.413168040625
0 1 0.41365659062500004 0.9992482203125 0.4043013734375 0.9319979625 0.40461097187500006 0.946356090625 0.51249903125 1 0.51125180625 1 0.41365659062500004
0 0.15821726875 0.544731028125 0.0247074125 0.5501910921875 0.0287585796875 0.6867042328124999 0.173106915625 0.6699533890625 0.15821726875 0.544731028125
0 0.2928038140625 0.5392269296875 0.1605716796875 0.5468042453125 0.172030225 0.669997421875 0.3031856671875 0.6624641375 0.2928038140625 0.5392269296875
0 0.4258111015625 0.5283636546875 0.2990629421875 0.5368014484375 0.3085691296875 0.6622439734375 0.43101051874999996 0.6539823124999999 0.4258111015625 0.5283636546875
0 0.4762026421875 0.6402018421875 0.6358256984375 0.624995821875 0.6303826546875 0.5199974265625 0.438128328125 0.521351409375 0.44404498437499995 0.6198219203125 0.4762026421875 0.6402018421875
0 0.7836750265625 0.5180673375 0.6304831671875 0.5210780671874999 0.6308442921874999 0.6295385515625 0.7916019546874999 0.6381506875 0.7836750265625 0.5180673375
0 0.811628096875 0.621060403125 0.9108848234375 0.6191706703125 0.8992831656250001 0.5176783984375 0.7878812828124999 0.5168105656249999 0.7937979375 0.6152810765625001 0.811628096875 0.621060403125
0 1 0.5262840546875001 0.9981378375000001 0.511466096875 0.8959525734374999 0.5167298546875 0.9061760015625 0.6150242328125 1 0.611187175 1 0.5262840546875001
0 0.244369640625 0.669208509375 0.0297347609375 0.6855795578125 0.0417963875 0.8152565859375001 0.25552664531249997 0.789159759375 0.244369640625 0.669208509375
0 0.439523546875 0.65254940625 0.2485758953125 0.6679517359375 0.25788105625 0.791232978125 0.4494028296875 0.7703834046875 0.439523546875 0.65254940625
0 0.4488423484375 0.7411180109375 0.49294413593749997 0.7620942109375 0.5911957265625001 0.7493980609374999 0.582393134375 0.631520028125 0.47748036093749996 0.642319090625 0.4502325546875 0.628246890625 0.4488423484375 0.7411180109375
0 0.6069440562499999 0.7444149999999999 0.7113832171875 0.7401438203125 0.6992789921875 0.6332483390625 0.58700144375 0.634585821875 0.590190590625 0.7385916406249999 0.6069440562499999 0.7444149999999999
0 0.7969854140625 0.637930521875 0.7015328890625 0.634240915625 0.7156899890624999 0.7399676890625 0.807711409375 0.7416281125 0.7969854140625 0.637930521875
0 0.807321328125 0.621236534375 0.7915440390625 0.6142884984375 0.7904247468750001 0.637114078125 0.8005170343750001 0.64104035 0.808529159375 0.7155606078125001 0.8170711421875 0.7260588 0.9716122781250001 0.71431486875 0.96481995625 0.618049675 0.807321328125 0.621236534375
0 1 0.6134715078124999 0.9635422359374999 0.615932421875 0.96710448125 0.7123297156249999 1 0.713325615625 1 0.6134715078124999
0 0.18742244218749998 0.80062299375 0.042298953125 0.8206597953125 0.0616964 0.9478673125 0.1977037796875 0.9227795609375 0.18742244218749998 0.80062299375
0 0.32766503281250003 0.7862095640625 0.19583495312500002 0.7981094468750001 0.20251311562500002 0.9280066390625 0.3361950421875 0.9127767640625001 0.32766503281250003 0.7862095640625
0 0.460270265625 0.771023721875 0.3414610078125 0.783475853125 0.34733506406250003 0.9047279093749999 0.47035057968749994 0.89101900625 0.460270265625 0.771023721875
0 0.46961802812500003 0.8715234187500001 0.48031339375000004 0.8819335421875 0.654507575 0.8607078515625 0.6446282921875001 0.742873853125 0.49920326406250004 0.7596687328125 0.4603128671875 0.7482421734375 0.46961802812500003 0.8715234187500001
0 0.8144731046875 0.7446058421874999 0.6428769625 0.7472844875 0.6543065484375 0.8585465703124999 0.8192415093750001 0.8539708359375 0.8144731046875 0.7446058421874999
0 0.8355350093749999 0.83160944375 0.925575115625 0.82358811875 0.9180791984375001 0.7197584328125 0.8172721703124999 0.7282200828125001 0.8189825703125001 0.8279473656249999 0.8355350093749999 0.83160944375
0 1 0.716408171875 0.9202325828125 0.7196703671875 0.92655129375 0.8224634468750001 0.9429027046874999 0.8239642375 1 0.8209747828125 1 0.716408171875
0 0.28486458125 1 0.2776805578125 0.9227630609374999 0.0571886046875 0.9458821578125001 0.062222256249999996 1 0.28486458125 1
0 0.48133408906249997 1 0.46937439843749995 0.892143678125 0.2808101203125 0.9215503187499999 0.2830035328125 1 0.48133408906249997 1
0 0.562807821875 1 0.6122320140624999 0.9871833109375 0.6041619734375 0.8888008640624999 0.59696926875 0.8695694765624999 0.4740542671875 0.8843590234375001 0.4828347 1 0.562807821875 1
0 0.70511211875 0.8586383109375 0.60312788125 0.8660633531249999 0.6083273 0.991682009375 0.71586706875 0.97426699375 0.70511211875 0.8586383109375
0 0.8149347406249999 0.8541469671874999 0.704911090625 0.8564770296875001 0.7133116296875001 0.97003249375 0.8200046875 0.966753890625 0.8149347406249999 0.8541469671874999
0 0.8227458406249999 0.9265059421874999 0.840102390625 0.938813153125 0.9980746281249999 0.929098409375 0.9868460671875001 0.8199976109374999 0.8289743421875 0.8307929968750001 0.81652764375 0.82479350625 0.8227458406249999 0.9265059421874999
0 1 0.8189678062500001 0.985769375 0.82004164375 0.9953181609374999 0.9227026234375 1 0.9222853015625001 1 0.8189678062500001