0 0.9848824015625001 0.19143880625 0.9356639937500001 0.3819222140625 0.9955093984375001 0.38592140937499997 0.99790506875 0.1800379703125 0.98976650625 0.1668155734375 0.9848824015625001 0.19143880625
0 0.9091380375 0.140085621875 0.8067095468750001 0.123287028125 0.622520984375 0.11745501249999998 0.6211510875 0.13935738125 0.6670741875 0.16076896093749998 0.6314163484375 0.379194553125 0.6517074968750001 0.3921994671875 0.9283179546874999 0.4072937171875 0.988853209375 0.167754265625 0.9091380375 0.140085621875
0 0.6512905640625 0.3953011734375 0.6284580515625 0.377779809375 0.5916089609374999 0.599211896875 0.6163673796875 0.6316839453124999 0.8745132796874999 0.6318958968749999 0.926153859375 0.4175375296875 0.6512905640625 0.3953011734375
0 0.611721465625 0.6311126828125 0.5918869171875001 0.5971440921875 0.5562687421875 0.797707715625 0.573859765625 0.8366553953125001 0.824877940625 0.8254810109375 0.86881509375 0.633297228125 0.611721465625 0.6311126828125
0 0.7992643453125 1 0.841237946875 0.8443084953125 0.8280347625 0.819563228125 0.581186021875 0.84070920625 0.5682012453125 0.8201947578125001 0.5360177515625 0.9717841328124999 0.5501925703125 1 0.7992643453125 1
0 0.304773596875 0.6133391296874999 0.2948663125 0.6226308359375 0.289426690625 0.8153443203125 0.5552959000000001 0.8049450312499999 0.5876977 0.6165978140624999 0.5877572484375 0.6102991906249999 0.304773596875 0.6133391296874999
0 0.3209146046875 0.3820038328125 0.30449564218749997 0.6154069328125 0.58767781875 0.60503446875 0.6243482671875 0.4024982515625 0.3209146046875 0.3820038328125
0 0.28887077968749997 0.8194799296875 0.2805521921875 0.9750547296875001 0.38818330156249997 0.9887515125 0.5373479828125001 0.967743734375 0.5645480593750001 0.823949525 0.5524765796875 0.8024963843749999 0.28887077968749997 0.8194799296875
0 0 0.9431223843750001 0.2674213390625 0.9760045749999999 0.27564791093749996 0.8651486359374999 0.280254059375 0.8425932078124999 0.27366245624999996 0.8564965750000001 0 0.878069259375 0 0.9431223843750001
0 0 0.872792790625 0.274357346875 0.851327065625 0.28011508125 0.843627109375 0.28954539218750003 0.63879243125 0.2858524421875 0.61942050625 0 0.6350761 0 0.872792790625
0 0 0.6301960296875 0.28198084843750004 0.6189444546875 0.2905777859375 0.625256490625 0.30358234375 0.616345625 0.317678353125 0.38265689375 0.3108285796875 0.3692027515625 0.0125189265625 0.3506416109375 0 0.443774096875 0 0.6301960296875
0 0.3218866625 0.046857234375 0.0569918140625 0.019792893750000002 0.012874709375000001 0.3479948203125 0.3199019953125 0.3661144578125 0.3403711 0.0733028765625 0.3218866625 0.046857234375
0 0.339477684375 0.0858049140625 0.34199926718749996 0.11974668125000001 0.321470515625 0.37786822343750004 0.6236334953125 0.39610441875 0.668483846875 0.161993284375 0.615869834375 0.13765700625 0.339477684375 0.0858049140625
0 0.8952807140625 0.5535231609375 0.98776215625 0.5564867718750001 0.9940103406249999 0.5147500453125 0.995507871875 0.38605261562500004 0.9358029703125 0.3808883109375 0.8952807140625 0.5535231609375
0 0.8779679421875001 0.6354736562500001 0.8699467984375 0.63658935625 0.8554334625 0.709425153125 0.9650094656249999 0.7081847703124999 0.9899239015625 0.559611278125 0.8934541203125 0.55540054375 0.8779679421875001 0.6354736562500001
0 0.853884825 0.7092347328125 0.8280347625 0.819563228125 0.8468765843750001 0.8492057890625 0.9278822218749999 0.8497073421874999 0.965505828125 0.7103477859375 0.853884825 0.7092347328125
0 0.755187571875 0.120104846875 0.8096678453124999 0.1247017703125 0.9134265640624999 0.1374599671875 0.9909577593750001 0.163809078125 0.9978075328125 0.17726321875 0.9979435375 0.1767319890625 0.9992586375 0.06371254374999999 0.7730562562500001 0.0340187421875 0.755187571875 0.120104846875