0 0.77 0.43778110937500003 0.796 0.21889055468750002 0.78 0.1544227890625 0.33399999999999996 0.1544227890625 0.312 0.21439280312500003 0.33199999999999996 0.43028485781250003 0.77 0.43778110937500003
0 0.39 0.6446776609375 0.374 0.4662668671875 0.384 0.43178410781250004 0.32999999999999996 0.4287856078125 0.20400000000000001 0.42578710624999994 0.188 0.3658170921875 0.072 0.463268365625 0.12 0.6446776609375 0.374 0.6521739125 0.39 0.6446776609375
0 0.6519999999999999 0.6461769109375 0.662 0.464767615625 0.6599999999999999 0.436281859375 0.414 0.43178410781250004 0.388 0.434782609375 0.374 0.464767615625 0.388 0.6431784109375001 0.64 0.6506746625 0.6519999999999999 0.6461769109375
0 0.722 0.661169415625 0.774 0.661169415625 0.834 0.664167915625 0.932 0.6686656671875 0.984 0.47676161875 0.9339999999999999 0.4182908546875 0.922 0.4452773609375 0.77 0.43328335781250005 0.768 0.43778110937500003 0.6719999999999999 0.43778110937500003 0.6759999999999999 0.464767615625 0.6519999999999999 0.6536731640625 0.678 0.6581709140625 0.722 0.661169415625
0 0.388 0.7736131937499999 0.374 0.6521739125 0.132 0.6476761625 0.11599999999999999 0.6341829078125001 0.11200000000000002 0.6416791609375 0.146 0.788605696875 0.38 0.8050974515625 0.388 0.7736131937499999
0 0.642 0.664167915625 0.646 0.6506746625 0.392 0.6416791609375 0.384 0.6536731640625 0.394 0.8050974515625 0.634 0.8185907046875001 0.642 0.664167915625
0 0.9400000000000001 0.688155921875 0.932 0.6686656671875 0.834 0.664167915625 0.774 0.661169415625 0.722 0.661169415625 0.678 0.6581709140625 0.65 0.6551724140624999 0.6519999999999999 0.6716641671875 0.636 0.8215892046875 0.9 0.839580209375 0.9400000000000001 0.688155921875
0 0.162 0.790104946875 0.188 0.9025487249999999 0.40199999999999997 0.914542728125 0.388 0.8020989500000001 0.162 0.790104946875
0 0.396 0.8020989500000001 0.40199999999999997 0.914542728125 0.62 0.9295352328125001 0.628 0.8185907046875001 0.396 0.8020989500000001
0 0.632 0.8215892046875 0.62 0.9475262375 0.85 0.9640179906249999 0.8800000000000001 0.8410794609375 0.632 0.8215892046875
0 0.312 0.21439280312500003 0.312 0.20389805156250002 0.302 0.20389805156250002 0.29 0.211394303125 0.27999999999999997 0.2158920546875 0.26 0.2158920546875 0.246 0.2158920546875 0.22599999999999998 0.2158920546875 0.21200000000000002 0.20089955 0.172 0.22188905625 0.20400000000000001 0.42578710624999994 0.32999999999999996 0.42728635625000005 0.312 0.21439280312500003
0 0.8019999999999999 0.299850075 0.796 0.311844078125 0.798 0.32533733125 0.796 0.335832084375 0.788 0.3478260875 0.788 0.3583208390625 0.784 0.3688155921875 0.774 0.434782609375 0.9199999999999999 0.4452773609375 0.992 0.238380809375 0.976 0.22488755624999998 0.9640000000000001 0.22638680625 0.944 0.22788605624999997 0.9279999999999999 0.22788605624999997 0.914 0.22488755624999998 0.9019999999999999 0.22338830625 0.8859999999999999 0.22338830625 0.876 0.22488755624999998 0.8539999999999999 0.22488755624999998 0.8400000000000001 0.22188905625 0.828 0.22188905625 0.8119999999999999 0.20989505312499998 0.798 0.26836581718749997 0.808 0.2713643171875 0.808 0.2818590703125 0.8019999999999999 0.299850075