0 0.6578939328125 0 0.6574198124999999 0.0484930015625 0.92013588125 0.0237184171875 0.91643005 0 0.6578939328125 0
0 0.38972503281250004 0 0.3876718921875 0.0856610546875 0.6616858484375 0.049078224999999996 0.6583401078125 0 0.38972503281250004 0
0 0.2639197265625 0 0.144260971875 0.010085862499999999 0.13916153281250002 0.109923703125 0.38054743125 0.082222996875 0.386374209375 0 0.2639197265625 0
0 0 0.1291357703125 0.137747753125 0.11113587656249999 0.1400196359375 0.013722378125 0 0.027221159374999998 0 0.1291357703125
0 0 0.30427434375 0.1459033015625 0.2908315828125 0.1420508328125 0.118053709375 0 0.1340405265625 0 0.30427434375
0 0.1488111265625 0.302127890625 0.4072426390625 0.27360177812500003 0.3933578796875 0.086089540625 0.15198433281249998 0.11590111562500001 0.1488111265625 0.302127890625
0 0.6602782421875 0.051345831249999994 0.40048234374999997 0.089527596875 0.41716996249999994 0.2703937515625 0.6684584890624999 0.2352632796875 0.6602782421875 0.051345831249999994
0 0.671304571875 0.236005240625 0.9367802812500001 0.1971965265625 0.922969615625 0.0223495078125 0.67163786875 0.050091937499999996 0.671304571875 0.236005240625
0 0.9748298859375 0.0026632234375 0.91444371875 0.022234495312499998 0.9339650734375 0.20173174062500002 0.9759354953124999 0.19165997343750002 0.9748298859375 0.0026632234375
0 0.971884075 0.3686370578125 0.972242071875 0.18694549375 0.9282976062499999 0.20446955937500003 0.971884075 0.3686370578125
0 0.6699093140625 0.240383715625 0.683744678125 0.41945247500000005 0.95775245625 0.3818142125 0.9339712468749999 0.20278717500000001 0.6699093140625 0.240383715625
0 0.40726116093750003 0.2767680859375 0.42249795468749995 0.452513803125 0.678052515625 0.417968553125 0.6684461421875 0.233152409375 0.40726116093750003 0.2767680859375
0 0.1517066015625 0.311313334375 0.1683633484375 0.4869023140625 0.41970126875 0.4602153203125 0.40297660625000004 0.27301655625 0.1517066015625 0.311313334375
0 0 0.4972585328125 0.1555282 0.4788140328125 0.154429196875 0.2909465953125 0 0.30439153750000003 0 0.4972585328125
0 0 0.699861934375 0.1665854 0.6687506140624999 0.151274515625 0.4803396765625 0 0.49738804375 0 0.699861934375
0 0.17084526093750002 0.668280403125 0.4576573171875 0.633453246875 0.46754142187500003 0.622857175 0.4523354984375 0.4523886328125 0.1669433953125 0.48705905156249996 0.17084526093750002 0.668280403125
0 0 0.9124798171874999 0.16362211875 0.8908621812499999 0.1779512015625 0.6685521546875 0 0.7013971265625 0 0.9124798171874999
0 0.16364681406249998 0.895083921875 0.46184936875 0.864280046875 0.4789813140625 0.635323934375 0.1821925390625 0.6649156374999999 0.16364681406249998 0.895083921875
0 0.46754153125000003 0.86576396875 0.1522871875 0.8963378171875 0.1453497265625 0.9888216140624999 0.415632675 0.9730794250000001 0.473795540625 0.9632924812500001 0.46754153125000003 0.86576396875
0 0.46325079843749994 0.8609570046874999 0.7500196359375 0.8187418031249999 0.7445249421875 0.60812500625 0.4874825109375 0.6312172078125 0.46325079843749994 0.8609570046874999
0 0.7627498234375001 0.808887690625 0.960610178125 0.787471896875 0.97009769375 0.5837711375 0.7459201984375 0.60374653125 0.7627498234375001 0.808887690625
0 0.717823559375 0.415690790625 0.7416356421875 0.5999950015625 0.9703060859375 0.5792968796875 0.977321940625 0.42866366562499997 0.9770672218750001 0.385121215625 0.717823559375 0.415690790625
0 0.46510890624999995 0.4499225671875 0.48749485937500003 0.633328078125 0.737388128125 0.60257608125 0.71355135 0.41405013124999995 0.46510890624999995 0.4499225671875
0 0.47238176249999997 0.96450465 0.756384784375 0.9352681437499999 0.7528780671875 0.821594634375 0.4689059140625 0.856108315625 0.47238176249999997 0.96450465
0 0.7492911906249999 0.9371072640625 0.9548301828125 0.9115707140625 0.9606740671875 0.7861001765625 0.751390196875 0.8101415843750001 0.7492911906249999 0.9371072640625
0 0 0.9972872718750001 0.14256244375 0.9889839546875001 0.14942875625000002 0.8934849859374999 0 0.9125662812499999 0 0.9972872718750001