0 0.815543815625 0.1266104171875 0.8151995875000001 0.32340809843749996 0.8828054078124999 0.3206483296875 0.882693103125 0.11599793750000001 0.815543815625 0.1266104171875
0 0.9243571578124999 0.22449598124999998 0.93454490625 0.2476941375 0.9460741718750001 0.2432878234375 0.950527190625 0.11716452343749999 0.882693103125 0.11599793750000001 0.8868299687500001 0.2378349171875 0.90672085625 0.225215921875 0.9243571578124999 0.22449598124999998
0 0.8471043484375 0.3653980984375 0.8510410281249999 0.5344713203125 0.8806631265625 0.537197775 0.8785245046875 0.348372790625 0.8226762171875001 0.3506525984375 0.8471043484375 0.3653980984375
0 0.8804348609374999 0.5332714203125 0.9451012984375 0.5306316390625 0.9492979734375 0.34941938437500003 0.8816921546875 0.352179153125 0.8804348609374999 0.5332714203125
0 0.9669342750000001 0.34869944375 0.9463585906249999 0.34953937343749997 0.9451012984375 0.5306316390625 0.9774345156249999 0.5293117484375001 0.9669342750000001 0.34869944375
0 0.902151878125 0.552063259375 0.8999815203124999 0.717450109375 0.9619368390625 0.718856671875 0.9636506640625001 0.545617115625 0.902151878125 0.552063259375
0 0.96216510625 0.7227830265625 0.9693341796875 0.722490375 0.9775987031250001 0.5450477375 0.9636506640625001 0.545617115625 0.96216510625 0.7227830265625
0 0.726333284375 0.3152287359375 0.6618951140625 0.3217948703125 0.66372124375 0.35320570625 0.6778737421875001 0.5966396828125 0.8512973703125001 0.589560271875 0.844164965625 0.36551808750000003 0.73084245625 0.29143063125 0.726333284375 0.3152287359375
0 0.5065923984375 0.3871696484375 0.5193753 0.607045496875 0.6778737421875001 0.5966396828125 0.6650908390625 0.3767638328125 0.5065923984375 0.3871696484375
0 0.3062577875 0.3874762609375 0.334194140625 0.6146048671875 0.4897532 0.60431904375 0.470634996875 0.376830465625 0.3062577875 0.3874762609375
0 0.1445916953125 0.3940757109375 0.166421015625 0.6175179453124999 0.3283153734375 0.614844846875 0.302861871875 0.379743540625 0.1445916953125 0.3940757109375
0 0.39908884375000003 0.6158914421875 0.41141521406250003 0.8279145828125 0.6345800921875 0.8148689875 0.6279042234375 0.5986795125000001 0.5193753 0.607045496875 0.39908884375000003 0.6158914421875
0 0.48904398281250006 0.1360029546875 0.50319648125 0.3794369296875 0.6648625734375 0.372837478125 0.650938340625 0.133329859375 0.48904398281250006 0.1360029546875
0 0.29187702187500003 0.14011593125 0.3089689046875 0.383429915625 0.470634996875 0.376830465625 0.45942188125000005 0.1332764984375 0.29187702187500003 0.14011593125
0 0.11868166250000001 0.1511216953125 0.1473028125 0.390029365625 0.306029521875 0.38354990624999996 0.2889376375 0.1402359203125 0.11868166250000001 0.1511216953125
0 0.16664928125 0.6214442984375 0.1846261515625 0.8293011031249999 0.40824756406249996 0.8241082171875 0.3961494609375 0.61601143125 0.16664928125 0.6214442984375
0 0 0.7914014375 0.0121155921875 0.8520859328125001 0.182599834375 0.8451265125 0.1778062453125 0.7626730687500001 0.1280649921875 0.7686392546875 0.122386415625 0.721642990625 0.075356278125 0.72356283125 0.0760130015625 0.684179296875 0.061316084375 0.6847792453125 0 0.7890210171875001 0 0.7914014375
0 0.4210558265625 1 0.40847583125 0.8280345718750001 0.1875655375 0.8291811140625001 0.2000113265625 1 0.4210558265625 1
0 0.0121155921875 0.8520859328125001 0.0266403953125 0.949884825 0.1939569875 0.9391190390625 0.1853109515625 0.8410801671874999 0.0121155921875 0.8520859328125001
0 0.6423966796875 1 0.6316407093749999 0.8149889765625 0.40824756406249996 0.8241082171875 0.4211147890625 1 0.6423966796875 1
0 0.20088820312500003 1 0.1939569875 0.9391190390625 0.0266403953125 0.949884825 0.0325698484375 1 0.20088820312500003 1
0 0.7906595421875 1 0.8630512453125 0.9944547390625 0.8663348578125 0.797537065625 0.6345800921875 0.8148689875 0.6425662671875 1 0.7906595421875 1
0 0.6279042234375 0.5986795125000001 0.6375194765625001 0.8147489968749999 0.8602278234374999 0.7938506921874999 0.857176134375 0.5893202921875 0.6279042234375 0.5986795125000001
0 0.650710075 0.1294035046875 0.6589557312500001 0.3219148625 0.726333284375 0.3152287359375 0.7303859234375001 0.28357792187499997 0.79168451875 0.3243680203125 0.79180048125 0.1236439828125 0.650710075 0.1294035046875
0 0.745655334375 0.09010664375 0.8164288046875001 0.0911532375 0.8141626671875001 0.05217391406250001 0.7313561015625 0.046867428125 0.7348108640625 0.1062920203125 0.745655334375 0.09010664375
0 0.8810952406249999 0.0885134578125 0.8804950109374999 0.056424684375 0.8141626671875001 0.05217391406250001 0.8162005390625 0.08722688281249999 0.8810952406249999 0.0885134578125
0 0.948929328125 0.08968003906250001 0.9472446453125001 0.0607021953125 0.88218234375 0.056532814062500006 0.8840346234375 0.08839346718749999 0.948929328125 0.08968003906250001
0 0.65205159375 0.10179903125 0.6502535421875 0.12155079375 0.7207987453125 0.1186710328125 0.7165692171875 0.0459198421875 0.6354457734375 0.040721215625 0.6344152937499999 0.102518971875 0.65205159375 0.10179903125
0 0.7919127859375 0.32829437499999997 0.815427853125 0.327334453125 0.815543815625 0.1266104171875 0.79496813125 0.127450346875 0.7919127859375 0.32829437499999997
0 0 0.947766346875 0.0020120734375000003 0.98237556875 0.0264121296875 0.9459584703124999 0 0.7942773453124999 0 0.947766346875
0 0 0.7933182453125001 0.03714429375 0.7251227015625 0 0.72957795 0 0.7933182453125001
0 0.032453578125 1 0.0266403953125 0.949884825 0.0051797234375 0.986181934375 0.00537420625 1 0.032453578125 1