0 0.9069430515624999 0.3208423421875 0.99851855 0.3304151375 0.999622096875 0.1407313953125 0.895361253125 0.13503438437499998 0.9069430515624999 0.3208423421875
0 0.7536183656250001 0.11066564999999999 0.885802896875 0.2315653109375 0.7726871734375 0.3087974640625 0.906954053125 0.3203702265625 0.8956679843750001 0.1338463359375 0.7536183656250001 0.11066564999999999
0 0.911875071875 0.515763475 0.9965955859375001 0.5225137578125 0.9976049203124999 0.48745470468749996 0.9985270046875 0.3289618328125 0.905502965625 0.3216543515625 0.911875071875 0.515763475
0 0.7702797 0.310465559375 0.6960223046875 0.36318019375 0.699267675 0.46095144687499995 0.6958167828125 0.46378502812500005 0.6959950296875 0.500839378125 0.911936365625 0.5156790703125 0.905041275 0.32113816093750003 0.7702797 0.310465559375
0 0.9170707437500001 0.7196988859375 0.9896341937500001 0.7254057656249999 0.9973856765625 0.5251395796875 0.9973910828125 0.52421013125 0.9123367609375 0.516279665625 0.9170707437500001 0.7196988859375
0 0.697140321875 0.5014193078125 0.6979557125 0.702287125 0.9156526625 0.7195666640625 0.9113803734375001 0.5166636359375001 0.697140321875 0.5014193078125
0 0.3494572546875 0.4351413984375 0.3439386125 0.6987135484375 0.697452465625 0.724697703125 0.6940369890625 0.4626923109375 0.3494572546875 0.4351413984375
0 0.6958815578124999 0.36417234375 0.48703165468750004 0.1865640421875 0.3555154109375 0.1687624140625 0.34934434531249997 0.43357276875000006 0.699251953125 0.4616261265625 0.6958815578124999 0.36417234375
0 0.3533352125 0.1678260234375 0.35473885156249996 0.026880503125 0.0106516734375 0.0008071359375 0.007547925 0.1339939671875 0.3533352125 0.1678260234375
0 0.0075843015625 0.13778753593749998 0.0014048156250000001 0.39760462812499997 0.347714525 0.43236186875 0.3541191734375 0.1688321671875 0.0075843015625 0.13778753593749998
0 0 0.6797774984375 0.34185595156250004 0.718804759375 0.3501449484375 0.430714978125 0.0013582765625 0.39960167968750004 0 0.4578875171875 0 0.6797774984375
0 0 0.9772961171875 0.3522071203125 0.9939047828125 0.34146560312499996 0.7198640140625 0 0.6817755 0 0.9772961171875
0 0.987281375 1 0.9882148890625 0.9599413875 0.9350152140624999 0.9234821468750001 0.7160631609375 0.9135778437500001 0.7192088375 1 0.987281375 1
0 0.9342977171875001 0.923886715625 0.9877306062500001 0.9572013921875 0.9936188609375 0.7280483109375 0.917358459375 0.7216269140625 0.9342977171875001 0.923886715625
0 0.6973590671875 0.7039252968749999 0.6993481765625 0.726209096875 0.714564790625 0.73379125625 0.7151946625 0.7315429109375 0.7132748578125 0.9130462609375 0.933110715625 0.9208548296875 0.9153187265625 0.7179033921875 0.6973590671875 0.7039252968749999
0 0.35337456562499997 1 0.3523931078125 0.9945225421874999 0 0.9752634484374999 0 0.9898850031249999 0.10848345 1 0.35337456562499997 1
0 0.3563119734375 0.058307885937500005 0.3548317875 0.16907224062499998 0.486193678125 0.1867589828125 0.3563119734375 0.058307885937500005
0 0.7160428890625 1 0.7158162828125 0.7323575328125 0.6973061781250001 0.7248398453125 0.3448194515625 0.6990528546875 0.34216986718750003 0.7210253343749999 0.35341146874999996 0.9938169374999999 0.42345050625 1 0.7160428890625 1