0 0.0810893171875 0 0.0515173734375 0.2063207328125 0.30140173593749997 0.1996020609375 0.3114442296875 0.1834657171875 0.3016825109375 0 0.0810893171875 0
0 0.3165520484375 0.498642428125 0.30040420156250003 0.20164938906250002 0.049935809375 0.2075779421875 0.013446828125 0.4621375125 0.014551543750000001 0.500104115625 0.3095021609375 0.5086367921875 0.3165520484375 0.498642428125
0 0.324175278125 0.51829716875 0.326723475 0.5056094250000001 0.3171360734375 0.4994325453125 0.31156436875 0.5088790624999999 0.014570187500000002 0.50074484375 0.02140460625 0.735628603125 0.3377707359375 0.746447275 0.324175278125 0.51829716875
0 0.337460603125 0.7485753609375 0.021456 0.7373948703125001 0.026694212499999998 0.9174205765625001 0.3523381734375 0.94873735625 0.337460603125 0.7485753609375
0 0.33708333281249997 0.7463665203125001 0.733999471875 0.7670223546875 0.7413594906250001 0.75489990625 0.7724814703125 0.5269527 0.3358664703125 0.505240540625 0.32829969531250003 0.5187817078125 0.33708333281249997 0.7463665203125001
0 0.3042547265625 0.199215728125 0.31737906875 0.4929675390625 0.3275142546875 0.5049808203125 0.771416796875 0.524663103125 0.7769938421875 0.50078709375 0.8139465453125 0.2136398828125 0.799278771875 0.18955001093749999 0.325016434375 0.1958827828125 0.3042547265625 0.199215728125
0 0.3012714265625 0 0.3117543625 0.181337634375 0.32374500624999997 0.1950119078125 0.8218959343750001 0.187878059375 0.8450269468749999 0.005168453125 0.8010329484375 0 0.3012714265625 0
0 0.34278930937499996 0.745593853125 0.33594617968749996 0.75416949375 0.3528188203125 0.950236834375 0.6030178328125 0.9665729203125 0.7167786953124999 0.9599471046874999 0.7333120656250001 0.766941596875 0.34278930937499996 0.745593853125
0 0.7445226125 0.7523854875 0.7350641437500001 0.7693119515625 0.7184743 0.9598483468750001 0.9461197218749999 0.9465895109375 0.9701975703124999 0.7774549671875 0.7445226125 0.7523854875
0 1 0.517412228125 0.78197618125 0.504979953125 0.7724814703125 0.5269527 0.7460007984375 0.751837640625 0.9701975703124999 0.7774549671875 1 0.5766666609375 1 0.517412228125
0 1 0.18268992343749998 0.8253691906249999 0.1832355578125 0.8190429453125001 0.18826439374999998 0.8127784968749999 0.21205964531250002 0.7758257937499999 0.49920685625 0.78197618125 0.504979953125 1 0.517048540625 1 0.18268992343749998
0 1 0.022900190625 0.8470891546875 0.005410721875 0.824687128125 0.1687253078125 0.8386728421875 0.178304928125 1 0.1776522171875 1 0.022900190625
0 0.3671202515625 0.9574581468750001 0.49717768125 0.9727374062499999 0.622024484375 0.9654659078125001 0.36674272812500003 0.9516534343749999 0.3671202515625 0.9574581468750001