0 0.827950825 0.546776990625 0.9848251843750001 0.5422068453125 0.9882608109375 0.4577876578125 0.9935805953125 0.229228065625 0.8476230078125001 0.2496932234375 0.827950825 0.546776990625
0 0.800687946875 0.8440818953125 0.971793465625 0.8624182234375001 0.9820234578125 0.5489516296875 0.8226188656250001 0.5535954859375 0.800687946875 0.8440818953125
0 0.86696005 0 0.8504247328125001 0.24294844218749997 0.9938105500000001 0.21934827499999998 0.9989159375 0 0.86696005 0
0 0.6537838578125 0 0.5329841609375 0.032311971875 0.52226014375 0.29581925 0.8452285234374999 0.24643140156249999 0.8642462656250001 0 0.6537838578125 0
0 0.84482128125 0.25643800625 0.52198865 0.302490321875 0.5064756625 0.5594739515625 0.8126336875 0.5505547984375 0.8227546140625 0.5502599499999999 0.84482128125 0.25643800625
0 0.8198171406249999 0.5603402671875 0.8148924265625 0.55715215625 0.5011437062499999 0.5662924484375 0.4859022125 0.816605009375 0.79309725 0.84430303125 0.8198171406249999 0.5603402671875
0 0.48563071718749995 0.8232760812500001 0.4773612890625 0.8401748921875001 0.471795659375 0.976931834375 0.472361346875 0.9769153546875 0.780589559375 0.96255939375 0.782840578125 0.8479334140624999 0.48563071718749995 0.8232760812500001
0 0.792961503125 0.8476385656250001 0.78588258125 0.9623128671875 0.9678387828125 0.9538381218750001 0.968991740625 0.86916300625 0.792961503125 0.8476385656250001
0 0.004750965625 0.8406168984375 0.001172578125 0.9906422718749999 0.259256203125 0.9831236453125 0.449159321875 0.9742597078124999 0.45273770625000004 0.8242343359375001 0.2189193859375 0.7943986671875 0.004750965625 0.8406168984375
0 0.46825069375000006 0.5672507046875 0.2329391546875 0.574105921875 0.2189193859375 0.7943986671875 0.45273770625000004 0.8242343359375001 0.480706003125 0.82008796875 0.49554025468749996 0.5797820109375 0.46825069375000006 0.5672507046875
0 0.5193226703125 0.3058995671875 0.49908081875 0.3064892640625 0.2650777890625 0.3432905859375 0.2534525015625 0.5668451546875 0.49368875624999997 0.56317805 0.5040811781250001 0.5562121296875 0.5193226703125 0.3058995671875
0 0.5325769203124999 0.0423185765625 0.517802771875 0.03275424375 0.272457090625 0.09987023125 0.262954796875 0.3333576921875 0.4993523125 0.29981819375 0.5169281875 0.3026377453125 0.5325769203124999 0.0423185765625
0 0 0.830140096875 0.0051582078125 0.8306102937500001 0.21905513281250003 0.7910631328125 0.2280144390625 0.5709178125000001 0.013894981249999999 0.5538345859375 0 0.5575337296875 0 0.830140096875
0 0 0.5518375390625 0.23348214218750002 0.56076378125 0.24565041718749997 0.3238670703125 0 0.2749650734375 0 0.5518375390625
0 0.26241180625 0.3466998328125 0.2604245640625 0.3334314046875 0.258301575 0.32349851093750004 0.24818064843749998 0.323793359375 0.23574087968750002 0.5673611375000001 0.2507865234375 0.5702544015625 0.26241180625 0.3466998328125
0 0.2697911125 0.103279478125 0.070396840625 0.1590620421875 0.0653741984375 0.28247684375 0.24325593125 0.3206052484375 0.26096755312500003 0.3200892640625 0.2697911125 0.103279478125
0 0.044016214062499996 0 0.0379110703125 0.15001369375 0.070396840625 0.1590620421875 0.23662660624999998 0.1109088046875 0.272457090625 0.09987023125 0.3466482890625 0.077719371875 0.35386614843749997 0 0.044016214062499996 0