0 0 0.19406431562499998 0.1334305109375 0.16004158125 0.1175248328125 0.084308384375 0 0.1031470765625 0 0.19406431562499998
0 0.141256884375 0.1587870515625 0.15518694375 0.15770534375 0.3042072703125 0.12575954375 0.308822178125 0.12847345 0.3261976109375 0.1245370296875 0.326049040625 0.1141998859375 0.5056731375 0.0738947890625 0.5045036015625 0.0683261703125 0.49745935625 0.034785746875 0.44303219531250004 0.0309798296875 0.1231607046875 0.08225376250000001 0.141256884375 0.1587870515625
0 0 0.41905293906249996 0.005521975 0.4176955828125 0.0794047015625 0.40355008437500006 0.059522603125 0.3088835875 0.042681296875000004 0.228695496875 0 0.21593060937500003 0 0.41905293906249996
0 0 0.2120783 0.0522303546875 0.2260136109375 0.053124853125 0.18212395312500002 0 0.1957088234375 0 0.2120783
0 0.317350271875 0.1305600890625 0.306865584375 0.12878708125 0.2966148046875 0.1281277984375 0.0585268171875 0.1789556078125 0.0541016109375 0.23492339843750001 0.06415961406250001 0.2828135078125 0.0829354109375 0.3914719515625 0.1065631 0.3980455 0.14350446249999999 0.39097275 0.350988678125 0.34850424062499996 0.3644509234375 0.3451950875 0.317350271875 0.1305600890625
0 0.65247470625 0.281757928125 0.5966120515625 0.06392256874999999 0.5937198312499999 0.0597813078125 0.3289412609375 0.11834114531249999 0.3254105515625 0.1304192796875 0.3335340640625 0.1498390359375 0.3285999140625 0.155234828125 0.3435699640625 0.22651313125 0.37353216875 0.3402857515625 0.3798697625 0.3415723 0.650432775 0.2912949828125 0.65247470625 0.281757928125
0 0.6307876609374999 0.0918296875 0.621472509375 0.0956253 0.6754006734375 0.2849903078125 0.689096825 0.2827948765625 0.9320336265625 0.235794696875 0.89566535 0.062631021875 0.6709752921875001 0.0469191625 0.625259228125 0.055876903125 0.6307876609374999 0.0918296875
0 0 0.5936278953125 0.009577576562499999 0.63923050625 0.1441146921875 0.6153623859375 0.177376778125 0.6100306265625 0.18058824375 0.606062190625 0.13903812499999998 0.398595990625 0.12659684531249998 0.39713661875 0 0.4228610453125 0 0.5936278953125
0 0.18301265 0.6079760046875 0.19326342968750002 0.6086352875000001 0.567993696875 0.543962871875 0.5314409640625 0.35066144375 0.5231467765625 0.349688528125 0.5168312875 0.3196179953125 0.140059090625 0.3938274625 0.18301265 0.6079760046875
0 0.540841453125 0.33764241093749997 0.53754465 0.35083426875 0.5760539765625 0.5438220625 0.589984034375 0.5427403578125001 0.9852158609374999 0.47938650625 0.9322675328125 0.23690842031249998 0.5366311265625 0.3175953890625 0.540841453125 0.33764241093749997
0 0.0692238734375 0.92322999375 0.2225398625 0.9021077953125 0.2411701671875 0.8945165718749999 0.196727828125 0.6829091109375 0.190156328125 0.680508840625 0.0240798125 0.7082813609375 0.0692238734375 0.92322999375
0 0.6411654703125 0.8442137703125001 0.5777956875 0.61952324375 0.2058090734375 0.6779997765625 0.251335609375 0.904399275 0.63357300625 0.846582025 0.6411654703125 0.8442137703125001
0 0.647970878125 0.847727765625 0.9872028046875 0.8030775984374999 0.9916240000000001 0.549787490625 0.5954050265624999 0.616700546875 0.647970878125 0.847727765625
0 0.800452528125 0.9959683125 0.984350425 0.9664903234375 0.9871323375 0.807114678125 0.76653600625 0.8344784078125 0.800452528125 0.9959683125
0 0.7824676703125 1 0.7830770953124999 0.9999047328125 0.7593039140625 0.8770815171875 0.749606284375 0.8694262609375001 0.7452473875 0.83904209375 0.45967011874999997 0.8756090796875 0.4843116625 1 0.7824676703125 1
0 0.47254575 1 0.443783465625 0.87700441875 0.4222609390625 0.8804543812500001 0.1645437890625 0.9148579546875 0.17570201093749999 1 0.47254575 1
0 0.162336134375 1 0.1467005421875 0.9165669265625 0.1271346109375 0.9197032546875 0.0696916875 0.925457440625 0.0853473046875 1 0.162336134375 1