0 0.68232001875 0.558859475 0.706225365625 0.5769096328125001 0.9792016640625001 0.6246834359375 0.9828443874999999 0.5203694890625 0.9828443874999999 0.08419209062500001 0.9828443874999999 0.052360979687499996 0.9473782640625 0.027565892187500003 0.7290133609375 0.021212121875 0.6652447703125 0.4952965765625 0.68232001875 0.558859475
0 0.68573506875 0.5633869125000001 0.6686598218750001 0.4998240140625 0.624264175 0.7820149328125 0.624264175 0.8229406453125 0.634509325 0.891090571875 0.6481695234375 0.9001057171875001 0.8872229968750001 0.9669247500000001 0.9766215484374999 0.6985682796875 0.97920195 0.624675253125 0.709640415625 0.57688976875 0.68573506875 0.5633869125000001
0 0.9667971328125 0.9799027265625 0.9766185546875 0.698654028125 0.8906380484374999 0.9578102828124999 0.9667971328125 0.9799027265625
0 0.9660953203125 1 0.9666675109374999 0.9836146359375 0.8906380484374999 0.9578102828124999 0.8906380468749999 0.9669048859375 0.8735627984375001 0.96700420625 0.861199784375 1 0.9660953203125 1
0 0.8607722484375 1 0.8735627984375001 0.9624569046874999 0.651584571875 0.900085853125 0.6345093234375 0.886543271875 0.624264175 0.8229406453125 0.5936090921875 1 0.8607722484375 1
0 0.31690970625000003 0.02895068125 0.245193665625 0.0657462375 0.2725140625 0.474844446875 0.5115675375000001 0.5007377640625 0.634509325 0.513664559375 0.68232001875 0.10412933906249999 0.661829721875 0.054228209375 0.31690970625000003 0.02895068125
0 0 0.48243706093750005 0.2588538640625 0.5022077109375 0.2725140625 0.474844446875 0.245193665625 0.0702935390625 0.3066645578125 0.0290102734375 0.159817425 0.020769828125 0.012970290625 0.017076684375 0 0.0209900296875 0 0.48243706093750005
0 0.5081524890625 0.500757628125 0.2725140625 0.474844446875 0.29300436093750004 0.7657525484375001 0.32373980625 0.7701210734374999 0.5969437765625 0.7958157484374999 0.6276792265625 0.5137042875 0.5081524890625 0.500757628125
0 0 0.5269575484375 0.053950884374999994 0.753501134375 0.2827592109375 0.7749067453125 0.29300436093750004 0.761205246875 0.27251406093749997 0.4793917484375 0.2588538640625 0.5022077109375 0 0.48189842031249996 0 0.5269575484375
0 0.29983445937500003 0.770260121875 0.31690970625000003 0.9611474578125 0.5764534796875 0.9732796875 0.5969437765625 0.7958157484374999 0.29983445937500003 0.770260121875
0 0.2827592109375 0.7749067453125 0.0573659359375 0.7534812703125 0.0471207859375 0.780824671875 0.09493148125 0.9897224359375001 0.3066645578125 0.9884908593749999 0.31690970625000003 0.95660015625 0.29983445937500003 0.7657128203125 0.2827592109375 0.7749067453125