0 0.37102905625 0.0195292890625 0.2278881046875 0.0362259453125 0.228709846875 0.10909926875 0.3721151625 0.09693234843750001 0.37102905625 0.0195292890625
0 0.3721151625 0.09693234843750001 0.228709846875 0.10909926875 0.2232440875 0.191827140625 0.3697931546875 0.1747329453125 0.3721151625 0.09693234843750001
0 0.3697931546875 0.1747329453125 0.2232440875 0.191827140625 0.2180426921875 0.2790847515625 0.367999878125 0.2615930140625 0.3697931546875 0.1747329453125
0 0.3714079953125 0.261195475 0.2180426921875 0.2790847515625 0.21231256406250001 0.3572828875 0.36935035312500003 0.3435258109375 0.3714079953125 0.261195475
0 0.36935035312500003 0.3435258109375 0.21231256406250001 0.3572828875 0.2105192875 0.444142959375 0.37096519375 0.429988340625 0.36935035312500003 0.3435258109375
0 0.37096519375 0.429988340625 0.2105192875 0.444142959375 0.205582259375 0.5359303046874999 0.36629253125 0.5263054234375 0.37096519375 0.429988340625
0 0.36629253125 0.5263054234375 0.2021741421875 0.53632784375 0.1975014796875 0.6326449265625 0.36502798593749997 0.622224965625 0.36629253125 0.5263054234375
0 0.36502798593749997 0.622224965625 0.1975014796875 0.6326449265625 0.1967656671875 0.737623940625 0.364292175 0.7272039828125 0.36502798593749997 0.622224965625
0 0.364292175 0.7272039828125 0.1967656671875 0.737623940625 0.1928861046875 0.847530234375 0.3601482453125 0.8325805374999999 0.364292175 0.7272039828125
0 0.3601482453125 0.8325805374999999 0.1928861046875 0.847530234375 0.18271903750000001 0.9672910765625 0.36020553125 0.9511487640625 0.3601482453125 0.8325805374999999
0 0.50735376875 0.0036277125 0.37102905625 0.0195292890625 0.3721151625 0.09693234843750001 0.5084398796875 0.0810307703125 0.50735376875 0.0036277125
0 0.5384542578125 0 0.50735376875 0.0036277125 0.5084398796875 0.0810307703125 0.6581326984375 0.0590092984375 0.6546887734375 0 0.5384542578125 0
0 0.654688775 0 0.6581326984375 0.0590092984375 0.8049461328125 0.046444840625 0.80015520625 0 0.654688775 0
0 0.5118479953125 0.08063323125 0.3721151625 0.09693234843750001 0.3697931546875 0.1747329453125 0.516342221875 0.15763875 0.5118479953125 0.08063323125
0 0.661540815625 0.058611759375 0.5118479953125 0.08063323125 0.519485975 0.1527114734375 0.6665637734375001 0.14467675 0.661540815625 0.058611759375
0 0.8018023796874999 0.051372115625000006 0.6583970640625 0.0635390359375 0.6623625578125 0.13148508125 0.8060322390625 0.123847896875 0.8018023796874999 0.051372115625000006
0 0.5166065875 0.1621684859375 0.3732012734375 0.17433540625 0.37087926250000003 0.252136003125 0.5208364484375 0.23464426718750003 0.5166065875 0.1621684859375
0 0.5208364484375 0.23464426718750003 0.3674711453125 0.2525335421875 0.3722297390625 0.33406879843750004 0.52271565625 0.3256365359375 0.5208364484375 0.23464426718750003
0 0.5261237734375 0.325238996875 0.3722297390625 0.33406879843750004 0.3707008265625 0.42545860468749996 0.527738615625 0.4117015265625 0.5261237734375 0.325238996875
0 0.527738615625 0.4117015265625 0.37096519375 0.429988340625 0.36943628125 0.521378146875 0.5301465546874999 0.5117532671875 0.527738615625 0.4117015265625
0 0.6626269234375 0.1360148171875 0.519485975 0.1527114734375 0.5208364484375 0.23464426718750003 0.671058 0.22168226875000002 0.6626269234375 0.1360148171875
0 0.671058 0.22168226875000002 0.5242445671875 0.23424672656249998 0.5224512890625 0.3211068 0.67581659375 0.303217525 0.671058 0.22168226875000002
0 0.67581659375 0.303217525 0.5258594078125001 0.3207092609375 0.5272098828125 0.402642053125 0.6845120359375 0.3934147125 0.67581659375 0.303217525
0 0.684776403125 0.39794445 0.530882365625 0.40677424999999995 0.5327615734375 0.4977665171875 0.689534996875 0.479479703125 0.684776403125 0.39794445
0 0.8128484765625 0.12305281718750001 0.66917879375 0.1306900015625 0.6702649015625 0.20809306093750002 0.8207508203125 0.199660796875 0.8128484765625 0.12305281718750001
0 0.5267384374999999 0.51215080625 0.3697006484375 0.525907884375 0.3679073734375 0.6127679546875 0.5317613953125 0.598215796875 0.5267384374999999 0.51215080625
0 0.5317613953125 0.598215796875 0.364499253125 0.61316549375 0.3637634421875 0.718144509375 0.534169334375 0.6982675375 0.5317613953125 0.598215796875
0 0.534169334375 0.6982675375 0.3637634421875 0.718144509375 0.363291996875 0.8276532624999999 0.5339622562499999 0.8123060265625 0.534169334375 0.6982675375
0 0.5342266234374999 0.8168357625 0.3601482453125 0.8325805374999999 0.3599411671875 0.9466190265625001 0.5374276609375 0.9304767125 0.5342266234374999 0.8168357625
0 0.689534996875 0.479479703125 0.533025940625 0.5022962546875 0.5351695140625 0.5978182578125 0.698759171875 0.5787363640625001 0.689534996875 0.479479703125
0 0.698759171875 0.5787363640625001 0.5354338796875 0.60234799375 0.534169334375 0.6982675375 0.7048395937499999 0.6829203015624999 0.698759171875 0.5787363640625001
0 0.6982877234375 0.68824511875 0.534169334375 0.6982675375 0.5336978890624999 0.8077762906249999 0.7075119 0.7875017796875 0.6982877234375 0.68824511875
0 0.70698316875 0.77844230625 0.7242881234375 0.7809843453124999 0.8881421484375001 0.7664321890625 0.878124871875 0.6535863171875 0.7108627328125 0.6685360124999999 0.6951439734375 0.6931723937500001 0.70698316875 0.77844230625
0 0.7075119 0.7875017796875 0.5339622562499999 0.8123060265625 0.5371632953125001 0.9259469765624999 0.714385425 0.905274925 0.7075119 0.7875017796875
0 0.884734028125 0.766829728125 0.7075119 0.7875017796875 0.7170004421875 0.891288175 0.8944869375 0.8751458624999999 0.884734028125 0.766829728125
0 0.817342703125 0.20005833593750003 0.6707936343750001 0.21715253125 0.678695978125 0.2937605125 0.8255094125 0.2811960515625 0.817342703125 0.20005833593750003
0 0.8325900140625 0.284930709375 0.6789603453125 0.29829024843749996 0.6839833046875 0.3843552390625 0.8376129750000001 0.3709957015625 0.8325900140625 0.284930709375
0 0.8410210906250001 0.3705981625 0.6839833046875 0.3843552390625 0.6921500140625 0.46549295468749996 0.8562684031250001 0.455470534375 0.8410210906250001 0.3705981625
0 0.8562684031250001 0.455470534375 0.6921500140625 0.46549295468749996 0.701902921875 0.5738090890625 0.8654925812500001 0.5547271953124999 0.8562684031250001 0.455470534375
0 0.8654925812500001 0.5547271953124999 0.6984948046875 0.574206628125 0.7074546125000001 0.668933553125 0.8744523890625 0.6494541203125 0.8654925812500001 0.5547271953124999
0 0.1483850671875 0 0.13322525937500002 0.001662146875 0.0892127375 0.07064400937500001 0.0816034046875 0.057849878125 0.0030232156249999998 0.1298896734375 0.011840765625000001 0.5087275453125 0.0404308703125 0.9985996 0.5320028 0.958472934375 0.8900499984374999 0.9167085687500001 0.8884638 0.8895301515625 0.8947513046875001 0.8796755984375 0.9091768734375 0.89167465 0.9225449781249999 0.88555475625 0.9293325703124999 0.8254755656249999 0.8461651984375 0.16477232656250002 0.814914371875 0 0.1483850671875 0