0 1 0.8390022671875 0.726 0.8287981859375 0.726 0.9773242625 1 0.9931972796874999 1 0.8390022671875
0 1 1 0.716 0.9773242625 0.72 1 1 1
0 1 0.6666666671875 0.8800000000000001 0.66439909375 0.8699999999999999 0.6519274375 0.77 0.6541950109375 0.768 0.8287981859375 1 0.8390022671875 1 0.6666666671875
0 1 0.47165532812500005 0.8640000000000001 0.4750566890625 0.8699999999999999 0.6507936515625 0.8800000000000001 0.6655328796875 1 0.6666666671875 1 0.47165532812500005
0 0.842 0.4693877546875 0.788 0.3990929703125 0.5740000000000001 0.41043083906250005 0.542 0.4773242625 0.564 0.6553287984375 0.8380000000000001 0.6519274375 0.842 0.4693877546875
0 1 0.2301587296875 0.806 0.2482993203125 0.8160000000000001 0.38435374218749996 0.844 0.4750566890625 1 0.47278911562500003 1 0.2301587296875
0 1 0.049886621874999995 0.8619999999999999 0.057823129687499995 0.834 0.10997732499999999 0.834 0.2403628125 1 0.22789115624999998 1 0.049886621874999995
0 0.572 0.407029478125 0.484 0.41156462656250004 0.506 0.5238095234375 0.544 0.52154195 0.542 0.47845804999999997 0.572 0.407029478125
0 0.434 0.256235828125 0.45199999999999996 0.41156462656250004 0.6519999999999999 0.4058956921875 0.646 0.24716553281250003 0.434 0.256235828125
0 0.73 0.2539682546875 0.736 0.3276643984375 0.808 0.3265306125 0.8019999999999999 0.24716553281250003 0.73 0.2539682546875
0 0.718 0.11337868437500001 0.728 0.2482993203125 0.8300000000000001 0.2403628125 0.8320000000000001 0.103174603125 0.718 0.11337868437500001
0 0.714 0.1122448984375 0.666 0.1088435375 0.6679999999999999 0.2460317453125 0.712 0.2460317453125 0.714 0.1122448984375
0 0.666 0.1111111109375 0.614 0.0736961453125 0.47000000000000003 0.07709750625 0.384 0.08843537343749999 0.41 0.256235828125 0.626 0.24716553281250003 0.666 0.2460317453125 0.666 0.1111111109375
0 0 0.27777777812500004 0.22400000000000003 0.260770975 0.404 0.260770975 0.386 0.0873015875 0.364 0.08843537343749999 0.158 0.0192743765625 0 0.03287981875 0 0.27777777812500004
0 0 0.44104308437500006 0.022 0.48299319687500003 0.264 0.46598639531249997 0.418 0.40929705156249996 0.404 0.260770975 0.21200000000000002 0.260770975 0 0.2755102046875 0 0.44104308437500006
0 0.34199999999999997 0.653061225 0.472 0.547619046875 0.442 0.41156462656250004 0.42000000000000004 0.40929705156249996 0.268 0.46825396875 0.032 0.48299319687500003 0.10400000000000001 0.656462584375 0.34199999999999997 0.653061225
0 0 0.647392290625 0.06 0.646258503125 0.09 0.6326530609375001 0.032 0.484126984375 0.022 0.4852607703125 0 0.44557823125 0 0.647392290625
0 0.76 0.8276643984375 0.764 0.6541950109375 0.564 0.6541950109375 0.54 0.5782312921874999 0.49400000000000005 0.653061225 0.504 0.810657596875 0.51 0.81519274375 0.76 0.8276643984375
0 0.49400000000000005 0.8038548750000001 0.45999999999999996 0.6451247171875 0.472 0.549886621875 0.33999999999999997 0.6541950109375 0.2 0.656462584375 0.244 0.81632653125 0.49400000000000005 0.8038548750000001
0 0 0.8049886624999999 0.11399999999999999 0.809523809375 0.186 0.7494331062499999 0.16 0.656462584375 0.10600000000000001 0.656462584375 0.094 0.636054421875 0.06 0.6496598640625 0 0.6485260765625 0 0.79478458125 0 0.8049886624999999
0 0.196 0.9126984125 0.16399999999999998 0.799319728125 0.174 0.7630385484375 0.118 0.809523809375 0.002 0.8038548750000001 0 0.9172335593750001 0.172 0.9319727890625 0.196 0.9126984125
0 0.40199999999999997 0.8083900234374999 0.244 0.81519274375 0.22400000000000003 0.7641723359375 0.178 0.7959183671875001 0.21000000000000002 0.9342403625 0.426 0.9489795921875 0.40199999999999997 0.8083900234374999
0 0.71 0.8401360546875001 0.71 0.8242630390624999 0.508 0.81405895625 0.502 0.8072562359375001 0.45999999999999996 0.8072562359375001 0.44800000000000006 0.825396825 0.46399999999999997 0.9637188203125 0.708 0.9784580500000001 0.71 0.8401360546875001
0 0.496 0.96825396875 0.47400000000000003 0.9648526078125 0.47800000000000004 0.9988662125 0.714 0.9988662125 0.71 0.9807256234375 0.496 0.96825396875
0 0.132 1 0.178 0.941043084375 0.006 0.9342403625 0 1 0.132 1
0 0.182 0.9444444437499999 0.13999999999999999 0.9988662125 0.39 0.9988662125 0.404 0.9557823125 0.182 0.9444444437499999