0 0.2467058734375 0.09707425 0.2593817390625 0.0932569359375 0.2776238140625 0.0129305375 0.0878318078125 0.0040908328124999995 0.070461309375 0.06780679375000001 0.2467058734375 0.09707425
0 0.3566189703125 0.11357845 0.41651243125 0.1143912890625 0.48918183437499996 0.1252458859375 0.5082456671875 0.1264494546875 0.51963725625 0.0704383078125 0.5301732484375 0.024693215625 0.278690321875 0.0129802109375 0.257613790625 0.099741871875 0.3566189703125 0.11357845
0 0.8044272687499999 0.1781311984375 0.8292285843749999 0.09427165937500001 0.5320128953125 0.02504376875 0.50829570625 0.133378990625 0.5446053875 0.1353415234375 0.614572828125 0.1489939859375 0.8044272687499999 0.1781311984375
0 0.80634533125 0.1924348765625 0.862702896875 0.2062175828125 0.884518728125 0.2115528234375 0.91080446875 0.2076052671875 0.9463302515625 0.226669340625 0.98682625 0.2204281890625 0.9932563203125 0.1355712984375 0.830162596875 0.097958728125 0.80634533125 0.1924348765625
0 0.8663388671875 0.207106790625 0.80546135625 0.19567734375 0.80541131875 0.1887478078125 0.7791255796875001 0.1926953640625 0.6774685484375 0.5655790734374999 0.6711806546875 0.5744172671875 0.8012917453125 0.6235302546875 0.9295348125 0.6652691015625 0.9615999343749999 0.553336915625 0.9857720828125001 0.23433990312500003 0.8872707265625 0.21568449687500002 0.8663388671875 0.207106790625
0 0.5401855171875 0.1515538578125 0.5305618765625 0.20108007031250003 0.452822184375 0.49334670625 0.5492254796875 0.5238402265625 0.6691625171875 0.5462545125 0.6800704328125 0.5489221343749999 0.7791255796875001 0.1926953640625 0.7835954875 0.183412565625 0.7726375359375 0.1738154078125 0.542837440625 0.14182645625 0.5401855171875 0.1515538578125
0 0.33573715000000004 0.1119302796875 0.265319440625 0.4129048671875 0.25819760937499997 0.43191506718749995 0.26188361875 0.4397338125 0.3436929890625 0.459740965625 0.4482522015625 0.48877042968750006 0.45989397812500005 0.4674069703125 0.541019453125 0.141381853125 0.5264755640625001 0.137825025 0.45650812187499995 0.12417256406249999 0.3802527875 0.1193582953125 0.33573715000000004 0.1119302796875
0 0.1695165265625 0.0885729125 0.14226344062500001 0.2098780015625 0.1061205734375 0.356678225 0.09806473125000001 0.3720013546875 0.167248271875 0.40275535781249994 0.243703759375 0.4352877765625 0.25549564999999996 0.43471293125 0.2643854296875 0.40921779843749995 0.332151215625 0.11797061093750001 0.32301125 0.10881805468750001 0.256729815625 0.1029843359375 0.24036794218750002 0.09898290625 0.1695165265625 0.0885729125
0 0 0.3448895140625 0.0935447859375 0.3743546125 0.10430258750000002 0.356233621875 0.1431474140625 0.2066355359375 0.16588055468750001 0.0876837046875 0.070461309375 0.06780679375000001 0 0.3262628453125 0 0.3448895140625
0 0 0.6340365578125 0.06847665 0.6725852125 0.09746435 0.6658397921875 0.10448610625000002 0.63297051875 0.1212816140625 0.5713636453125 0.14416486875 0.4732004265625 0.152804459375 0.4130576078125 0.154572409375 0.40657267187499996 0.12268259687500001 0.38839780625000003 0 0.34506816093750003 0 0.6340365578125
0 0.14328089375 0.47644289375 0.12133165312500001 0.5782931812500001 0.10178414531249999 0.6357683828125 0.0985985109375 0.6972450125 0.29258930312500003 0.7965668078125 0.3088511 0.7867091640625 0.31602296875 0.7746285015625001 0.38477280468749997 0.49399792343750004 0.379168734375 0.4718755 0.1636623390625 0.408795690625 0.15462244687499999 0.413502209375 0.14328089375 0.47644289375
0 0 0.9227118515624999 0.1304216546875 0.9575090875000001 0.1769720609375 0.7440811093749999 0.16694811874999999 0.7381710234375001 0.033934915625 0.6641377484375 0 0.809077303125 0 0.9227118515624999
0 0.31845480625 1 0.3555349875 0.8430885437500001 0.3635908296875 0.827765415625 0.307133190625 0.800123634375 0.29352331249999997 0.8002538781249999 0.1824260171875 0.74541491875 0.134057625 0.9583982953125 0.3041672453125 1 0.31845480625 1
0 0.5491765546875 1 0.570307521875 0.9301994359375 0.5656875 0.9186936203125 0.36182288281249997 0.8342503499999999 0.3185368609375 1 0.5491765546875 1
0 0.30895117499999997 0.8005682375 0.5684394984375001 0.9228252937500001 0.669262590625 0.5601135890625 0.6664605578125 0.5490523781250001 0.5501594921875 0.5275272953125001 0.45012022500000004 0.49614457187500005 0.3910106625 0.47823019218749996 0.3812369078125 0.506967790625 0.30895117499999997 0.8005682375
0 0.8444019171875 1 0.93680675625 0.667047515625 0.6812045953125 0.5803273531250001 0.6676447578125 0.587387134375 0.648197325 0.6587214109375 0.6455954390625 0.675378346875 0.62069405 0.7453788140625 0.6190762140625 0.772652359375 0.6021305921875 0.8134706218750001 0.5854351578125 0.8889365687499999 0.57404356875 0.9449477171874999 0.69289555625 1 0.8444019171875 1
0 0.6873744703125 1 0.57222558125 0.9445031125 0.564219778125 0.966755778125 0.55515660625 1 0.6873744703125 1