0 1 0.8516418437500001 0.670241775 0.85888665 0.6860326421875 1 0.7463444453125 1 1 0.9896103890625 1 0.8516418437500001
0 1 0.701372565625 0.654499121875 0.71762728125 0.6491696453125 0.722498171875 0.670565165625 0.861199703125 1 0.8518356046875001 1 0.701372565625
0 0.6879675046875 1 0.6688964687500001 0.86359435 0.2913703703125 0.8860365359375001 0.31077159375 1 0.6879675046875 1
0 0.310501528125 1 0.2893782859375 0.8861181312499999 0.0981380640625 0.893951240625 0.11296486718750001 1 0.310501528125 1
0 0.0771176765625 0.7436028515625 0.0981380640625 0.893951240625 0.2873862 0.886199725 0.2778526453125 0.8610009359375 0.2524212140625 0.7364225 0.0771176765625 0.7436028515625
0 0.27618395156250003 0.863395584375 0.28706280781250004 0.8838866734374999 0.6682496875 0.8589682468750001 0.646530778125 0.7179536609375 0.250429128125 0.7365040953124999 0.27618395156250003 0.863395584375
0 0.0771176765625 0.7436028515625 0.25209782187499996 0.7341094484374999 0.2231608375 0.570127534375 0.0551271203125 0.5863153078125001 0.0771176765625 0.7436028515625
0 0.25209782187499996 0.7341094484374999 0.6481994734375001 0.7155590125 0.62653230625 0.560584521875 0.2257997046875 0.5746720421875 0.25209782187499996 0.7341094484374999
0 0.6240357296875 0.4280877921875 0.6121867015625 0.40065754531250003 0.5810118546874999 0.392629259375 0.20020010781250003 0.40590082968749996 0.19778114687499998 0.431589190625 0.2218155328125 0.57483523125 0.62852439375 0.560502928125 0.6358976953125001 0.5415905359375001 0.6240357296875 0.4280877921875
0 1 0.3661625109375 0.633504603125 0.3811739890625 0.626027815625 0.4280061984375 0.63788978125 0.5415089390625 0.6438142984375 0.5552240625 1 0.53853241875 1 0.3661625109375
0 1 0.5387566390625 0.6441376875 0.5575371171875 0.6334787359375 0.5672788921875 0.6462073890625 0.7156406093750001 1 0.7032555859375 1 0.5387566390625
0 1 0.19385468125 0.9987289265625 0.1847633234375 0.6255621312499999 0.1953954640625 0.639157471875 0.3786161515625 1 0.3660177 1 0.19385468125
0 0.18289224531249998 0.23911629531249998 0.2121526203125 0.40541126250000004 0.579343159375 0.39502390625 0.637165384375 0.378697746875 0.6202326546875 0.20026635312500002 0.185634596875 0.21574098749999998 0.18289224531249998 0.23911629531249998
0 0.20660324062500002 0.38004928437499996 0.1805250265625 0.2508447453125 0.163074871875 0.21201242812499999 0.0194318109375 0.2221066203125 0.0358969765625 0.4103043125 0.2018688015625 0.40350618593750004 0.20660324062500002 0.38004928437499996
0 0.2211687515625 0.570209128125 0.196112453125 0.4339838375 0.18162455625 0.40200908125 0.036085748437499995 0.41246199375000003 0.04488981875 0.5130929703125 0.0551271203125 0.5863153078125001 0.2211687515625 0.570209128125
0 0.627554215625 0.1953138703125 0.9984055359375 0.1824502734375 0.9744822828125 0.011339128125 0.5996447515625001 0.0069774984375 0.6101428703125 0.056449150000000003 0.627554215625 0.1953138703125
0 0.22793407499999999 0.0883883265625 0.2351133453125 0.21138806250000003 0.5737679046874999 0.19751693125 0.61398475 0.1842381796875 0.6217331875000001 0.1536789328125 0.6101428703125 0.056449150000000003 0.5996447515625001 0.0069774984375 0.48690704531250006 0.0056656765625 0.233845653125 0.0160309515625 0.22793407499999999 0.0883883265625
0 0.17707121406249998 0.1974813546875 0.18018869843750002 0.16245919375 0.146193884375 0.0196211265625 0.0022325109375 0.0255177171875 0.0195946109375 0.22396742656250002 0.15876731093750002 0.20986256406249998 0.17707121406249998 0.1974813546875