0 1 0.3123123125 0.722 0.3123123125 0.718 0.34984985 0.728 0.3888888890625 0.714 0.5675675671875 0.734 0.6201201203125 1 0.6321321328125 1 0.3123123125
0 0.634 0.34384384375 0.33999999999999997 0.34984985 0.316 0.3483483484375 0.314 0.31531531562500004 0.298 0.31381381406250003 0.23199999999999998 0.3858858859375 0.286 0.615615615625 0.372 0.6171171171875 0.706 0.6261261265625 0.728 0.3888888890625 0.6940000000000001 0.31531531562500004 0.6519999999999999 0.31831831875 0.632 0.3258258265625 0.634 0.34384384375
0 0 0.6111111109375 0.282 0.6126126125 0.22999999999999998 0.3858858859375 0.296 0.3168168171875 0 0.31831831875 0 0.6111111109375
0 1 0.633633634375 0.734 0.6201201203125 0.718 0.5825825828125 0.692 0.8093093093749999 1 0.8213213218750001 1 0.633633634375
0 0.286 0.615615615625 0.312 0.8048048046874999 0.688 0.8168168171874999 0.714 0.6276276281250001 0.286 0.615615615625
0 0 0.7942942937499999 0.308 0.7927927921875 0.282 0.6126126125 0 0.6126126125 0 0.7942942937499999
0 0.308 0.803303303125 0.33399999999999996 0.953453453125 0.674 0.9624624624999999 0.6900000000000001 0.8183183187499999 0.308 0.803303303125
0 1 0.8228228234375001 0.6940000000000001 0.8108108109375 0.678 0.9654654656250001 1 0.9744744750000001 1 0.8228228234375001
0 0 0.9414414421874999 0.33199999999999996 0.9519519515624999 0.306 0.7957957953125 0 0.7942942937499999 0 0.9414414421874999
0 0.33999999999999997 0.996996996875 0.33199999999999996 0.953453453125 0 0.9414414421874999 0.026000000000000002 0.9984984984375 0.33999999999999997 0.996996996875
0 0.674 1 0.678 0.9654654656250001 0.33199999999999996 0.953453453125 0.344 1 0.674 1
0 1 0.9744744750000001 0.682 0.9654654656250001 0.6719999999999999 1 1 1 1 0.9744744750000001