0 0.856500371875 0.26953375 0.8940022984375 0.27497673749999996 0.90993300625 0.2188664421875 0.8710975187500001 0.210549975 0.856500371875 0.26953375
0 0.8052932265624999 0.468188165625 0.8250623625 0.4957127859375 0.8568560968750001 0.5076970968750001 0.8915243203125 0.3676106328125 0.9867144046874999 0.38044968125 0.9880674781250001 0.3417027 0.842277178125 0.3104822765625 0.8052932265624999 0.468188165625
0 0.8465164515625 0.5494772718750001 0.8937046890625 0.5984010093750001 0.9661585531249999 0.6113288171875 0.9807044546875 0.5525521171875 0.9867144046874999 0.38044968125 0.8915243203125 0.3676106328125 0.8465164515625 0.5494772718750001
0 0.961901053125 0.62853241875 0.9661585531249999 0.6113288171875 0.8937046890625 0.5984010093750001 0.8465164515625 0.5494772718750001 0.89150609375 0.6238092296875 0.961901053125 0.62853241875
0 0.89150609375 0.6238092296875 0.9448710484375 0.6973468234375 0.961901053125 0.62853241875 0.89150609375 0.6238092296875
0 0.8465164515625 0.5494772718750001 0.8530896796875 0.5146542468749999 0.7903446859375001 0.5038055546875 0.7678407515625 0.5947388765625 0.7737832046875 0.603775140625 0.89150609375 0.6238092296875 0.8465164515625 0.5494772718750001
0 0.7480082671875 0.90621611875 0.8889153171874999 0.9234512921875 0.9448710484375 0.6973468234375 0.89150609375 0.6238092296875 0.7737832046875 0.603775140625 0.7206342859375 0.8020137328124999 0.7480082671875 0.90621611875
0 0.869971246875 1 0.88952353125 0.9209936359374999 0.7480082671875 0.90621611875 0.7206342859375 0.8020137328124999 0.667859315625 0.9822170796874999 0.6716041921875 1 0.869971246875 1
0 0.6709281812500001 0.027937675000000002 0.5968205859375 0.37696229375 0.726311253125 0.40728011718749996 0.81612395625 0.416161540625 0.9064910890625001 0.07579464687500001 0.6709281812500001 0.027937675000000002
0 0.43750303125 0 0.36720013281249997 0.3381415859375 0.5968205859375 0.37696229375 0.6683781921875 0.0299795078125 0.5419094921875 0 0.43750303125 0
0 0.1954621078125 0 0.14352213281249998 0.30835714531249997 0.36720013281249997 0.3381415859375 0.43299215 0 0.1954621078125 0
0 0.726311253125 0.40728011718749996 0.5968205859375 0.37696229375 0.5198116125000001 0.704662359375 0.7281896796875 0.746697803125 0.7903446859375001 0.5038055546875 0.8052932265624999 0.468188165625 0.81612395625 0.416161540625 0.726311253125 0.40728011718749996
0 0.6518939687499999 1 0.7223643562500001 0.745450334375 0.5198116125000001 0.704662359375 0.5102198718750001 0.7103720375 0.44610053125000004 0.9942500953125 0.48464504374999995 1 0.6518939687499999 1
0 0.30694178125 0.6642529265625 0.5114363 0.705456721875 0.5858952859375 0.379798490625 0.3652583578125 0.33772576249999997 0.30694178125 0.6642529265625
0 0.295408265625 0.6695467796875 0.24233135625000002 0.9583774375 0.4402752078125 0.9930026265624999 0.49503706875000003 0.7304118374999999 0.5011192140625 0.7058352640625001 0.30694178125 0.6642529265625 0.295408265625 0.6695467796875
0 0.0967390703125 0.6295904515624999 0.295408265625 0.6695467796875 0.30694178125 0.6642529265625 0.36465014375 0.340183421875 0.14546390781250002 0.30877296875 0.0967390703125 0.6295904515624999
0 0.0762220296875 0.638136328125 0.0320115140625 0.9159261687500001 0.2275225078125 0.9603819874999999 0.2870329546875 0.67034114375 0.0870301984375 0.6275113343750001 0.0762220296875 0.638136328125
0 0.05305176406249999 0.169939684375 0.1630075546875 0.18831047812499999 0.19344083750000002 0.02402598125 0.0950185625 0.00036133125000000003 0.05305176406249999 0.169939684375
0 0.1089215875 0.3242387109375 0.142539965625 0.32885005 0.14352213281249998 0.30835714531249997 0.1630075546875 0.18831047812499999 0.1352145 0.1849466078125 0.1089215875 0.3242387109375
0 0.1358227140625 0.1824889515625 0.0524435484375 0.1723973421875 0.0475778328125 0.1920585984375 0.0844715453125 0.19995924375000002 0.07141966093749999 0.31879572343749996 0.10697981406249998 0.3238228875 0.1358227140625 0.1824889515625
0 0 0.445432171875 0.060566371875000004 0.4122239828125 0.0844715453125 0.19995924375000002 0.0495196078125 0.192474421875 0 0.3864673578125 0 0.445432171875
0 0.062156753125 0.3892734203125 0.1301188546875 0.4038272390625 0.142539965625 0.32885005 0.07141966093749999 0.31879572343749996 0.062156753125 0.3892734203125
0 0 0.44586954062500006 0.066486265625 0.46266188281250004 0.044405734375 0.66755365 0.0677070265625 0.6725435296875 0.0762220296875 0.638136328125 0.085088425 0.6270955109374999 0.09868084375 0.6300062750000001 0.1301188546875 0.4038272390625 0.06409852656250001 0.38968924375 0.060566371875000004 0.4122239828125 0 0.44517833125 0 0.44586954062500006
0 0 0.7201301703125 0.044405734375 0.66755365 0.06842804062499999 0.46307770625 0 0.4459382640625 0 0.7201301703125
0 0 0.9096022406250001 0.0320115140625 0.9159261687500001 0.0677070265625 0.6725435296875 0.044405734375 0.66755365 0 0.7201301703125 0 0.9096022406250001