0 0.540976815625 0.0795933375 0.4203587640625 0.0996460703125 0.3763357578125 0.1086162625 0.2770831046875 0.1353555171875 0.2973628171875 0.2964608125 0.3436200984375 0.2889356828125 0.40331828906249995 0.27405674687500003 0.48689575625000003 0.25322623593750004 0.5505738265625 0.23735537187500003 0.5491430921875 0.20968501874999998 0.540976815625 0.0795933375
0 0 0.49192924375 0.0156603625 0.536834771875 0.28283621875 0.45823339374999994 0.32811616250000003 0.44294415468750004 0.32148388125 0.4065605921875 0.303017765625 0.3250802625 0.299597090625 0.297905875 0.296665084375 0.2746135421875 0.237211228125 0.2914335078125 0.1163135734375 0.3255694 0.0173052578125 0.35424968125 0 0.3689427640625 0 0.49192924375
0 0.841175559375 0.13289617812500001 0.799736965625 0.097179903125 0.5920855046875 0.1269129453125 0.591281965625 0.1531382359375 0.5833222078125 0.15512209375 0.5474327546875 0.19609782656250002 0.5548685765625 0.2062560984375 0.58073779375 0.199808559375 0.6348842953125 0.22234794375 0.6399095015625 0.31118208125 0.7341344000000001 0.3097190171875 0.8396717406249999 0.251384525 0.841175559375 0.13289617812500001
0 0.921082925 0.3111709078125 0.8172584671875001 0.268982265625 0.7341344000000001 0.3097190171875 0.6399095015625 0.31118208125 0.6392797578125 0.37139676875 0.60346084375 0.38032413125 0.6118714546875 0.5123568421875 0.62328715625 0.5215231859375 0.6673101625 0.5125529921875 0.9160526250000001 0.45055742499999996 0.921082925 0.3111709078125
0 0.035559759375 0.5318751265625 0.054025875 0.61335545625 0.08586491093750001 0.605420025 0.061184642187500006 0.5234865609375 0.035559759375 0.5318751265625
0 0.08907651875 0.6146291984375 0.283601940625 0.56214261875 0.3092268234375 0.5537540515625 0.29023677187499997 0.4844158515625 0.285070490625 0.45967845625 0.05919470156249999 0.5239825234375 0.08907651875 0.6146291984375
0 0.30748121875 0.55619104375 0.113200128125 0.6106186515625 0.1196586171875 0.6130128125 0.1206006828125 0.636801109375 0.148527828125 0.7119195625 0.1783769234375 0.7044800953125 0.3582397671875 0.649642184375 0.3437182640625 0.583194109375 0.319594653125 0.58720465625 0.30748121875 0.55619104375
0 0.1756514359375 0.8132633046875 0.2370952328125 0.7959473765625 0.375413675 0.7534657484375 0.3695496625 0.706881084375 0.3584841015625 0.6515832109375 0.178621259375 0.706421121875 0.1467822234375 0.7143565546875 0.1756514359375 0.8132633046875
0 0.3368089234375 0.446783378125 0.32811616250000003 0.44294415468750004 0.292541584375 0.45381254374999996 0.295473590625 0.47710487500000004 0.30580615 0.526579665625 0.31170543125 0.5571401421875 0.3218289265625 0.5886497187499999 0.36361766093750003 0.5782344640625 0.6121157875 0.51429786875 0.60346084375 0.38032413125 0.3368089234375 0.446783378125
0 0.6121157875 0.51429786875 0.34968808125 0.5817062156249999 0.35436569375000004 0.6025615546875 0.3695496625 0.706881084375 0.41755255 0.6969189625000001 0.58446315 0.6533169140624999 0.6536223718749999 0.6320761 0.6454208265625 0.518008603125 0.6255214296875 0.5229682484375 0.6121157875 0.51429786875
0 0.3786252859375 0.7626749203125 0.387945240625 0.8204097859375 0.6603226453125 0.7505216171875 0.656100978125 0.635462190625 0.5824732109374999 0.6538128796875 0.4135726703125 0.6979108921875 0.370282665625 0.7127041671875001 0.3786252859375 0.7626749203125
0 0.6673101625 0.5125529921875 0.6454208265625 0.518008603125 0.6553679781249999 0.6296391078125 0.6787233171875 0.6358296625000001 0.9453752359375001 0.569370415625 0.9538614781250001 0.4411340984375 0.91860176875 0.42189514531250005 0.9160526250000001 0.45055742499999996 0.6673101625 0.5125529921875
0 0.659869246875 0.7306153765625 0.67323961875 0.755309940625 0.9374129312499999 0.6854646015625 0.94362963125 0.5718074078125001 0.6789676515624999 0.637770690625 0.6538667046875 0.6340171265625 0.659869246875 0.7306153765625
0 0.8541957921875 0.20372227187499997 0.9058636859375 0.22287556562500002 0.9259721484375 0.23588113281249998 0.936410515625 0.23728336562500002 0.91173279375 0.041239573437499996 0.8667324515624999 0.0424456546875 0.8541957921875 0.20372227187499997
0 0.9279620890625001 0.23538516875 0.9056193531250001 0.22093453749999997 0.8762941953125001 0.216231875 0.8564300656249999 0.205167334375 0.840999215625 0.21301710625 0.841417346875 0.2489475328125 0.8366339281249999 0.27616475 0.9230728640624999 0.31067494375 0.9181131015625 0.418013090625 0.9579118953125001 0.4080937984375 0.9384004546875 0.2367874015625 0.9279620890625001 0.23538516875
0 0.5508886984375 0.20724802812499998 0.55455370625 0.2363634421875 0.4891300296875 0.2546713 0.40307395625 0.27211571874999996 0.3456100375 0.28843971874999996 0.3053225765625 0.2944769546875 0.325987696875 0.39342653437499997 0.3278718296875 0.4410031265625 0.334818984375 0.44727934375 0.6392797578125 0.37139676875 0.635128628125 0.224288971875 0.5844733390625 0.1968756015625 0.5508886984375 0.20724802812499998