0 0.94497734375 0.21040798125000001 0.9048920171875 0.0157949484375 0.902971109375 0.01576141875 0.9243116890625 0.2089886 0.94497734375 0.21040798125000001
0 0.9424167906250001 0.3661265359375 0.9816467515625 0.388436825 0.9430186296875 0.2107896578125 0.9243116890625 0.2089886 0.9424167906250001 0.3661265359375
0 0.9499107015625 0.3728357203125 0.9497680656249999 0.391925571875 0.9608384578125 0.40610729531249995 0.9761916093749999 0.5202110625 0.996966840625 0.5388108140625001 0.9973679890625 0.469859221875 0.9796880375000001 0.3888185015625 0.9499107015625 0.3728357203125
0 0.9928772515625001 0.6803487453125 0.99612128125 0.6841502390625 0.9969475531249999 0.542126215625 0.97423289375 0.5205927390625 0.9928772515625001 0.6803487453125
0 0.8760293718750001 0.8746762953125 0.8862195625 0.8944758359374999 0.8928889421875 0.9367466515625 0.994750475 0.919771825 0.996099521875 0.68789030625 0.8632611562499999 0.713775259375 0.8760293718750001 0.8746762953125
0 0.9953752218749999 0.6825851390625 0.9613777140625 0.40872536562499995 0.9519250890625001 0.40239785625 0.7571321625 0.44580161093750004 0.8444184874999999 0.543165290625 0.867178584375 0.71301190625 0.9953752218749999 0.6825851390625
0 0.9480076609375001 0.403161209375 0.9098387421874999 0.08926701406250001 0.6895825265625 0.1376325578125 0.744103053125 0.432001565625 0.7571321625 0.44580161093750004 0.9480076609375001 0.403161209375
0 0.9103779968750001 0.0918850859375 0.9025481624999999 0.0157540375 0.6662092281249999 0.011628725 0.6929606984375 0.1342511359375 0.9103779968750001 0.0918850859375
0 0.472704484375 0.182616678125 0.6860060453125 0.1301600203125 0.6645478812500001 0.0115997265625 0.458642825 0.008005640625000001 0.42981798906249996 0.013968754687500001 0.472704484375 0.182616678125
0 0.7407248796875 0.43538298906249995 0.688504015625 0.1323964171875 0.4752024546875 0.18485307499999998 0.542014525 0.4795500953125 0.7407248796875 0.43538298906249995
0 0.5815228484375 0.65157944375 0.6390249296875 0.92085910625 0.6479383000000001 0.9245685437500001 0.8751491687499999 0.8802941140625 0.8602239296875 0.7089207921875 0.8429990281249999 0.546165040625 0.743563796875 0.4293834921875 0.543973240625 0.47916842031250007 0.5714752937500001 0.6126900515625 0.5815228484375 0.65157944375
0 0.6505476140625001 0.9866925625 0.8934281984375 0.9393647218750001 0.8867588171874999 0.8970939078125 0.8751491687499999 0.8802941140625 0.6381447265625 0.9264769234375001 0.6378037812499999 0.9347128140625 0.6505476140625001 0.9866925625
0 0.592803740625 1 0.64912815625 0.9896923093750001 0.637264525 0.9320947421874999 0.41005365468750005 0.9763691718749999 0.403979203125 0.966660240625 0.40221879843749997 0.9778958765624999 0.40928123281250006 1 0.592803740625 1
0 0.4825260875 0.9622471562499999 0.6386839828124999 0.9290949968750001 0.5434339828125 0.47655034687500003 0.3360085671875 0.527861978125 0.31096628125 0.6634529765625 0.4041775125 0.9775142015625 0.4825260875 0.9622471562499999
0 0.40964807812500004 1 0.4041775125 0.9775142015625 0.35487561562500003 0.8073932328125 0.2241810078125 0.8355836046875 0.17307730625 1 0.40964807812500004 1
0 0.354336359375 0.8047751609375 0.3095468234375 0.6664527234375 0.3365478234375 0.53048005 0.1394552359375 0.58250136875 0.23093735468749998 0.8288207578125 0.354336359375 0.8047751609375
0 0.3418847109375 0.52671695 0.25156806875000004 0.2366000421875 0.24211544375 0.2302725328125 0.0416446828125 0.2856752765625 0.0359668484375 0.297674265625 0.1447921234375 0.57873826875 0.3418847109375 0.52671695
0 0.47304543125 0.1743807890625 0.25156806875000004 0.2366000421875 0.3418847109375 0.52671695 0.543973240625 0.47916842031250007 0.47304543125 0.1743807890625
0 0.47304543125 0.1743807890625 0.42927873281249995 0.01135068125 0.1947722609375 0.059769887499999994 0.246032871875 0.2295091796875 0.47304543125 0.1743807890625
0 0 0.16164525624999998 0.04502285625 0.282293853125 0.24745232968750003 0.2265094328125 0.19281354687500002 0.060151564062499996 0 0.095292453125 0 0.16164525624999998
0 0.1720790390625 1 0.1887502203125 0.9405211 0.1613595109375 0.8668870906249999 0.137117371875 0.8579951703124999 0.1048664484375 0.9486972828125 0.091175940625 1 0.1720790390625 1
0 0.0893470421875 1 0.1048664484375 0.9486972828125 0.137117371875 0.8579951703124999 0.0884104046875 0.7204360859375 0.079156090625 0.7249625375 0.049545771875 0.79881119375 0.088956125 1 0.0893470421875 1
0 0.014382789062500002 0.568748940625 0.00532678125 0.584129353125 0.0475870578125 0.7991928703125 0.078616834375 0.7223444671875 0.024715615625 0.5694586296875 0.014382789062500002 0.568748940625
0 0 0.52438631875 0.012424073437499999 0.5691306171875 0.024715615625 0.5694586296875 0.078616834375 0.7223444671875 0.0884104046875 0.7204360859375 0.0786794171875 0.56438951875 0.06917111875000001 0.5281181953125 0 0.5130287171875 0 0.52438631875