0 0.230108609375 0.26273874531249997 0.2473800640625 0.083140078125 0.24342529375000002 0.081226265625 0.0793174765625 0.07002045 0.060003228124999995 0.2509042265625 0.230108609375 0.26273874531249997
0 0.2221118578125 0.261900475 0.0419669328125 0.2505128 0.02208580625 0.450827396875 0.20618550156249998 0.4641288859375 0.2221118578125 0.261900475
0 0.17921666249999998 0.7011817375 0.19992630312499998 0.4724682515625 0.184107225 0.4648130015625 0.007873462500000001 0.45683381562500003 0.0032363390625000004 0.55627950625 0.0039972609375 0.6870708328124999 0.1672651421875 0.6984296546875 0.17921666249999998 0.7011817375
0 0.17908584375 0.705665771875 0.0040154546875 0.6901979140625001 0.005553034375 0.9544856203125001 0.1572860546875 0.9717462140625001 0.17908584375 0.705665771875
0 0.1830406140625 0.707579584375 0.1614152484375 0.9676813125000001 0.3732855421875 0.9913901375 0.384958575 0.72874589375 0.1830406140625 0.707579584375
0 0.18121585 0.7013913046875 0.3771362484375 0.7219289109375 0.38789355625 0.4906729125 0.199882696875 0.47396293125 0.18121585 0.7013913046875
0 0.396021125 0.48702714687500004 0.38122183593750003 0.719358690625 0.5950913171875001 0.7432770828125 0.592028734375 0.5045753984375 0.396021125 0.48702714687500004
0 0.5988520125 1 0.596872475 0.750960040625 0.38904416249999996 0.7261756734375 0.377196703125 0.9947986296875 0.42114804687499996 1 0.5988520125 1
0 0.8179681875 1 0.8047879984374999 0.772755053125 0.6068684140625 0.7520078781249999 0.599633446875 1 0.8179681875 1
0 0.9906672765625 1 0.9966664156249999 0.7943682046875 0.8107855609374999 0.7733837546875 0.8191872953124999 1 0.9906672765625 1
0 0.7919475078125 0.525532140625 0.5939407109375 0.507774321875 0.5987844499999999 0.7541589640625 0.8027016 0.7755348421875 0.7919475078125 0.525532140625
0 1 0.6058733453125 0.9956902328125 0.55288673125 0.7939466953125 0.5257417078125 0.805006028125 0.7652816625 0.9947108328125 0.7926639578125 1 0.6113678265625 1 0.6058733453125
0 0.7959458828125 0.5259512765625 0.99586465625 0.5469080171875 0.9738500515625 0.33920315 0.7900555984375 0.31543890937499997 0.7959458828125 0.5259512765625
0 0.588117571875 0.50116690625 0.799900653125 0.5278650890625001 0.7840580359375 0.3148102078125 0.5940043828125 0.2993853390625 0.588117571875 0.50116690625
0 0.40010671249999996 0.4844569265625 0.592028734375 0.5045753984375 0.5961343890624999 0.2951108703125 0.4080363171875 0.2813902453125 0.40010671249999996 0.4844569265625
0 0.2082282953125 0.4628437734375 0.40010671249999996 0.4844569265625 0.40616794843750004 0.27669664374999997 0.230021396875 0.26572810156250004 0.2082282953125 0.4628437734375
0 0.389453209375 0.0935353296875 0.24542448125 0.08143583125000001 0.234237803125 0.25867384531250004 0.4122091171875 0.2758306671875 0.4173546265625 0.09945863125 0.389453209375 0.0935353296875
0 0.41020992968750003 0.2756211 0.5941352015625 0.2949013015625 0.5895900140625 0.1070186796875 0.423439403125 0.097097975 0.41020992968750003 0.2756211
0 0.778147684375 0.31119215 0.7782785015625 0.306708115625 0.767517721875 0.12567018125 0.603584328125 0.10848565156250001 0.5981335765625 0.2953204375 0.778147684375 0.31119215
0 0.9495310171875 0.1417514609375 0.7696041218749999 0.1228903921875 0.7821024546875 0.3131059625 0.9658533 0.338364878125 0.9495310171875 0.1417514609375