0 0.8478369593749999 0.33890969531250004 0.45468940468749997 0.25583162812500004 0.3879752296875 0.36511723281249997 0.40293245781250003 0.51840101875 0.4036236171875 0.528643421875 0.7787892484375 0.6106790390625 0.7945706 0.6112847546875 0.849529171875 0.46050831875 0.8478369593749999 0.33890969531250004
0 1 0.361879859375 0.8487803406250001 0.3327811515625 0.849529171875 0.46050831875 0.796959846875 0.610495778125 1 0.6543327828125001 1 0.361879859375
0 1 0.0830873046875 0.9234863828125001 0.06845055156249999 0.924866746875 0.1331453546875 0.862361121875 0.332950134375 1 0.36026643125 1 0.0830873046875
0 0.5084423578124999 0 0.4625581 0.042657103125 0.45487808125000007 0.2546059203125 0.8498488546875 0.3405721359375 0.9268786421874999 0.134807796875 0.9214744890625 0.066788109375 0.579516925 0 0.5084423578124999 0
0 0.09493762812499999 0 0.072671796875 0.1446467546875 0.08210169687499999 0.1717813265625 0.4528661875 0.252943478125 0.4625581 0.042657103125 0.5084423578124999 0 0.09493762812499999 0
0 0.452488834375 0.2553948953125 0.07788923125 0.1696821515625 0.068143565625 0.1740637609375 0.027955501562500002 0.4351396921875 0.382372609375 0.5193732546875001 0.400229403125 0.506496175 0.38338541249999997 0.365469475 0.452488834375 0.2553948953125
0 0.393244459375 0.6402673937500001 0.395198684375 0.5244450703125 0.4020526203125 0.509384325 0.382372609375 0.5193732546875001 0.027955501562500002 0.4351396921875 0.026060871875000002 0.44744788125 0.027163117187500002 0.46637271562500004 0.060644387499999994 0.5616268703125 0.393244459375 0.6402673937500001
0 0.7355901984375001 0.71452630625 0.771998859375 0.6105945484374999 0.39079754218749996 0.5235716046875 0.3958223828125 0.638252709375 0.7278564265624999 0.720570359375 0.7355901984375001 0.71452630625
0 1 0.654414075 0.7989717421875 0.6121582203125 0.774010753125 0.6122569890625 0.7370360640625 0.7198658734375 0.9950053890625 0.7824317625 1 0.7499849953125 1 0.654414075
0 0.9806659859375 0.8755856140624999 0.9948167109374999 0.7836574703125 0.73502416875 0.71820343125 0.7186767875 0.7212748421875 0.6944665875 0.804890778125 0.9806659859375 0.8755856140624999
0 0.3914173234375 0.7257992421874999 0.69245469375 0.8032283359375001 0.7210660359375 0.7204858671875 0.3976456015625 0.641140859375 0.3914173234375 0.7257992421874999
0 0.397834278125 0.6399151515625 0.067246103125 0.5629370703125 0.0617129015625 0.5694178546875001 0.10458835156249999 0.67392676875 0.386575284375 0.7425224296875 0.3928631890625 0.731138809375 0.397834278125 0.6399151515625