0 0.16811342499999998 0.002777778125 0.18836805625 0.21436631875 0.57320601875 0.20460069375 0.5876736109375 0.003862846875 0.16811342499999998 0.002777778125
0 0.5905671296875 0.00928819375 0.57320601875 0.20243055625 0.9305555562500001 0.2056857640625 0.9826388890625 0.003862846875 0.5905671296875 0.00928819375
0 0.4299768515625 0.21111111093749999 0.1840277765625 0.21219618125 0.1782407421875 0.17313368125 0.1652199078125 0.17421875 0.13194444375 0.2881510421875 0.4386574078125 0.2881510421875 0.4299768515625 0.21111111093749999
0 0.6918402765625 0.20026041718749998 0.4285300921875 0.208940971875 0.44444444375 0.2794704859375 0.7410300921874999 0.281640625 0.6918402765625 0.20026041718749998
0 0.9421296296874999 0.199175346875 0.7019675921874999 0.20460069375 0.7468171296875 0.28055555625 0.9979166671874999 0.2671875 0.9421296296874999 0.199175346875
0 0.4603587953125 0.7286892359375 0.4675925921875 0.4650173609375 0.4386574078125 0.285980903125 0.10879629531249999 0.2892361109375 0.0364583328125 0.48563368125000006 0.09866898125 0.750390625 0.4603587953125 0.7286892359375
0 0.7945601859375 0.7080729171875 0.8784722234375 0.4595920140625 0.7511574078125001 0.2783854171875 0.44299768593750005 0.2783854171875 0.4661458328125 0.46067708281249997 0.4574652765625 0.7265190968749999 0.7945601859375 0.7080729171875
0 0.8061342578125 0.72109375 0.9979166671874999 0.7078125 0.9979166671874999 0.265625 0.7482638890625 0.2848958328125 0.8828125 0.45850694374999995 0.7945601859375 0.705902778125 0.8061342578125 0.72109375
0 0.1030092578125 0.75147569375 0.14930555625 0.9413628468749999 0.4401041671875 0.9120659718749999 0.4574652765625 0.7297743062500001 0.1030092578125 0.75147569375
0 0.4574652765625 0.7297743062500001 0.44733796249999996 0.92725694375 0.7366898140625 0.9055555562500001 0.7960069437499999 0.7145833328125 0.4574652765625 0.7297743062500001
0 0.7960069437499999 0.7145833328125 0.7395833328125 0.9088107640624999 0.9979166671874999 0.9015625 0.9979166671874999 0.7109375 0.7960069437499999 0.7145833328125
0 0.5789930562500001 0.91640625 0.15219907500000002 0.9359375 0.1594328703125 0.9967013890624999 0.56875 0.9984375 0.5789930562500001 0.91640625
0 0.9979166671874999 0.9015625 0.6137152765625 0.9131510421875 0.6035879625 0.99561631875 0.96383101875 0.9934461812500001 0.9979166671874999 0.9328125 0.9979166671874999 0.9015625