0 0.20217809375 0.04848533125 0.0849363859375 0.03343565 0.0866393171875 0.1272125890625 0.2064588609375 0.1488873125 0.22809334374999998 0.20087586562499998 0.23003480937499998 0.147168203125 0.2390298515625 0.1531278390625 0.2371593234375 0.12393865156249999 0.20217809375 0.04848533125
0 0.20300778125000002 0.1454362328125 0.008385806249999999 0.115738028125 0.01676854375 0.2465488375 0.20665052187500002 0.26948344375 0.20300778125000002 0.1454362328125
0 0.42095596718749995 0.186319025 0.23530165625000002 0.145352434375 0.2306421421875 0.2742508203125 0.42735700000000004 0.303006503125 0.42095596718749995 0.186319025
0 0.49197544375 0.152111065625 0.46440704843749997 0.192333421875 0.5343583046875 0.20865915937500001 0.5371294578125 0.2519024015625 0.5471363015625 0.256850234375 0.547123440625 0.20624726093749998 0.5803598390625 0.20407058125000002 0.5761885906249999 0.1725806703125 0.49197544375 0.152111065625
0 0.4290777671875 0.195452625 0.4385142046875 0.30910469687500003 0.5414247453125001 0.3189294296875 0.533346503125 0.209670959375 0.4290777671875 0.195452625
0 0.5494934390624999 0.2096290625 0.5540513234375 0.31435536875 0.6606207796875 0.3308744234375 0.65125361875 0.21830343437500002 0.5494934390624999 0.2096290625
0 0.7659705953125 0.3451620375 0.7633670375 0.23733104531250002 0.6624108234375 0.224401625 0.6575596499999999 0.23270388125000002 0.659539696875 0.33080514375000003 0.7659705953125 0.3451620375
0 0.7938161078125 0.30926400625 0.769200978125 0.2947668984375 0.7649587921875 0.3461738390625 0.79794545625 0.35690085312500003 0.7938161078125 0.30926400625
0 0.1330677296875 0.2636914 0.0169071015625 0.248711 0.0265787578125 0.38283433125 0.14591334843749998 0.396941490625 0.1330677296875 0.2636914
0 0.2707807 0.278976296875 0.13948493906249998 0.26302599375 0.1431969546875 0.38815428281250003 0.2830028109375 0.40249665625000003 0.2707807 0.278976296875
0 0.3906002421875 0.300651021875 0.27423178125000003 0.282427378125 0.2808406484375 0.40235809843750003 0.40010596249999997 0.41538417499999997 0.3906002421875 0.300651021875
0 0.6024502375 0.330376609375 0.43554807812499996 0.313221184375 0.43815163437500004 0.4210521765625 0.6060655953125 0.4371958 0.6024502375 0.330376609375
0 0.76638626875 0.3516485234375 0.607717084375 0.328560840625 0.6122056890625001 0.4322060671875 0.77439523125 0.4598259109375 0.76638626875 0.3516485234375
0 0.9154626234375 0.4602527875 0.903822121875 0.36260909531249996 0.8214521250000001 0.35410066093750003 0.7652632875000001 0.36772618125 0.7799391953125 0.46233446718750004 0.9154626234375 0.4602527875
0 1 0.418578884375 0.9967258187500001 0.3674859921875 0.9083542843749999 0.36612945625000004 0.9124272156250001 0.46328819374999997 1 0.46682043437500004 1 0.418578884375
0 0.2367934390625 0.40384199218749994 0.0329266859375 0.38108784375 0.0382047390625 0.5138529796875 0.24367942187499997 0.5280970359375 0.2367934390625 0.40384199218749994
0 0.440383078125 0.4222718171875 0.25179001562500003 0.4026497328125 0.2552941984375 0.5245347796875001 0.44786519062499996 0.5390285718750001 0.440383078125 0.4222718171875
0 0.44556612656250005 0.452749921875 0.4537974453125 0.5307955984375 0.477650509375 0.5334008109374999 0.5899443828125001 0.538443646875 0.5844439734375 0.4358102234375 0.4761280296875 0.4256390984375 0.44556612656250005 0.452749921875
0 0.6872852359375 0.444553875 0.5820739765625 0.43242842187499997 0.5909561828125 0.5374318453125 0.694490234375 0.55698630625 0.6872852359375 0.444553875
0 0.7919696453125 0.46525869531249997 0.6895166781250001 0.4457735140625 0.691039153125 0.5535352265625 0.79537716875 0.5688346421875 0.7919696453125 0.46525869531249997
0 0.9595372109375001 0.4759969125 0.7937854125 0.45999184687500005 0.7948922171875 0.5612670734375 0.964968340625 0.57754925625 0.9595372109375001 0.4759969125
0 1 0.471527446875 0.95682081875 0.4672097078125 0.9680730265624999 0.57559493125 1 0.5781981 1 0.471527446875
0 0.176721675 0.5248828328124999 0.0426676203125 0.5162922578125 0.042748103125 0.65195424375 0.1880012609375 0.6504960734375 0.176721675 0.5248828328124999
0 0.3118568078125 0.533542684375 0.17902239375 0.52718355 0.18692017968750002 0.65042679375 0.3186735140625 0.6567166484375 0.3118568078125 0.533542684375
0 0.44556446875000005 0.536727853125 0.3182047390625 0.5317961953125 0.32407892031249996 0.6570630421875 0.4471143265625 0.6617175859375 0.44556446875000005 0.536727853125
0 0.49283874531249994 0.6528046828125 0.6533655953124999 0.6544785796875 0.650969875 0.5498908296875 0.45812176875 0.5310727125 0.46118289843750004 0.6292432546875 0.49283874531249994 0.6528046828125
0 0.8047605046875 0.5640527453125 0.6510391531249999 0.5509719109375 0.64823730625 0.658456509375 0.809207209375 0.6838449093750001 0.8047605046875 0.5640527453125
0 0.82978965 0.6690142703124999 0.9293876671874999 0.677550084375 0.9207132953125001 0.5757899046875 0.8090155484375 0.56324878125 0.812076678125 0.6614193234375 0.82978965 0.6690142703124999
0 1 0.57892770625 0.9174007718749999 0.5745009875 0.9247862281250001 0.6729486437500001 1 0.6777685625000001 1 0.57892770625
0 0.2594911703125 0.6572306375 0.04375990625 0.6509424390625 0.052073365625 0.7806721703124999 0.26718112031249996 0.7772306375 0.2594911703125 0.6572306375
0 0.45569369687499994 0.6611907343750001 0.263746215625 0.656426671875 0.2694818390625 0.7795313578124999 0.46216400625 0.7789592921875 0.45569369687499994 0.6611907343750001
0 0.462455640625 0.7499086625 0.5060726578125 0.7753132390624999 0.6049778875 0.7730382437500001 0.5995886578125 0.6553389625 0.494058384375 0.6550361234375 0.4671425359375 0.6382382953125 0.462455640625 0.7499086625
0 0.6209169875 0.7697531 0.7257818515625 0.7764731453125 0.7167610875 0.6693075609375 0.6041208171875 0.65885931875 0.6042850984375 0.76222743125 0.6209169875 0.7697531
0 0.8146126140625001 0.684191303125 0.7189925265625 0.6705272015625 0.730106178125 0.7767502609375 0.8223444640625001 0.7880443671874999 0.8146126140625001 0.684191303125
0 0.825465325 0.6687371546875001 0.8098452375 0.6601996828125001 0.80805685 0.6826945515625 0.8180636968749999 0.6876423843749999 0.823925015625 0.76230625625 0.8321853703125001 0.7736020203125 0.987514653125 0.778172765625 0.983511 0.68209510625 0.825465325 0.6687371546875001
0 1 0.6805331453125001 0.982291359375 0.679863665625 0.983051771875 0.7757334890625 1 0.77801439375 1 0.6805331453125001
0 0.1985461609375 0.7814454421875 0.052419759375 0.786077575 0.068162228125 0.9141300953125 0.2052935875 0.9035383250000001 0.1985461609375 0.7814454421875
0 0.3396135515625 0.78187231875 0.2070562515625 0.779837509375 0.2099643046875 0.9092208453125 0.34447593125 0.90815096875 0.3396135515625 0.78187231875
0 0.473044096875 0.7807331640624999 0.3535290484375 0.7806107812499999 0.355882871875 0.90134546875 0.479652965625 0.900663884375 0.473044096875 0.7807331640624999
0 0.4794870265625 0.8812737046875 0.48990954531249997 0.8927080234375 0.6652251359375 0.8899464171875 0.6587548265625001 0.7721778578125 0.5124205875000001 0.77356675 0.47375140312499997 0.7581690171875 0.4794870265625 0.8812737046875
0 0.8290387875 0.7917032828125 0.6568697796875 0.7763636265625 0.665086578125 0.88778425625 0.8306305421875001 0.9005460765625 0.8290387875 0.7917032828125
0 0.8476233437499999 0.8801021984374999 0.938157040625 0.8815972921874999 0.9336684343749999 0.7779520671875 0.832323928125 0.7757641828125 0.8311300125000001 0.8747386890625 0.8476233437499999 0.8801021984374999
0 1 0.7822027874999999 0.935830596875 0.778090625 0.9391688421875 0.8805854921874999 0.955523615625 0.8837868343749999 1 0.88613330625 1 0.7822027874999999
0 0.29114660312499996 1 0.2855014234375 0.9119082015625001 0.06369934687499999 0.9116908171875 0.069241653125 0.9981773031250001 0.09768444375 1 0.29114660312499996 1
0 0.486688653125 1 0.47864116250000005 0.9016756859375 0.2886753890625 0.91103495625 0.28857403593750003 1 0.486688653125 1
0 0.6185639671875001 1 0.61391485625 0.9124977015625 0.60726243125 0.89269185 0.4835616171875 0.8944545140625 0.4885265203125 1 0.6185639671875001 1
0 0.7228798421875 1 0.7160359484375001 0.893202521875 0.6135410796875 0.889864278125 0.6149067500000001 1 0.7228798421875 1
0 0.82790744375 1 0.8263062187499999 0.9002689609375001 0.715897390625 0.8910403609375 0.7208104171875 1 0.82790744375 1
0 1 0.8883957125 0.9997093828124999 0.8844651062500001 0.8410675781249999 0.8786054421875 0.8287600140625001 0.8713568890625 0.8320289796875 0.9727706749999999 0.8490765421875001 0.9867828296875001 1 0.9933830046875001 1 0.8883957125