0 1 0.830508475 0.966 0.7182203390625 0.516 0.70762711875 0.506 0.7351694921874999 0.508 1 1 1 1 0.830508475
0 0.42400000000000004 1 0.44800000000000006 0.7775423734375 0.44800000000000006 0.705508475 0 0.6567796609375 0 1 0.42400000000000004 1
0 0.506 1 0.506 0.7542372875 0.44800000000000006 0.75211864375 0.44800000000000006 0.7775423734375 0.426 1 0.506 1
0 0.518 0.705508475 0.726 0.7118644062499999 0.688 0.3411016953125 0.48200000000000004 0.32838983125 0.47000000000000003 0.688559321875 0.472 0.7224576265625 0.51 0.7203389828125 0.518 0.705508475
0 0.9720000000000001 0.733050846875 0.9880000000000001 0.7097457625 0.89 0.358050846875 0.7 0.34533898281250003 0.6900000000000001 0.353813559375 0.728 0.7118644062499999 0.966 0.7182203390625 0.9720000000000001 0.733050846875
0 0.2 0.6737288140625 0.45 0.70338983125 0.45 0.7224576265625 0.472 0.7182203390625 0.466 0.6800847453125 0.48 0.31991525468750004 0.274 0.3029661015625 0.202 0.6631355937500001 0.2 0.6737288140625
0 0 0.6588983046875 0.196 0.6800847453125 0.27 0.3072033890625 0.266 0.29449152500000003 0.057999999999999996 0.2775423734375 0 0.41313559375000003 0 0.6588983046875
0 0.484 0.32838983125 0.642 0.33686440625 0.638 0.20127118593749999 0.634 0.19703389843750002 0.3 0.1546610171875 0.27 0.29449152500000003 0.272 0.3029661015625 0.48 0.3177966109375 0.484 0.32838983125
0 0.618 0.0741525421875 0.316 0.044491525 0.3 0.1525423734375 0.628 0.19491525468749998 0.63 0.184322034375 0.618 0.0741525421875
0 0.8560000000000001 0.2987288140625 0.784 0.07838983125 0.63 0.0720338984375 0.622 0.0889830515625 0.662 0.33262711875 0.836 0.33898305156249997 0.8560000000000001 0.2987288140625
0 0.066 0.2775423734375 0.268 0.29449152500000003 0.31 0.080508475 0.308 0.03813559375 0.13999999999999999 0.016949153124999998 0.057999999999999996 0.2394067796875 0.066 0.2775423734375