0 0.359090909375 0 0.0227272734375 0.0045454546875000005 0.018181818750000002 0.0363636359375 0.0227272734375 0.13181818125 0.35 0.16363636406249998 0.359090909375 0
0 0.0227272734375 0.1363636359375 0.0227272734375 0.5136363640625 0.3227272734375 0.53181818125 0.35 0.16818181875 0.0227272734375 0.1363636359375
0 0.0227272734375 0.51818181875 0.0272727265625 0.8363636359375001 0.3 0.8318181812500001 0.3227272734375 0.53181818125 0.0227272734375 0.51818181875
0 0.2863636359375 1 0.29545454531250004 0.8318181812500001 0.0272727265625 0.8409090906250001 0.0227272734375 1 0.2863636359375 1
0 0.3727272734375 0 0.3545454546875 0.15909090937499998 0.6545454546875 0.1863636359375 0.690909090625 0 0.3727272734375 0
0 0.6590909093749999 0.1954545453125 0.359090909375 0.16818181875 0.3227272734375 0.53181818125 0.6045454546875 0.540909090625 0.6590909093749999 0.1954545453125
0 0.6045454546875 0.5454545453125 0.3272727265625 0.53181818125 0.3 0.8318181812500001 0.559090909375 0.8409090906250001 0.6045454546875 0.5454545453125
0 0.5363636359374999 1 0.5636363640625001 0.8409090906250001 0.3 0.8318181812500001 0.2863636359375 1 0.5363636359374999 1
0 0.7 0.0045454546875000005 0.6636363640625 0.1863636359375 0.940909090625 0.21818181874999998 1 0 0.7 0.0045454546875000005
0 0.6636363640625 0.1954545453125 0.609090909375 0.540909090625 0.8681818187499999 0.5545454546874999 0.95 0.21818181874999998 0.6636363640625 0.1954545453125
0 0.609090909375 0.5454545453125 0.559090909375 0.8363636359375001 0.8045454546874999 0.8409090906250001 0.8681818187499999 0.5545454546874999 0.609090909375 0.5454545453125
0 0.7772727265625 1 0.809090909375 0.8772727265625001 0.809090909375 0.8409090906250001 0.5681818187500001 0.8363636359375001 0.55 1 0.7772727265625 1
0 1 0.190909090625 0.990909090625 0.1863636359375 0.9545454546875 0.18181818125 0.8681818187499999 0.55 1 0.5545454546874999 1 0.190909090625
0 1 0.5545454546874999 0.8727272734374999 0.5545454546874999 0.809090909375 0.8363636359375001 1 0.8363636359375001 1 0.5545454546874999
0 1 0.8363636359375001 0.809090909375 0.8409090906250001 0.809090909375 0.890909090625 0.7772727265625 1 1 1 1 0.8363636359375001