0 1 0 0.7646726687500001 0 0.769282578125 0.1919024453125 1 0.20137936562499997 1 0
0 0.406778840625 0 0.39921951718750004 0.1797027265625 0.7672631859375 0.1928074671875 0.765046453125 0 0.406778840625 0
0 0.05403992656249999 0 0.050295018749999996 0.16050435624999998 0.3986655984375 0.1778148921875 0.4055505609375 0 0.05403992656249999 0
0 0.050295018749999996 0.16050435624999998 0.044646709374999996 0.40258741562499994 0.39553346875 0.418006896875 0.398622396875 0.1796663875 0.050295018749999996 0.16050435624999998
0 0.39904167031250004 0.1795614984375 0.39627844218749997 0.4179318546875 0.7760392703125001 0.4334781625 0.767645253125 0.1935403015625 0.39904167031250004 0.1795614984375
0 1 0.20178066718749998 0.7677162656250001 0.19068019375 0.7744360484375 0.4322262265625 1 0.4399113453125 1 0.20178066718749998
0 1 0.4402734640625 0.7754147875 0.4326422609375 0.7822137046875001 0.6919787953125 1 0.7014402468750001 1 0.4402734640625
0 0.385119734375 0.675308071875 0.7817119875 0.6916959765625 0.774821315625 0.43348555624999996 0.39250025625 0.417251059375 0.385119734375 0.675308071875
0 0.3912181671875 0.4177205203125 0.044646709374999996 0.40258741562499994 0.0420272625 0.514855215625 0.0544948609375 0.6675895984375 0.3851434921875 0.67428984375 0.3912181671875 0.4177205203125
0 0.3857393578125 0.67788518125 0.385208365625 0.6752968984375001 0.054498662499999996 0.6676361640625 0.077036328125 0.94373395 0.369699875 0.9574554546874999 0.3857393578125 0.67788518125
0 0.386039709375 0.676024775 0.3705701296875 0.958984334375 0.5934411921875 0.9701903515625 0.7892054359375 0.9587883828124999 0.78343928125 0.6928302171875 0.386039709375 0.676024775
0 1 0.7001512234375 0.7833119390625 0.6916117765625 0.78845066875 0.9588323421875 1 0.946510996875 1 0.7001512234375