0 0.0629566984375 0.20534918281249998 0.0906309609375 0.4065114875 0.3661913265625 0.3682533984375 0.3578362125 0.1564499546875 0.0629566984375 0.20534918281249998
0 0.5644232921875 0.3409426828125 0.5419742390625 0.12726702031249998 0.4468621953125 0.13234673749999998 0.3570271640625 0.156530265625 0.3778735171875 0.3627320515625 0.5644232921875 0.3409426828125
0 0.8844504671875001 0.3135364875 0.866500165625 0.1037759484375 0.5774435453125 0.1302886609375 0.54785455625 0.19101836249999998 0.5651189609375 0.339783203125 0.8844504671875001 0.3135364875
0 0.278912209375 0.385640665625 0.0938671484375 0.40619024374999996 0.1221083078125 0.612748396875 0.307153365625 0.5921988203125 0.278912209375 0.385640665625
0 0.47021828125000004 0.35465575781249997 0.2792677390625 0.3812436734375 0.30760688125 0.5965154984375001 0.49613028124999997 0.57016851875 0.47021828125000004 0.35465575781249997
0 0.668321475 0.33390037499999997 0.469764765625 0.3503390796875 0.4902401921875 0.56857235625 0.6930688968750001 0.5538904359375 0.668321475 0.33390037499999997
0 0.8716190890625001 0.3159006359375 0.6707486171875 0.3336594421875 0.6943468546875 0.5504923046875 0.8919811375 0.5330547421875 0.8716190890625001 0.3159006359375
0 0.39406155625 0.5868430453125 0.1245354484375 0.6125074640625 0.1460928625 0.8099152671875001 0.4187263875 0.7904849359375 0.39406155625 0.5868430453125
0 0.5976013234375 0.5633671421875001 0.397184365625 0.5854426296875 0.4195354359375 0.7904046250000001 0.621555090625 0.775803015625 0.5976013234375 0.5633671421875001
0 0.893470459375 0.53944945 0.59887928125 0.5599690125000001 0.619014571875 0.774964778125 0.920418265625 0.7570402406250001 0.893470459375 0.53944945
0 0.343371615625 0.796874696875 0.14816447187499998 0.8140713234374999 0.1624778453125 0.9962884687500001 0.3553720453125 0.9906758203124999 0.36889167500000003 0.9775327671875 0.343371615625 0.796874696875
0 0.5290969484375 0.782800140625 0.3418668984375 0.7981144890625 0.369867759375 0.9902540375 0.4979914015625 0.9865260203125 0.556431071875 0.980724934375 0.5290969484375 0.782800140625
0 0.7271693546875 0.7773137593749999 0.5303749062499999 0.7794020078125 0.556431071875 0.980724934375 0.7486006187500001 0.962783028125 0.7271693546875 0.7773137593749999
0 0.9226032546875 0.7622754671874999 0.728220553125 0.7717572828125 0.7496799843749999 0.9604514171874999 0.9468607499999999 0.9386971765625001 0.9226032546875 0.7622754671874999
0 0.0696768515625 0.253751209375 0.008182040625000001 0.23430299062499998 0.014774165624999998 0.42307674687499996 0.08956436875 0.419702459375 0.0696768515625 0.253751209375
0 0.11593965625 0.57737671875 0.09153799375 0.4151448453125 0.0146566484375 0.419711509375 0.017415590624999998 0.4987172703125 0.028743131249999998 0.6111121609375 0.11593965625 0.57737671875
0 0.11687747500000001 0.570741078125 0.0309435140625 0.608712884375 0.048584465625 0.7999669140625 0.1353582609375 0.7466457890625 0.11687747500000001 0.570741078125
0 0.13396692500000001 0.7489647515625 0.0490533765625 0.7966490921875 0.0647612578125 0.9150365484374999 0.15289560625 0.8746654671874999 0.13396692500000001 0.7489647515625
0 0.063612075 0.9118793515625001 0.0709316578125 0.998952190625 0.1624360375 0.996289684375 0.15058184375 0.8759855703125 0.063612075 0.9118793515625001
0 0.9428907421874999 0.09946421562499999 0.8725036328125 0.10645127968749998 0.8764159484375 0.22928091562500003 0.9521262515625001 0.218494165625 0.9428907421874999 0.09946421562499999
0 0.9766361 0.08981178749999999 0.9455446421874999 0.10138162343749998 0.9528373125 0.2097001796875 0.9889082484375 0.20662115 0.9766361 0.08981178749999999
0 1 0.3121951890625 0.9891871609375 0.2092759078125 0.8780340421874999 0.22912029218750002 0.8846772250000001 0.315694828125 0.8719592281249999 0.31913814375 0.878566 0.3664610046875 1 0.350499846875 1 0.3121951890625
0 0.9650206750000001 0.3567885484375 0.8798285625 0.370697371875 0.8881724328124999 0.4734594578125 0.977152234375 0.4722597421875 0.9650206750000001 0.3567885484375
0 1 0.34803082343749997 0.9664120125 0.3544695859375 0.9770388546875 0.471180571875 1 0.4701696078125 1 0.34803082343749997
0 1 0.467883153125 0.894871565625 0.474975309375 0.9060499125 0.6047166453124999 1 0.5967335281249999 1 0.467883153125
0 1 0.59316948125 0.9070857171875 0.6067946765625 0.9262467781250001 0.7891744093749999 0.9701984953125 0.826247625 0.954696353125 0.6631323296875 1 0.6542296984375 1 0.59316948125
0 1 0.649723178125 0.954356215625 0.6598948203125 0.970780784375 0.8240089765624999 1 0.8572856328125 1 0.649723178125
0 0.9791960015625 0.834077878125 0.9306321515624999 0.7920103640625 0.9512461234374999 0.9415331296874999 0.991411875 0.9386800671875 0.9791960015625 0.834077878125
0 1 0.8551783531250001 0.98254556875 0.8348358015624999 0.9874264921875 0.935760790625 1 0.934692678125 1 0.8551783531250001