0 0.325424925 0.5508715015625001 0.3184196984375 0.737880775 0.3294856296875 0.9260537687499999 0.5272605968749999 0.9067843984374999 0.5427999765625 0.724896903125 0.5041258765625 0.5395182375 0.325424925 0.5508715015625001
0 0.5337791765625 0.847765515625 0.7044523328125 0.86790071875 0.7697071078125 0.8538140953125 0.8058149374999999 0.5680904375 0.599500890625 0.5410878734375 0.5558617703125 0.812609925 0.5337791765625 0.847765515625
0 0.2566749265625 0.7201879984375 0.32042541406249997 0.7197211171875 0.3244220671875 0.5599513296875 0.2410961328125 0.5728742296875 0.2566749265625 0.7201879984375
0 0.04231830625 0.601223428125 0.0664312515625 0.753658971875 0.25617349843750004 0.7247279125 0.2375812015625 0.5635034703125 0.04231830625 0.601223428125
0 0.0036491343750000003 0.4569949203125 0.047337526562499996 0.59697444375 0.23808263125 0.5589635562499999 0.215970475 0.3472181984375 0.00815706875 0.37498553437500004 0.0036491343750000003 0.4569949203125
0 0.2410961328125 0.5728742296875 0.3244220671875 0.5599513296875 0.32592635312499996 0.5463315875 0.42682201875 0.539112325 0.4403507515625 0.3342343296875 0.215970475 0.3472181984375 0.2410961328125 0.5728742296875
0 0.42682201875 0.539112325 0.508643665625 0.53980916875 0.606525828125 0.5186792328125 0.63862715 0.310425046875 0.4403507515625 0.3342343296875 0.42682201875 0.539112325
0 0.606525828125 0.5186792328125 0.7631392578125 0.5013314 0.8313828984375 0.295404659375 0.63862715 0.310425046875 0.606525828125 0.5186792328125
0 0.7631392578125 0.5013314 0.9292896953125 0.48002551406249994 0.9979222296874999 0.3163915734375 0.998081578125 0.2890018515625 0.8268651078125 0.295113728125 0.7631392578125 0.5013314
0 0.606525828125 0.5186792328125 0.60401868125 0.541378803125 0.7561192484375 0.5648901984375 0.7761911968749999 0.50674410625 0.606525828125 0.5186792328125
0 0.7521028875 0.5600593515625001 0.81083415625 0.5638414546875 0.8023098609374999 0.64101999375 0.8720824234375 0.6272243015625001 0.93330605625 0.48485635781249997 0.776692625 0.5022041921875 0.7521028875 0.5600593515625001
0 0.6451970218749999 0 0.6872854890625 0.0346540078125 0.642643509375 0.315255890625 0.8268651078125 0.295113728125 0.900123040625 0.043787846875 0.8428828421875 0 0.6451970218749999 0
0 0.90464083125 0.044078778125 0.8268651078125 0.295113728125 0.998079171875 0.28941544375 0.999703965625 0.010137146875 0.8408854171875 0.003395503125 0.90464083125 0.044078778125
0 0.4170916375 0 0.4523653453125 0.060675759375000006 0.44486854062500003 0.334525259375 0.642643509375 0.315255890625 0.6867840609375 0.0391939234375 0.644889809375 0 0.4170916375 0
0 0.1906911046875 0 0.21647190468750002 0.342678284375 0.4443671125 0.339065175 0.45286677500000005 0.056135843750000004 0.4202323359375 0 0.1906911046875 0
0 0.0495738640625 0 0.00815706875 0.37498553437500004 0.21647190468750002 0.342678284375 0.1856553796875 0 0.0495738640625 0