0 0.741434803125 0 0.667970484375 0.062441059374999996 0.6586536140625 0.1456735453125 0.6984610265625 0.1490929484375 0.7227913499999999 0.144161284375 0.962067321875 0.1579196671875 0.9978161390625001 0.0054958 0.85385519375 0 0.741434803125 0
0 0.72264751875 0.1464139640625 0.6974618359375 0.29011879375 0.9413082578124999 0.294983128125 0.9720551328125 0.1582113484375 0.72264751875 0.1464139640625
0 0.685412175 0.416152196875 0.9166978984374999 0.42967723593749996 0.9413082578124999 0.294983128125 0.7075215640625 0.2892841328125 0.685412175 0.416152196875
0 0.661664803125 0.537330228125 0.8911687109375 0.5474179109375 0.9147003359375001 0.4296189015625 0.6872659062500001 0.418463215625 0.661664803125 0.537330228125
0 0.6362794468749999 0.6528182203124999 0.863641959375 0.665100246875 0.8891711484375 0.5473595734375001 0.65973915625 0.5361455515625 0.6362794468749999 0.6528182203124999
0 0.6234547859374999 0.7596455093750001 0.8446807828124999 0.7740052078125 0.8615724828125 0.66616825 0.6401307390625 0.655187571875 0.6234547859374999 0.7596455093750001
0 0.6065630859375 0.8674824671874999 0.815803709375 0.8814921484375 0.8426832203125001 0.7739468734375 0.6191720000000001 0.7640341984375 0.6065630859375 0.8674824671874999
0 0.6085606484375 0.8675408046875001 0.595381521875 0.9579723 0.80575261875 0.9420313312499999 0.8179451015625 0.8792978046875 0.6085606484375 0.8675408046875001
0 0.824585028125 0.8693357546874999 0.807270803125 0.9419162906249999 0.9116955375 0.9340034562499999 0.9084826406250001 0.8717858749999999 0.824585028125 0.8693357546874999
0 0.4513301921875 0.28970147968750004 0.6934667125 0.2900021203125 0.6922525921875 0.1522969609375 0.4501879890625 0.1508699796875 0.4513301921875 0.28970147968750004
0 0.4331440140625 0.41781255625 0.672995309375 0.422560221875 0.6754167359375 0.290603434375 0.4373472578125 0.2892931265625 0.4331440140625 0.41781255625
0 0.431297909375 0.5407586234374999 0.6592357484375 0.5440299328125 0.6668587921875 0.42463789218750003 0.43300018281249997 0.42006523749999997 0.431297909375 0.5407586234374999
0 0.40532960156250003 0.5400002546875 0.40634404531249996 0.6494885765625 0.6202270328124999 0.6534778703125 0.6271309203125 0.5453492328125 0.40532960156250003 0.5400002546875
0 0.3962843203125 0.6503232359375 0.39944015781250003 0.7576172156250001 0.613251228125 0.76273285 0.616088078125 0.6556138781249999 0.3962843203125 0.6503232359375
0 0.40129388906249996 0.75992823125 0.39482149375 0.8612988296875 0.6027837093749999 0.8639867765625 0.6131793140624999 0.7638591906250001 0.40129388906249996 0.75992823125
0 0.3946776625 0.8635515109374999 0.3905624046875 0.959348746875 0.5184100140625 0.9638048515625 0.590918978125 0.9583104515624999 0.5985728375 0.867249121875 0.3946776625 0.8635515109374999
0 0.25856565625 0 0.18329809531250002 0.00540610625 0.20020505000000002 0.1480833140625 0.44619286249999995 0.15075330781250001 0.449389290625 0.0380026359375 0.4337844421875 0.0003083921875 0.41199599375 0 0.25856565625 0
0 0.1761623875 0.14850962031249998 0.1936446671875 0.28217610937500004 0.4235800671875 0.285505753125 0.420152640625 0.15112127656250002 0.1761623875 0.14850962031249998
0 0.1795898171875 0.2828940953125 0.18337682187499998 0.4116468734375 0.41331222187499994 0.4149765140625 0.41551790312500003 0.2863987484375 0.1795898171875 0.2828940953125
0 0.1934365484375 0.41081221250000005 0.197942709375 0.5283015875 0.4257367171875 0.533825575 0.42522567968749997 0.41645287187499996 0.1934365484375 0.41081221250000005
0 0.1719744 0.52754321875 0.1727730984375 0.6404105625 0.394502503125 0.6468858796875 0.40176596875000004 0.5331255406250001 0.1719744 0.52754321875
0 0.164710934375 0.64130355625 0.16772294062499998 0.7508502171875 0.38538530625 0.7583352031249999 0.3885098171875 0.646710871875 0.164710934375 0.64130355625
0 0.1756412734375 0.7522099015625 0.1810104203125 0.8561831984375001 0.38882880468750003 0.8611238218749999 0.3933036390625 0.7596948875 0.1756412734375 0.7522099015625
0 0.179084775 0.8549985203125001 0.179252303125 0.9464070687499999 0.385073128125 0.95128935625 0.386759328125 0.862191825 0.179084775 0.8549985203125001
0 0.049557046874999996 0 0.0405439046875 0.1411637375 0.1741648265625 0.148451284375 0.17944680156249998 0.0030367546874999997 0.1698621703125 0 0.049557046874999996 0
0 0.0405439046875 0.1411637375 0.031985959375 0.275198196875 0.1716714828125 0.2815344109375 0.18365685625 0.28188442812500003 0.1761623875 0.14850962031249998 0.0405439046875 0.1411637375
0 0.151767775 0.27982470937500004 0.031914043749999996 0.27632453749999997 0.0235718453125 0.40697997656249996 0.1514877421875 0.40958715156250003 0.1777437125 0.4058401640625 0.1691705109375 0.2893604546875 0.151767775 0.27982470937500004
0 0.1801084796875 0.5255238828125 0.1714633640625 0.41017051406249994 0.0234999296875 0.4081063171875 0.0193057125 0.4737961046875 0.021406981250000002 0.52536495625 0.175897609375 0.5287862296875 0.1801084796875 0.5255238828125
0 0.1599171109375 0.528319540625 0.021362496875 0.5242732343750001 0.025966017187500003 0.6372516921875 0.166708496875 0.64136189375 0.1599171109375 0.528319540625
0 0.16264145624999998 0.6423715609375 0.025930142187499998 0.63637125 0.030477465625 0.7479705812499999 0.1596607765625 0.7517432125 0.16264145624999998 0.6423715609375
0 0.1617302546875 0.7506752078125001 0.0304692265625 0.747768365625 0.0346206328125 0.84965119375 0.167171315625 0.8535221640625 0.1617302546875 0.7506752078125001
0 0.169168878125 0.8535805015625 0.0346206328125 0.84965119375 0.0385960140625 0.9472140234375 0.1748256859375 0.9530484375 0.169168878125 0.8535805015625