0 0.258 0.0853333328125 0.046 0.09066666718750001 0.052000000000000005 0.1413333328125 0.064 0.2826666671875 0.274 0.2826666671875 0.284 0.2853333328125 0.274 0.2106666671875 0.258 0.0853333328125
0 0.528 0.0026666671875 0.496 0 0.256 0.0506666671875 0.292 0.2853333328125 0.546 0.24266666718750002 0.55 0.24266666718750002 0.544 0.04 0.528 0.0026666671875
0 0.5559999999999999 0.013333332812500001 0.5559999999999999 0.1066666671875 0.558 0.25866666718750003 0.826 0.25866666718750003 0.8320000000000001 0.2613333328125 0.8460000000000001 0.008 0.5559999999999999 0.013333332812500001
0 0 0.45599999999999996 0.12 0.46399999999999997 0.194 0.46666666718750005 0.194 0.44266666718750003 0.192 0.38133333281250004 0.184 0.288 0.064 0.2853333328125 0.06 0.272 0 0.2773333328125 0 0.45599999999999996
0 0.426 0.46399999999999997 0.43 0.4533333328125 0.43200000000000005 0.2746666671875 0.38 0.2746666671875 0.296 0.288 0.256 0.2853333328125 0.19 0.2826666671875 0.198 0.4693333328125 0.252 0.4693333328125 0.356 0.47466666718750006 0.41600000000000004 0.47466666718750006 0.426 0.46399999999999997
0 0.55 0.264 0.55 0.256 0.502 0.2533333328125 0.43600000000000005 0.2613333328125 0.434 0.45866666718750004 0.658 0.46666666718750005 0.6599999999999999 0.4613333328125 0.6679999999999999 0.2666666671875 0.55 0.264
0 0.8300000000000001 0.2613333328125 0.6759999999999999 0.2613333328125 0.6719999999999999 0.36266666718749996 0.666 0.45599999999999996 0.9119999999999999 0.46399999999999997 0.9279999999999999 0.256 0.9179999999999999 0.2613333328125 0.8300000000000001 0.2613333328125
0 0.002 0.4613333328125 0.002 0.5733333328125 0.006 0.624 0.202 0.6373333328124999 0.198 0.5893333328125 0.194 0.472 0.002 0.4613333328125
0 0.41600000000000004 0.4773333328125 0.198 0.472 0.20600000000000002 0.6346666671875 0.418 0.6426666671875 0.43 0.6213333328124999 0.42800000000000005 0.4693333328125 0.41600000000000004 0.4773333328125
0 0.43 0.4613333328125 0.43200000000000005 0.648 0.65 0.6586666671875 0.654 0.6533333328125 0.6599999999999999 0.472 0.43 0.4613333328125
0 0.85 0.6639999999999999 0.9 0.6666666671875 0.9199999999999999 0.4693333328125 0.916 0.4613333328125 0.914 0.4693333328125 0.8300000000000001 0.46666666718750005 0.734 0.4613333328125 0.674 0.4613333328125 0.666 0.6453333328124999 0.688 0.6533333328125 0.732 0.6533333328125 0.762 0.6586666671875 0.85 0.6639999999999999
0 0.192 0.64 0.002 0.6266666671875 0.014000000000000002 0.7813333328125001 0.20600000000000002 0.7973333328125001 0.21600000000000003 0.7866666671875 0.20800000000000002 0.6426666671875 0.192 0.64
0 0.43 0.6453333328124999 0.42000000000000004 0.6533333328125 0.21200000000000002 0.6426666671875 0.22000000000000003 0.7946666671875 0.32999999999999996 0.808 0.42400000000000004 0.8133333328125 0.42800000000000005 0.8106666671875 0.43 0.6453333328124999
0 0.43200000000000005 0.6533333328125 0.434 0.8133333328125 0.65 0.8320000000000001 0.6599999999999999 0.6586666671875 0.6559999999999999 0.6613333328125 0.43200000000000005 0.6533333328125
0 0.9 0.6719999999999999 0.874 0.6693333328125 0.796 0.6639999999999999 0.76 0.6586666671875 0.73 0.6533333328125 0.688 0.6506666671875 0.6679999999999999 0.6453333328124999 0.6639999999999999 0.6613333328125 0.6559999999999999 0.8293333328125 0.736 0.8400000000000001 0.806 0.8506666671875 0.882 0.8560000000000001 0.9 0.6719999999999999
0 0.858 1 0.8699999999999999 0.8586666671875 0.806 0.8506666671875 0.734 0.8426666671874999 0.658 0.8346666671875 0.646 0.992 0.71 1 0.858 1
0 0.54 0.8266666671875 0.45999999999999996 0.8213333328125 0.43200000000000005 0.8186666671875 0.43 0.976 0.64 0.9946666671875001 0.648 0.8346666671875 0.602 0.8320000000000001 0.54 0.8266666671875
0 0.426 0.9653333328124999 0.426 0.8186666671875 0.356 0.8133333328125 0.27 0.8053333328125 0.22200000000000003 0.8026666671875 0.23199999999999998 0.9493333328125001 0.27999999999999997 0.9546666671875 0.32599999999999996 0.96 0.376 0.96 0.426 0.9653333328124999
0 0.21600000000000003 0.944 0.22599999999999998 0.9146666671875 0.21800000000000003 0.7973333328125001 0.20600000000000002 0.8026666671875 0.016 0.7866666671875 0.026000000000000002 0.9173333328125001 0.046 0.9253333328125001 0.074 0.9279999999999999 0.152 0.9386666671875 0.21600000000000003 0.944