0 0.1260325203125 0.279674796875 0.06830894374999999 0.60921409375 0.22603252031249998 0.6037940374999999 0.26586991875 0.2677506765625 0.1260325203125 0.279674796875
0 0.4081463421875 0.2612466140625 0.26586991875 0.2677506765625 0.231723578125 0.6027100265625001 0.3959512203125 0.6016260156250001 0.4081463421875 0.2612466140625
0 0.5553008140625 0.25907859218749996 0.40733333437499997 0.2623306234375 0.396764228125 0.6027100265625001 0.56830894375 0.5951219515624999 0.5553008140625 0.25907859218749996
0 0.702455284375 0.2514905140625 0.5577398375 0.25799457812500004 0.5666829265625 0.594037940625 0.73578861875 0.5886178859375 0.702455284375 0.2514905140625
0 0.851235771875 0.2428184296875 0.7032682921875 0.25040650468750003 0.7414796734375 0.5864498640625 0.9048943078124999 0.5799458 0.851235771875 0.2428184296875
0 0.07725203124999999 0.6102981046875 0.0528617875 0.956097559375 0.22440650468749998 0.9615176156249999 0.23416260156250002 0.6037940374999999 0.07725203124999999 0.6102981046875
0 0.23416260156250002 0.6037940374999999 0.2235934953125 0.9647696484375 0.4065203265625 0.965853659375 0.40082926875 0.6027100265625001 0.23416260156250002 0.6037940374999999
0 0.40082926875 0.6027100265625001 0.40733333437499997 0.9723577234375 0.586195121875 0.9680216796875 0.5715609765624999 0.5951219515624999 0.40082926875 0.6027100265625001
0 0.5715609765624999 0.5951219515624999 0.5853821140625 0.965853659375 0.76586991875 0.9539295390625 0.7382276421875 0.5951219515624999 0.5715609765624999 0.5951219515624999
0 0.7382276421875 0.5951219515624999 0.7674959343750001 0.9539295390625 0.9349756093750001 0.9355013546875 0.9089593499999999 0.58319783125 0.7382276421875 0.5951219515624999
0 0.000016259375 0.091056909375 0.0016422765625 0.9864498640624999 0.834 0.9973333328124999 0.998 0.9626666671875 0.998 0.0346666671875 0.8813170734375 0.2644986453125 0.874 0.24498645 0.980504065625 0 0.1943252046875 0.00325203125 0.002455284375 0.0260162609375 0.00082926875 0.0704607046875 0.0910731703125 0.22547425625 0.000016259375 0.091056909375