0 0.768 0.9550224890625 0.734 0.9520239875 0.748 1 0.806 0.99850075 0.768 0.9550224890625
0 1 0.87706146875 0.8320000000000001 0.8830584703125 0.786 0.8410794609375 0.768 0.9550224890625 0.806 0.99850075 1 0.9910044984375 1 0.87706146875
0 1 0.7466266859374999 0.844 0.7451274359375 0.806 0.734632684375 0.792 0.8380809593749999 0.834 0.8830584703125 1 0.8785607203125 1 0.7466266859374999
0 1 0.5832083953125 0.8300000000000001 0.587706146875 0.796 0.5667166421875 0.778 0.7001499250000001 0.806 0.734632684375 0.844 0.7466266859374999 1 0.7451274359375 1 0.5832083953125
0 1 0.410794603125 0.8400000000000001 0.4182908546875 0.8019999999999999 0.4092953515625 0.79 0.565217390625 0.8320000000000001 0.587706146875 1 0.584707646875 1 0.410794603125
0 1 0.21439280312500003 0.8119999999999999 0.22488755624999998 0.778 0.24137931093749998 0.776 0.40329835156250005 0.8039999999999999 0.4077961015625 0.842 0.4197901046875 1 0.410794603125 1 0.21439280312500003
0 0.446 0.235382309375 0.45599999999999996 0.4092953515625 0.738 0.4062968515625 0.748 0.22788605624999997 0.446 0.235382309375
0 0.78 0.24137931093749998 0.744 0.25787106406250004 0.74 0.4062968515625 0.78 0.4047976015625 0.78 0.24137931093749998
0 0.48200000000000004 0.5712143921874999 0.756 0.563718140625 0.76 0.4077961015625 0.48200000000000004 0.4092953515625 0.48 0.4167916046875 0.48200000000000004 0.5712143921874999
0 0.8 0.4077961015625 0.78 0.4047976015625 0.76 0.4077961015625 0.754 0.562218890625 0.79 0.5667166421875 0.8 0.4077961015625
0 0.776 0.5682158921875 0.756 0.562218890625 0.48600000000000004 0.5712143921874999 0.47800000000000004 0.6476761625 0.508 0.7226386812500001 0.74 0.7226386812500001 0.774 0.7181409296875 0.776 0.5682158921875
0 0.766 0.72713643125 0.742 0.7226386812500001 0.508 0.7226386812500001 0.496 0.698650675 0.48600000000000004 0.7841079453125 0.504 0.87406296875 0.758 0.8665667171875 0.766 0.72713643125
0 0.772 0.7196401796874999 0.764 0.72713643125 0.762 0.8065967015625001 0.792 0.8410794609375 0.806 0.737631184375 0.78 0.7001499250000001 0.772 0.7196401796874999
0 0.766 0.9535232390624999 0.788 0.839580209375 0.76 0.8065967015625001 0.756 0.8680659671875001 0.736 0.8695652171875 0.736 0.901049475 0.766 0.9535232390624999
0 0.734 1 0.734 0.9520239875 0.734 0.898050975 0.736 0.8665667171875 0.5 0.8710644671875001 0.49400000000000005 0.82308845625 0.48 0.8185907046875001 0.48 0.884557721875 0.47800000000000004 1 0.734 1
0 0.442 0.9490254874999999 0.45199999999999996 0.8995502249999999 0.45999999999999996 0.8935532234375 0.462 0.865067465625 0.46799999999999997 0.82758620625 0.48 0.82308845625 0.48600000000000004 0.7691154421874999 0.47000000000000003 0.715142428125 0.382 0.713643178125 0.36 0.7691154421874999 0.37 0.9550224890625 0.442 0.9490254874999999
0 0.47800000000000004 0.6491754125 0.46799999999999997 0.713643178125 0.488 0.7691154421874999 0.496 0.7001499250000001 0.47800000000000004 0.6491754125
0 0.382 0.7121439281249999 0.27999999999999997 0.72413793125 0.282 0.8455772109374999 0.366 0.8350824593749999 0.36 0.7676161921875 0.382 0.7121439281249999
0 0.16799999999999998 0.7421289359375 0.16799999999999998 0.8410794609375 0.178 0.8530734624999999 0.27999999999999997 0.8470764624999999 0.27799999999999997 0.7226386812500001 0.268 0.7226386812500001 0.25 0.7181409296875 0.25 0.734632684375 0.16799999999999998 0.7421289359375
0 0.47800000000000004 0.6491754125 0.484 0.5712143921874999 0.392 0.5742128937500001 0.392 0.713643178125 0.46799999999999997 0.713643178125 0.47800000000000004 0.6491754125
0 0.094 0.62218890625 0.11399999999999999 0.736131934375 0.16799999999999998 0.7406296859375 0.248 0.734632684375 0.25 0.7181409296875 0.236 0.5772113937500001 0.08 0.586206896875 0.076 0.5952023984375 0.078 0.62368815625 0.094 0.62218890625
0 0.272 0.7226386812500001 0.27999999999999997 0.7226386812500001 0.384 0.710644678125 0.392 0.710644678125 0.39 0.57271364375 0.252 0.5742128937500001 0.248 0.57571214375 0.256 0.7181409296875 0.272 0.7226386812500001
0 0.386 0.4167916046875 0.392 0.5742128937500001 0.48200000000000004 0.5697151421875 0.476 0.415292353125 0.386 0.4167916046875
0 0.386 0.415292353125 0.39 0.4062968515625 0.262 0.4077961015625 0.23399999999999999 0.42278860625 0.252 0.57271364375 0.392 0.57271364375 0.386 0.415292353125
0 0.238 0.57571214375 0.22599999999999998 0.42428785625 0.23399999999999999 0.42128935468749995 0.266 0.4062968515625 0.136 0.4092953515625 0.068 0.42428785625 0.08199999999999999 0.584707646875 0.238 0.57571214375
0 0 0.761619190625 0.11399999999999999 0.7496251875 0.11399999999999999 0.737631184375 0.092 0.6206896546875 0.08 0.62218890625 0 0.62368815625 0 0.761619190625
0 0 0.9115442281249999 0.01 0.9115442281249999 0.13 0.890554721875 0.11399999999999999 0.7496251875 0 0.761619190625 0 0.9115442281249999
0 0.144 0.8785607203125 0.16799999999999998 0.8425787109374999 0.16999999999999998 0.7406296859375 0.11399999999999999 0.736131934375 0.11599999999999999 0.7526236875000001 0.118 0.77211394375 0.136 0.7706146921875 0.144 0.8785607203125
0 0.16799999999999998 0.8410794609375 0.144 0.8785607203125 0.162 0.9715142421875 0.188 0.9325337328125001 0.178 0.8530734624999999 0.16799999999999998 0.8410794609375
0 0.126 1 0.162 0.9715142421875 0.144 0.87706146875 0.04 1 0.126 1
0 0.04 1 0.132 0.890554721875 0 0.9130434781250001 0 1 0.04 1
0 0.144 0.8800599703125 0.136 0.7691154421874999 0.11399999999999999 0.7736131937499999 0.134 0.890554721875 0.144 0.8800599703125
0 0.46399999999999997 0.99850075 0.48 0.9970015 0.48 0.886056971875 0.48 0.82308845625 0.46799999999999997 0.82458770625 0.45999999999999996 0.865067465625 0.462 0.8935532234375 0.46399999999999997 0.99850075