0 0.6598626515625 0.102874871875 0.6088173203125 0.2076689859375 0.6311259437500001 0.21110372656249998 0.63890901875 0.2007506828125 0.8170974062499999 0.21630401250000003 0.8436983484375 0.12226803906249999 0.6598626515625 0.102874871875
0 0.36746143125 0.0878889359375 0.3592262609375 0.1839825015625 0.6013629218750001 0.1882591140625 0.6034168421875 0.091873934375 0.36746143125 0.0878889359375
0 0.368453965625 0.09508258124999999 0.11949948125000001 0.08095522187500001 0.10660953437500001 0.180402596875 0.3572684765625 0.1969926421875 0.35904827968749997 0.185165240625 0.368453965625 0.09508258124999999
0 0.33763605625 0.272299184375 0.3445292296875 0.2678598421875 0.3550300796875 0.198078175 0.0878878015625 0.1807104859375 0.06932326562499999 0.2489205890625 0.33763605625 0.272299184375
0 0.5976045484375 0.28218161249999996 0.605127796875 0.19081900624999998 0.3592262609375 0.1839825015625 0.34399528749999997 0.2714080609375 0.5976045484375 0.28218161249999996
0 0.8344290750000001 0.3493378640625 0.8661914515625 0.22100242812499998 0.636848603125 0.200653478125 0.6307699828125 0.2134692078125 0.6028478296875 0.3300744484375 0.8344290750000001 0.3493378640625
0 0.8497964609374999 0.39889946875 0.9858642312500001 0.4100393734375 0.9872509140625001 0.362382196875 0.8565597203124999 0.3539553453125 0.8497964609374999 0.39889946875
0 0.8070408625000001 0.462394884375 0.97734354375 0.47519391093749996 0.984894075 0.4112287390625 0.8348396031249999 0.4017672484375 0.8196294125 0.42010785781250004 0.8070408625000001 0.462394884375
0 0.792494528125 0.5176920515625001 0.7495817359375 0.5132852531250001 0.7359253031249999 0.5626687203125 0.7747172625000001 0.5668811078125 0.7709796718749999 0.59171865 0.95812165 0.602929840625 0.9751051468749999 0.4762794453125 0.823524196875 0.46317252968749995 0.8089232984375 0.46367483125 0.792494528125 0.5176920515625001
0 0.797285715625 0.6513254093749999 0.8121672249999999 0.662747715625 0.945204421875 0.6749797796875 0.9559858828125 0.6171227203125 0.8360231109375 0.6007429296875 0.7992915671875 0.5966277484375 0.7830407765625 0.64946223125 0.797285715625 0.6513254093749999
0 0.8109759265625 0.7258217625000001 0.81921759375 0.726210584375 0.8298483578125 0.6969336984375001 0.94299330625 0.703462746875 0.9427880453125 0.6772480562500001 0.8195189921875 0.6690502390625 0.8248103390624999 0.67525555625 0.8109759265625 0.7258217625000001
0 0.8226330031250001 0.8276183421875001 0.8443323375 0.8488913921875 0.85069156875 0.8480002687500001 0.8547097718750001 0.8350873328124999 0.87119310625 0.8358649781249999 0.8824877250000001 0.8435446531249999 0.8970886234375 0.8430423515625 0.9209990734375 0.8358324328125001 0.94299330625 0.703462746875 0.8298483578125 0.6969336984375001 0.8112565390625001 0.73774636875 0.837966609375 0.7533001296874999 0.8226330031250001 0.8276183421875001
0 0.838863009375 0.843868815625 0.8248713999999999 0.8265328078125 0.5491314968750001 0.8111417765625 0.5373029375 0.8070103218750001 0.527514009375 0.872061028125 0.537843375 0.8999444890625 0.829888634375 0.91729590625 0.838863009375 0.843868815625
0 0.837966609375 0.7533001296874999 0.8091961234375 0.7376491640625 0.8040074046875001 0.7445511921875 0.5576472781249999 0.72697281875 0.5391853734375001 0.8082902671875001 0.5470710796875 0.811044571875 0.8267538375000001 0.827812753125 0.837966609375 0.7533001296874999
0 0.8062458015624999 0.7434656578125 0.8091961234375 0.7376491640625 0.8248103390624999 0.67525555625 0.797107734375 0.6525081484374999 0.782862796875 0.65064496875 0.764497025 0.648587378125 0.76271721875 0.6604147796875 0.557031490625 0.6483287375 0.5454627578125 0.7252068453125 0.55576484375 0.725692871875 0.8062458015624999 0.7434656578125
0 0.5194035484375 0.5536448703125 0.5055210671875 0.6458985984375001 0.5572094703125 0.6471459984375 0.725629715625 0.6586650781250001 0.760478821875 0.6615003140625 0.764497025 0.648587378125 0.7765997 0.568161053125 0.5194035484375 0.5536448703125
0 0.737273796875 0.5674968859375 0.7495817359375 0.5132852531250001 0.5813394703125 0.5005834328125001 0.5671490968749999 0.5535151203125 0.737273796875 0.5674968859375
0 0.7945549453125 0.5177892578125001 0.8215118484374999 0.42138780468750003 0.8181029359374999 0.4164624328125 0.58240085625 0.3970046046875 0.5567924468750001 0.49823422656250005 0.5794570343750001 0.49930348750000003 0.7945549453125 0.5177892578125001
0 0.818280915625 0.4152796921875 0.8327791843749999 0.40167004375 0.8424927625 0.350909425 0.5987269953125 0.3298800375 0.5805184203125 0.395724659375 0.818280915625 0.4152796921875
0 0.5838727671874999 0.345855165625 0.58900691875 0.28415827031249996 0.333693203125 0.2709220328125 0.33161200156250004 0.3399097796875 0.5838727671874999 0.345855165625
0 0.32001598750000004 0.3893904515625 0.323424896875 0.394315825 0.31699031875 0.409497034375 0.3276483625 0.4076175828125 0.32836028437500003 0.402886621875 0.5737278781249999 0.41327135000000004 0.577513534375 0.34674628749999997 0.3273131875 0.340898109375 0.32248043125 0.3454346578125 0.32001598750000004 0.3893904515625
0 0.544662490625 0.5512631171875 0.5716674609375 0.41317414531249996 0.3300647421875 0.405349309375 0.3034157328125 0.541072803125 0.544662490625 0.5512631171875
0 0.26992161875 0.63954811875 0.5029267078124999 0.6493496140625 0.5197595078125 0.5512793921875 0.303237753125 0.5422555421874999 0.280573165625 0.5411862796875 0.26992161875 0.63954811875
0 0.2372420578125 0.7463998234375 0.5317036953125001 0.7614829640624999 0.5537252109375 0.6565107140625 0.5465514234375 0.6490254515625 0.5055210671875 0.6458985984375001 0.502748728125 0.6505323515625 0.2702775796875 0.6371826390625001 0.2589076125 0.643793053125 0.2372420578125 0.7463998234375
0 0.52634349375 0.866050121875 0.548365009375 0.7610778703125 0.54907693125 0.7563469109375001 0.532593596875 0.7555692640625 0.5318816749999999 0.7603002265625001 0.290634915625 0.750109909375 0.2408289484375 0.7501424531249999 0.228116984375 0.8484070859375 0.52634349375 0.866050121875
0 0.2277610234375 0.8507725687500001 0.239151775 0.7750772031250001 0.11328836406250001 0.7703304 0.1027875140625 0.8401120656250001 0.2277610234375 0.8507725687500001
0 0.23297052499999998 0.7747855859375 0.24624371250000002 0.700370165625 0.12485709687499999 0.69345229375 0.11277520781249999 0.7047936671875 0.10092586249999999 0.7697471671875 0.111227946875 0.77023319375 0.23297052499999998 0.7747855859375
0 0 0.8374152765625 0.1010830578125 0.8376493796875 0.11328836406250001 0.7703304 0 0.7639105515625 0 0.8374152765625
0 0 0.761260803125 0.10092586249999999 0.7697471671875 0.11295318750000001 0.7036109265625 0.12485709687499999 0.69345229375 0 0.6864324875000001 0 0.761260803125
0 0 0.6864572140625 0.23594162968750002 0.6998841375 0.236297590625 0.6975186578125 0.24725703124999998 0.6384788578125 0 0.6257464453125 0 0.6864572140625
0 0 0.6244315796875 0.2702775796875 0.6371826390625001 0.2807511453125 0.540003540625 0.2866517859375 0.52837055 0.029811593749999997 0.5114888890625 0 0.5172048703125001 0 0.6244315796875
0 0.29507143281250003 0.5275766328125 0.3236028765625 0.3931330859375 0.0686451234375 0.3775313671875 0.035992843749999996 0.5117805062499999 0.29507143281250003 0.5275766328125
0 0.06502445 0.249908915625 0.040333226562500005 0.3726222703125 0.31365675625 0.3902815765625 0.333693203125 0.2709220328125 0.06502445 0.249908915625