0 0.7556768671875 0.276369084375 0.976010946875 0.30231256093750003 0.9941845140625001 0.042418445312500004 0.8174368375000001 0.01763216875 0.7556768671875 0.276369084375
0 0.40047736250000004 0 0.37186883437499996 0.12167539375 0.35846156875 0.24401778593749998 0.7424892187500001 0.2812114328125 0.7817655 0.163528921875 0.8154605234375 0.019578425 0.6782943921875 0 0.40047736250000004 0
0 0.232510584375 0 0.19231675312500002 0.23008084687500002 0.3066015484375 0.241333925 0.3646162171875 0.2127081640625 0.400546096875 0 0.232510584375 0
0 0.12429967500000001 0 0.1070667375 0.2228134484375 0.1916518828125 0.22666325 0.2298980453125 0 0.12429967500000001 0
0 0.08165932031249999 0 0.023176959375 0.23919446406249997 0.08061215000000001 0.22361706093749997 0.106645859375 0.2061240421875 0.12182270625 0 0.08165932031249999 0
0 0.9163929 0.3217152859375 0.8219261031249999 0.5914853015625 0.8277696484374999 0.616680521875 0.929592665625 0.6328755890625 0.9622301265625 0.49938747812499995 0.9760223203124999 0.302149915625 0.906859009375 0.2993398109375 0.9163929 0.3217152859375
0 0.7686205187499999 0.284798546875 0.7014683609375 0.5993428078124999 0.8147039984375001 0.614886965625 0.9169174796874999 0.31956974531250004 0.9052059781249999 0.29689534375000004 0.7686205187499999 0.284798546875
0 0.6413676671874999 0.2928320390625 0.589342878125 0.5761896125 0.705280703125 0.58988715625 0.7642653015625 0.28420069375 0.6509076687500001 0.275292440625 0.6413676671874999 0.2928320390625
0 0.5213369140624999 0.27746387499999997 0.468140975 0.571748434375 0.5903310390625001 0.5752164859375 0.6493156390625 0.2695300203125 0.535171134375 0.2638400796875 0.5213369140624999 0.27746387499999997
0 0.3468414796875 0.546227121875 0.4588266671875 0.56381718125 0.4717154328125 0.5356495203125 0.5198851765625 0.27726459062500003 0.5335181078125 0.2613956109375 0.4150793859375 0.2517898640625 0.3468414796875 0.546227121875
0 0.361975028125 0.21123682812500003 0.3034357796875 0.242008125 0.2939994765625 0.24071277812499997 0.292358634375 0.2903824296875 0.23977878593750002 0.511572384375 0.35004995 0.530035928125 0.41679341406250003 0.250916378125 0.35555808906249997 0.24361921718750001 0.361975028125 0.21123682812500003
0 0.1396088015625 0.49782178281249995 0.239113915625 0.508154790625 0.293084503125 0.2904820734375 0.2913582890625 0.2392414421875 0.1802392609375 0.2273141609375 0.1396088015625 0.49782178281249995
0 0.10809759999999999 0.20632332656250002 0.079623990625 0.22459018749999998 0.058189492187500004 0.22940924375 0.055346942187500005 0.48958125781249995 0.1401943765625 0.49235829062500003 0.1802392609375 0.2273141609375 0.1085184765625 0.2230127328125 0.10809759999999999 0.20632332656250002
0 0 0.4886177796875 0.02619016875 0.49223148125 0.055188353125 0.47181908281249996 0.057000039062499994 0.22813719062499999 0.023176959375 0.23919446406249997 0 0.3339888640625 0 0.4886177796875
0 0.76059919375 0.9190257390625 0.858230225 0.9273274453125 0.92866550625 0.6305307671875 0.82968496875 0.6180522171875 0.76059919375 0.9190257390625
0 0.8149662890625 0.6138141921875 0.6990894609375 0.5967986953125 0.6563973125 0.7683422953125 0.6298633953125 0.892209084375 0.7472712546875 0.9183049531249999 0.8011747343750001 0.7438652625 0.8273060687499999 0.6155081078125 0.8217248093749999 0.5892401203125 0.8149662890625 0.6138141921875
0 0.5559284765625 0.5993221156249999 0.5003963390624999 0.8755455718749999 0.6232512765625 0.8824312187500001 0.6693897765625 0.7213396890625 0.6975584296874999 0.587718325 0.5700066921875 0.5724265078124999 0.5559284765625 0.5993221156249999
0 0.475405778125 0.532829778125 0.461266565625 0.5630433375 0.44021635000000003 0.56015371875 0.4304140578125 0.5787660890625 0.384360925 0.840767896875 0.487714975 0.8660433375000001 0.513291215625 0.8074628359375 0.5574412140625 0.5962034468749999 0.5700066921875 0.5724265078124999 0.4703185828125 0.5720473593750001 0.475405778125 0.532829778125
0 0.349787659375 0.5311086984375 0.3245835171875 0.5298664093750001 0.3137320671875 0.5527698625 0.26132910625 0.8039210328124999 0.359882653125 0.8396252515624999 0.39534048125 0.771313465625 0.4392281921875 0.5611268453125 0.34631690000000004 0.5483726640625 0.349787659375 0.5311086984375
0 0.193481728125 0.5229574718750001 0.15142393437499999 0.7655497734375001 0.2458845546875 0.7995833671875 0.26393370156249996 0.7809942890625 0.3227291953125 0.5251767593750001 0.2096155578125 0.5029966953125 0.193481728125 0.5229574718750001
0 0.084156025 0.5190377921875 0.0622212828125 0.762174890625 0.14031019375 0.7895259968749999 0.14997219374999998 0.7653504875 0.19104183125000002 0.523731315625 0.2079015265625 0.50387018125 0.1019245859375 0.48932244375 0.084156025 0.5190377921875
0 0 0.7121052875 0.0647282890625 0.7181680187499999 0.08224070624999999 0.517666096875 0.10000926562500001 0.487950746875 0.0546210734375 0.48948161562500003 0.05393790625 0.4738649828125 0.0259278796875 0.4933042546875 0.0118740671875 0.49248382343749997 0 0.6032701312500001 0 0.7121052875
0 0.7550545265624999 0.917155834375 0.7414852875 0.9669374906250001 0.8487410546874999 0.962567153125 0.8577254109375 0.9268146359375 0.7550545265624999 0.917155834375
0 0.6395619875 0.8924316593749999 0.6154118515625 0.9720745890625 0.7418564 0.96692236875 0.755780396875 0.9172554765625 0.6395619875 0.8924316593749999
0 0.6257521703125 0.8783394187500001 0.5087834859375 0.881132 0.48243662187499997 0.9774929140624999 0.6162167953125001 0.9720417906250001 0.6400255671874999 0.893604071875 0.6257521703125 0.8783394187500001
0 0.5118394765625001 0.8072635515625001 0.487916265625 0.8682885203125 0.384360925 0.840767896875 0.35915675 0.971469878125 0.4130148078125 0.9803216375 0.48196965 0.9775119421875 0.5059410062499999 0.8774154765625 0.5118394765625001 0.8072635515625001
0 0.3567168875 0.8402994515625 0.2759867859375 0.811477009375 0.2472166984375 0.9593411906249999 0.359419040625 0.9703971046875 0.3873254015625 0.8378485124999999 0.3945536140625 0.7745317765624999 0.3567168875 0.8402994515625
0 0.262219671875 0.7818677765625 0.2424564984375 0.801330340625 0.165880325 0.7708605671875 0.14877663593749998 0.8039935109374999 0.12855155625 0.9430517109375 0.2459211140625 0.9559257203125 0.26878909218749997 0.8071626375 0.2601396546875 0.8026489796874999 0.262219671875 0.7818677765625
0 0.13912074531250002 0.7882539390625001 0.0603059625 0.7608031953125 0.035419 0.795085259375 0.0254490578125 0.928898553125 0.1309714484375 0.9412550453125 0.1522046921875 0.8022465375 0.16515445625 0.770760925 0.1492463265625 0.765250846875 0.13912074531250002 0.7882539390625001
0 0 0.923860765625 0.026446243749999997 0.926906590625 0.035358001562500005 0.7984032125 0.0618187015625 0.7576845265625 0.06248968125 0.721187046875 0 0.71169669375 0 0.923860765625