0 0.653703978125 0 0.5824394374999999 0.378540096875 0.83749325 0.3866991078125 0.9203507343749999 0 0.653703978125 0
0 0.9202509328125 0 0.88334534375 0.165949290625 0.9032026156249999 0.168623415625 0.9406857703125 0 0.9202509328125 0
0 0.89826561875 0.1678117984375 0.8836948140625 0.166543384375 0.8392189828125 0.3873584609375 0.852173334375 0.38739518125 0.89826561875 0.1678117984375
0 0.43925054062499996 0.387451740625 0.34841277812500004 0.9092681859375 0.5811301156249999 0.9341633125 0.6896645343750001 0.39239514375 0.674351521875 0.385316303125 0.44606693125 0.3808446703125 0.43925054062499996 0.387451740625
0 0.9158522890624999 0.3933022140625 0.853658871875 0.38688809687500003 0.689927478125 0.3837447625 0.5829651265625 0.934250321875 0.6667792265625 0.9441757546874999 0.8419328359374999 0.9309034078125 0.9512195015625 0.399599378125 0.9158522890624999 0.3933022140625
0 0.505401840625 0 0.4406939296875 0.3701944828125 0.44685352343750007 0.37914939687500004 0.5817051390625 0.38323345625 0.6509726390624999 0 0.505401840625 0
0 0.3680288140625 0 0.3041165828125 0.365451075 0.307763853125 0.37544190781250003 0.4113542828125 0.3832413890625 0.43971040937500006 0.3753455578125 0.504977534375 0 0.3680288140625 0
0 0.143233625 0 0.08819667656249999 0.359255634375 0.3034609046875 0.368885121875 0.3671382546875 0 0.143233625 0
0 0.24063343593750003 0.3682161765625 0.2159256953125 0.3739749078125 0.1368640734375 0.88017908125 0.34902519375 0.9012118984375 0.4407804609375 0.37943895625 0.429311646875 0.37889515 0.4128398203125 0.38273430468749997 0.30752365937500004 0.3742754734375 0.2992444828125 0.3715728140625 0.24063343593750003 0.3682161765625
0 0 0.8703954078124999 0.1345703109375 0.8800703203125 0.21540204687500003 0.3670198 0.0866018609375 0.3603350609375 0 0.36450589375 0 0.8703954078124999
0 0 0.364758246875 0.0889493765625 0.36014664218750003 0.11905978749999999 0.1629502515625 0.040925875 0.128929125 0 0.33559212031249996 0 0.364758246875