0 0.5842459625 0.1205889171875 0.5316211125 0.130859975 0.4860908859375 0.14609202500000001 0.5143095359375 0.2841340921875 0.5547293734375 0.28356269218749997 0.6364553953125001 0.2669257859375 0.7240623390625001 0.24931257968749998 0.8152864687499999 0.22956417812500002 0.8063913875000001 0.1067305140625 0.7973125265625 0.0821478875 0.7195071171875 0.098133921875 0.5842459625 0.1205889171875
0 0.4088683984375 0.145099634375 0.36634850625 0.15522784375 0.2454163515625 0.178373440625 0.179069353125 0.1909225453125 0.2320253890625 0.3309966875 0.27846589375 0.320217609375 0.3582316109375 0.3039061390625 0.43181298124999995 0.2870866515625 0.47101911406249997 0.28057795625000004 0.4410038328125 0.153577021875 0.4295214921875 0.13706688281249998 0.4088683984375 0.145099634375
0 0.15996115 0.35523779375000003 0.2166741203125 0.48394536875 0.353288728125 0.45819629375000004 0.4621556171875 0.43551898125 0.42670259374999997 0.3017472984375 0.42427518124999997 0.2898727125 0.3582316109375 0.3039061390625 0.23006508281250002 0.331322121875 0.172912765625 0.33927540624999997 0.15996115 0.35523779375000003
0 0.47057593906250006 0.28832500781250003 0.512045803125 0.2829752046875 0.5044840749999999 0.26581419375 0.4678451015625 0.27496609843750003 0.47057593906250006 0.28832500781250003
0 0.6446000484375001 0.2671083703125 0.5527690671875 0.2838881265625 0.513702684375 0.28116544375 0.4781137390625 0.285538946875 0.466819003125 0.299691575 0.49958904843749996 0.45999849218750005 0.5962509234375 0.44702083750000005 0.8069140078125001 0.4166522953125 0.8031771734375001 0.31905212656250004 0.8007019046874999 0.267283396875 0.7972005359375001 0.24024014062500001 0.7050661265625 0.255535571875 0.6446000484375001 0.2671083703125
0 0.7948487421875 0.41712058125 0.71778993125 0.4268438859375 0.5035096609374999 0.459347621875 0.5017130328125 0.4703887546875 0.5191480828125 0.545763809375 0.5568370828125 0.531833496875 0.6267093781249999 0.5662747203125 0.6333847578125 0.5989298328125 0.8288324921875001 0.5833647890625 0.8220135359375 0.43102724375 0.8129346749999999 0.40644461718749997 0.7948487421875 0.41712058125
0 0.8268721859375001 0.5836902234375 0.7867557749999999 0.585745946875 0.6314244515625 0.5992552671875 0.636886125 0.6259730859375 0.8405943312499999 0.5814121812499999 0.8596144734375001 0.595136259375 0.8739434718749999 0.5958268640625 0.8312120437500001 0.55534523125 0.8268721859375001 0.5836902234375
0 0.838634025 0.581737615625 0.6385430046875 0.6241633296875 0.6757208703125 0.6870526609375001 0.679058559375 0.70338021875 0.9118679375 0.6524534671875 0.90731654375 0.6301886171875 0.838634025 0.581737615625
0 0.673177640625 0.7043565218750001 0.695818796875 0.8448592156249999 0.7592990375 0.957096384375 0.9660300828124999 0.9153107640625 0.9748422953125001 0.6990435984375 0.918052284375 0.6529614859375 0.673177640625 0.7043565218750001
0 0.5669698000000001 0.6805515265625 0.451032215625 0.7182149250000001 0.41177822500000005 0.6848294734375 0.4192480640625 0.7511160015625 0.45694089218749995 0.8660994984375 0.4620991390625 0.8913329953125 0.67938974375 0.8537254203125 0.6529677203124999 0.704642221875 0.6328496921875 0.655802403125 0.5669698000000001 0.6805515265625
0 0.3975889734375 0.6749074953124999 0.449375334375 0.72002468125 0.64038749375 0.6530163421874999 0.6253559234375 0.5695688015625 0.5591008171875 0.5329923859375 0.3741093265625 0.5897930484375 0.3975889734375 0.6749074953124999
0 0.501505325 0.5486927203125 0.517187778125 0.54608924375 0.5017130328125 0.4703887546875 0.49793216874999996 0.4618082484375 0.494734228125 0.43624931875 0.4835553109375 0.4212235 0.479658628125 0.44182144375 0.501505325 0.5486927203125
0 0.3908379796875 0.4534973578125 0.43336169843750005 0.57228295625 0.4923106453125 0.5532885390625 0.46502620156249996 0.43964651562499996 0.3908379796875 0.4534973578125
0 0.3569059140625 0.45606110156249996 0.1421824703125 0.4963118875 0.1051242515625 0.5331579171875 0.1400623125 0.6148354328125001 0.32944152187500003 0.569583921875 0.34682871249999997 0.60506483125 0.3553007203125 0.6266788109375 0.38078470625 0.6224481609375 0.3760696328125 0.5894676140625 0.43336169843750005 0.57228295625 0.3908379796875 0.4534973578125 0.3569059140625 0.45606110156249996
0 0.1295620390625 0.662619478125 0.16902756562500001 0.7466147703125 0.37196524062499997 0.68836951875 0.349395871875 0.6077080421875001 0.32944152187500003 0.569583921875 0.134788246875 0.6187803828125 0.1295620390625 0.662619478125
0 0.031782175 0.7494481265624999 0.093162359375 0.8712421078125001 0.16704715625 0.855906940625 0.1454119953125 0.7996455078125 0.16902756562500001 0.7466147703125 0.15663494375 0.7256516609375 0.1295620390625 0.662619478125 0.131941590625 0.6345999203125 0.1109850703125 0.6411483484375 0.031782175 0.7494481265624999
0 0.1651069515625 0.747265640625 0.14345169062500002 0.7999709421875 0.2120901765625 0.9374416078125 0.42275326093750004 0.9070730640625 0.433509103125 0.8208791984375001 0.4189446390625 0.7496316796875 0.4113350484375 0.692576525 0.3896079984375 0.6854406078124999 0.366387746875 0.69083015 0.1651069515625 0.747265640625