0 0.484597053125 0.25489466875 0.4642636015625 0.1390410359375 0.30620939375 0.162239946875 0.3117437140625 0.2100432328125 0.32810130000000004 0.2751639671875 0.484597053125 0.25489466875
0 0.4642636015625 0.1390410359375 0.484597053125 0.25489466875 0.6418168140625 0.2264165015625 0.62304181875 0.1076332546875 0.4642636015625 0.1390410359375
0 0.12065515468750002 0.3056125375 0.14296428125 0.42117618593749995 0.22833564218750002 0.4113463984375 0.206443734375 0.298422378125 0.12065515468750002 0.3056125375
0 0.206443734375 0.298422378125 0.229894096875 0.40841678437500006 0.32035804375 0.392437784375 0.3008590375 0.28186340625 0.206443734375 0.298422378125
0 0.3008590375 0.28186340625 0.32035804375 0.392437784375 0.4092635359375 0.3793883953125 0.389764528125 0.26881401562499996 0.3008590375 0.28186340625
0 0.389764528125 0.26881401562499996 0.4092635359375 0.3793883953125 0.4922419921875 0.36720896718749996 0.4747186640625 0.2563446015625 0.389764528125 0.26881401562499996
0 0.4747186640625 0.2563446015625 0.492659215625 0.3698485921875 0.5771961296875 0.3547395515625 0.5596728015625 0.2438751859375 0.4747186640625 0.2563446015625
0 0.5596728015625 0.2438751859375 0.5771961296875 0.3547395515625 0.6573644671875 0.337570853125 0.6398411359375 0.2267064875 0.5596728015625 0.2438751859375
0 0.6398411359375 0.2267064875 0.6573644671875 0.337570853125 0.7403429234375001 0.32539142499999996 0.7283294062500001 0.21101747343750002 0.6398411359375 0.2267064875
0 0.7283294062500001 0.21101747343750002 0.7403429234375001 0.32539142499999996 0.8233213828125001 0.3132119953125 0.8113078640625 0.1988380453125 0.7283294062500001 0.21101747343750002
0 0.8113078640625 0.1988380453125 0.8229041609375001 0.31057236875 0.9177366859375 0.296653021875 0.9076988453125001 0.18198908281249998 0.8113078640625 0.1988380453125
0 0.1514436671875 0.5387697375 0.30866343125 0.5102915703125 0.289164425 0.3997171921875 0.229894096875 0.40841678437500006 0.14057138281249998 0.4188265453125 0.12996898437499999 0.42848534687499995 0.1514436671875 0.5387697375
0 0.289164425 0.3997171921875 0.30668775312499996 0.51058155625 0.4643247375 0.48474301875 0.446801409375 0.373878653125 0.289164425 0.3997171921875
0 0.4487770859375 0.3735886671875 0.463907515625 0.482103390625 0.6164519125 0.462414065625 0.6009042609375 0.351259715625 0.4487770859375 0.3735886671875
0 0.6009042609375 0.351259715625 0.6164519125 0.462414065625 0.7712787750000001 0.43158625781250004 0.7581240234375 0.322781546875 0.6009042609375 0.351259715625
0 0.9137853296875 0.29723299375 0.8248798390625 0.3102823828125 0.7581240234375 0.322781546875 0.7712787750000001 0.43158625781250004 0.9234059484375001 0.4092573046875 0.9137853296875 0.29723299375
0 0.1494679890625 0.539059725 0.1729183515625 0.64905413125 0.25943094218749996 0.6336551015625 0.23795625937499998 0.523370709375 0.1494679890625 0.539059725
0 0.23795625937499998 0.523370709375 0.259848165625 0.636294728125 0.3424094015625 0.6214756734375 0.3224931734375 0.508261665625 0.23795625937499998 0.523370709375
0 0.3224931734375 0.508261665625 0.3439678578125 0.6185460578125 0.43203890468750006 0.6002174140625 0.41337434218749997 0.4949222921875 0.3224931734375 0.508261665625
0 0.41337434218749997 0.4949222921875 0.43401458281250005 0.599927428125 0.5130416859375 0.5883279734375 0.49354267968750004 0.47775359531249995 0.41337434218749997 0.4949222921875
0 0.49354267968750004 0.47775359531249995 0.5130416859375 0.5883279734375 0.5960201453125 0.57614854375 0.5769383593749999 0.46821379375000005 0.49354267968750004 0.47775359531249995
0 0.5769383593749999 0.46821379375000005 0.597995821875 0.5758585578125001 0.6750472484375 0.5645490875 0.65991681875 0.456034365625 0.5769383593749999 0.46821379375000005
0 0.661892496875 0.455744378125 0.6750472484375 0.5645490875 0.7635355171875 0.548860071875 0.7479878656250001 0.437705721875 0.661892496875 0.455744378125
0 0.7484050875 0.44034535 0.7635355171875 0.548860071875 0.8496308859375 0.530821415625 0.8368933578125001 0.42465633281250004 0.7484050875 0.44034535
0 0.8384518125 0.42172671875 0.8500481093750001 0.53346104375 0.9317749015624999 0.51336273125 0.9174789156250001 0.4101272625 0.8384518125 0.42172671875
0 0.1832139609375 0.650243825 0.2081123453125 0.743820490625 0.359405075 0.716212284375 0.3424094015625 0.6214756734375 0.1832139609375 0.650243825
0 0.3443850796875 0.6211856859375 0.3598222984375 0.7188519125 0.5095565718749999 0.6941733171875 0.49526058749999996 0.59093785 0.3443850796875 0.6211856859375
0 0.49526058749999996 0.59093785 0.5095565718749999 0.6941733171875 0.6573151687500001 0.6697847109375 0.6414607296875 0.56947885625 0.49526058749999996 0.59093785
0 0.6414607296875 0.56947885625 0.6573151687500001 0.6697847109375 0.8125592546875 0.6415965296875 0.7971220359375 0.543930303125 0.6414607296875 0.56947885625
0 0.96271075 0.6195575625 0.9488319875 0.5189617234375 0.9261546578125 0.50338419375 0.9341678 0.5157123718750001 0.7990977125 0.5436403171874999 0.8129764765624999 0.6442361578125 0.96271075 0.6195575625
0 0.2081123453125 0.743820490625 0.227083696875 0.8382671171875 0.3061108015625 0.8266676609375001 0.28713945 0.7322210359375 0.2081123453125 0.743820490625
0 0.28713945 0.7322210359375 0.3061108015625 0.8266676609375001 0.3886720375 0.8118486062500001 0.3716763625 0.71711199375 0.28713945 0.7322210359375
0 0.3716763625 0.71711199375 0.389089259375 0.8144882328125 0.46728191875 0.797609521875 0.45267914375 0.7052225515625 0.3716763625 0.71711199375
0 0.45267914375 0.7052225515625 0.467699140625 0.80024915 0.5482847 0.7857200796875 0.5312890265625 0.6909834671875 0.45267914375 0.7052225515625
0 0.5312890265625 0.6909834671875 0.5482847 0.7857200796875 0.62689458125 0.7714809953125 0.61229180625 0.679094025 0.5312890265625 0.6909834671875
0 0.61229180625 0.679094025 0.62689458125 0.7714809953125 0.7078973625 0.759591553125 0.692877365625 0.66456495625 0.61229180625 0.679094025
0 0.6952702656249999 0.666914596875 0.709873040625 0.7593015656250001 0.790875821875 0.747412125 0.775855825 0.652385525 0.6952702656249999 0.666914596875
0 0.775855825 0.652385525 0.7904585984375 0.7447724984375 0.8714613796874999 0.73288305625 0.856441384375 0.63785645625 0.775855825 0.652385525
0 0.859975515625 0.63463685625 0.8745782906249999 0.7270238250000001 0.955581071875 0.715134384375 0.940561075 0.6201077859375 0.859975515625 0.63463685625
0 0.231869496875 0.8429664015625 0.2491719609375 0.9268545140625 0.3914207453125 0.90597549375 0.37723519375 0.8162281515625001 0.231869496875 0.8429664015625
0 0.379210871875 0.8159381640625 0.393813646875 0.9083251359375 0.5356452109375 0.8848064875 0.5230181125 0.7921295296875 0.379210871875 0.8159381640625
0 0.524993790625 0.7918395453125 0.53606243125 0.887446115625 0.6834038062500001 0.8604178796875 0.6664081328125 0.7656812671875 0.524993790625 0.7918395453125
0 0.6664081328125 0.7656812671875 0.6838210296875 0.86305750625 0.8256525937499999 0.8395388593750001 0.8165596296875 0.7436423015625 0.6664081328125 0.7656812671875
0 0.96317699375 0.7248229359375 0.955581071875 0.715134384375 0.8165596296875 0.7436423015625 0.8272110484375 0.8366092453125 0.9714355125 0.8154402375 0.96317699375 0.7248229359375
0 0.3553912859375 1 0.3380774515625 0.9138051265625 0.259050346875 0.9254045828124999 0.274034215625 1 0.3553912859375 1
0 0.41326800625000004 1 0.43805158437499997 0.9963623109374999 0.41908023281249995 0.901915684375 0.340053128125 0.9135151406249999 0.3574252109375 1 0.41326800625000004 1
0 0.4175217765625 0.9048452984375001 0.43649312812499996 0.9992919234375 0.5155202328125 0.98769246875 0.49654888125 0.8932458437499999 0.4175217765625 0.9048452984375001
0 0.494573203125 0.8935358296875 0.5135445546875 0.9879824546875 0.5925716578125 0.976383 0.57360030625 0.8819363750000001 0.494573203125 0.8935358296875
0 0.57360030625 0.8819363750000001 0.5925716578125 0.976383 0.6715987609375 0.96478354375 0.652627409375 0.87033691875 0.57360030625 0.8819363750000001
0 0.6498172890625 0.8653476484375 0.668788640625 0.9597942734375 0.7478157421875 0.9481948171875001 0.7288443921875001 0.8537481921875001 0.6498172890625 0.8653476484375
0 0.7268687140625001 0.8540381781249999 0.745840065625 0.9484848046875 0.82486716875 0.9368853484375 0.8058958171875 0.842438721875 0.7268687140625001 0.8540381781249999
0 0.8078714953125001 0.8421487375 0.8223638359375001 0.9210475828125 0.8915125515625 0.9108980578124999 0.8805543421875001 0.8287796125 0.8078714953125001 0.8421487375
0 0.8809715656250001 0.8314192390624999 0.8915125515625 0.9108980578124999 0.96024404375 0.8981089062500001 0.9536544140625001 0.818050115625 0.8809715656250001 0.8314192390624999