0 0.8606763890625 0.03005548125 0.80196621875 0.028005278124999998 0.8703930859375 0.06402788125 0.8606763890625 0.03005548125
0 0.9180620156250001 0.2471265953125 0.8756447765625 0.0694042140625 0.785320909375 0.0274240109375 0.771435746875 0.0269391296875 0.8188549234375 0.21840478281250003 0.9180620156250001 0.2471265953125
0 0.8149520953125 0.218961815625 0.7712975296875 0.026934303124999996 0.7054228218749999 0.0246339078125 0.7523630781249999 0.2095172 0.8149520953125 0.218961815625
0 0.7523630781249999 0.2095172 0.7054228218749999 0.0246339078125 0.6206685765625 0.021674225 0.6503863890625 0.1597501 0.7523630781249999 0.2095172
0 0.257693278125 0.240300790625 0.5171151890625 0.10526069062500001 0.6530122328125 0.162438265625 0.6227012968750001 0.0217452078125 0.45625566875 0.0159327984375 0.21062690156250002 0.05099019375 0.257693278125 0.240300790625
0 0.075979303125 0.0702077890625 0.1325595828125 0.310230490625 0.257693278125 0.240300790625 0.21257831562499999 0.050711678125000006 0.075979303125 0.0702077890625
0 0.1312825984375 0.3134756875 0.0766537328125 0.07317447187500001 0.0071018609375 0.13551158593749998 0.013089006249999998 0.2497531140625 0.037227779687500004 0.3605920109375 0.1312825984375 0.3134756875
0 0.594072134375 0.45264096406250004 0.7164086937499999 0.44130634375 0.654289215625 0.15919306875 0.51448934375 0.1025725265625 0.25641629374999997 0.24354598749999998 0.317115034375 0.5105473375 0.594072134375 0.45264096406250004
0 0.7731434671875 0.45158650468749995 0.8108228953125 0.440082825 0.7536400624999999 0.206272003125 0.654289215625 0.15919306875 0.7137828484375001 0.43861817812500004 0.763917071875 0.4375886453125 0.7731434671875 0.45158650468749995
0 0.8221551984375 0.2240596296875 0.7477858187499999 0.2071075515625 0.813448740625 0.44277099062499997 0.8804712640625001 0.43626813125 0.8221551984375 0.2240596296875
0 0.9141591859375 0.24768362812500003 0.8202037843750001 0.224338146875 0.8797968328125 0.4333014515625 0.9552275671875 0.41947265 0.9141591859375 0.24768362812500003
0 1 0.5742828875 0.961081809375 0.418637103125 0.905165221875 0.4296807453125 0.9508827375 0.6130579765624999 0.9658914984375 0.6170417296874999 1 0.5989689609375 1 0.5742828875
0 0.9044907906249999 0.42671406406249995 0.845345803125 0.44128141718749997 0.8932303640624999 0.65191581875 0.954785565625 0.612500946875 0.9044907906249999 0.42671406406249995
0 0.8485742015625 0.4377577046875 0.8108228953125 0.440082825 0.7738178984374999 0.4545531859375 0.8270979015625001 0.688921040625 0.8932303640624999 0.65191581875 0.8485742015625 0.4377577046875
0 0.7698431921875 0.4459316578125 0.76196565625 0.437867159375 0.5960235484374999 0.45236244843750006 0.4055312390625 0.491802246875 0.4729024046875 0.7792918515625 0.6747881578125 0.781107084375 0.8284467624999999 0.694854403125 0.7698431921875 0.4459316578125
0 0.4048568078125 0.4888355625 0.2566930609375 0.528359890625 0.3204764453125 0.77348040625 0.4683251453125 0.7768822046875 0.4048568078125 0.4888355625
0 0.2566930609375 0.528359890625 0.0948694140625 0.56983383125 0.144102834375 0.78640159375 0.31079124999999996 0.7840515484374999 0.3204764453125 0.77348040625 0.2566930609375 0.528359890625
0 0.35988388125 1 0.3114656796875 0.7870182296875 0.1435002828125 0.792613471875 0.18673570625 0.991659659375 0.222971571875 1 0.35988388125 1
0 0.5170328890625 1 0.4670481609375 0.7801274 0.31852503125 0.7737589234375 0.3068884203125 0.7846085796875 0.3610961546875 1 0.5170328890625 1
0 0.7291908578124999 1 0.8632464359375 0.9808669 0.8909531640624999 0.9432201171875001 0.8290493171875 0.688642525 0.6760651421875 0.7778618859375 0.46899957499999995 0.779848884375 0.5172483421875 1 0.7291908578124999 1
0 0.8938329171875001 0.6457039375 0.829723746875 0.6916092046875 0.8929045765625 0.9429415999999999 0.9574006703125001 0.863288771875 0.8938329171875001 0.6457039375
0 1 0.8030161046875 0.955459996875 0.615467628125 0.895181778125 0.6516373015625 0.9580751015625 0.8662554531250001 1 0.817008790625 1 0.8030161046875
0 1 0.5979902609375001 0.9561344265624999 0.618434309375 0.9993698515625 0.8174804984374999 1 0.81668628125 1 0.5979902609375001
0 1 0.9228632921875001 0.9780480468749999 0.83890129375 0.8935790062500001 0.94590828125 0.8632464359375 0.9808669 1 0.958473503125 1 0.9228632921875001
0 0.026293140625 0.2947679828125 0.015274925 0.291462925 0.0175047203125 0.3340099671875 0.0318323359375 0.33685855625 0.026293140625 0.2947679828125
0 0.03115790625 0.333891875 0.0174232203125 0.3324548578125 0.019886284375 0.379452921875 0.044646515625 0.3932255078125 0.03115790625 0.333891875
0 0.0439720859375 0.3902588265625 0.0198246828125 0.3782774921875 0.0220437953125 0.42062065937500004 0.048764975 0.420204159375 0.0439720859375 0.3902588265625
0 0.0836916046875 0.5561144859375 0.0716237328125 0.5118927765625 0.026602421874999997 0.5076044375000001 0.0284964328125 0.54374433125 0.032280396875 0.560389215625 0.0836916046875 0.5561144859375
0 0.060904721875 0.4736044296875 0.024487231249999998 0.46724421875 0.026585187500000003 0.5072755921875001 0.0677209046875 0.5124498078124999 0.060904721875 0.4736044296875
0 0.0507163890625 0.41992564374999997 0.022030803125 0.4203727609375 0.024637915625 0.47011942968750003 0.061579153124999994 0.4765711125 0.0507163890625 0.41992564374999997
0 0.1881392703125 0.5434347734375 0.3147826796875 0.5075388359375 0.2542588390625 0.247752196875 0.13330839375 0.3151357 0.1881392703125 0.5434347734375
0 0.0418115734375 0.3638360734375 0.0656789859375 0.4784920046875 0.075269771875 0.5239026015625 0.0908087875 0.5729194265625 0.1871844171875 0.54245725625 0.131179578125 0.3154395359375 0.0418115734375 0.3638360734375