0 1 0.9115442281249999 0.8039999999999999 0.9115442281249999 0.806 0.9805097453125 0.8380000000000001 0.99850075 1 1 1 0.9115442281249999
0 1 0.889055471875 0.99 0.77811094375 0.962 0.77211394375 0.828 0.7706146921875 0.8019999999999999 0.764617690625 0.8019999999999999 0.7736131937499999 0.6900000000000001 0.7706146921875 0.692 0.8815592203125 0.71 0.9085457265624999 1 0.910044978125 1 0.889055471875
0 1 0.6671664171875 0.986 0.6416791609375 0.82 0.6416791609375 0.798 0.661169415625 0.8019999999999999 0.7541229390625 0.8220000000000001 0.7706146921875 0.962 0.77211394375 0.9880000000000001 0.7766116937499999 1 0.7766116937499999 1 0.6671664171875
0 1 0.5217391296875 0.742 0.5217391296875 0.722 0.5412293859374999 0.728 0.6311844078125 0.744 0.640179909375 1 0.640179909375 1 0.5217391296875
0 0.986 0.410794603125 0.8380000000000001 0.410794603125 0.798 0.4422788609375 0.8019999999999999 0.5217391296875 0.994 0.5187406296875 0.986 0.410794603125
0 0.8019999999999999 1 0.8039999999999999 0.9130434781250001 0.71 0.9070464765624999 0.688 0.9025487249999999 0.608 0.9040479765624999 0.606 0.92653673125 0.6 1 0.8019999999999999 1
0 0.6900000000000001 0.7736131937499999 0.632 0.77211394375 0.446 0.7676161921875 0.42800000000000005 0.7556221890625 0.414 0.7676161921875 0.414 0.901049475 0.688 0.9040479765624999 0.6900000000000001 0.7736131937499999
0 0.8 0.7706146921875 0.794 0.6431784109375001 0.624 0.640179909375 0.618 0.662668665625 0.618 0.7586206890625 0.63 0.77211394375 0.8 0.7706146921875
0 0.61 0.7676161921875 0.616 0.761619190625 0.612 0.6596701656249999 0.606 0.6416791609375 0.44400000000000006 0.6416791609375 0.43200000000000005 0.6716641671875 0.434 0.739130434375 0.446 0.761619190625 0.61 0.7676161921875
0 0.5980000000000001 1 0.5980000000000001 0.9205397296875001 0.5900000000000001 0.9040479765624999 0.40800000000000003 0.9025487249999999 0.4 0.9130434781250001 0.396 0.9700149921874999 0.476 1 0.5980000000000001 1
0 0.722 0.640179909375 0.718 0.5247376312500001 0.488 0.5217391296875 0.466 0.52623688125 0.446 0.5547226390625 0.44400000000000006 0.6311844078125 0.45599999999999996 0.6386806593750001 0.722 0.640179909375
0 0.796 0.42128935468749995 0.796 0.4422788609375 0.836 0.410794603125 0.978 0.4077961015625 0.968 0.3073463265625 0.9560000000000001 0.299850075 0.722 0.3073463265625 0.706 0.337331334375 0.71 0.412293853125 0.79 0.413793103125 0.796 0.42128935468749995
0 0.794 0.42128935468749995 0.786 0.413793103125 0.644 0.415292353125 0.618 0.45127436249999997 0.616 0.5202398796875001 0.8 0.5217391296875 0.794 0.42128935468749995
0 0.466 0.5247376312500001 0.492 0.5217391296875 0.604 0.5217391296875 0.612 0.4707646171875 0.61 0.43778110937500003 0.604 0.413793103125 0.48200000000000004 0.410794603125 0.45599999999999996 0.413793103125 0.44400000000000006 0.439280359375 0.44400000000000006 0.5052473765625 0.45599999999999996 0.5322338828125 0.466 0.5247376312500001
0 0.606 0.413793103125 0.614 0.4452773609375 0.622 0.4452773609375 0.644 0.413793103125 0.708 0.413793103125 0.704 0.32533733125 0.6940000000000001 0.3088455765625 0.646 0.3058470765625 0.48600000000000004 0.31034482812499997 0.466 0.31034482812499997 0.462 0.31934032968750004 0.458 0.413793103125 0.484 0.4092953515625 0.606 0.413793103125
0 0.9560000000000001 0.299850075 0.97 0.3073463265625 0.978 0.3088455765625 0.984 0.301349325 0.9800000000000001 0.1949025484375 0.834 0.1919040484375 0.8099999999999999 0.22788605624999997 0.808 0.265367315625 0.8160000000000001 0.299850075 0.9560000000000001 0.299850075
0 0.6940000000000001 0.3058470765625 0.708 0.32533733125 0.722 0.3058470765625 0.8099999999999999 0.301349325 0.8019999999999999 0.190404796875 0.72 0.19340329843749998 0.654 0.19790105 0.64 0.22788605624999997 0.638 0.2668665671875 0.64 0.301349325 0.6940000000000001 0.3058470765625
0 0.8039999999999999 0.190404796875 0.808 0.22938530781250002 0.8320000000000001 0.190404796875 0.986 0.19340329843749998 0.978 0.088455771875 0.828 0.088455771875 0.756 0.088455771875 0.736 0.100449775 0.728 0.1289355328125 0.732 0.1919040484375 0.8039999999999999 0.190404796875
0 0.974 0.086956521875 0.9720000000000001 0.0029985000000000003 0.966 0 0.826 0.0014992500000000001 0.8160000000000001 0.0194902546875 0.8140000000000001 0.0329835078125 0.8160000000000001 0.086956521875 0.974 0.086956521875
0 0.726 0.0944527734375 0.728 0.12743628125 0.736 0.098950525 0.756 0.088455771875 0.8160000000000001 0.086956521875 0.8119999999999999 0.0164917546875 0.8 0.0074962515625 0.772 0.0029985000000000003 0.746 0.0029985000000000003 0.726 0.0059970015625 0.6599999999999999 0.0044977515625 0.648 0.02248875625 0.648 0.0914542734375 0.714 0.089955021875 0.726 0.0944527734375
0 0.64 0.22338830625 0.654 0.19790105 0.73 0.190404796875 0.724 0.0959520234375 0.714 0.0914542734375 0.65 0.089955021875 0.5940000000000001 0.089955021875 0.48600000000000004 0.0959520234375 0.48 0.19790105 0.622 0.1994003 0.636 0.22638680625 0.64 0.22338830625
0 0.626 0.30434782656250003 0.636 0.301349325 0.636 0.236881559375 0.632 0.22188905625 0.622 0.1994003 0.48 0.1994003 0.47800000000000004 0.22938530781250002 0.472 0.299850075 0.47400000000000003 0.3073463265625 0.626 0.30434782656250003
0 0.646 0.089955021875 0.642 0.02248875625 0.63 0 0.49400000000000005 0.0044977515625 0.488 0.011994003125 0.49000000000000005 0.0944527734375 0.596 0.088455771875 0.646 0.089955021875
0 0.388 1 0.394 0.9670164921875 0.396 0.914542728125 0.39 0.901049475 0.378 0.9115442281249999 0.362 0.9130434781250001 0.348 0.9085457265624999 0.314 0.9085457265624999 0.198 0.9115442281249999 0.192 0.898050975 0.16799999999999998 0.914542728125 0.046 0.910044978125 0.038 0.959520240625 0.036 1 0.388 1
0 0.346 0.9085457265624999 0.362 0.914542728125 0.374 0.9115442281249999 0.39 0.901049475 0.40199999999999997 0.8710644671875001 0.41200000000000003 0.839580209375 0.41200000000000003 0.7706146921875 0.418 0.7586206890625 0.418 0.7496251875 0.40199999999999997 0.7496251875 0.36 0.7706146921875 0.196 0.7736131937499999 0.192 0.8950524734374999 0.198 0.910044978125 0.314 0.9070464765624999 0.346 0.9085457265624999
0 0.40800000000000003 0.6911544234375 0.4 0.6311844078125 0.38 0.6311844078125 0.354 0.637181409375 0.32999999999999996 0.635682159375 0.10200000000000001 0.6386806593750001 0.08399999999999999 0.7706146921875 0.36 0.7691154421874999 0.40599999999999997 0.7466266859374999 0.40800000000000003 0.6911544234375
0 0.422 0.6386806593750001 0.434 0.6191904046875 0.43200000000000005 0.538230884375 0.41200000000000003 0.52773613125 0.36 0.5052473765625 0.23199999999999998 0.5037481265625 0.20400000000000001 0.509745128125 0.196 0.6341829078125001 0.354 0.635682159375 0.398 0.6311844078125 0.422 0.6386806593750001
0 0.22999999999999998 0.5052473765625 0.366 0.5052473765625 0.4 0.5217391296875 0.404 0.42128935468749995 0.404 0.413793103125 0.38 0.38830584687499997 0.35 0.385307346875 0.244 0.385307346875 0.162 0.38680659687499996 0.12 0.3913043484375 0.11200000000000002 0.4467766109375 0.11000000000000001 0.511244378125 0.2 0.509745128125 0.22999999999999998 0.5052473765625
0 0 0.6326836578125 0.06 0.635682159375 0.186 0.637181409375 0.196 0.6341829078125001 0.2 0.511244378125 0.186 0.509745128125 0.08399999999999999 0.512743628125 0 0.511244378125 0 0.6326836578125
0 0 0.77211394375 0.048 0.77511244375 0.078 0.7676161921875 0.088 0.72563718125 0.1 0.6416791609375 0.074 0.6386806593750001 0 0.6341829078125001 0 0.6431784109375001 0 0.77211394375
0 0.066 0.9115442281249999 0.134 0.9130434781250001 0.16599999999999998 0.9130434781250001 0.192 0.898050975 0.192 0.77211394375 0.18 0.77211394375 0.08399999999999999 0.77211394375 0.05 0.77511244375 0.002 0.7736131937499999 0 0.9115442281249999 0.048 0.9085457265624999 0.066 0.9115442281249999
0 0.382 0.38830584687499997 0.404 0.413793103125 0.41 0.42428785625 0.43600000000000005 0.42728635625000005 0.454 0.3958020984375 0.454 0.340329834375 0.42800000000000005 0.28335832031249997 0.41600000000000004 0.2698650671875 0.374 0.265367315625 0.31 0.263868065625 0.268 0.265367315625 0.246 0.3838080953125 0.35 0.385307346875 0.382 0.38830584687499997
0 0 0.385307346875 0.08399999999999999 0.38830584687499997 0.11599999999999999 0.389805096875 0.162 0.385307346875 0.19 0.385307346875 0.242 0.3838080953125 0.258 0.313343328125 0.23399999999999999 0.2908545734375 0.21000000000000002 0.27286356875 0.198 0.2713643171875 0.1 0.286356821875 0.088 0.286356821875 0 0.2788605703125 0 0.385307346875
0 0 0.511244378125 0.08 0.511244378125 0.1 0.511244378125 0.10600000000000001 0.509745128125 0.11000000000000001 0.44977511249999996 0.11599999999999999 0.4047976015625 0.11200000000000002 0.3943028484375 0.08399999999999999 0.38830584687499997 0 0.38680659687499996 0 0.511244378125
0 0.258 0.31034482812499997 0.266 0.263868065625 0.312 0.263868065625 0.376 0.263868065625 0.41600000000000004 0.2698650671875 0.43200000000000005 0.284857571875 0.44400000000000006 0.31034482812499997 0.458 0.31034482812499997 0.466 0.3073463265625 0.47000000000000003 0.299850075 0.476 0.211394303125 0.476 0.20239880000000002 0.46399999999999997 0.18590704687499998 0.45 0.17991004531250002 0.396 0.17391304375 0.294 0.17391304375 0.22400000000000003 0.17691154375 0.21600000000000003 0.236881559375 0.21200000000000002 0.2698650671875 0.258 0.31034482812499997
0 0.10200000000000001 0.286356821875 0.184 0.27286356875 0.2 0.2698650671875 0.21000000000000002 0.26836581718749997 0.21600000000000003 0.2068965515625 0.20400000000000001 0.18590704687499998 0.188 0.17391304375 0.10600000000000001 0.17241379375000002 0.041999999999999996 0.17841079531249998 0.041999999999999996 0.2818590703125 0.092 0.286356821875 0.10200000000000001 0.286356821875
0 0.45 0.17841079531249998 0.466 0.184407796875 0.472 0.190404796875 0.476 0.1814092953125 0.48600000000000004 0.100449775 0.476 0.088455771875 0.458 0.07496251875 0.392 0.0674662671875 0.322 0.07346326875 0.304 0.17241379375000002 0.394 0.17241379375000002 0.45 0.17841079531249998
0 0.188 0.17241379375000002 0.2 0.17991004531250002 0.22000000000000003 0.1814092953125 0.22400000000000003 0.17691154375 0.294 0.17241379375000002 0.304 0.1709145421875 0.314 0.10644677656249998 0.302 0.0839580203125 0.282 0.07496251875 0.236 0.07196401875 0.128 0.07196401875 0.074 0.07496251875 0.06 0.0794602703125 0.05600000000000001 0.17541229375 0.10600000000000001 0.17241379375000002 0.188 0.17241379375000002
0 0.244 0 0.23199999999999998 0.0704647671875 0.282 0.07346326875 0.3 0.0794602703125 0.318 0.0794602703125 0.322 0.07346326875 0.39 0.0659670171875 0.462 0.07346326875 0.476 0.088455771875 0.48600000000000004 0.09295352343749999 0.488 0.0839580203125 0.48600000000000004 0.0089955015625 0.488 0 0.244 0
0 0.24 0.0014992500000000001 0.08399999999999999 0 0.08199999999999999 0.07346326875 0.128 0.0704647671875 0.22799999999999998 0.0704647671875 0.24 0.0014992500000000001