0 1 0.259447253125 0.6762267625 0.21956863750000002 0.6619816140625 0.392694153125 1 0.44246406406250005 1 0.259447253125
0 1 0.445900146875 0.6698162109375 0.3956614609375 0.6612707062500001 0.5731550984375 1 0.617905925 1 0.445900146875
0 0.30636049062500004 0.345497628125 0.2976739453125 0.52470538125 0.6554300203125 0.570501090625 0.6678223015625 0.39534816250000004 0.30636049062500004 0.345497628125
0 0.011980703125 0.4867601796875 0.27602302343749996 0.5178308703125001 0.28656243593749997 0.3406505296875 0.029066009375 0.3036632765625 0.011980703125 0.4867601796875
0 0.2999499375 0.5215904515625 0.0113259546875 0.4866091859375 0.015444440625 0.6635561156249999 0.28983364843750004 0.6936284484375 0.2999499375 0.5215904515625
0 0.2774470671875 0.6968910015625001 0.0154499765625 0.6637940015625 0.019338315624999998 0.83085288125 0.2737356296875 0.8647265515625 0.2774470671875 0.6968910015625001
0 0.27814657343750004 0.8602108078124999 0.6158225078124999 0.9045876484375001 0.6371970499999999 0.7430000109375 0.29539225468749997 0.6997106859375 0.27814657343750004 0.8602108078124999
0 0.6140308343750001 1 0.6218042374999999 0.9055275453125 0.27587058125 0.8633257375 0.26442691875 0.9778580781249999 0.445628046875 1 0.6140308343750001 1
0 0.969952221875 1 0.9708794671875 0.95864063125 0.6371913499999999 0.9148903859375 0.6285919328125 1 0.969952221875 1
0 0.6451726875 0.744253203125 0.627503884375 0.9098956671874999 0.9732964984375 0.9538115890625001 0.9861312375000001 0.7978272125 0.6451726875 0.744253203125
0 0.299526815625 0.5267327921875 0.28983364843750004 0.6936284484375 0.64160799375 0.7384842640625 0.6490251671875 0.5747035375 0.299526815625 0.5267327921875
0 0.025360271875 0.299608453125 0.2770160109375 0.3339416953125 0.28840167031249997 0.146476671875 0.0407337515625 0.1127700234375 0.025360271875 0.299608453125
0 0.2922484484375 0.1488173828125 0.28656243593749997 0.3406505296875 0.6522941484375 0.38769943281249997 0.6592688640625 0.204750153125 0.2922484484375 0.1488173828125
0 0.6793490015625 0.206169021875 0.6973192234375001 0.061409226562499995 0.4957844140625 0.025982959374999996 0.322747846875 0.0169144984375 0.3083407671875 0.1496096546875 0.6793490015625 0.206169021875
0 0.271318596875 0.869555596875 0.0193528484375 0.83147724375 0.022116196875 0.9502020218749999 0.2476293953125 0.9856363765625 0.271318596875 0.869555596875
0 1 0.619986671875 0.6557209828125 0.57397801875 0.6465321859375 0.744094759375 0.9912226875 0.7920541765625 1 0.7009463296875 1 0.619986671875