0 0.08646827500000001 0.073536115625 0.0523481296875 0.08002088125 0.0607022171875 0.1299484890625 0.0908723296875 0.10844444687499999 0.08646827500000001 0.073536115625
0 0.08423093125 0.0720923 0.09262033593749999 0.10600955781250002 0.128279134375 0.079140203125 0.12408443281249999 0.062181575 0.08423093125 0.0720923
0 0.10982040312500001 0.0957316765625 0.062450223437499994 0.1275136015625 0.067098946875 0.164361284375 0.12338318749999999 0.15436496875 0.10982040312500001 0.0957316765625
0 0.10982040312500001 0.0957316765625 0.12562053281250002 0.155808784375 0.1437992796875 0.1532883109375 0.15026664218750002 0.15568040625 0.18291877031249998 0.13755952968750002 0.171873315625 0.066299053125 0.15271589218749998 0.0610621203125 0.10982040312500001 0.0957316765625
0 0.1699159578125 0.0507842390625 0.184666775 0.1351246421875 0.2579417296875 0.09690074531250001 0.24763028281250002 0.031458323437500005 0.1699159578125 0.0507842390625
0 0.3636594578125 0.0226062703125 0.3612127609375 0.003212753125 0.2496229578125 0.0309627875 0.259689734375 0.09446585625000001 0.358380125 0.0459212859375 0.3566674359375 0.0323458234375 0.3636594578125 0.0226062703125
0 0.3998617296875 0 0.358170771875 0.0279715828125 0.364287515625 0.076455375 0.4509512203125 0.062904721875 0.4629072703125 0.059931504687500005 0.45688574062500004 0 0.3998617296875 0
0 0.4569239828125 0 0.4629072703125 0.059931504687500005 0.55131898125 0.0439459609375 0.5893891609375 0.052480473437499994 0.5838125015625 0 0.4569239828125 0
0 0.58276819375 0 0.5893891609375 0.052480473437499994 0.6117979250000001 0.050908278125 0.7132149984375 0.007686225 0.7700410390625 0 0.58276819375 0
0 0.787355646875 0 0.71545234375 0.009130040624999999 0.6137906 0.050412742187500005 0.6350768671875 0.2191363375 0.7364586234375 0.1919246359375 0.8654931593749999 0.1558360734375 0.847792834375 0 0.787355646875 0
0 0.8498417937499999 0 0.8674858343749999 0.1553405359375 0.875945875 0.15723709531250002 0.92751075625 0.14241379999999998 0.9095437499999999 0 0.8498417937499999 0
0 0 0.2730563890625 0.03052955625 0.26546433125 0.0310542125 0.25333268593749997 0.0674470203125 0.2322813859375 0.11876723125 0.21551873906250002 0.11754388125 0.2058219796875 0.1506853484375 0.1915798078125 0.141561934375 0.1518444953125 0 0.171279946875 0 0.2730563890625
0 0 0.3710659875 0.0046575453125 0.3699077546875 0.0427630421875 0.3624319171875 0.03101889375 0.26934303593750003 0 0.275338725 0 0.3710659875
0 0.06943969375 0.23178585 0.0290615375 0.253828221875 0.042273703125 0.35855321406249996 0.0841198765625 0.34814695156250003 0.06943969375 0.23178585
0 0.1351601015625 0.34545530156250004 0.1374327640625 0.33088876875 0.11901189999999999 0.21745809062500002 0.0696843625 0.23372520156249998 0.086357221875 0.3495907671875 0.1351601015625 0.34545530156250004
0 0.19196899843749998 0.32332734375 0.1745974484375 0.1856333734375 0.16564806875 0.17985811093749998 0.11754388125 0.2058219796875 0.1401594484375 0.33621128749999996 0.19196899843749998 0.32332734375
0 0.2369303484375 0.14212975156250002 0.1756114453125 0.1773804296875 0.19396167343749998 0.3228318078125 0.2679353203125 0.306436315625 0.28363204999999997 0.300532671875 0.2662251828125 0.178849053125 0.2605271453125 0.1662646625 0.26108711875 0.138122665625 0.2369303484375 0.14212975156250002
0 0.55131898125 0.0439459609375 0.46489994531249995 0.05943596718750001 0.4509512203125 0.062904721875 0.364287515625 0.076455375 0.309261940625 0.0801380984375 0.30202524999999997 0.087938296875 0.2935652109375 0.0860417390625 0.262065796875 0.1458800734375 0.2662251828125 0.178849053125 0.28436605937500004 0.306350728125 0.396689871875 0.28441875 0.632839521875 0.2176925234375 0.6100499203124999 0.053343164062500004 0.593619178125 0.0534287515625 0.55131898125 0.0439459609375
0 0 0.4669852 0.0208763828125 0.4658842671875 0.053248523437499994 0.46183438906249996 0.0407703671875 0.362927453125 0.006650221874999999 0.36941221875 0 0.3710659890625 0 0.4669852
0 0.086357221875 0.3495907671875 0.040525696875 0.3609881015625 0.055730537499999996 0.46521755625 0.1007927359375 0.4640125171875 0.086357221875 0.3495907671875
0 0.09153060468749999 0.374306803125 0.10303008124999999 0.4654563328125 0.14309293437499998 0.47349530937499995 0.157531 0.47390525781250004 0.135404771875 0.347394653125 0.0866018921875 0.35153011875 0.09153060468749999 0.374306803125
0 0.22203060937500002 0.46386615156250005 0.20018436875 0.32328455 0.1401594484375 0.33621128749999996 0.1351601015625 0.34545530156250004 0.157041659375 0.47002655468750004 0.22203060937500002 0.46386615156250005
0 0.22426795312499997 0.4653099671875 0.310407003125 0.4638909578125 0.28709274375 0.311673246875 0.28363204999999997 0.300532671875 0.270172665625 0.30788013125 0.20018436875 0.32328455 0.22426795312499997 0.4653099671875
0 0.313867696875 0.4750315328125 0.4268901984375 0.474927959375 0.6660818374999999 0.383442903125 0.6432922359375 0.21909354531249997 0.396689871875 0.28441875 0.286358734375 0.3058551921875 0.313867696875 0.4750315328125
0 0.6432922359375 0.21909354531249997 0.6658371671875 0.38150355 0.75473821875 0.3693967125 0.9468396640625001 0.2956225828125 0.9280000953125 0.146292503125 0.8741978703125 0.1596719828125 0.8657378296875 0.157775425 0.7367032921875001 0.1938639875 0.6432922359375 0.21909354531249997
0 0 0.55725895625 0.0328651984375 0.5609124999999999 0.0208763828125 0.4658842671875 0 0.468326765625 0 0.55725895625
0 0.0353472140625 0.5642956671875 0.068942703125 0.5699425484375 0.05663858125 0.5049956640625 0.055975207812500004 0.467156909375 0.053248523437499994 0.46183438906249996 0.023113728125 0.4673280828125 0.0353472140625 0.5642956671875
0 0.05422720156250001 0.46959179687499997 0.0568832515625 0.506935015625 0.069187371875 0.5718818999999999 0.105264875 0.5809119484374999 0.1194582703125 0.5793825453125 0.10918214062500001 0.49792977499999996 0.10303008124999999 0.4654563328125 0.05422720156250001 0.46959179687499997
0 0.119702940625 0.581321896875 0.1689598421875 0.5970754859375 0.17493786718749998 0.5955888781249999 0.15976834374999999 0.4753490734375 0.1453302796875 0.47493912343750005 0.10327475156249999 0.4673956828125 0.119702940625 0.581321896875
0 0.2225199484375 0.46774485312499997 0.159523675 0.47340972187499997 0.1771752109375 0.5970326921875 0.240625509375 0.6112568796875 0.2225199484375 0.46774485312499997
0 0.24286285468750002 0.6127006953125 0.3272185796875 0.629726925 0.33718195624999997 0.6272492421875 0.313867696875 0.4750315328125 0.31239967812499997 0.46339542187499994 0.22426795312499997 0.4653099671875 0.24286285468750002 0.6127006953125
0 0.3396639703125 0.6306324109375 0.45411917500000004 0.658175296875 0.6859000859375 0.5405303906250001 0.6623411578125 0.3863733265625 0.42713486874999995 0.4768673109375 0.313867696875 0.4750315328125 0.3396639703125 0.6306324109375
0 0.6859000859375 0.5405303906250001 0.783715196875 0.5502091625000001 0.90883501875 0.4830909734375 0.8902754375 0.31968989531249997 0.75473821875 0.3693967125 0.6640891625 0.38393843906249997 0.6859000859375 0.5405303906250001
0 0.8882827624999999 0.32018543125 0.90883501875 0.4830909734375 0.9565115109375 0.456328834375 0.9608533828124999 0.40670100624999994 0.947084334375 0.297561934375 0.8882827624999999 0.32018543125
0 0 0.6416891812500001 0.00007180468750000001 0.6430747765625 0.0403793265625 0.653053103125 0.029124520312500003 0.563842925 0 0.5606052234375001 0 0.6416891812500001
0 0.0736620625 0.5747695312500001 0.029613857812499998 0.5677216281249999 0.038631321875 0.6554879921875 0.0804068625 0.677102428125 0.0736620625 0.5747695312500001
0 0.11795493593749999 0.5837567859374999 0.0739067328125 0.5767088828125 0.08264420781250001 0.6785462437499999 0.123930409375 0.696281978125 0.11795493593749999 0.5837567859374999
0 0.1692045125 0.5990148390625001 0.11819960468749999 0.5856961375 0.1264124234375 0.6996651453125 0.18311536875 0.7255682343750001 0.1692045125 0.5990148390625001
0 0.23887750468750002 0.6136917671875 0.1711971875 0.5985193015625 0.1853527140625 0.72701205 0.25698306406250004 0.75720379375 0.23887750468750002 0.6136917671875
0 0.3402894765625 0.798493315625 0.35025285156249997 0.796015634375 0.3272185796875 0.629726925 0.23887750468750002 0.6136917671875 0.2572277328125 0.7591431453124999 0.3402894765625 0.798493315625
0 0.3272185796875 0.629726925 0.3534688765625 0.8052168578125001 0.472852790625 0.855536428125 0.7054383468750001 0.711688875 0.6821594046875 0.543460815625 0.45037849375 0.661105721875 0.3399086390625 0.6325717625 0.3272185796875 0.629726925
0 0.6821594046875 0.543460815625 0.707431021875 0.7111933390625 0.8022394625 0.7296205921875 0.9404667812499999 0.6397209312500001 0.956519709375 0.45623511875 0.7819671921875 0.5526440515625 0.6821594046875 0.543460815625
0 0.040868665625 0.65693180625 0.00007180468750000001 0.6430747765625 0.0085999265625 0.7269624359375 0.055130143750000006 0.7373935046875 0.040868665625 0.65693180625
0 0.08512622187499999 0.6819294109375 0.038631321875 0.6554879921875 0.057612159375000006 0.7407766734375001 0.089424325 0.764868790625 0.08512622187499999 0.6819294109375
0 0.1288944390625 0.7030483125 0.082888878125 0.6804855953125 0.0923956796875 0.7721306625000001 0.13738724375 0.8029463218749999 0.1288944390625 0.7030483125
0 0.18112269375 0.7260637703125 0.1311317828125 0.704492128125 0.1368625875 0.81507796875 0.19678155625 0.8501822796875 0.18112269375 0.7260637703125
0 0.2552350578125 0.75963868125 0.185842053125 0.730890753125 0.19678155625 0.8501822796875 0.261909225 0.893992278125 0.2552350578125 0.75963868125
0 0.2643912390625 0.8973754453125 0.3566117125 0.9604505796874999 0.371049778125 0.960860528125 0.3557062203125 0.806660671875 0.33829680156249997 0.798988853125 0.2577170734375 0.7630218484375 0.2643912390625 0.8973754453125
0 0.715782559375 0.8751327484375 0.701697665625 0.7146193000000001 0.4750901359375 0.85698024375 0.35395821562499996 0.8090955609374999 0.37353179375 0.9642436953125 0.3947970203125 0.9803483640625 0.44758034999999996 0.9781976078125 0.6367389328125 0.9327929546875 0.715782559375 0.8751327484375
0 0.703445671875 0.7121844125 0.7142792250000001 0.8795069874999999 0.770248159375 0.8995920234374999 0.8758599359374999 0.8733286 0.9223761828124999 0.8464974062499999 0.940253178125 0.642162428125 0.8044768078125 0.73106440625 0.703445671875 0.7121844125
0 0.262887903125 0.9017496843749999 0.273427875 0.9852937781250001 0.362390175 0.9816688421875 0.361086403125 0.9633382109375 0.262887903125 0.9017496843749999
0 0.1932855453125 0.8550520562499999 0.20967841874999998 0.9849886203124999 0.2128799453125 0.9877609171874999 0.2740265109375 0.9852693859375 0.2648805796875 0.9012541484375 0.1932855453125 0.8550520562499999
0 0.19478888125 0.8506778171875 0.1371072578125 0.8170173203125 0.1386080421875 0.9266548796875 0.2094337484375 0.98304926875 0.19478888125 0.8506778171875
0 0.1008531671875 0.888039021875 0.0675376671875 0.8683211421875001 0.066871740625 0.9444941874999999 0.11780601406249999 0.9898335875000001 0.1008531671875 0.888039021875