0 0.538 0.098 0.514 0.046 0.188 0.048 0.192 0.202 0.512 0.20400000000000001 0.534 0.20400000000000001 0.538 0.098
0 0.544 0.046 0.542 0.20400000000000001 0.8779999999999999 0.196 0.8859999999999999 0.036 0.544 0.046
0 0.34199999999999997 0.20400000000000001 0.036 0.202 0.041999999999999996 0.34199999999999997 0.33799999999999997 0.352 0.344 0.346 0.34199999999999997 0.20400000000000001
0 0.33999999999999997 0.20800000000000002 0.346 0.354 0.658 0.356 0.666 0.2 0.33999999999999997 0.20800000000000002
0 1 0.194 0.8779999999999999 0.198 0.682 0.20400000000000001 0.6759999999999999 0.356 1 0.352 1 0.194
0 0.344 0.35 0.046 0.348 0.05600000000000001 0.47800000000000004 0.34199999999999997 0.488 0.348 0.484 0.344 0.35
0 0.344 0.352 0.348 0.49400000000000005 0.6519999999999999 0.5 0.6519999999999999 0.358 0.344 0.352
0 0.6639999999999999 0.356 0.658 0.502 0.99 0.506 1 0.358 0.6639999999999999 0.356
0 0.344 0.48600000000000004 0.054000000000000006 0.47800000000000004 0.057999999999999996 0.604 0.33999999999999997 0.62 0.346 0.614 0.344 0.48600000000000004
0 0.34199999999999997 0.492 0.346 0.622 0.644 0.636 0.6519999999999999 0.502 0.34199999999999997 0.492
0 0.6519999999999999 0.5 0.644 0.632 0.968 0.646 0.978 0.506 0.6519999999999999 0.5
0 0.064 0.606 0.072 0.722 0.348 0.744 0.348 0.62 0.064 0.606
0 0.348 0.624 0.346 0.744 0.64 0.762 0.646 0.636 0.348 0.624
0 0.644 0.636 0.64 0.762 0.9480000000000001 0.772 0.9560000000000001 0.646 0.644 0.636
0 0.072 0.722 0.08199999999999999 0.8380000000000001 0.352 0.8640000000000001 0.346 0.744 0.072 0.722
0 0.346 0.744 0.35 0.8640000000000001 0.632 0.8800000000000001 0.64 0.762 0.346 0.744
0 0.64 0.762 0.634 0.8800000000000001 0.9279999999999999 0.89 0.9400000000000001 0.772 0.64 0.762
0 0.086 0.8400000000000001 0.09 0.95 0.348 0.97 0.35 0.8640000000000001 0.086 0.8400000000000001
0 0.352 0.8640000000000001 0.352 0.974 0.628 0.9880000000000001 0.632 0.8800000000000001 0.352 0.8640000000000001
0 0.9259999999999999 0.892 0.634 0.8800000000000001 0.632 0.99 0.632 0.998 0.916 0.998 0.9259999999999999 0.892
0 0.05 0.522 0.044 0.472 0.002 0.46799999999999997 0 0.548 0.05 0.522
0 0.052000000000000005 0.518 0 0.548 0.002 0.61 0.022 0.608 0.05600000000000001 0.58 0.052000000000000005 0.518
0 0.041999999999999996 0.622 0.062 0.622 0.05600000000000001 0.606 0.05600000000000001 0.5820000000000001 0.024 0.608 0 0.61 0.002 0.6679999999999999 0.016 0.6679999999999999 0.02 0.64 0.041999999999999996 0.622