0 0 0 0 0.1272727265625 0.119453925 0.0772727265625 0.098976109375 0 0 0
0 0.12286689375 0.0772727265625 0 0.1272727265625 0.0034129687499999998 0.290909090625 0.1501706484375 0.16363636406249998 0.12286689375 0.0772727265625
0 0.2866894203125 0.0454545453125 0.2252559734375 0.10454545468750001 0.416382253125 0.090909090625 0.464163821875 0.0227272734375 0.2866894203125 0.0454545453125
0 0.6723549484375 0 0.464163821875 0.0227272734375 0.419795221875 0.08181818125 0.6689419796875 0.06818181875 0.6723549484375 0
0 0.416382253125 0.090909090625 0.2252559734375 0.10454545468750001 0.11604095625 0.2 0.3344709890625 0.18181818125 0.3549488046875 0.17727272656249998 0.416382253125 0.090909090625
0 0.3208191125 0.63181818125 0.23549488125 0.3227272734375 0.3344709890625 0.18181818125 0.11604095625 0.2 0.0034129687499999998 0.290909090625 0.0034129687499999998 0.43636363593749994 0.095563140625 0.61818181875 0.3208191125 0.63181818125
0 0.6484641640625 0.16363636406249998 0.6655290109374999 0.06818181875 0.419795221875 0.08181818125 0.3549488046875 0.17727272656249998 0.6279863484375 0.15 0.6484641640625 0.16363636406249998
0 0.624573378125 0.6545454546875 0.6313993171875001 0.61818181875 0.6143344703125 0.2863636359375 0.641638225 0.15909090937499998 0.6313993171875001 0.15 0.358361775 0.17727272656249998 0.3310580203125 0.18181818125 0.23549488125 0.3227272734375 0.3208191125 0.63181818125 0.624573378125 0.6545454546875
0 0.098976109375 0.61818181875 0.1706484640625 0.8 0.3856655296875 0.8318181812500001 0.3310580203125 0.63181818125 0.098976109375 0.61818181875
0 0.6518771328125 0.859090909375 0.6382252562499999 0.640909090625 0.6313993171875001 0.61818181875 0.624573378125 0.6545454546875 0.3310580203125 0.63181818125 0.38907849843750003 0.8363636359375001 0.6484641640625 0.8681818187499999 0.6518771328125 0.859090909375
0 0.99658703125 0.0954545453125 0.9624573375000001 0.03181818125 0.6689419796875 0.06818181875 0.6484641640625 0.16363636406249998 1 0.140909090625 0.99658703125 0.0954545453125
0 1 0.140909090625 0.641638225 0.16363636406249998 0.6143344703125 0.2863636359375 0.6313993171875001 0.61818181875 1 0.65 1 0.140909090625
0 0.9522184296875 0.8727272734374999 0.9931740609374999 0.65 0.6313993171875001 0.61818181875 0.641638225 0.66818181875 0.6518771328125 0.8545454546875 0.9522184296875 0.8727272734374999