0 0.23123204687499999 0.04920869375 0.2210237625 0.0115833640625 0.009976890625 0.0005228671875 0.013314448437500001 0.016659365625 0.23123204687499999 0.04920869375
0 0.4548993859375 0.07999245625 0.453710253125 0.028985510937499997 0.32589330781250003 0.0170793453125 0.22261296718749998 0.0116666515625 0.23118144375 0.0470381875 0.4548993859375 0.07999245625
0 0.012709515625 0.17452465156250002 0.09108919843749999 0.185695734375 0.05986897812500001 0.0264104125 0.009078362500000001 0.018768975 0.012709515625 0.17452465156250002
0 0.10337153750000001 0.029447465625000002 0.1214397859375 0.18348065468750002 0.46831376875 0.22069889062499998 0.45645067343749995 0.0844347078125 0.10337153750000001 0.029447465625000002
0 0.014490176562500002 0.25090484062499996 0.035177796875 0.33348068125 0.28606784531249996 0.35207960312500003 0.2651500296875 0.2000144546875 0.014082875 0.17381875156249998 0.014490176562500002 0.25090484062499996
0 0.494567109375 0.229032646875 0.26652421406250004 0.196859925 0.275790746875 0.3459446859375 0.5121040421874999 0.36027549375 0.494567109375 0.229032646875
0 0.0199718234375 0.48603600937499997 0.1747748984375 0.48407981875 0.1555854765625 0.3440537 0.0164105 0.33327563437499996 0.0199718234375 0.48603600937499997
0 0.2109258296875 0.4822696796875 0.5324652453125001 0.4884650546875 0.5207792546875 0.359797653125 0.1642606859375 0.34357585625 0.175845475 0.4679022421875 0.2109258296875 0.4822696796875
0 0.0892957703125 0.4813627125 0.01990199375 0.483040709375 0.020195642187499998 0.495636546875 0.0257790515625 0.632663246875 0.1071869171875 0.6277991218750001 0.0892957703125 0.4813627125
0 0.0880227921875 0.48885825625 0.10576212968750001 0.6287831421875001 0.3604458203125 0.6238101781250001 0.3385080296875 0.49009311406249995 0.2109764296875 0.48444018906249997 0.1772702609375 0.466918221875 0.17340071875000002 0.48723434687499995 0.0880227921875 0.48885825625
0 0.5454654109375 0.48720566249999997 0.33555725937499997 0.48772013437500006 0.34589436875 0.6206273171875 0.5644018281250001 0.6163792390625 0.5454654109375 0.48720566249999997
0 0.23026705781249998 0.628807325 0.026159246874999997 0.6297267375 0.028303414062499997 0.6946155390625 0.031718909375 0.7784377734375 0.2433525359375 0.7554054546875 0.23026705781249998 0.628807325
0 0.2331925296875 0.6300950484375 0.23750159062499998 0.7528300046874999 0.5673367078125 0.742268725 0.5644271296875 0.6174644953125 0.2331925296875 0.6300950484375
0 0.23470262343749998 0.7569685515625 0.03179613125 0.7803329421874999 0.036932021875 0.9063767437499999 0.243640246875 0.8919450093749999 0.23470262343749998 0.7569685515625
0 0.5644618390625 0.7431515078125 0.23760279374999999 0.757171021875 0.236339221875 0.8892683265624999 0.56437004375 0.86341225 0.5644618390625 0.7431515078125
0 0.2690298 1 0.2536896421875 0.8883126375 0.036921259375 0.90611260625 0.0403332625 0.989849153125 0.1857333859375 1 0.2690298 1
0 0.4552683734375 1 0.5786778984375001 0.9803443265625 0.572969353125 0.8596786453125 0.25521563125 0.8916696359375 0.2715130421875 1 0.4552683734375 1
0 0.5828902078125 1 0.58307875625 0.9828185421875 0.46498737968750004 1 0.5828902078125 1
0 0.488142196875 0.1397380984375 0.46796750625000005 0.14374707656250002 0.471239240625 0.2219866109375 0.497441978125 0.22814986093749998 0.488142196875 0.1397380984375
0 0.503470025 0.2383220875 0.6114674 0.21335709375 0.81478294375 0.24055305468750002 0.8188960843749999 0.1064877125 0.6167523187499999 0.0674551921875 0.4837919421875 0.13943439375 0.503470025 0.2383220875
0 0.9961606968750001 0.1340319515625 0.8116203578125001 0.10489628437500001 0.8177590171875 0.2440112890625 0.9932193312500001 0.2562607328125 0.9961606968750001 0.1340319515625
0 1 0.13481525625 0.9903856546875 0.1347122671875 0.99324463125 0.2573459890625 1 0.2580327390625 1 0.13481525625
0 0.5149030109375 0.3561369484375 0.597355465625 0.353225315625 0.89619953125 0.3795060140625 0.900464475 0.25195219375 0.615767053125 0.21149028906249998 0.4990944703125 0.2369331296875 0.5149030109375 0.3561369484375
0 1 0.2606765484375 0.900363271875 0.24761117968750002 0.9020251734375 0.38099620624999997 1 0.3897017484375 1 0.2606765484375
0 0.5394879671874999 0.47920394218749995 0.6122958359374999 0.4972887453125 0.8108057125 0.5046464265624999 0.806344846875 0.3753999453125 0.610482134375 0.35739219375000003 0.5281308828125 0.3646448453125 0.5394879671874999 0.47920394218749995
0 0.9846294312499999 0.3845960984375 0.8034699765625 0.37628273125 0.8137817859375 0.5081046609375 0.9816627671875 0.505739625 0.9846294312499999 0.3845960984375
0 1 0.387257425 0.9789049921874999 0.3874469203125 0.9831128484375 0.505840859375 1 0.5082195171875 1 0.387257425
0 0.5657254125 0.6110542046874999 0.6197580765625 0.631078715625 0.803640596875 0.631997775 0.805081275 0.50749725 0.618070878125 0.49660843281249994 0.5526146359374999 0.483370821875 0.5657254125 0.6110542046874999
0 0.9773884125000001 0.50869168125 0.7992809328125 0.507092309375 0.8035646953125 0.6287420109374999 0.97429524375 0.6244089374999999 0.9773884125000001 0.50869168125
0 1 0.506808615625 0.9816627671875 0.505739625 0.9714203749999999 0.625291721875 1 0.6240301125000001 1 0.506808615625
0 0.56291055 0.7387092546875 0.62447195 0.7711777390625 0.8889773265625 0.7528051171875 0.886219553125 0.634512409375 0.6226076453125 0.6291106765625 0.5657001125 0.6099689500000001 0.56291055 0.7387092546875
0 1 0.6268850984375 0.8846935671875 0.6311554109374999 0.8933022828125001 0.7520235671875 1 0.7396112828125 1 0.6268850984375
0 0.567067809375 0.8549326875000001 0.6347584578125 0.9019144140625001 0.883085190625 0.8726609171874999 0.8817269031249999 0.752298940625 0.6331471609375 0.77069989375 0.565760121875 0.73674121875 0.567067809375 0.8549326875000001
0 1 0.7456618374999999 0.8862289625 0.7591141718750001 0.88313579375 0.874831428125 1 0.8587823265625 1 0.7456618374999999
0 0.8197799578125 1 0.8269872796875 0.888247325 0.8094850546875 0.8826914875 0.637683928125 0.9032021374999999 0.5743435359375 0.8565241171875 0.587327809375 0.9787812296875 0.613173846875 1 0.8197799578125 1
0 0.850788503125 1 0.9808401734375 0.96724801875 0.9813873828125 0.8665218546875 0.81528539375 0.8830964281250001 0.822104653125 1 0.850788503125 1
0 1 0.8608015796874999 0.9828121640624999 0.8655378328125 0.9836391421874999 0.9631094765625001 1 0.9720232171875001 1 0.8608015796874999
0 1 1 1 0.9726420156250001 0.9118432984375 0.9884348359375 0.913503659375 1 1 1