0 0.247531771875 0.4673248671875 0.0783010046875 0.47434476718749996 0.0899053625 0.6011189984375 0.2602408015625 0.5936830921875 0.247531771875 0.4673248671875
0 0.46214510937500003 0.45899763125000004 0.24858044218750003 0.467037775 0.2605678234375 0.593788278125 0.46876971562499997 0.5831469125 0.46214510937500003 0.45899763125000004
0 0.66462585 0.4525798328125 0.462585034375 0.458954196875 0.46802720937500003 0.5838917265625 0.666666665625 0.5736927453125 0.66462585 0.4525798328125
0 0.9051394421875001 0.44499662500000003 0.6653061218749999 0.4518149078125 0.66768924375 0.5746130921875 0.8995617515625 0.5704319156250001 0.9051394421875001 0.44499662500000003
0 0.2536585359375 0.6017316546875 0.0899729 0.6090450703125 0.1029810296875 0.729310140625 0.26449864375 0.7187463171874999 0.2536585359375 0.6017316546875
0 0.4704607046875 0.592793034375 0.2547425484375 0.6033568578125 0.26449864375 0.7187463171874999 0.4737127375 0.7085887953125 0.4704607046875 0.592793034375
0 0.6693766937500001 0.5846670171875 0.4704607046875 0.5923867328125 0.4737127375 0.70777619375 0.667750678125 0.6988375734375001 0.6693766937500001 0.5846670171875
0 0.8967495218750001 0.5756204125 0.6695984703125 0.5836469906249999 0.6676864234375001 0.7000323921875 0.891013384375 0.689425840625 0.8967495218750001 0.5756204125
0 0.6684512421875 0.6991724015624999 0.6653919703125 0.8106845234375 0.8833652000000001 0.7977846640624999 0.891013384375 0.689425840625 0.6684512421875 0.6991724015624999
0 0.4730401515625 0.7080589734375 0.47418737968749997 0.8178511125 0.6630975140625 0.8098245343749999 0.668068834375 0.6988857390625001 0.4730401515625 0.7080589734375
0 0.1025287359375 0.7299798375 0.11632184062499999 0.8426821078125 0.2721839078125 0.835099690625 0.264367815625 0.7192955249999999 0.1025287359375 0.7299798375
0 0.472643678125 0.70826655625 0.2639080453125 0.7189508703125 0.27126436875 0.835099690625 0.4740229875 0.8195902046875 0.472643678125 0.70826655625