0 0.9740596703125 0.0144624359375 0.837353771875 0.032232175 0.8255953312500001 0.1604754421875 0.970090990625 0.150276053125 0.9740596703125 0.0144624359375
0 0.6669812312500001 0.1740705484375 0.823667346875 0.1579171015625 0.8331865296875 0.037767542187499996 0.6745724296875 0.051362646874999994 0.6669812312500001 0.1740705484375
0 0.517886315625 0.0675160921875 0.514306725 0.19001465 0.6648976109375 0.1768382328125 0.6705608234375 0.051571990624999994 0.517886315625 0.0675160921875
0 0.3696554296875 0.20554006406249997 0.5123009203125 0.190119321875 0.5156470625 0.0756098 0.3669841609375 0.0913445578125 0.3696554296875 0.20554006406249997
0 0.227009940625 0.2209608046875 0.367571809375 0.2083077484375 0.36497835625 0.0914492296875 0.22225505 0.109532984375 0.227009940625 0.2209608046875
0 0.08621461875 0.2416028984375 0.22492631875 0.22372849062500003 0.220249246875 0.10963765624999999 0.0795317421875 0.12761673906249998 0.08621461875 0.2416028984375
0 0.0199452890625 0.24772008437499998 0.0842866328125 0.239044559375 0.0773703046875 0.13304743593749999 0.010945340625 0.1444906453125 0.0199452890625 0.24772008437499998
0 0.970090990625 0.150276053125 0.8777462187499999 0.1577539734375 0.8682270328125 0.2779035328125 0.9665892156250001 0.27011159687499997 0.970090990625 0.150276053125
0 0.7693550203124999 0.16606926718749998 0.764003075 0.280683459375 0.8662990468749999 0.2753451921875 0.8757404140625 0.1578586453125 0.7693550203124999 0.16606926718749998
0 0.6669034140625001 0.17673356093749998 0.6635572734374999 0.29124307968749996 0.764003075 0.280683459375 0.7673492171875 0.1661739390625 0.6669034140625001 0.17673356093749998
0 0.5665354296875 0.1846301671875 0.5631892875 0.2991396875 0.6616292859375 0.288684740625 0.6648976109375 0.1768382328125 0.5665354296875 0.1846301671875
0 0.5142289078125 0.1926776625 0.47202921875000003 0.19753878281249998 0.46876089531250004 0.309385290625 0.56102785 0.30457038281250004 0.5644518078125 0.1873978515625 0.5142289078125 0.1926776625
0 0.3735892203125 0.20799373281250003 0.3784219265625 0.3167585390625 0.46876089531250004 0.309385290625 0.47002341562499994 0.1976434546875 0.3735892203125 0.20799373281250003
0 0.2731434171875 0.2185533515625 0.283993534375 0.32700414375000003 0.37641612343749997 0.3168632109375 0.3715056 0.210761415625 0.2731434171875 0.2185533515625
0 0.2269321234375 0.22362381718750002 0.1806430109375 0.2313572953125 0.189487325 0.339912759375 0.283993534375 0.32700414375000003 0.2731434171875 0.2185533515625 0.2269321234375 0.22362381718750002
0 0.092232028125 0.2412888828125 0.105243584375 0.34430897968749996 0.1875593390625 0.33735442031249996 0.1786372078125 0.2314619671875 0.092232028125 0.2412888828125
0 0 0.315256359375 0.004642146875 0.360194625 0.1032377796875 0.3444136515625 0.092232028125 0.2412888828125 0 0.253569871875 0 0.315256359375
0 0.9611594546875001 0.3873888 0.964099065625 0.3553279828125 0.9665113984374999 0.272774609375 0.8662212296874999 0.2780082046875 0.810136553125 0.27827600625 0.7987672 0.3932042140625 0.9611594546875001 0.3873888
0 0.7057569609375001 0.28638195781250003 0.7004050187499999 0.40099614843750003 0.796683578125 0.395971896875 0.810136553125 0.27827600625 0.7057569609375001 0.28638195781250003
0 0.5651950921875 0.299035015625 0.563033653125 0.3044657109375 0.5509988328125 0.3050937421875 0.54356326875 0.42247562031249997 0.6982435796875001 0.4064268453125 0.7057569609375001 0.28638195781250003 0.5651950921875 0.299035015625
0 0.39446835468749997 0.31592116406250004 0.3951338203125 0.430221340625 0.5395516625 0.4226849640625 0.546909409375 0.3079660984375 0.39446835468749997 0.31592116406250004
0 0.24572763593750002 0.33431893437500004 0.2525661484375 0.44297907031249995 0.3931280171875 0.4303260125 0.3924625515625 0.3160258359375 0.24572763593750002 0.33431893437500004
0 0.1091773734375 0.34676264843750004 0.118177321875 0.4499920890625 0.25056034375 0.4430837421875 0.2417160296875 0.33452827812499997 0.1091773734375 0.34676264843750004
0 0.00664795 0.36008995312500003 0.021509673437499998 0.4683314 0.1058312328125 0.46127216875 0.1180995046875 0.45265510156250005 0.10717157031249999 0.3468673203125 0.00664795 0.36008995312500003
0 0 0.46398503125 0.01773151875 0.4605517078125 0.00263634375 0.360299296875 0 0.360611275 0 0.46398503125
0 0.8006951859375 0.395762553125 0.7913316359375 0.5105860890625 0.9477842984375 0.5024216796875 0.9610816375000001 0.3900518125 0.8006951859375 0.395762553125
0 0.6983213968750001 0.40376383281250006 0.693280721875 0.5077259765625 0.7894036484375 0.5080277484375 0.796683578125 0.395971896875 0.6983213968750001 0.40376383281250006
0 0.54356326875 0.42247562031249997 0.5406062140625 0.523670078125 0.6891912984374999 0.5105983328125 0.696159959375 0.40919452968750003 0.54356326875 0.42247562031249997
0 0.3930502 0.4329890234375 0.3960327375 0.5365324796875 0.5365946078125 0.523879421875 0.541557465625 0.42258029218750004 0.3930502 0.4329890234375
0 0.2524883296875 0.4456420828125 0.2595602921875 0.5463131828125001 0.3940269359375 0.5366371515624999 0.39104439687500003 0.43309369531249997 0.2524883296875 0.4456420828125
0 0.11609370156250001 0.4527597734375 0.1253271015625 0.5480001765625 0.255626503125 0.5438595140625 0.2524883296875 0.4456420828125 0.11609370156250001 0.4527597734375
0 0.1037476125 0.4640398515625 0.01749806875 0.46854074375000004 0.0287372703125 0.5636764765625 0.1109752078125 0.559384928125 0.125249284375 0.5506631875 0.11609370156250001 0.4527597734375 0.1037476125 0.4640398515625
0 0 0.5661874546875 0.026731468749999997 0.5637811484374999 0.0156478984375 0.46331939218749996 0 0.46634926718749997 0 0.5661874546875
0 0.847494128125 0.5076552765625 0.8385196640625001 0.60916375 0.9347982265624999 0.6041394984374999 0.9457006765625 0.5051893656249999 0.847494128125 0.5076552765625
0 0.7912538171875 0.5132491015625 0.6932029046875 0.5103889890625 0.686078609375 0.617118815625 0.8384418468750001 0.6118267640624999 0.8454883265625 0.5077599484374999 0.7912538171875 0.5132491015625
0 0.5927571015625 0.520948609375 0.587638609375 0.627573765625 0.6840728046875 0.6172234875 0.691119284375 0.513156671875 0.5927571015625 0.520948609375
0 0.49439492031250004 0.5287405453125 0.49344366875 0.6298303328125 0.58563280625 0.6276784375 0.5907512984375 0.52105328125 0.49439492031250004 0.5287405453125
0 0.40405595156249996 0.5361137921875 0.40318251875 0.63454056875 0.491437865625 0.6299350046875001 0.4923113 0.531508228125 0.40405595156249996 0.5361137921875
0 0.3117111796875 0.5435917124999999 0.312921365625 0.6392508046875001 0.40125453125000005 0.6319822281249999 0.399888709375 0.5416491609375 0.3117111796875 0.5435917124999999
0 0.2595602921875 0.5463131828125001 0.22152784531249997 0.5456389359375 0.2287554421875 0.6409840124999999 0.31284355 0.6419138171875 0.309627559375 0.546359396875 0.2595602921875 0.5463131828125001
0 0.1272550875 0.5505585156249999 0.13841647343750002 0.6483572609375 0.22674963906249998 0.641088684375 0.219444225 0.5484066203125 0.1272550875 0.5505585156249999
0 0.1129031953125 0.56194326875 0.032748878125000006 0.5634671328125 0.04591606875 0.6611612046875 0.138260840625 0.653683284375 0.12717727031249998 0.553221528125 0.1129031953125 0.56194326875
0 0 0.6622224640625001 0.04398808125 0.6586028640625 0.0307430734375 0.5635718046875 0 0.5662764218749999 0 0.6622224640625001
0 0.83643604375 0.6119314359375 0.825611409375 0.7082185578125 0.9237401406249999 0.7084156578125 0.9367262125 0.6066978390625 0.83643604375 0.6119314359375
0 0.686078609375 0.617118815625 0.6772597796875 0.7133012671875 0.8236056078124999 0.7083232296875 0.8343524234374999 0.6146991203125001 0.686078609375 0.617118815625
0 0.58563280625 0.6276784375 0.5826757515625001 0.7288728953125 0.67494270625 0.7240579874999999 0.681989184375 0.619991171875 0.58563280625 0.6276784375
0 0.49344366875 0.6298303328125 0.49257023593750004 0.7282571078125 0.5826757515625001 0.7288728953125 0.5855549890625 0.6303414484375 0.49344366875 0.6298303328125
0 0.39909309375 0.637412925 0.4023869015625 0.7303043312499999 0.48663064218749996 0.7259081109375 0.4894320625 0.6300396765625 0.39909309375 0.637412925
0 0.310837746875 0.6420184890625 0.306748321875 0.64489084375 0.3121257484375 0.7350145671874999 0.40030328125 0.733072015625 0.3971651078125 0.634854584375 0.310837746875 0.6420184890625
0 0.2206544109375 0.6440657125 0.22595402187500002 0.736852446875 0.3100421296875 0.7377822515625 0.3068261390625 0.6422278328125001 0.2206544109375 0.6440657125
0 0.13833865781250002 0.6510202734375 0.13617721875 0.65645096875 0.1417880984375 0.7385856562499999 0.22394821875 0.73695711875 0.220732228125 0.6414027 0.13833865781250002 0.6510202734375
0 0.047844053125 0.6637195453125 0.0595501609375 0.7428772046875001 0.1397822953125 0.738690328125 0.1321656109375 0.6566603125 0.047844053125 0.6637195453125
0 0 0.751248425 0.03740850625 0.7466916078125 0.053766201562500004 0.7352021843750001 0.0398208390625 0.6641382328125001 0 0.6662162640625 0 0.751248425
0 0.765437309375 0.7113587156250001 0.7587021 0.8047734828124999 0.9011919562499999 0.794678765625 0.9076937140625001 0.7092530328125 0.765437309375 0.7113587156250001
0 0.6791877656249999 0.7158596078125 0.6768706921875001 0.726616328125 0.6628300687500001 0.7273490312499999 0.65848975 0.8073440671875 0.6702133 0.8173680828125001 0.7584686484375001 0.8127625187499999 0.7653594921875 0.714021728125 0.6791877656249999 0.7158596078125
0 0.5826757515625001 0.7288728953125 0.51849004375 0.732222396875 0.516077709375 0.814775771875 0.654244690625 0.8155424468750001 0.6609020828125 0.724790690625 0.5826757515625001 0.7288728953125
0 0.488558628125 0.7284664515625 0.42846234375 0.728943596875 0.4278223625 0.8193813359375 0.51191046875 0.8203111406250001 0.5164842421875 0.73232706875 0.488558628125 0.7284664515625
0 0.2979294921875 0.7410732953125 0.299762215625 0.815428290625 0.427977996875 0.8140553109375 0.4283845265625 0.731606609375 0.2979294921875 0.7410732953125
0 0.2058959890625 0.7378991671875 0.211351234375 0.825359878125 0.2995287640625 0.8234173265625 0.2960015046875 0.73851495625 0.2058959890625 0.7378991671875
0 0.12365805156250001 0.7421907156249999 0.1332027203125 0.826779071875 0.2093454296875 0.8254645500000001 0.2058959890625 0.7378991671875 0.12365805156250001 0.7421907156249999
0 0.05754435625 0.7429818765625 0.03740850625 0.7466916078125 0.050886965625 0.83373363125 0.1311191 0.8295467546875 0.12157442968750001 0.7449584 0.05754435625 0.7429818765625
0 0 0.83638914375 0.046875357812500004 0.833942975 0.035247067187499995 0.7521223046875 0 0.7551899953125 0 0.83638914375
0 0 0.9149428796875 0.0524862375 0.9160776625 0.040780131250000004 0.8369200031249999 0 0.8390480953124999 0 0.9149428796875
0 0.050886965625 0.83373363125 0.0427081171875 0.83947834375 0.054492040625 0.915972990625 0.12453952343750001 0.9176354968749999 0.13287400625 0.9065647625000001 0.127029675 0.8324191109375001 0.050886965625 0.83373363125
0 0.1311191 0.8295467546875 0.1289576609375 0.8349774515625 0.134724175 0.9117861140624999 0.216806478125 0.9128205890625001 0.2093454296875 0.8254645500000001 0.1311191 0.8295467546875
0 0.2092676125 0.8281275625 0.216806478125 0.9128205890625001 0.2909433859375 0.911610740625 0.3010502203125 0.9084243687500001 0.29744514375 0.8261850109375001 0.2092676125 0.8281275625
0 0.299762215625 0.815428290625 0.30321165781250004 0.9029936734374999 0.42340422499999997 0.9020393828125 0.42396638906249995 0.8142646546875 0.299762215625 0.815428290625
0 0.4278223625 0.8193813359375 0.42525439374999996 0.9072607359375 0.51335410625 0.9079811953125001 0.5099046656249999 0.8204158125 0.4278223625 0.8193813359375
0 0.5159998921875 0.8174387828125 0.515437728125 0.9052135109374999 0.647665115625 0.9036311890625001 0.6502330828125 0.815751790625 0.5159998921875 0.8174387828125
0 0.6682074984375 0.8174727546874999 0.6584119328125 0.8100070781250001 0.6561726765625 0.8181007859375 0.652083253125 0.8209731421875001 0.6495931015624999 0.9061895281250001 0.741704421875 0.9067006453124999 0.746433828125 0.8133905499999999 0.6682074984375 0.8174727546874999
0 0.7586242828125 0.8074364953125001 0.7583908312500001 0.8154255312500001 0.7483618140625 0.8159488906249999 0.74441058125 0.882628865625 0.754128328125 0.8927575531249999 0.8924509437499999 0.8881982031250001 0.9011141390624999 0.7973417765625 0.7586242828125 0.8074364953125001