0 0.492 0 0.46399999999999997 0.26836581718749997 1 0.31034482812499997 1 0 0.492 0
0 1 0.311844078125 0.492 0.27436281875 0.46399999999999997 0.5502248875 1 0.7091454265625 1 0.311844078125
0 1 0.7061469265625 0.476 0.5547226390625 0.45 0.788605696875 0.908 1 1 1 1 0.7061469265625
0 0.75 1 0.766 0.938530734375 0.476 0.8005997 0.45199999999999996 1 0.75 1
0 0 0 0 0.037481259375 0.08199999999999999 0.0494752625 0.08399999999999999 0 0 0
0 0.08199999999999999 0.0029985000000000003 0.078 0.0524737625 0.10400000000000001 0.0419790109375 0.43200000000000005 0.115442278125 0.44800000000000006 0 0.08199999999999999 0.0029985000000000003
0 0 0.340329834375 0.10400000000000001 0.338830584375 0.092 0.0464767609375 0 0.038980509375 0 0.340329834375
0 0.45199999999999996 0 0.434 0.110944528125 0.48200000000000004 0.10644677656249998 0.49000000000000005 0 0.45199999999999996 0
0 0.10200000000000001 0.32683658125 0.42800000000000005 0.337331334375 0.44800000000000006 0.1169415296875 0.10200000000000001 0.040479759375 0.092 0.0509745125 0.10200000000000001 0.32683658125
0 0 0.5982008999999999 0.11399999999999999 0.5787106453125 0.10200000000000001 0.340329834375 0 0.3418290859375 0 0.5982008999999999
0 0.43 0.5247376312500001 0.44400000000000006 0.338830584375 0.43 0.337331334375 0.10200000000000001 0.32683658125 0.10600000000000001 0.340329834375 0.11399999999999999 0.5592203890625 0.136 0.5667166421875 0.43 0.5247376312500001
0 0.44000000000000006 0.5247376312500001 0.13799999999999998 0.565217390625 0.13 0.761619190625 0.152 0.7736131937499999 0.426 0.6896551718749999 0.44000000000000006 0.5247376312500001
0 0 0.82458770625 0.13 0.7811094453125 0.11599999999999999 0.5772113937500001 0 0.5952023984375 0 0.82458770625
0 0.05 1 0.15 0.9520239875 0.134 0.7811094453125 0 0.82308845625 0 1 0.05 1
0 0.42800000000000005 0.688155921875 0.15 0.7736131937499999 0.13 0.7811094453125 0.146 0.9520239875 0.426 0.839580209375 0.42800000000000005 0.688155921875
0 0.366 1 0.422 0.9550224890625 0.42800000000000005 0.8380809593749999 0.15 0.9520239875 0.154 1 0.366 1
0 0.048 0.9970015 0.156 0.9970015 0.152 0.9535232390624999 0.048 0.9970015
0 0.492 0.27286356875 0.462 0.26836581718749997 0.48600000000000004 0.10494752656249999 0.44400000000000006 0.11244377812499999 0.43200000000000005 0.3208395796875 0.48200000000000004 0.3283358328125 0.492 0.27286356875
0 0.442 0.338830584375 0.43 0.52773613125 0.46399999999999997 0.5502248875 0.48200000000000004 0.3313343328125 0.434 0.3208395796875 0.43 0.338830584375 0.442 0.338830584375
0 0.45999999999999996 0.6806596703125 0.472 0.5562218890625 0.434 0.52773613125 0.42800000000000005 0.6671664171875 0.45999999999999996 0.6806596703125
0 0.472 0.836581709375 0.426 0.8215892046875 0.422 0.9565217390624999 0.454 0.99850075 0.472 0.836581709375