0 0.709090909375 0.390909090625 0.7045454546875 0.6136363640625 0.96818181875 0.61818181875 0.9772727265625001 0.3954545453125 0.709090909375 0.390909090625
0 0.709090909375 0.6136363640625 0.709090909375 0.8227272734375 0.96818181875 0.8409090906250001 0.9727272734374999 0.61818181875 0.709090909375 0.6136363640625
0 0.9636363640625 1 0.96818181875 0.8409090906250001 0.709090909375 0.8272727265625001 0.7045454546875 1 0.9636363640625 1
0 0.7 1 0.7045454546875 0.8272727265625001 0.45454545468749996 0.81818181875 0.45 1 0.7 1
0 0.45454545468749996 0.6045454546875 0.45454545468749996 0.8136363640625 0.7045454546875 0.8227272734375 0.7045454546875 0.6136363640625 0.45454545468749996 0.6045454546875
0 0.45 0.3954545453125 0.45 0.6 0.7 0.609090909375 0.709090909375 0.3954545453125 0.45 0.3954545453125
0 0.45454545468749996 0.17727272656249998 0.45 0.390909090625 0.709090909375 0.390909090625 0.709090909375 0.1727272734375 0.45454545468749996 0.17727272656249998
0 0.71818181875 0.1727272734375 0.7136363640625001 0.3863636359375 0.9772727265625001 0.390909090625 0.9818181812500001 0.16818181875 0.71818181875 0.1727272734375
0 0.7272727265625 0 0.7272727265625 0.16818181875 1 0.16363636406249998 1 0 0.7272727265625 0
0 0.45909090937499997 0 0.45909090937499997 0.1727272734375 0.71818181875 0.16818181875 0.71818181875 0 0.45909090937499997 0
0 0.43181818125 0.1727272734375 0.1954545453125 0.1954545453125 0.2045454546875 0.4045454546875 0.4454545453125 0.3954545453125 0.45 0.17727272656249998 0.43181818125 0.1727272734375
0 0.2 0.4045454546875 0.2136363640625 0.6 0.4454545453125 0.5954545453125 0.4454545453125 0.4 0.2 0.4045454546875
0 0.2136363640625 0.6045454546875 0.21818181874999998 0.8045454546874999 0.45 0.809090909375 0.45 0.6 0.2136363640625 0.6045454546875
0 0.4454545453125 1 0.4454545453125 0.8136363640625 0.2136363640625 0.809090909375 0.20909090937500002 0.9954545453125 0.2363636359375 1 0.4454545453125 1
0 0 0.9818181812500001 0.2 0.9954545453125 0.2045454546875 0.7954545453125 0 0.7863636359374999 0 0.9818181812500001
0 0 0.78181818125 0.20909090937500002 0.7954545453125 0.2045454546875 0.5954545453125 0 0.5954545453125 0 0.78181818125
0 0 0.5954545453125 0.18181818125 0.5954545453125 0.17727272656249998 0.390909090625 0 0.4 0 0.5954545453125
0 0 0.3954545453125 0.2 0.3863636359375 0.190909090625 0.18181818125 0 0.1954545453125 0 0.3954545453125
0 0.2 0 0.20909090937500002 0.1863636359375 0.45 0.16818181875 0.45454545468749996 0 0.2 0
0 0 0 0 0.190909090625 0.2045454546875 0.17727272656249998 0.2 0 0 0