0 0.2671365984375 0 0.26278554062500004 0.034523025 0.42272221875 0.050878392187499996 0.42898436875 0 0.2671365984375 0
0 0.4309504484375 0 0.424171371875 0.0541953265625 0.5925084765624999 0.0690847390625 0.60147459375 0.006833034375 0.56511413125 0 0.4309504484375 0
0 0.60935425625 0.00831381875 0.60064851875 0.06909215468749999 0.873651528125 0.1021285890625 0.8812026 0.0594008828125 0.60935425625 0.00831381875
0 0.264495075 0.036366592187500005 0.254634671875 0.115195553125 0.409850375 0.1352306359375 0.42049192343749997 0.051981565625000004 0.264495075 0.036366592187500005
0 0.4219410734375 0.055298499999999993 0.4135298234375 0.1374443953125 0.5808254015625 0.1582272828125 0.5902781781249999 0.0701879109375 0.4219410734375 0.055298499999999993
0 0.859477775 0.19384767812499998 0.8716816125 0.10175839375 0.6003881375 0.0705655234375 0.585806759375 0.1530742015625 0.5923845125 0.16192183124999998 0.859477775 0.19384767812499998
0 0.1975520515625 0.046620854687500005 0.19107661250000002 0.10629601562499999 0.254634671875 0.115195553125 0.263600790625 0.052943848437499996 0.1975520515625 0.046620854687500005
0 0.2566045875 0.1155657484375 0.24648380468750003 0.1958680796875 0.40537895625000003 0.218116921875 0.41379020468750005 0.135971028125 0.2566045875 0.1155657484375
0 0.4174696546875 0.13818478750000002 0.40983954999999994 0.2159105765625 0.5724141515625 0.24037318124999998 0.58476523125 0.158967675 0.4174696546875 0.13818478750000002
0 0.747068628125 0.2655835921875 0.7619103875000001 0.18160154687500002 0.5862143843750001 0.16228461249999998 0.5746444484375 0.2392700078125 0.57977305 0.244800703125 0.747068628125 0.2655835921875
0 1 0.20996445156250002 0.7636199203125 0.1834451109375 0.751268840625 0.264850615625 1 0.2953025359375 1 0.20996445156250002
0 0.1927861453125 0.10813958125 0.1888013859375 0.1652382 0.24841961562499998 0.1733973453125 0.2566045875 0.1155657484375 0.1927861453125 0.10813958125
0 0.1865710875 0.1663413734375 0.18232594687499998 0.2249133625 0.2439140921875 0.23344270156250002 0.24841961562499998 0.1733973453125 0.1865710875 0.1663413734375
0 0.18429586250000002 0.225283559375 0.1783411875 0.28201198125000004 0.24360878125 0.29275508281249996 0.2439140921875 0.23344270156250002 0.18429586250000002 0.225283559375
0 0.2481933375 0.19771164531250002 0.2438350578125 0.26844078437499996 0.39629970000000003 0.2925257765625 0.40314865937500005 0.2192200953125 0.2481933375 0.19771164531250002
0 0.411549084375 0.2177541421875 0.40168868281250003 0.296583103125 0.5706937937500001 0.31920955625 0.5802938140625 0.241853965625 0.411549084375 0.2177541421875
0 0.57977305 0.244800703125 0.5718825625 0.3239998625 0.73642708125 0.3488326625 0.7490385421875 0.2659537875 0.57977305 0.244800703125
0 1 0.2971621578125 0.7529783734375 0.26669417968750003 0.7403669109375 0.3495730546875 1 0.385665034375 1 0.2971621578125
0 0.17414097343749999 0.2827449578125 0.17093735937500001 0.33542347031249997 0.2381748703125 0.34653676718750004 0.241638865625 0.2923848875 0.17414097343749999 0.2827449578125
0 0.24357467656249998 0.269914153125 0.2381748703125 0.34653676718750004 0.3886695953125 0.370251565625 0.3980092328125 0.294369340625 0.24357467656249998 0.269914153125
0 0.4033982171875 0.2984266703125 0.3923490453125 0.372465328125 0.5605730109375 0.3995118890625 0.570954175 0.3177361875 0.4033982171875 0.2984266703125
0 0.5775319296875 0.32658381875 0.56648275625 0.40062247656250005 0.8182243187499999 0.43879716718750006 0.8337340859375001 0.3625521625 0.5775319296875 0.32658381875
0 1 0.3872522328125 0.8396438343750001 0.3636627515625 0.8261039828125 0.44027795156250005 1 0.46868655156249994 1 0.3872522328125
0 0.14480769375 0.333557659375 0.0342320421875 0.3143000453125 0.019763803125 0.3846515734375 0.142158946875 0.4061303625 0.14480769375 0.333557659375
0 0.3128735921875 0.43060038125 0.3192017875 0.3602414390625 0.14480769375 0.333557659375 0.1441288625 0.40650055937499996 0.29436320781249997 0.431688725 0.3128735921875 0.43060038125
0 0.32314161874999997 0.36098183125 0.31629266093749997 0.4342875140625 0.5568827375 0.47797806875 0.564512840625 0.40025228124999995 0.32314161874999997 0.36098183125
0 0.5704225890625 0.40136286875 0.559373415625 0.4754015265625 0.8140132828125 0.5202100875 0.8241340671874999 0.4399077546875 0.5704225890625 0.40136286875
0 1 0.4702639203125 0.8339836453125 0.44175873593750004 0.8218929453125 0.521690871875 1 0.55369945 1 0.4702639203125
0 0.1498805421875 0.4776073078125 0.15174814375 0.4094547125 0.019763803125 0.3846515734375 0.007887167187499999 0.451855478125 0.0079505421875 0.4554862953125 0.13977058281250002 0.4772296984375 0.1498805421875 0.4776073078125
0 0.30130365625 0.5075857781249999 0.3079945484375 0.5042762578125 0.312352828125 0.43354712187500005 0.30592231875000003 0.43538327031249996 0.157657890625 0.4105653 0.1515900765625 0.47945087500000005 0.30130365625 0.5075857781249999
0 0.320232490625 0.4350279046875 0.311153234375 0.5094367578125001 0.550033778125 0.55128375 0.5588526515625001 0.47834826562500005 0.320232490625 0.4350279046875
0 0.566992696875 0.4783556796875 0.5534528453124999 0.5549708796874999 0.725095878125 0.5857045734375 0.7369261953125 0.5072458078125 0.566992696875 0.4783556796875
0 1 0.5522478640624999 0.7428359421875 0.5083563953125 0.729296090625 0.58497159375 0.9927440093750001 0.6375246125 1 0.5964666171874999 1 0.5522478640624999
0 0.1417404984375 0.47759989375 0.007950546875 0.4554865265625 0.009177146875 0.5257584125 0.1371218375 0.5498024 0.1417404984375 0.47759989375
0 0.1417404984375 0.47759989375 0.1371218375 0.5498024 0.2868354171875 0.5779373046875 0.291454078125 0.505734796875 0.1417404984375 0.47759989375
0 0.52322528125 0.6223608390625001 0.529655790625 0.6205246875 0.537953903125 0.5505359421875 0.5300742390625001 0.5490551578125 0.2973638265625 0.5068453859375001 0.290514865625 0.5801510671875 0.52322528125 0.6223608390625001
0 0.5396634359375 0.5523795078125 0.529135028125 0.6234714265625 0.699736534375 0.6600985968749999 0.7093365546875 0.5827430046875001 0.5396634359375 0.5523795078125
0 0.9927440093750001 0.6375246125 0.7211560484375 0.5849641812499999 0.7056462796875 0.661209184375 0.9792041578124999 0.7141398125 0.9927440093750001 0.6375246125
0 0.13318200468750002 0.5490620078124999 0.0091531234375 0.5243820718750001 0.010359765625 0.5935105375 0.1310540234375 0.618687971875 0.13318200468750002 0.5490620078124999
0 0.1368614546875 0.5512757703125 0.1310540234375 0.618687971875 0.27853730468750004 0.6479260515624999 0.2868354171875 0.5779373046875 0.1368614546875 0.5512757703125
0 0.2922244 0.58199463125 0.280507221875 0.648296246875 0.5138856421875 0.6982430625 0.525195196875 0.622731034375 0.2922244 0.58199463125
0 0.5288746468750001 0.624944796875 0.520055771875 0.6978802796875 0.77064266875 0.7541055984375 0.7822126046875 0.6771202015625 0.5288746468750001 0.624944796875
0 0.7900922671874999 0.6786009859375 0.7773335593749999 0.7507960796875001 0.9612037125 0.792961359375 0.9752643265625001 0.7133994203125 0.7900922671874999 0.6786009859375
0 0.965403925 0.7922283828125 0.792832503125 0.7552310171875 0.7790322703125 0.8333195859375 0.9510829281250001 0.8732636906250001 0.965403925 0.7922283828125
0 0.5276750515625 0.7008344359375 0.517407025 0.770452984375 0.763793709375 0.827411278125 0.7743221171875 0.756319359375 0.5276750515625 0.7008344359375
0 0.3725724875 0.668642203125 0.36479514062499996 0.7356842109375 0.5179277875 0.7675062453125 0.5276750515625 0.7008344359375 0.3725724875 0.668642203125
0 0.22140975468750002 0.6371903640625 0.21166249218750002 0.703862175 0.3645347578125 0.7371575796875 0.3725724875 0.668642203125 0.22140975468750002 0.6371903640625
0 0.210734103125 0.6975985015624999 0.2216701359375 0.63571699375 0.010354896875 0.593231609375 0.011588792187499999 0.6639214234375 0.195382403125 0.7038473453125 0.210734103125 0.6975985015624999
0 0.19968493125 0.771637159375 0.2119228734375 0.7023888046875 0.1973523203125 0.7042175421875 0.011612384375 0.66527306875 0.012770553125 0.731624528125 0.1893145890625 0.7727329171874999 0.19968493125 0.771637159375
0 0.2096925765625 0.7034919796875 0.1994245484375 0.7731105296874999 0.352036434375 0.8078793031249999 0.3623044609375 0.738260753125 0.2096925765625 0.7034919796875
0 0.36256484375000003 0.736787384375 0.35400635 0.8082494984374999 0.5091089125 0.8404417296875 0.5159578734375 0.76713605 0.36256484375000003 0.736787384375
0 0.5151767265625 0.77155615625 0.5080673859375 0.84633520625 0.6724987640625 0.88332515625 0.6815780203124999 0.8089163046875001 0.5151767265625 0.77155615625
0 0.9510829281250001 0.8732636906250001 0.6874877671874999 0.8100268921874999 0.6742082968750001 0.8851687234375 0.937803459375 0.9484055203124999 0.9510829281250001 0.8732636906250001
0 0.19964000312500002 0.8294761718749999 0.205334296875 0.77422111875 0.1870842921875 0.7738360906249999 0.012775909375 0.7319314015625 0.013918014062500001 0.7973625109375 0.180348471875 0.8349846218750001 0.19964000312500002 0.8294761718749999
0 0.20559467812499999 0.7727477484375 0.1991192390625 0.8324229093750001 0.3458213765625 0.8660810953125001 0.35400635 0.8082494984374999 0.20559467812499999 0.7727477484375
0 0.35400635 0.8082494984374999 0.3458213765625 0.8660810953125001 0.497391734375 0.906743346875 0.5091089125 0.8404417296875 0.35400635 0.8082494984374999
0 0.5078070046875001 0.847808575 0.4963502078125 0.9126368218750001 0.6617099750000001 0.9558904453125001 0.6724987640625 0.88332515625 0.5078070046875001 0.847808575
0 0.9341581140624999 0.969032690625 0.938063840625 0.94693215 0.6840578749999999 0.8870197031249999 0.6849862640625 0.893283375 0.6724879390625 0.9640051 0.798504821875 0.9954559859375 0.8214541171875 0.9953224703125001 0.8296053484374999 0.938728515625 0.9341581140624999 0.969032690625
0 0.171382353125 0.8972363250000001 0.19528172187499998 0.900205309375 0.20253830625 0.8361100390624999 0.196107796875 0.8379461906250001 0.180348471875 0.8349846218750001 0.013936723437500001 0.7984343125 0.0143634453125 0.8228812609375 0.17160863125 0.8729220249999999 0.171382353125 0.8972363250000001
0 0.16580119843750002 0.9403342296874999 0.17160863125 0.8729220249999999 0.014407117187499999 0.825383171875 0.0159219546875 0.9121681921875 0.094884240625 0.92700716875 0.16580119843750002 0.9403342296874999
0 0.27132728125 0.9190630671875001 0.171382353125 0.8972363250000001 0.16580119843750002 0.9403342296874999 0.2665272734375 0.9577408625 0.27132728125 0.9190630671875001
0 0.201089153125 0.8327931062499999 0.19725163750000002 0.90057550625 0.3392328 0.9379134062500001 0.349500825 0.86829485625 0.201089153125 0.8327931062499999
0 0.3477912921875 0.8664512921874999 0.33897241718750004 0.9393867765625 0.48935400468749995 0.9752587234375 0.497131353125 0.908216715625 0.3477912921875 0.8664512921874999
0 0.49805974218750004 0.9144803874999999 0.4877917140625 0.9840989375 0.5330561312500001 0.9970003203125 0.738555225 0.9958047625 0.7406538390625 0.9813820703125 0.49805974218750004 0.9144803874999999
0 0.8298657296874999 0.937255146875 0.8170715812499999 0.9953479671875 0.9280580640625 0.9947022671875001 0.9321881984375 0.9686624937499999 0.8298657296874999 0.937255146875
0 0.272776434375 0.9223800000000001 0.26823680625 0.9595844281250001 0.47679597500000004 0.9973276328124999 0.4873354328125 0.997266315625 0.48935400468749995 0.9752587234375 0.272776434375 0.9223800000000001