0 0.6816986593750001 0.059669592187499995 0.711202953125 0.27790210000000004 0.731311528125 0.24967361562499998 0.9140433218749999 0.24536634687499997 0.8563374328125001 0.03162283125 0.6953475546875 0.030397498437499997 0.6816986593750001 0.059669592187499995
0 0.5086905140625 0.2498882375 0.7000436031249999 0.2466119921875 0.680342040625 0.025078796874999996 0.5054777671874999 0.0163657609375 0.5086905140625 0.2498882375
0 0.296375346875 0.22517505937500001 0.5036386640625 0.2347807140625 0.49130149999999995 0.021854325 0.3078410859375 0.011028907812499999 0.296375346875 0.22517505937500001
0 0.10899565625 0 0.07272383593750001 0.22323325624999998 0.276795046875 0.2306950765625 0.29919463125 0.0110792359375 0.136736778125 0 0.10899565625 0
0 0.0106459046875 0 0.0055467609375 0.21919132343749997 0.0674204265625 0.21893929218750002 0.0927816640625 0 0.0106459046875 0
0 0.7123340703125 0.2757331 0.737288728125 0.5037229734374999 0.9640065671875 0.513215390625 0.9085135078125001 0.2508045796875 0.732392334375 0.24966732500000002 0.7123340703125 0.2757331
0 0.5288691359375 0.497367678125 0.734121778125 0.50049778125 0.7065536 0.24549289062500002 0.5251290171874999 0.24006167031249998 0.5288691359375 0.497367678125
0 0.2824452171875 0.4988020578125 0.5147934937499999 0.498530815625 0.5056241828125 0.24233762187500002 0.297430996875 0.22625012187500002 0.2824452171875 0.4988020578125
0 0.0393391875 0.4969734953125 0.27382391875 0.49777102968750003 0.2897144125 0.23278229375 0.082350471875 0.22750205937499998 0.0393391875 0.4969734953125
0 0 0.497911978125 0.024861046875 0.5154383250000001 0.0777505265625 0.2394221359375 0.056511735937499995 0.22332762343749998 0.0054536828125 0.2231923390625 0 0.45762380468749997 0 0.497911978125
0 0.752287915625 0.834485665625 0.9821978625 0.84612191875 0.94874949375 0.5187102421875001 0.7416119546875 0.503697809375 0.752287915625 0.834485665625
0 0.5042109265625 0.5353535265625 0.508075925 0.833744753125 0.7544998421875 0.832310371875 0.7230621484374999 0.511374246875 0.5145670875 0.508263015625 0.5042109265625 0.5353535265625
0 0.2530810203125 0.8319853953124999 0.5050850640625 0.82295006875 0.4951880359375 0.5051321890625 0.276965715625 0.502077578125 0.2530810203125 0.8319853953124999
0 0 0.8474135359374999 0.2409405859375 0.8428681515625 0.261758953125 0.505409721875 0.031672915625 0.50134295625 0 0.7027622390625 0 0.8474135359374999