0 0 0.6982940906249999 0.244601715625 0.7178239421875 0.28870827499999996 0.5034414953125 0 0.4670042921875 0 0.6982940906249999
0 0.264454609375 0.7302247421875 0.5252228890625 0.749709334375 0.5677661203125 0.5528252578124999 0.3101392125 0.527971571875 0.264454609375 0.7302247421875
0 0.2342906421875 0.9263370249999999 0.484644853125 0.9469411843750001 0.527188084375 0.75005710625 0.26583171875 0.733430946875 0.2342906421875 0.9263370249999999
0 0.448016621875 1 0.459886325 0.9484847734375 0.23487873124999997 0.923478590625 0.2440724828125 0.839192953125 0.2011126703125 0.9886032453125001 0.2655134703125 1 0.448016621875 1
0 0 0.9115461515625001 0.2118844640625 0.9164468828125001 0.244013628125 0.720682375 0 0.698312840625 0 0.9115461515625001
0 0 0.9545030265625 0.18990958125 0.9836581734375001 0.20991926875 0.9160991109375001 0 0.9090027218750001 0 0.9545030265625
0 0.71581958125 1 0.731842978125 0.9432867921874999 0.488761465625 0.92693215625 0.48229250312499994 0.9583749140625001 0.4604744140625 0.9456263406250001 0.4492877 1 0.71581958125 1
0 0.7324310671875 0.9404283578125 0.7795074921875 0.771009040625 0.5289523468749999 0.7414818109375 0.488761465625 0.92693215625 0.7324310671875 0.9404283578125
0 0.7822469953125 0.74779380625 0.8255939625 0.5866020109375001 0.57994445 0.543130390625 0.5658009234375 0.552477484375 0.52698715 0.7411340375 0.7789194046875 0.7738674734375001 0.7822469953125 0.74779380625
0 0.3418665078125 0.314360921875 0.309551125 0.53083000625 0.570319403125 0.5503145984375 0.61776826875 0.33948612968749997 0.3418665078125 0.314360921875
0 0.8281472453125 0.584091353125 0.893081940625 0.3674697703125 0.629745665625 0.32086819375000003 0.5754259703125 0.5452932796875001 0.8281472453125 0.584091353125
0 0.37631859375 0.047907392187499995 0.33655900625 0.31045917031250003 0.6268052265625 0.33516035624999996 0.6818992296874999 0.087172265625 0.37631859375 0.047907392187499995
0 0.8950471375 0.36781754375000003 0.9645003109375001 0.149033078125 0.70135025625 0.08172692499999999 0.6775963968750001 0.1278858703125 0.6303337515625 0.3180097625 0.8950471375 0.36781754375000003
0 0.80519711875 0.6659425796875 0.8382035859375 0.6540085796875 0.8731163937499999 0.5239117703125 0.8518863906249999 0.5083047640625 0.80519711875 0.6659425796875
0 0 0.4668556453125 0.2892963625 0.5005830640625 0.32238605468750003 0.2605509734375 0.0452934046875 0.211514984375 0.02270100625 0.22232941875 0 0.4216493359375 0 0.4668556453125
0 0.0335022296875 0.209428346875 0.0452934046875 0.211514984375 0.322974140625 0.257692540625 0.36392105468749997 0.01907229375 0.060090271875000004 0.0031491984374999995 0.0567953671875 0.026912681249999997 0.0335022296875 0.209428346875