0 0 0.3476968796875 0.0675 0.34051510625 0.06194444375 0.23113752812500002 0.10361111249999999 0.22907380000000002 0.09388888749999999 0.13311045 0.04805555625 0.1207280828125 0 0.121842496875 0 0.3476968796875
0 0.12166666562499999 0.1712894171875 0.102222221875 0.16613009843749998 0.10500000000000001 0.22597820624999998 0.125833334375 0.22288261562499997 0.12166666562499999 0.1712894171875
0 0.44944444375000003 0.20843652031249998 0.06194444375 0.22907380000000002 0.077222221875 0.4271916796875 0.47166666562500004 0.4075862640625 0.46194444375000004 0.21050024843749998 0.44944444375000003 0.20843652031249998
0 0.457777778125 0.179544328125 0.47305555625 0.38694898437499997 0.8716666656250001 0.373534753125 0.8563888875 0.1578751859375 0.457777778125 0.179544328125
0 0.998 0.1693907875 0.86194444375 0.18160805625 0.8827777781249999 0.46330691875 0.998 0.45913818749999996 0.998 0.1693907875
0 0.8786111125 0.46433878125000005 0.89944444375 0.740878321875 0.998 0.74294205 0.998 0.460624071875 0.8786111125 0.46433878125000005
0 0.896666665625 0.7439739140625 0.91055555625 0.99471685625 0.998 0.9970282312500001 0.998 0.74294205 0.896666665625 0.7439739140625
0 0.48555555625 0.5974492312499999 0.505 0.8007264328125 0.8980555562499999 0.8017582953125 0.884166665625 0.5922899125 0.48555555625 0.5974492312499999
0 0.896666665625 0.8038220234375 0.505 0.8017582953125 0.521666665625 0.996780584375 0.8480000000000001 0.998514115625 0.9119444437500001 0.996780584375 0.896666665625 0.8038220234375
0 0.470277778125 0.3910764390625 0.48833333437500004 0.5953855031249999 0.8855555562499999 0.58816245625 0.8716666656250001 0.37559848125 0.470277778125 0.3910764390625
0 0.482777778125 0.6139590546875 0.4688888875 0.41068185625 0.371666665625 0.415841175 0.388333334375 0.6108634640624999 0.482777778125 0.6139590546875
0 0.371666665625 0.413777446875 0.270277778125 0.4210004953125 0.28833333437499997 0.6108634640624999 0.38555555625000004 0.6118953281249999 0.371666665625 0.413777446875
0 0.200833334375 0.6129271921874999 0.28694444375 0.6098315999999999 0.270277778125 0.417904903125 0.17444444374999998 0.4251279515625 0.200833334375 0.6129271921874999
0 0.09805555625 0.6160227828125 0.196666665625 0.6149909203124999 0.17444444374999998 0.4251279515625 0.08 0.43028727031249997 0.09805555625 0.6160227828125
0 0.2911111125 0.6129271921874999 0.0925 0.6139590546875 0.107777778125 0.8027901609375 0.4925 0.80898134375 0.49111111249999995 0.6149909203124999 0.2911111125 0.6129271921874999
0 0.10916666562499999 0.8027901609375 0.13 0.9905894015625 0.22861111250000002 0.9957487203125 0.21055555625000003 0.8069176171875 0.10916666562499999 0.8027901609375
0 0.21055555625000003 0.8069176171875 0.22999999999999998 0.99471685625 0.320277778125 0.9978124484374999 0.300833334375 0.8079494796875 0.21055555625000003 0.8069176171875
0 0.300833334375 0.8079494796875 0.321666665625 0.9978124484374999 0.4161111125 0.9978124484374999 0.39944444375 0.80898134375 0.300833334375 0.8079494796875
0 0.4938888875 0.80898134375 0.39944444375 0.8100132078125 0.41472222187499996 0.996780584375 0.5161111125 0.9978124484374999 0.507777778125 0.8017582953125 0.4938888875 0.80898134375
0 0 0.9910846953125001 0.125833334375 0.9905894015625 0.102222221875 0.78215288125 0 0.7800891531249999 0 0.9910846953125001
0 0 0.77860326875 0.102222221875 0.7780254249999999 0.089722221875 0.5623658578125 0 0.561664190625 0 0.77860326875
0 0 0.563150075 0.0925 0.5561746750000001 0.0688888875 0.342578834375 0 0.3491827640625 0 0.563150075