0 0 0.033653846875 0.2924864859375 0.0628031875 0.29969369375 0 0 0.002403846875 0 0.033653846875
0 0.30059459374999997 0.0043312546875 0.2978918921875 0.06388600312500001 0.68798198125 0.114778240625 0.71230630625 0.0010828125 0.30059459374999997 0.0043312546875
0 0.998 0.15625 0.998 0 0.7186126125000001 0.0010828125 0.6915855859375 0.10719854531249999 0.7050991 0.1288548171875 0.9978918921875 0.177581428125 0.998 0.15625
0 0.30509909999999996 0.06172037500000001 0.0014954953125 0.0368156609375 0 0.3125 0.30059459374999997 0.3291753296875 0.30509909999999996 0.06172037500000001
0 0.706 0.126689190625 0.6978918921874999 0.11586105312499999 0.3069009 0.0757969515625 0.3041981984375 0.3259268890625 0.6510450453125001 0.36815661718750003 0.706 0.126689190625
0 0.998 0.3389423078125 0.998 0.1826923078125 0.7096036046875 0.1299376296875 0.6483423421875 0.364908178125 0.9798738734375 0.402806653125 0.998 0.3389423078125
0 0.30149549531250003 0.33242376875 0.00059459375 0.315098753125 0 0.5264423078125 0.289783784375 0.5522349281250001 0.30149549531250003 0.33242376875
0 0.6014954953125 0.5814708937499999 0.6519459453125 0.3692394328125 0.3132072078125 0.3259268890625 0.30149549531250003 0.3302581421875 0.2915855859375 0.5468208578125 0.6014954953125 0.5814708937499999
0 0.928522521875 0.5987959109375 0.984378378125 0.403889465625 0.6474414421875 0.3616597359375 0.6204144140625 0.5132536390625 0.633027028125 0.5652286906249999 0.928522521875 0.5987959109375
0 0.30149549531250003 0.5544005546874999 0.006 0.5262474015625 0.00059459375 0.7189882187500001 0.30149549531250003 0.7363132359375 0.30149549531250003 0.5544005546874999
0 0.6258198203124999 0.5987959109375 0.6204144140625 0.5165020796875 0.6078018015625 0.5814708937499999 0.30509909999999996 0.5479036734375 0.30059459374999997 0.7341476078125 0.5987927921875 0.747141371875 0.6258198203124999 0.5987959109375
0 0.9312252265625001 0.603127165625 0.633027028125 0.5706427578125 0.6096036046875 0.7265679140625 0.87446846875 0.7655492015625 0.9312252265625001 0.603127165625
0 0.00059459375 0.7146569640625 0.006 0.7655492015625 0.02401801875 0.8640852375 0.28798198125 0.8824930703125 0.30780180156250003 0.8272695765625 0.3041981984375 0.7308991687499999 0.00059459375 0.7146569640625
0 0.2978918921875 0.7319819828125 0.3105045046875 0.8792446296875 0.5834774781250001 0.8976524593749999 0.6050991 0.7449757453125 0.2978918921875 0.7319819828125
0 0.8834774781249999 0.7428101171875 0.8753693703125001 0.7655492015625 0.606 0.7254851015625 0.58708108125 0.8792446296875 0.8456396406250001 0.8976524593749999 0.884378378125 0.76121795 0.8834774781249999 0.7428101171875
0 0.2861801796875 0.884658696875 0.029423423437500002 0.8651680531249999 0.04924324375 0.9940228703124999 0.30780180156250003 0.9951056828124999 0.306 0.8283523921875 0.2861801796875 0.884658696875
0 0.590684684375 0.896569646875 0.31230630625 0.883575884375 0.30960360468750003 0.9951056828124999 0.572 0.997596153125 0.590684684375 0.896569646875
0 0.8447387375 0.9009009015625 0.5915855859375 0.883575884375 0.5672612625 0.9972713093750001 0.8132072078125001 0.9951056828124999 0.8447387375 0.9009009015625