0 1 0.1289961640625 0.9990162843749999 0.0842499640625 0.9031332531249999 0.07603724687499999 0.8232296 0.0691289140625 0.7242942515624999 0.0629821640625 0.68846133125 0.0743337515625 0.6850623484375 0.2924497546875 0.7104010187500001 0.2991483828125 1 0.31137073125 1 0.1289961640625
0 0.5428779328125 0.049716695312499996 0.349137690625 0.0381462140625 0.3435417796875 0.041933821875 0.3401262640625 0.0821697015625 0.35976415 0.263580771875 0.37292053593749996 0.280088884375 0.47597284999999995 0.2861858453125 0.525912146875 0.28678966875 0.6264006328125 0.29344905312499997 0.6855980453125 0.293651046875 0.68983910625 0.064799865625 0.5428779328125 0.049716695312499996
0 0.322461715625 0.0432999015625 0.002340203125 0.0196535125 0.0039627140625 0.11260703593750002 0.040466540625000005 0.2541084640625 0.35577533125 0.27097224999999997 0.36029310312499996 0.2643956578125 0.34064847187499997 0.0825981828125 0.3276298453125 0.04449348125 0.322461715625 0.0432999015625
0 1 0.311334009375 0.7093768359375 0.2994506328125 0.6845536296875 0.2927940828125 0.6264006328125 0.29344905312499997 0.5274652843750001 0.287302303125 0.5342570390625 0.4699798765625 0.53744425 0.47564200625 0.98718795 0.49769180312500005 0.9839805046875 0.49087046093750003 1 0.39379399843749996 1 0.311334009375
0 0.630180540625 0.48051102187500006 0.6318812234375 0.6369207859375 0.647648653125 0.655571309375 0.9134594187499999 0.6676228984375 0.9399541203125 0.50464005625 0.9248640281249999 0.495305325 0.630180540625 0.48051102187500006
0 1 0.5294125125 0.9949102968749999 0.5272612343749999 0.9377410171875 0.525295528125 0.9204292234375 0.624590315625 0.9637860312500001 0.6609271062500001 0.9488193703125001 0.7766192015625 0.9792317421875 0.779101740625 0.9846647656249999 0.7070046515625 0.9884579859375 0.6884074359375 0.9963209578125 0.6670555968749999 0.9998983484374999 0.6360934296874999 1 0.6360932609375001 1 0.5294125125
0 1 0.637617215625 0.9961992765625001 0.667296046875 0.9881143937499999 0.688929675 0.9838434046875 0.7074309000000001 0.9777666546875 0.7876103578125 1 0.812695159375 1 0.637617215625
0 0.97874648125 0.788105146875 0.9795845046875 0.7778880359375 0.950583528125 0.775901653125 0.9478031078125 0.7912934375 0.9377581703125 0.7980923765625 0.91793081875 0.797616721875 0.9114786859375 0.8355654921875001 0.940530103125 0.8695553781250001 0.9522482562500001 0.8712738140624999 0.9588002703124999 0.8390473734375 0.9656319609375 0.82284345625 0.9738172374999999 0.7968454578124999 0.985013165625 0.7977593734374999 0.9849132828125 0.79203704375 0.97874648125 0.788105146875
0 1 1 1 0.8126590031250001 0.9844956328125001 0.7946357046875 0.9840799515624999 0.7999350062499999 0.9718528921875 0.798175028125 0.963674275 0.8245545140624999 0.9573714687500001 0.8419444390624999 0.9503172062499999 0.8745108281249999 0.94790585625 0.88193289375 0.9847373562499999 0.9249386546875 0.976615840625 0.983703134375 0.991620490625 0.9990229218750001 0.9924907171875 1 1 1
0 0.9700240609374999 1 0.985781803125 0.9265476921875001 0.9100165890625 0.8365551140624999 0.9021614296875 0.9105791390625001 0.6775113765625 0.90862175625 0.6713046234375 0.9024009265625 0.6704665999999999 0.9126180359375 0.5917193703125 0.9138088578125 0.5965525640625 0.9286793015624999 0.596656278125 0.9637347140625 0.6087861765625 1 0.9700240609374999 1
0 0.67029346875 0.90269933125 0.677498059375 0.907858778125 0.9031725828124999 0.9102807343749999 0.9110277421875 0.8362567078125 0.9174732156250001 0.7979264500000001 0.6708270093750001 0.78769746875 0.67029346875 0.90269933125
0 0.5440894734375 0.7762091375 0.537626853125 0.7844433375000001 0.41761163593750006 0.7795988671875 0.4362871734375 0.917882621875 0.44645863124999996 0.918331965625 0.4530078203125 0.9150571203125001 0.6699643531249999 0.9129579828125 0.671317940625 0.9031639031250001 0.6687847265625 0.7871498140625001 0.551856240625 0.7844620375 0.5440894734375 0.7762091375
0 0.59601381875 1 0.597570375 0.9287623843749999 0.5912104640625 0.9137673156250001 0.4530078203125 0.9150571203125001 0.44696087812499996 0.9179920171875 0.4347604546875 0.917757996875 0.21234579375 0.9274114390625 0.227391028125 1 0.59601381875 1
0 0.1587583484375 0.768754375 0.1516774515625 0.7997948078125 0.18799821875 0.9299953046875 0.43630715000000003 0.9190270875 0.4165871671875 0.7791342953125 0.1587583484375 0.768754375
0 0.9136691499999999 0.6673327078125 0.6482000875 0.6559481765624999 0.632124353125 0.6374933984375 0.627677378125 0.6447492953125 0.5377075875 0.643500246875 0.5435739093749999 0.775786109375 0.550342840625 0.7851003890625 0.936296071875 0.7990820015625 0.9463609890625 0.7934275265624999 0.9643799453125 0.6611866765625 0.9210525281249999 0.62450766875 0.9136691499999999 0.6673327078125
0 0.360245346875 0.6373610609375 0.3570853703125 0.6310079921875 0.350985159375 0.63089098125 0.10082988281250001 0.62342311875 0.1353947 0.7694799703124999 0.5376329203125 0.7847909140625 0.54309770625 0.7776181 0.538648728125 0.668304640625 0.5306022890625 0.6440292203125 0.360245346875 0.6373610609375
0 0.5368066296875 0.4754299203125 0.5341888531250001 0.47102583750000004 0.5301708765625001 0.4737454125 0.341513303125 0.466726221875 0.33549965625 0.4715685625 0.3560481734375 0.6298143546875 0.35818368125 0.63570285 0.628186284375 0.6447908375 0.632091059375 0.635585953125 0.6314231671874999 0.48086772968749997 0.5368066296875 0.4754299203125
0 0.13455509375000002 0.4593559984375 0.0648749453125 0.455953728125 0.060953021875 0.43506255156250007 0.0363895359375 0.45439037656250003 0.0794897234375 0.6236197234375 0.3540258671875 0.6304111640625 0.335506315625 0.4719500515625 0.3313551625 0.46703985625 0.13455509375000002 0.4593559984375
0 0.3728094234375 0.2799511953125 0.35879595000000003 0.2631885375 0.355889009375 0.2713320375 0.039000478125 0.254607334375 0.0384183234375 0.25036941874999996 0.017164137500000003 0.25549146718750004 0.06435272187499999 0.45514921093750005 0.5311953484374999 0.4742099859375 0.53520000625 0.47072743125 0.5264057656250001 0.287155925 0.4770951671875 0.2861782953125 0.3728094234375 0.2799511953125