0 0.0405517234375 0.2367781625 0.40055172343749995 0.23471023125 0.393655171875 0.044460528124999996 0.022620690625000002 0.044460528124999996 0.0405517234375 0.2367781625
0 0.0391724140625 0.23781212968749998 0.054344828125 0.41875613906250003 0.41986206875 0.4197901046875 0.41296551875 0.240914025 0.0391724140625 0.23781212968749998
0 0.5302068953125 0.30605387031250003 0.64468965625 0.2957142109375 0.6405517234375 0.0113736234375 0.40744827656249993 0.02171328125 0.4184827578125 0.299850075 0.43227586249999994 0.35982009062500003 0.513655171875 0.3629219875 0.5302068953125 0.30605387031250003
0 0.6405517234375 0.0113736234375 0.6502068953125 0.299850075 0.8722758625000001 0.2895104171875 0.8750344812499999 0.013441554687500001 0.6405517234375 0.0113736234375
0 0.5288275859375 0.3050199046875 0.5205517234375 0.468386496875 0.8819310343750001 0.4642506328125 0.8805517234375 0.29778214375 0.5288275859375 0.3050199046875
0 0.521931034375 0.46735253125 0.52331034375 0.6286511921875 0.87641379375 0.6234813625 0.8750344812499999 0.46631856562499996 0.521931034375 0.46735253125
0 0.52468965625 0.6317530890625 0.53158620625 0.7951196828125 0.8708965515625 0.7889158875 0.8777931046875 0.62554929375 0.52468965625 0.6317530890625
0 0.5288275859375 0.7961536484375 0.5302068953125 0.9450447203125 0.8584827578124999 0.9460786859375 0.8667586203125 0.79098381875 0.5288275859375 0.7961536484375
0 0.5177931046875 0.6948250015624999 0.2984827578125 0.6937910359374999 0.30124137968750003 0.9440107531249999 0.5150344812500001 0.948146615625 0.5177931046875 0.6948250015624999
0 0.0791724140625 0.950214546875 0.29986206875 0.9398748906250001 0.29158620625 0.68862120625 0.0695172421875 0.6958589671875 0.0791724140625 0.950214546875
0 0.29434482812499996 0.68448534375 0.29158620625 0.42702786562500006 0.0612413796875 0.42599390000000004 0.07641379375 0.691723103125 0.29434482812499996 0.68448534375
0 0.29158620625 0.42599390000000004 0.29572413750000004 0.686553275 0.5177931046875 0.691723103125 0.51641379375 0.4301297625 0.29158620625 0.42599390000000004