0 0.9439255843750001 0.30987693906249997 0.960551659375 0.12545816875 0.797541525 0.09313705 0.7839467015625 0.12374584687500001 0.7739664109375 0.2489289890625 0.77826875 0.264920375 0.9439255843750001 0.30987693906249997
0 0.780256678125 0.26531453437499997 0.762966025 0.45565686875000005 0.9375714390625 0.49330472968750005 0.953865225 0.31184773906249996 0.780256678125 0.26531453437499997
0 0.783626025 0.09037793125 0.6245917484375 0.05884513125 0.6056512640625 0.22766667499999999 0.7689936859375 0.2570260125 0.7836144125 0.126707628125 0.783626025 0.09037793125
0 0.6096271203125 0.2284549953125 0.592009984375 0.40359426093749995 0.754355540625 0.44183894375 0.7599928421875 0.42781835468749996 0.7819123171875 0.2686704765625 0.76700575625 0.2566318515625 0.6096271203125 0.2284549953125
0 0.9176282796875 0.6891764640625 0.92759695625 0.6003230203125 0.936895246875 0.5355579890625 0.9395593671875 0.4936988890625 0.764953953125 0.456051028125 0.7410349359375 0.651134446875 0.9176282796875 0.6891764640625
0 0.5670999046875 0.5893981734375 0.5680909671875 0.5986776765624999 0.7403761656250001 0.6388931578125 0.7573113015625 0.524172003125 0.76429518125 0.44380974375 0.5900220546875 0.4032001015625 0.5670999046875 0.5893981734375
0 0.7353918265625 0.68331988125 0.742031803125 0.6422491 0.5680909671875 0.5986776765624999 0.54317508125 0.8026464390625 0.7138046390625 0.8395059796875 0.7353918265625 0.68331988125
0 0.7407026453125 0.6540962265625 0.7373797546875 0.683714040625 0.7274052703125 0.790732334375 0.7267232703125 0.8511504437499999 0.9049722546875 0.8925484046875001 0.9103004953125 0.8088302031250001 0.925241896875 0.711879734375 0.9279002109375 0.688185484375 0.7407026453125 0.6540962265625
0 0.8857198359374999 1 0.8930330703125 0.9265131421874999 0.8980116 0.9002512687499999 0.8950326125 0.8905776062499999 0.72639098125 0.8541122250000001 0.7194303296875 0.8618150874999999 0.7023945234375 1 0.8857198359374999 1
0 0.7026313140625 1 0.7114670015625 0.8965681468750001 0.586559796875 0.8687742859375 0.5799314343749999 0.8735153671875 0.5639277953125 1 0.7026313140625 1
0 0.5452991953125 1 0.5590610875 0.8602942640625001 0.5415020203124999 0.8537850421875 0.5230860359375 1 0.5452991953125 1
0 0.49060753593750006 1 0.338354575 0.9618612953125 0.334075703125 1 0.49060753593750006 1
0 0.5208881640625 1 0.5232319203125 0.9985181734375 0.5395140921875 0.8533908828125 0.361265109375 0.8119929203125 0.340342503125 0.9622554546875 0.490659678125 1 0.5208881640625 1
0 0.331757421875 1 0.334046428125 0.96403475625 0.222395953125 0.9267587296875 0.21807038437499998 0.9834267390625 0.3016568953125 1 0.331757421875 1
0 0.338354575 0.9618612953125 0.3589448921875 0.8145605421875001 0.23735477343750003 0.7753137171875 0.2220636640625 0.9297205125 0.338354575 0.9618612953125
0 0.5166674328124999 0.8034459203125 0.5428427921875 0.8056082203124999 0.564441590625 0.6130924249999999 0.392488684375 0.5699151609374999 0.36459380937499997 0.7642102578125 0.5166674328124999 0.8034459203125
0 0.25662174375 0.6216952390625 0.2433359796875 0.7220016499999999 0.2420068234375 0.7338487765624999 0.3622735921875 0.7667778796875 0.387515959375 0.5780121859375 0.26691690156250003 0.5480448640625 0.25662174375 0.6216952390625
0 0.55847780625 0.6119099453125 0.5634563375 0.585648071875 0.5780886781250001 0.418999990625 0.4150785453125 0.386678871875 0.39083304375 0.5665592203125 0.55847780625 0.6119099453125
0 0.414413965625 0.392602434375 0.289174471875 0.3677703546875 0.2649289734375 0.547650703125 0.3871836703125 0.5809739671874999 0.414413965625 0.392602434375
0 0.4247207390625 0.282622359375 0.4147520625 0.371475803125 0.4150785453125 0.386678871875 0.5820645343749999 0.41978831093749996 0.6043221062499999 0.23951380000000003 0.4389917546875 0.209760303125 0.4247207390625 0.282622359375
0 0.4326956796875 0.2115396046875 0.2792928984375 0.18415106718750002 0.2643514984375 0.2811015359375 0.2974817046875 0.2937258171875 0.28950676249999996 0.3648085734375 0.4127583265625 0.38924649218749996 0.4144197734375 0.37443758437499997 0.4267086671875 0.28301651875 0.4326956796875 0.2115396046875
0 0.2951963265625 0.187304346875 0.42507625625 0.20700118281250002 0.4513038765625 0.0456798421875 0.4463755640625 0.0338243171875 0.31031233281250004 0.0235140625 0.28691813125 0.17052463906249998 0.2951963265625 0.187304346875
0 0.456608890625 0.0346210375 0.4326956796875 0.2115396046875 0.5904066078125 0.23675468125000002 0.6116673109375 0.0653655171875 0.456608890625 0.0346210375