0 0.2042910125 0 0.1801706375 0.17370840625 0.22583031875 0.2017080375 0.33383822812499997 0.21515147968749998 0.3835865859375 0.22985428125000001 0.378532746875 0.1855070828125 0.40764256249999997 0 0.2042910125 0
0 0.4144416765625 0 0.3878107796875 0.20293491874999997 0.3842906171875 0.225367721875 0.59521624375 0.23365695312499998 0.5925719843749999 0.2122311109375 0.6258753421875001 0 0.4144416765625 0
0 0.63024625625 0 0.6038629531249999 0.2040722546875 0.6132401484375001 0.23362710312499999 0.7777657062500001 0.244152809375 0.7835962859375 0.2325143546875 0.8083531265625 0.240613515625 0.8162958031249999 0.21551537812500002 0.849385315625 0.004647034374999999 0.792983075 0 0.63024625625 0
0 0.8204836437499999 0.2143455609375 0.8162594500000001 0.241264925 0.9901887703125001 0.24020997500000002 0.9979872593750001 0.0168904890625 0.853338478125 0.0049727390625 0.8204836437499999 0.2143455609375
0 0.2218771578125 0.2013823328125 0.13618015156250002 0.1988662421875 0.098866446875 0.43665394687500003 0.16804677343750002 0.4423537796875 0.1694911921875 0.4076311125 0.3013535875 0.409406246875 0.329495071875 0.408695140625 0.3524306484375 0.224257603125 0.3377913890625 0.2154771828125 0.2218771578125 0.2013823328125
0 0.10827999531250002 0.44045924999999997 0.0632946453125 0.6761000265625 0.136428134375 0.6821255640625 0.16630487031250002 0.44069540781249994 0.10827999531250002 0.44045924999999997
0 0.35464190625 0.222924934375 0.3310022984375 0.41184903281249996 0.5355288265625 0.422640746875 0.5594031125 0.2322211296875 0.3842906171875 0.225367721875 0.35464190625 0.222924934375
0 0.5707932421875 0.23618928437500003 0.535763503125 0.4211452265625 0.7523841921875001 0.431418534375 0.78590670625 0.2433087 0.5707932421875 0.23618928437500003
0 0.786141384375 0.2418131796875 0.7523841921875001 0.431418534375 0.8042446484375001 0.43266165624999997 0.80055261875 0.49446653906250004 0.9747264015624999 0.507302028125 0.9827338593749999 0.4536907 0.99012840625 0.2419385796875 0.8187053843750001 0.2384367359375 0.786141384375 0.2418131796875
0 0.93342318125 0.7705135765625 0.970773240625 0.5069763234375 0.796834134375 0.492645315625 0.76672271875 0.7355709906250001 0.7648453 0.7475351515625 0.93342318125 0.7705135765625
0 0.3530124703125 0.71814841875 0.3299611796875 0.7374571765625 0.28567986093750003 0.9686113921875 0.4344979203125 0.9808726546875001 0.49234781562499996 0.9785154515625001 0.5309047390625 0.73280513125 0.3530124703125 0.71814841875
0 0.7386803953125 0.7484091109375 0.70611639375 0.7517855531250001 0.53288131875 0.732967984375 0.49240393750000006 0.9785131640625 0.712298765625 0.9695531374999999 0.7426963640625 0.7866113765625 0.7386803953125 0.7484091109375
0 0.9314465999999999 0.770350725 0.7391497499999999 0.7454180703125 0.7446729453125001 0.786774228125 0.7109066453125 0.9696098609374999 0.9074418640624999 0.961601665625 0.9373763437499999 0.77083928125 0.9314465999999999 0.770350725
0 0.8062212296875 0.4328245078125 0.16972586875 0.4061355921875 0.1444336171875 0.6949039875 0.7662533640625 0.7385620312500001 0.8062212296875 0.4328245078125