0 1 0.9414531125 0.9796295046875001 0.8464006265625 0.9354531749999999 0.921228596875 0.9355639609375 0.9150452046875 0.819252965625 0.88976756875 0.840043059375 1 0.9469162593749999 1 1 0.9946348234375 1 0.9414531125
0 0.8416393 1 0.81742566875 0.8874833734375001 0.7173587046875001 0.8716739109375 0.7376499671875 1 0.8416393 1
0 0.9356311765624999 0.9187417296874999 0.9583541656250001 0.8794119234375 0.9239803625 0.7199400328125 0.9086537031249999 0.7486467734375 0.6702846796874999 0.713485634375 0.698998590625 0.8685918109375 0.9356311765624999 0.9187417296874999
0 0.9486215078125 0.7001673937499999 0.9236007171875 0.7113373234375 0.958955384375 0.8756478375000001 0.97878306875 0.8489550546875 0.9486215078125 0.7001673937499999
0 0.9064031874999999 0.747639790625 0.9236007171875 0.7113373234375 0.9429616171875 0.6958016781249999 0.9160550765625001 0.5664360671875001 0.8775984187500001 0.5752606453125 0.7636960125 0.5719594890625 0.7893129765625 0.7286131124999999 0.9064031874999999 0.747639790625
0 0.7613782828125 0.567255984375 0.6575695828125 0.5666379796875 0.681960465625 0.7172433234375 0.7879761109375 0.7287482296875 0.7613782828125 0.567255984375
0 0.8763723375 0.5692123671875 0.9089911078125 0.558508946875 0.878896759375 0.4134178109375 0.8437586171874999 0.408328146875 0.62497950625 0.41933020625 0.649971609375 0.566171465625 0.8763723375 0.5692123671875
0 0.9052108484374999 0.4119926859375 0.878896759375 0.4134178109375 0.9124004843750001 0.5618676812500001 0.9297125171875 0.5564146328125 0.9052108484374999 0.4119926859375
0 0.5976024609375 0.26408891562500003 0.6225945609375 0.410930175 0.7228158828125 0.41067631875000005 0.6949484046875 0.2530157125 0.5976024609375 0.26408891562500003
0 0.7228158828125 0.41067631875000005 0.836271428125 0.4016782375 0.8810800578125001 0.4107282625 0.9003973890625 0.405072540625 0.8723319859374999 0.273355178125 0.8033888453125 0.22600791718750002 0.6956604093750001 0.2430682359375 0.7228158828125 0.41067631875000005
0 0.5935246515625 0.260797740625 0.8032108453125 0.22849478437499998 0.8505388484375 0.2533378953125 0.825523103125 0.0929201875 0.7921309859375001 0.060024096875 0.7466551046875 0.056578140624999995 0.5685997640625 0.11765300625 0.5935246515625 0.260797740625
0 0.8769437984374999 0.2691857453125 0.8853645609375 0.253521378125 0.86093010625 0.11279595625000001 0.8246094546875 0.091778090625 0.8546166609375 0.25662906875 0.8769437984374999 0.2691857453125
0 0.5955299484375 0.260595065625 0.5050027578125 0.27838572968749997 0.5329573765625 0.4162864921875 0.6192523999999999 0.4112679671875 0.5955299484375 0.260595065625
0 0.4529234609375 0.42190664375000003 0.47296767656250005 0.5544347109375 0.6494811765625 0.56375215625 0.6222385609375001 0.41590391562500006 0.4529234609375 0.42190664375000003
0 0.4318983875 0.2845399546875 0.45285624843749994 0.4182101171875 0.530283646875 0.4165567265625 0.5045795421875 0.279662946875 0.4318983875 0.2845399546875
0 0.4079780109375 0.15981029062500002 0.4299603046875 0.28843915625 0.592187784375 0.2609328578125 0.5668396812500001 0.11906533593749999 0.4079780109375 0.15981029062500002
0 0.4785603515625 0.5551038968750001 0.49976342812499996 0.689983715625 0.5857260937500001 0.7035153828125 0.559219128125 0.5592961109375 0.4785603515625 0.5551038968750001
0 0.560132775 0.56043820625 0.587486178125 0.7021030515625 0.6793975234375 0.7113301625 0.6555642859375 0.5668406546875 0.560132775 0.56043820625
0 0.5002538609375 0.692403028125 0.517735128125 0.8190179328125 0.6974837265625 0.8712137999999999 0.66810138125 0.71617518125 0.5002538609375 0.692403028125
0 0.521077290625 0.8186801390625 0.5447088828125 0.9520800703125 0.6221163546875 0.973883046875 0.5981287609375 0.84545685625 0.521077290625 0.8186801390625
0 0.7209537234375001 1 0.7328782421875 0.9886115703125 0.7169354859375 0.872951128125 0.5981287609375 0.84545685625 0.6235876499999999 0.98114098125 0.6752258515625 1 0.7209537234375001 1
0 0.5191392078125 0.822579340625 0.39242207812499996 0.7897123796875001 0.4077399703125 0.8955604562499999 0.5403622078125 0.934002790625 0.5191392078125 0.822579340625
0 0.36582796875 0.6652529484375 0.38627175468749997 0.78292735 0.45066657499999996 0.8011077625 0.42868428124999997 0.6724788953124999 0.36582796875 0.6652529484375
0 0.427837846875 0.675033325 0.45066657499999996 0.8011077625 0.51481618125 0.8180785125 0.49811413125000004 0.685212653125 0.427837846875 0.675033325
0 0.34052715624999996 0.5505383265625 0.36393345625 0.6592722281250001 0.4976909140625 0.686489865625 0.4790507828125 0.5575232109375 0.34052715624999996 0.5505383265625
0 0.3291962140625 0.4307084453125 0.34981799687500004 0.545895978125 0.4067692015625 0.5475465578125001 0.3897347953125 0.433230884375 0.3291962140625 0.4307084453125
0 0.38882114687499997 0.43208878906250003 0.4067692015625 0.5475465578125001 0.47363610781250004 0.5543671531250001 0.453481109375 0.42802248125000003 0.38882114687499997 0.43208878906250003
0 0.29799029374999997 0.310418453125 0.3211078078125 0.42782262343750005 0.453591896875 0.421839084375 0.43076316718749996 0.2957646484375 0.29799029374999997 0.310418453125
0 0.408602871875 0.1696226515625 0.392426059375 0.1638510078125 0.33525328593750003 0.1745672234375 0.3593516625 0.29681001406249996 0.4300947359375 0.2958322078125 0.408602871875 0.1696226515625
0 0.319990121875 0.1699376734375 0.2754739953125 0.189250196875 0.2974998609375 0.307999140625 0.3596640921875 0.301716196875 0.3360561484375 0.1818927171875 0.319990121875 0.1699376734375
0 0.26453492343749996 0.643395209375 0.31335415 0.6520398859375 0.292443578125 0.54552261875 0.3433552421875 0.5342047734375 0.3438220296875 0.5230476375 0.2540068421875 0.5308908234375 0.244114784375 0.5392972515625 0.26453492343749996 0.643395209375
0 0.3635102421875 0.66054944375 0.3422872375 0.5491259921875 0.3496399953125 0.5483828500000001 0.3431100265625 0.532995115625 0.29268879375 0.5467322718750001 0.3146238 0.64820824375 0.3635102421875 0.66054944375
0 0.3649143203125 0.6641108515624999 0.3187016109375 0.6514994187500001 0.26319805937499996 0.6435303265625001 0.277914734375 0.7531424890625 0.3832183765625 0.7745948796875 0.3649143203125 0.6641108515624999
0 0.2810788984375 0.7552915671875 0.29693079375 0.8536790390625001 0.35112112500000003 0.8753596953124999 0.3333075 0.7672949765625 0.2810788984375 0.7552915671875
0 0.389435915625 0.7850764296875 0.3821267265625 0.7759396515625 0.3333075 0.7672949765625 0.3521019890625 0.880198315625 0.4052442421875 0.8933438203125 0.389435915625 0.7850764296875
0 0.17683581875 0.6448523234375 0.1486235 0.6032639109375 0.10031835156249999 0.610614996875 0.1139396578125 0.6845391171874999 0.15065988125000002 0.6907033203124999 0.199945896875 0.6881908578125 0.20150433125 0.6756889484374999 0.2244762578125 0.6746016171875 0.2156721296875 0.64463045625 0.1826699921875 0.6096983484375 0.1884879625 0.6350335625 0.17683581875 0.6448523234375
0 0.12618053125 0.7684782734375 0.1563508578125 0.7827111140625 0.1616273828125 0.7414413015625 0.1713850125 0.7256418234375 0.192106425 0.7235475078125 0.19642573125 0.691015521875 0.1119343609375 0.6847417921875001 0.12618053125 0.7684782734375
0 0.2945022796875 0.8551589281249999 0.2695338203125 0.7218941156249999 0.25089608281250003 0.8385807328125001 0.2945022796875 0.8551589281249999