0 0 0 0 0.1914893609375 0.258 0.2002503125 0.492 0.2052565703125 0.5 0.20150187812499998 0.502 0.0613266578125 0.502 0.015018773437499999 0.19 0 0 0
0 0.026000000000000002 0.37672090156250004 0.10400000000000001 0.3792240296875 0.364 0.3854818515625 0.502 0.3854818515625 0.5 0.3729662078125 0.5 0.3191489359375 0.5 0.2052565703125 0.26 0.20150187812499998 0.006 0.1914893609375 0.01 0.3366708390625 0 0.34042553125 0.008 0.37171464374999996 0.026000000000000002 0.37672090156250004
0 0.506 0.1126408015625 0.504 0.20400500625 0.504 0.22528160156250002 0.514 0.23153942500000002 0.638 0.23153942500000002 0.9640000000000001 0.2327909890625 0.982 0.2240300375 0.992 0.12640800937500002 0.99 0.048811014062500005 0.986 0.0413016265625 0.784 0.0387984984375 0.784 0.050062578125 0.76 0.05632040000000001 0.74 0.055068835937500005 0.728 0.045056320312499995 0.718 0.0387984984375 0.512 0.0350438046875 0.502 0.048811014062500005 0.502 0.0613266578125 0.512 0.0951188984375 0.506 0.1126408015625
0 0.506 0.40425531875000004 0.528 0.40425531875000004 0.53 0.4005006265625 0.9640000000000001 0.401752190625 0.966 0.3454317890625 0.968 0.341677096875 0.97 0.2928660828125 0.968 0.29161451875 0.968 0.23529411718749998 0.64 0.2327909890625 0.52 0.23404255312500002 0.502 0.22778473125 0.508 0.2628285359375 0.506 0.2953692109375 0.502 0.37171464374999996 0.506 0.40425531875000004
0 0.03 0.5494367953125 0.502 0.5494367953125 0.504 0.405506884375 0.5 0.3854818515625 0.364 0.38798498124999997 0.10600000000000001 0.3829787234375 0.026000000000000002 0.3792240296875 0.026000000000000002 0.44055068906250006 0.024 0.4893617015625 0.026000000000000002 0.4968710890625 0.03 0.5494367953125
0 0.924 0.5682102625 0.962 0.5682102625 0.968 0.40425531875000004 0.532 0.401752190625 0.508 0.4067584484375 0.51 0.5694618265625 0.54 0.57196495625 0.63 0.57196495625 0.924 0.5682102625
0 0.08 0.7284105125 0.49400000000000005 0.7171464328125 0.504 0.712140175 0.504 0.5506883609375001 0.038 0.551939925 0.026000000000000002 0.54818523125 0.014000000000000002 0.554443053125 0.014000000000000002 0.7246558203125 0.04 0.7284105125 0.08 0.7284105125
0 0.526 0.7071339171875 0.576 0.70838548125 0.958 0.7183979968750001 0.958 0.6745932421874999 0.962 0.662077596875 0.962 0.6270337921875 0.9640000000000001 0.5707133921875001 0.924 0.5694618265625 0.638 0.5732165203124999 0.528 0.5707133921875001 0.526 0.6157697125 0.52 0.6170212765625 0.524 0.6570713390625 0.526 0.7071339171875
0 0.064 0.8185231546875 0.06999999999999999 0.8685857328125 0.088 0.869837296875 0.512 0.8598247812500001 0.516 0.758448059375 0.516 0.709637046875 0.504 0.7108886109375 0.49400000000000005 0.7171464328125 0.098 0.729662078125 0.064 0.7334167703125 0.066 0.7647058828125 0.062 0.7709637046875 0.06 0.8122653312500001 0.064 0.8185231546875
0 0.9480000000000001 0.872340425 0.958 0.722152690625 0.5860000000000001 0.7108886109375 0.518 0.712140175 0.512 0.8598247812500001 0.524 0.8635794750000001 0.9480000000000001 0.872340425
0 0.072 0.9974968703125 0.508 1 0.512 0.9674593234375 0.512 0.8610763453124999 0.09 0.8710888609375 0.068 0.8673341671875001 0.064 0.8798498125 0.064 0.9349186484375 0.064 0.9849812265625 0.072 0.9974968703125
0 0.942 1 0.95 0.8798498125 0.952 0.872340425 0.53 0.8635794750000001 0.514 0.8598247812500001 0.516 0.9687108890625 0.512 1 0.942 1