0 0.8599780390625 0.138331571875 0.89197135 0.1337213984375 0.8944322187499999 0.14422951875 0.974240303125 0.1355692953125 0.9724879281250001 0.03859354375 0.8762862015625 0.057838459375 0.8599780390625 0.138331571875
0 0.66540305 0.08866669218749999 0.6576308046875 0.1725293265625 0.68452494375 0.151234425 0.8615633359375 0.1349226046875 0.8784925156250001 0.03926919375 0.7031724921875 0.0489234109375 0.66540305 0.08866669218749999
0 0.6306923062500001 0.1949071078125 0.6612777515625 0.1893743859375 0.6597715796875 0.0849765046875 0.6350393953125 0.08878502031249999 0.6306923062500001 0.1949071078125
0 0.48326347812500003 0.2295095328125 0.6202162234374999 0.20360957812499997 0.6330105140625 0.10302276875000001 0.486424490625 0.1170505046875 0.48326347812500003 0.2295095328125
0 0.8702746828124999 0.27517636562500003 0.9687922468749999 0.2685684296875 0.9700366421875 0.1337265171875 0.900285478125 0.1425053125 0.8702746828124999 0.27517636562500003
0 0.6592161046875 0.169120359375 0.6443929328125 0.28394491875 0.67004504375 0.2929706125 0.871726909375 0.275016034375 0.894787084375 0.1355664890625 0.6990028359375 0.15071398593750002 0.6592161046875 0.169120359375
0 0.6335176265625 0.30239329375 0.656832359375 0.1920211375 0.6278322125 0.1941448921875 0.6335176265625 0.30239329375
0 0.4868428859375 0.3185867859375 0.6263895765624999 0.299946315625 0.622810165625 0.210869065625 0.4818999703125 0.227504109375 0.4868428859375 0.3185867859375
0 0.3110697 0.2334286953125 0.4809356828125 0.21575277656249997 0.4945727796875 0.094591278125 0.310450690625 0.1073732421875 0.3110697 0.2334286953125
0 0.3051373109375 0.34295975 0.4735510703125 0.3254441625 0.4809356828125 0.21575277656249997 0.3110253421875 0.2345115734375 0.3051373109375 0.34295975
0 0.47387116249999994 0.423505109375 0.6317644812500001 0.41577486874999997 0.6437719203125 0.299105215625 0.48107834531250004 0.31814523437500003 0.47387116249999994 0.423505109375
0 0.3052799703125 0.44535220937500003 0.46348379843750004 0.430041821875 0.4735067125 0.3265270421875 0.30518166875 0.341876871875 0.3052799703125 0.44535220937500003
0 0.46252909531249997 0.523931584375 0.6076628953125 0.51006418125 0.6230954875 0.4156539796875 0.4651578109375 0.4244670984375 0.46252909531249997 0.523931584375
0 0.30700793125 0.5443357 0.46398132187499996 0.5237712515624999 0.4663438875 0.4308040375 0.3125410984375 0.4445505515625 0.30700793125 0.5443357
0 0.9686698187499999 0.2715571734375 0.8673702328124999 0.275497028125 0.8438337109375 0.3912835765625 0.9642011890625 0.3806463484375 0.9686698187499999 0.2715571734375
0 0.650157475 0.28438646875 0.6311107 0.3964433890625 0.6531929937500001 0.42203292187499997 0.8417604734375 0.40660420625000004 0.857071584375 0.2798679859375 0.6772618140625 0.293251834375 0.650157475 0.28438646875
0 0.8855933765625 0.3952969875 0.854695421875 0.5496256093749999 0.9496340999999999 0.5888974265625 0.9627735968750001 0.4154970171875 0.9640175453125 0.38512946718749996 0.8855933765625 0.3952969875
0 0.9065511203125001 0.7659646437500001 0.9383362343749999 0.5899784515625 0.8502500296875001 0.5522723593750001 0.814951040625 0.70816485625 0.9065511203125001 0.7659646437500001
0 0.900830934375 0.7644402125 0.9336337078125 0.8000527312499999 0.9494229734375 0.5916836421875 0.9413737609374999 0.5864091546875 0.900830934375 0.7644402125
0 0.7996071640625 0.8004092984375 0.85860528125 0.9129694609375001 0.9169364812499999 0.90064368125 0.9304176843749999 0.8424942124999999 0.9338378671875001 0.797358465625 0.8208486578124999 0.7053577703125 0.7996071640625 0.8004092984375
0 0.82702601875 0.519263009375 0.8690961890625 0.515696271875 0.88409679375 0.39654019687500003 0.9599230046875 0.38062280625 0.8481903875000001 0.39080258125 0.82702601875 0.519263009375
0 0.6352899437499999 0.40029390625000005 0.6124187937500001 0.49983727812499995 0.6279380984375 0.5444770734375 0.8209509703125001 0.52640160625 0.85192605 0.405481884375 0.6573722375 0.425883440625 0.6352899437499999 0.40029390625000005
0 0.8078905296875 0.633485684375 0.83416365625 0.6273510796874999 0.8603828375000001 0.5166582609375 0.8284782421875001 0.519102678125 0.8078905296875 0.633485684375
0 0.6205091265625 0.655251340625 0.8005406859375 0.6364530984375001 0.82385541875 0.5260809421875 0.6352879406249999 0.5415096593750001 0.6205091265625 0.655251340625
0 0.44945706406249997 0.66659031875 0.6177821078125 0.6512404890625 0.632250415625 0.5450789578124999 0.609248196875 0.5066552125 0.45826113749999997 0.5222468218749999 0.44945706406249997 0.66659031875
0 0.3043580375 0.5737337499999999 0.29996659062500003 0.680938715625 0.44664133125000005 0.6647452234375 0.4567645546875 0.5234900312499999 0.3215745421875 0.54164950625 0.3043580375 0.5737337499999999
0 0.7847532296875 0.7395263265625001 0.8095741296875 0.733552053125 0.829895696875 0.6256663171875 0.7991771796875 0.6344476734375 0.7847532296875 0.7395263265625001
0 0.614754171875 0.7604508812499999 0.783256646875 0.7407695375000001 0.7991771796875 0.6344476734375 0.62350229375 0.65276491875 0.614754171875 0.7604508812499999
0 0.44797006875 0.7734746218749999 0.6060851765625 0.76032999375 0.614700225 0.6558926671875 0.44355944999999997 0.6693974015624999 0.44797006875 0.7734746218749999
0 0.282283328125 0.795001059375 0.43027721874999997 0.781895871875 0.4304894234375 0.6708403859375001 0.2766422734375 0.6856697796875 0.282283328125 0.795001059375
0 0.302328946875 0 0.30182605625000003 0.106169475 0.470018025 0.0940682796875 0.47807170625 0 0.302328946875 0
0 0.47672285625 0 0.4715146078125 0.092825071875 0.4830880515625 0.09262529375 0.49240310468750004 0 0.47672285625 0