0 0.07322784843749999 0.038365482812500004 0.057408459375 0.0757711328125 0.0458732265625 0.2258239078125 0.0508713390625 0.232083275 0.090433090625 0.233947440625 0.315310975 0.24855968125 0.3407932953125 0.0730607390625 0.07322784843749999 0.038365482812500004
0 0.044625026562499996 0.233796896875 0.03069386875 0.37369701875 0.03101123125 0.4098550875 0.2883688796875 0.4079262328125 0.30761550937500004 0.31044354687500003 0.3127087875 0.25245296875 0.044625026562499996 0.233796896875
0 0 0.6790522921875 0.0007529953125 0.67950268125 0.27695005781250004 0.6463343328125 0.304622040625 0.49503397656250003 0.3128358171875 0.41711092812499995 0.2926371046875 0.40611940156250004 0.02840904375 0.41374837500000006 0.029651932812499997 0.3676240703125 0.013827231249999999 0.366878403125 0 0.5003421734375 0 0.6790522921875
0 0 0.9133876546874999 0.2458508359375 0.8577117203125001 0.27434786875 0.650227615625 0.0027310828124999997 0.6795958890625 0 0.6790620234375 0 0.9133876546874999
0 0.341383084375 0 0.308720746875 0.023358645312500002 0.30612386874999997 0.06540324843749999 0.343083434375 0.0711607 0.3313313171875 0.158956775 0.35840044375 0.16424818593749999 0.5701615999999999 0.18627416875 0.601059871875 0.027094034375 0.467641240625 0 0.341383084375 0
0 0.38317943125 0.1714396359375 0.3373713671875 0.1712890921875 0.29784148125 0.39833283124999996 0.3391750578125 0.41433614375000005 0.5606150796875 0.412722784375 0.6071211640625 0.19203161875000002 0.38317943125 0.1714396359375
0 0.33886300625 0.4163293890625 0.3143960671875 0.40714469375 0.3062880765625 0.4971204328125 0.284026734375 0.6265882796875 0.313909621875 0.6520917828125 0.5304520078125 0.6181204328125001 0.564782828125 0.43701457968749996 0.552390678125 0.414343196875 0.33886300625 0.4163293890625
0 0.3135975703125 0.65408503125 0.2817365953125 0.6284883156250001 0.25115568593750004 0.8238265218749999 0.2776060234375 0.8712557421874999 0.49560287187499996 0.815265465625 0.52420569375 0.6198340531250001 0.3135975703125 0.65408503125
0 0.7733809968750001 0.173762490625 0.6607357921875 0.18050230625000002 0.6175617812499999 0.4053663828125 0.7130336109375001 0.43195251562500003 0.9107365796875 0.42922065781249996 0.9653612796875001 0.1948563875 0.7733809968750001 0.173762490625
0 0.63807254375 0.41436466093749996 0.596352996875 0.6172098125 0.6805857109375 0.67740151875 0.8757869703125 0.6524643171875 0.9305174578125 0.430152740625 0.7107434718750001 0.43385255312500004 0.63807254375 0.41436466093749996
0 0.601039059375 0.6254624234375 0.566501975 0.8206142140624999 0.6338733624999999 0.912138621875 0.8437515984375 0.8698214484375001 0.8859894578124999 0.6509371140625 0.6782955734375 0.67930155625 0.601039059375 0.6254624234375
0 0.52587173125 0.621920509375 0.49976531093750004 0.8014059453125 0.5067415109375 0.8077585203125001 0.5699345265625 0.7986884953125 0.596770834375 0.6272692546874999 0.5324300953125001 0.618213640625 0.52587173125 0.621920509375
0 0.5685274296875 0.41309561875 0.5344081828125 0.6183068484375001 0.5928146578125 0.6270828390625 0.6348462578125 0.422244440625 0.5952845046874999 0.420380275 0.5685274296875 0.41309561875
0 0.604831028125 0.1939316578125 0.5635293171875 0.40683625156250003 0.5955965562500001 0.418387028125 0.63318021875 0.42015798593750003 0.6383845953125 0.4123714140625 0.6175617812499999 0.4053663828125 0.6539711671874999 0.1982551125 0.638458515625 0.1955162 0.604831028125 0.1939316578125