0 0 0.22931620625 0.0381084265625 0.23467971406250002 0.03802976875 0.17154473125 0.0045612046875 0.162501484375 0 0.1981935703125 0 0.22931620625
0 0.0972077828125 0.1865969046875 0.03802976875 0.17154473125 0.040146671875 0.23466777187500001 0.0941946234375 0.24205055781249998 0.0972077828125 0.1865969046875
0 0.1343589671875 0.198698353125 0.09701084843749999 0.1881379484375 0.09603593437499999 0.2435796609375 0.13377792187499998 0.2510579796875 0.1343589671875 0.198698353125
0 0.176177446875 0.20615278906249998 0.1343589671875 0.198698353125 0.1362100390625 0.2479639515625 0.17533056875 0.2446549734375 0.176177446875 0.20615278906249998
0 0 0.29741821874999996 0.060016978124999995 0.3023064671875 0.064211746875 0.23760655625 0 0.23052329062500002 0 0.29741821874999996
0 0.115827584375 0.2480833703125 0.0662499921875 0.2375946140625 0.0602139140625 0.300765425 0.11097311406249999 0.302007921875 0.115827584375 0.2480833703125
0 0 0.36199438281249996 0.0239980234375 0.361033275 0.0276019859375 0.30095649375 0 0.2977745859375 0 0.36199438281249996
0 0.0239980234375 0.361033275 0.036030559375 0.362502665625 0.036158596875 0.34556313906249997 0.07955255624999999 0.3406892328125 0.0783611859375 0.302198990625 0.0296402328125 0.3009445515625 0.0239980234375 0.361033275
0 0.1128144234375 0.303537025 0.0783611859375 0.302198990625 0.07955255624999999 0.3406892328125 0.11236141562499999 0.3389571234375 0.1128144234375 0.303537025
0 0 0.42010108749999997 0.0103997671875 0.4196287234375 0.0352525828125 0.4164033359375 0.036030559375 0.362502665625 0.0239980234375 0.361033275 0.011374681250000001 0.3641870109375 0 0.36371329375 0 0.42010108749999997
0 0 0.5213400328125 0.0404021625 0.5195457218749999 0.037290826562500004 0.41639139375 0.0124380125 0.4196167828125 0 0.42015724062500004 0 0.5213400328125
0 0.130902559375 0.337308603125 0.036158596875 0.34556313906249997 0.037290826562500004 0.41639139375 0.133482228125 0.4127480453125 0.130902559375 0.337308603125
0 0.38915916093749997 0.292678625 0.4176945953125 0.2925114421875 0.4162373953125 0.24016375625 0.3999314328125 0.240259290625 0.36869805 0.22966306093750002 0.3554150046875 0.22204144062500003 0.13377792187499998 0.2510579796875 0.1325371765625 0.29264224843750003 0.114321003125 0.275810196875 0.1143996625 0.33894518125 0.1310994953125 0.33576756093750004 0.1336791640625 0.411207003125 0.3511117203125 0.399153875 0.3794502203125 0.40052773124999996 0.38915916093749997 0.292678625
0 0.1911439046875 0.407790546875 0.0352525828125 0.4164033359375 0.042440409375 0.51953378125 0.1944521765625 0.50940383125 0.1911439046875 0.407790546875
0 0.1962934875 0.5109329328125 0.34810831875 0.5023440265625 0.39531293437500004 0.4835887953125 0.3953623140625 0.4035142828125 0.3529530296875 0.40068297499999994 0.1911439046875 0.407790546875 0.1962934875 0.5109329328125
0 0 0.616518759375 0.1284601015625 0.6114231359375 0.1265992734375 0.5144210375 0 0.5221972640625 0 0.616518759375
0 0.1284601015625 0.6114231359375 0.36811642187500004 0.600779690625 0.39559828750000003 0.5929192343749999 0.39511600156250004 0.4851298359375 0.3501465640625 0.502332084375 0.12863751875 0.5144090953125 0.1284601015625 0.6114231359375
0 0 0.7082926625 0.04694980625 0.7073738046875 0.0597700828125 0.702679025 0.0546894 0.6149351249999999 0 0.6168090375 0 0.7082926625
0 0.0612175234375 0.7072902109375 0.21263848749999997 0.7017833921875 0.2124220328125 0.6078514375 0.0567276453125 0.6149231828125 0.0597700828125 0.702679025 0.0612175234375 0.7072902109375
0 0.212441553125 0.703324434375 0.3659007609375 0.6978056718750001 0.3987687609375 0.663735546875 0.3976365328125 0.5929072921875 0.37015466875 0.6007677484375 0.2124220328125 0.6078514375 0.212441553125 0.703324434375
0 0 0.79892600625 0.1354016171875 0.796169134375 0.1400689109375 0.7915221234375001 0.1368295390625 0.7053073234375 0.059179278125 0.707302153125 0.0597700828125 0.702679025 0.04694980625 0.7073738046875 0 0.7082926625 0 0.79892600625
0 0.1347912921875 0.705319265625 0.14210715625 0.7915101796874999 0.139281171875 0.7976862921875 0.37795281875 0.7947480609375 0.3996449171875 0.768442859375 0.4012008765625 0.6606415203125 0.3659007609375 0.6978056718750001 0.1347912921875 0.705319265625
0 0 0.890180921875 0.078744134375 0.888894415625 0.076095565625 0.7980564890624999 0 0.799288815625 0 0.890180921875
0 0.231002215625 0.7971489125 0.076095565625 0.7980564890624999 0.080782378125 0.8888824734374999 0.225891671875 0.8849525203124999 0.231002215625 0.7971489125
0 0.22608860625 0.883411478125 0.37836620625 0.8871389734375 0.3931558296875 0.8670337671875 0.39944798125 0.769983903125 0.3799910625 0.7947361203125001 0.231002215625 0.7971489125 0.22608860625 0.883411478125
0 0 0.9656494515625 0.158383259375 0.9669621546875 0.165285734375 0.9607621578125001 0.166388684375 0.88838091875 0 0.890467259375 0 0.9656494515625
0 0.1665856203125 0.886839875 0.16508879999999998 0.9623032 0.390743234375 0.9656007890625 0.4044792859375 0.9378023140625 0.3992705671875 0.8669979421875 0.395194075 0.8670218249999999 0.37836620625 0.8871389734375 0.225891671875 0.8849525203124999 0.1665856203125 0.886839875
0 0.43622598124999995 0.24312642499999998 0.4156465921875 0.24478688437499999 0.41992977812500004 0.29095845625 0.4386678546875 0.2877688953125 0.43622598124999995 0.24312642499999998
0 0.5856678375000001 0.20529353437500003 0.4365509515625 0.22464585312500002 0.4407061 0.287756953125 0.5845648875 0.2776747734375 0.5856678375000001 0.20529353437500003
0 0.587302453125 0.160627178125 0.5869970015625 0.2745807453125 0.761626403125 0.26277839375 0.7660967640624999 0.2596724265625 0.7769873125 0.14257706406249998 0.689342759375 0.1430905609375 0.67487810625 0.1447151953125 0.587302453125 0.160627178125
0 0.9613055546875 0.246209615625 0.9703547921875 0.1275851515625 0.8574635578124999 0.134406121875 0.778434753125 0.14718825156249998 0.7701732546875 0.2596485421875 0.9613055546875 0.246209615625
0 0.58660313125 0.27766283125 0.4407061 0.287756953125 0.4176945953125 0.2925114421875 0.3889622265625 0.2942196703125 0.377608909375 0.39899863125 0.3833297765625 0.40204489062500004 0.39555925 0.401973240625 0.662500496875 0.3850103828125 0.6670793749999999 0.2694918890625 0.5869970015625 0.2745807453125 0.58660313125 0.27766283125
0 0.662500496875 0.3850103828125 0.9679267906250001 0.3650230171875 0.977037884375 0.24478498750000002 0.6670793749999999 0.2694918890625 0.662500496875 0.3850103828125
0 0.5663975109375 0.49952521250000004 0.5734969203125 0.491784175 0.5864946140625 0.39007535625 0.393521003125 0.40198518281249995 0.398276715625 0.508209653125 0.5663975109375 0.49952521250000004
0 0.5892120796875 0.49631176874999994 0.7734419046875 0.4890728359375 0.78150646875 0.3781535875 0.5864946140625 0.39007535625 0.5755351656250001 0.49177223124999997 0.5892120796875 0.49631176874999994
0 0.7734419046875 0.4890728359375 0.95583041875 0.48030480468750003 0.9628483109375001 0.432043134375 0.9679250421875001 0.3650460921875 0.78150646875 0.3781535875 0.7734419046875 0.4890728359375
0 0.4017819203125 0.60828189375 0.6662910531249999 0.5944130624999999 0.6650210296875 0.4927878375 0.5892120796875 0.49631176874999994 0.5755351656250001 0.49177223124999997 0.564359265625 0.499537153125 0.398276715625 0.508209653125 0.4017819203125 0.60828189375
0 0.95583041875 0.48030480468750003 0.662982784375 0.49279977812500003 0.6662910531249999 0.5944130624999999 0.9420449874999999 0.58817779375 0.95583041875 0.48030480468750003
0 0.43031735624999995 0.608114709375 0.42724505781250005 0.6959063750000001 0.594578115625 0.6933861078125 0.5945585953125 0.5979131109375 0.43031735624999995 0.608114709375
0 0.5982607359375 0.696444309375 0.771905465625 0.6923471734375 0.78062973125 0.5922032796875001 0.5945585953125 0.5979131109375 0.594578115625 0.6933861078125 0.5982607359375 0.696444309375
0 0.9420449874999999 0.58817779375 0.7826679765625 0.5921913375 0.773943709375 0.69233523125 0.928653425 0.692968696875 0.9420449874999999 0.58817779375
0 0.425137915625 0.6805198328125 0.41481865000000007 0.6975190703124999 0.4095111734375 0.786863721875 0.6596245515625 0.790018009375 0.6634845890625 0.696062171875 0.5982607359375 0.696444309375 0.5966163609375 0.693374165625 0.42908636875 0.697435478125 0.425137915625 0.6805198328125
0 0.6757140625 0.695990521875 0.6700127124999999 0.788417259375 0.9182847828125 0.7900424453125 0.928653425 0.692968696875 0.6757140625 0.695990521875
0 0.400964321875 0.789993575 0.3995363984375 0.880855384375 0.5583226046875 0.8814649687499999 0.5579092171875 0.78907405625 0.4095111734375 0.786863721875 0.406616290625 0.77764135 0.400964321875 0.789993575
0 0.564437340625 0.8814291437499999 0.7297321515624999 0.878920815625 0.73688094375 0.7911052640625 0.6700127124999999 0.788417259375 0.666920896875 0.780735928125 0.661662796875 0.7900060671875 0.5660621984375 0.7890262906250001 0.564437340625 0.8814291437499999
0 0.56036085 0.8814530265625 0.4219570984375 0.8807240249999999 0.41724042499999997 0.9654455484375 0.4991211875 0.9665160828125 0.6616630921875 0.9570490953125 0.6645082999999999 0.879302953125 0.56036085 0.8814530265625
0 0.9062717625 0.8840460515625 0.9182847828125 0.7900424453125 0.75134559375 0.789480628125 0.744787609375 0.872673053125 0.7560324078125 0.8803066156250001 0.9062717625 0.8840460515625
0 0.7560324078125 0.8803066156250001 0.7341336171874999 0.8604163625 0.7299290875 0.877379771875 0.6645082999999999 0.879302953125 0.6616630921875 0.9570490953125 0.8966548218750001 0.9433623859375 0.9042335187500001 0.8840579937499999 0.7560324078125 0.8803066156250001