0 0 0 0 0.04925373125 0.136 0.0179104484375 0.136 0 0 0
0 0 0.2 0.244 0.16417910468750002 0.33599999999999997 0.15223880625 0.32599999999999996 0.020895521875 0.23399999999999999 0 0 0.04776119375 0 0.2
0 0 0.2 0.014000000000000002 0.3432835828125 0.196 0.3343283578125 0.186 0.17761194062500002 0 0.2
0 0.386 0.3164179109375 0.458 0.3149253734375 0.44800000000000006 0.16119402968750002 0.404 0.14626865625000002 0.194 0.17313432812500001 0.202 0.326865671875 0.22200000000000003 0.329850746875 0.386 0.3164179109375
0 0.356 0 0.36 0.14626865625000002 0.756 0.10447761250000001 0.836 0.14776119375000002 0.8460000000000001 0 0.356 0
0 0.8960000000000001 0.059701492187500003 0.8480000000000001 0.00597015 0.8380000000000001 0.15074626875 0.884 0.17761194062500002 0.8960000000000001 0.059701492187500003
0 0.8539999999999999 0.16417910468750002 0.8400000000000001 0.15223880625 0.756 0.10597015000000001 0.46799999999999997 0.13432835781250002 0.476 0.3104477609375 0.74 0.302985075 0.8539999999999999 0.3104477609375 0.8539999999999999 0.16417910468750002
0 0.9099999999999999 0.1820895515625 0.8560000000000001 0.1656716421875 0.8560000000000001 0.3134328359375 0.908 0.31194029843750004 0.9099999999999999 0.1820895515625
0 0 0.471641790625 0.08399999999999999 0.471641790625 0.06999999999999999 0.34477611874999997 0 0.34626865625000003 0 0.471641790625
0 0.348 0.32537313437500004 0.06999999999999999 0.34179104531250004 0.08399999999999999 0.473134328125 0.358 0.471641790625 0.348 0.32537313437500004
0 0.8099999999999999 0.45522388124999996 0.8140000000000001 0.3104477609375 0.74 0.3044776125 0.362 0.326865671875 0.37 0.474626865625 0.738 0.4820895515625 0.8099999999999999 0.45522388124999996
0 0.9099999999999999 0.31194029843750004 0.8300000000000001 0.3164179109375 0.8220000000000001 0.45522388124999996 0.9039999999999999 0.42835820937499997 0.9099999999999999 0.31194029843750004
0 0 0.5955223875 0.066 0.6 0.054000000000000006 0.477611940625 0 0.473134328125 0 0.474626865625 0 0.5955223875
0 0.238 0.473134328125 0.052000000000000005 0.477611940625 0.066 0.6 0.244 0.6089552234375 0.238 0.473134328125
0 0.45 0.477611940625 0.238 0.47611940312499995 0.242 0.6104477609375001 0.45999999999999996 0.628358209375 0.45 0.477611940625
0 0.8300000000000001 0.573134328125 0.8240000000000001 0.45522388124999996 0.8140000000000001 0.45522388124999996 0.736 0.48358208906250005 0.462 0.474626865625 0.47800000000000004 0.629850746875 0.74 0.64776119375 0.8300000000000001 0.573134328125
0 0 0.7089552234375 0.09 0.722388059375 0.072 0.6014925375 0 0.5970149250000001 0 0.7089552234375
0 0.344 0.620895521875 0.074 0.6 0.092 0.722388059375 0.358 0.7492537312499999 0.344 0.620895521875
0 0.818 0.7253731343750001 0.806 0.5955223875 0.736 0.6507462687500001 0.39 0.622388059375 0.398 0.7597014921875 0.744 0.8059701499999999 0.818 0.7253731343750001
0 0.8240000000000001 0.45373134375 0.828 0.579104478125 0.8939999999999999 0.5432835828125 0.892 0.4328358203125 0.8240000000000001 0.45373134375
0 0 0.7432835828125001 0.004 0.8179104484374999 0.1 0.8373134328124999 0.09 0.7238805968750001 0 0.7074626859375 0 0.7432835828125001
0 0.092 0.7238805968750001 0.1 0.8417910453124999 0.284 0.8686567171874999 0.27 0.7432835828125001 0.092 0.7238805968750001
0 0.49000000000000005 0.773134328125 0.27 0.74477611875 0.286 0.8671641796875 0.49400000000000005 0.9044776125 0.49000000000000005 0.773134328125
0 0.834 0.826865671875 0.834 0.7238805968750001 0.8140000000000001 0.7238805968750001 0.736 0.8104477609374999 0.49000000000000005 0.7761194031249999 0.496 0.9104477609374999 0.75 0.95522388125 0.834 0.826865671875
0 0.882 0.55074626875 0.8039999999999999 0.5925373140625 0.82 0.720895521875 0.8859999999999999 0.6597014921875 0.882 0.55074626875
0 0.828 0.7149253734375 0.8380000000000001 0.828358209375 0.89 0.7567164171874999 0.89 0.6582089546875001 0.828 0.7149253734375
0 0.118 0.8417910453124999 0.006 0.8179104484374999 0.026000000000000002 0.9298507468749999 0.1 0.9417910453125 0.12 0.928358209375 0.118 0.8417910453124999
0 0.384 0.9985074624999999 0.378 0.8850746265625 0.118 0.8432835828125 0.118 0.9298507468749999 0.11599999999999999 0.94626865625 0.384 0.9985074624999999
0 0.808 0.9985074624999999 0.836 0.9671641796875001 0.826 0.8402985078125 0.75 0.95522388125 0.496 0.9104477609374999 0.40599999999999997 0.8940298500000001 0.41600000000000004 1 0.74 0.997014925 0.79 1 0.808 0.9985074624999999
0 0.8460000000000001 0.997014925 0.8960000000000001 0.9626865671875 0.892 0.7567164171874999 0.826 0.8417910453124999 0.836 0.9656716421875 0.8460000000000001 0.997014925
0 0.11599999999999999 0.94626865625 0.124 0.997014925 0.288 0.997014925 0.29 0.980597015625 0.11599999999999999 0.94626865625
0 0.128 1 0.11399999999999999 0.9477611937500001 0.022 0.928358209375 0.046 1 0.128 1