0 0.10068894375 0 0.0683667703125 0.108755959375 0.304619603125 0.1432949875 0.3201524359375 0 0.10068894375 0
0 0.3241854046875 0 0.309040334375 0.142018215625 0.4087388890625 0.160102409375 0.416566775 0.1677582296875 0.5354381296875 0.18932015468750002 0.5519487109375001 0.1881577 0.606036209375 0 0.3241854046875 0
0 0.6100742218749999 0 0.5569556125 0.1849086109375 0.6497299859375001 0.20589412187499997 0.6644820546875 0.210648625 0.7674289984375 0.2314006828125 0.8076918765625001 0.238703915625 0.9010886843750001 0.033230203125 0.717889853125 0 0.6100742218749999 0
0 0.8121126078125 0.23742714375 0.8245688843750001 0.2771021515625 0.8719147109375 0.28776879375000003 0.8885840578125 0.29287106875 0.9146810390625 0.2934474796875 0.9371022265625 0.299593075 0.9749062000000001 0.3064502890625 0.9928477421874999 0.0498742625 0.9049232437500001 0.03392575 0.8121126078125 0.23742714375
0 0.2662866359375 0.3878576671875 0.2851781640625 0.154319034375 0.067780596875 0.110728278125 0.06660825625 0.114672915625 0.0191283796875 0.274430715625 0.0210335734375 0.3496074546875 0.23518275156250001 0.390530346875 0.24364570156249998 0.42324508125 0.2662866359375 0.3878576671875
0 0.40815271875 0.16207472812499998 0.30403343125000004 0.14526730625 0.296523078125 0.15014094375 0.2745419265625 0.387276440625 0.4407591078125 0.4195050078125 0.4854427171875 0.4255314671875 0.5456107 0.1890867 0.5354381296875 0.18932015468750002 0.4146494953125 0.1674104578125 0.40815271875 0.16207472812499998
0 0.755339146875 0.23128636406249997 0.6644820546875 0.210648625 0.6458954265625 0.205198575 0.5717076828125001 0.1896631125 0.5488590890625 0.1917545640625 0.48853233906250004 0.421934603125 0.665667028125 0.4582221265625 0.7311473578125 0.30588669375 0.738071540625 0.302985375 0.7706653 0.308897515625 0.7970919015625 0.24717441718750002 0.7994365859375 0.23928514218750002 0.755339146875 0.23128636406249997
0 0.91409486875 0.2954197984375 0.8885840578125 0.29287106875 0.8713285390625 0.2897411125 0.8220654328125001 0.278726696875 0.8074721296874999 0.280236921875 0.7911692078125 0.3146953375 0.8180111265625 0.3195641578125 0.9067921734375 0.333589396875 0.972272803125 0.3441096 0.9747626671875 0.308502896875 0.9365160546875 0.30156539375 0.91409486875 0.2954197984375
0 0.73423698125 0.30228982968749996 0.631034028125 0.547557684375 0.6265523171875 0.59663219375 0.8796332640625 0.642538225 0.9578385109375 0.5153760265625 0.9610530171875 0.5045600265625 0.9721523921875 0.34583156718749997 0.8218456859375 0.3202597046875 0.73423698125 0.30228982968749996
0 0.1842347421875 0.5891532890625 0.17810438906249998 0.6233782484375 0.45802725625 0.6741531015625 0.47342647656250003 0.62913755 0.5174503031250001 0.4334159265625 0.2837009203125 0.3972523515625 0.1842347421875 0.5891532890625
0 0 0.582333521875 0.1031717078125 0.603550375 0.11984105468749999 0.60865265 0.23144597656250002 0.443897265625 0.23326547031249997 0.3901825734375 0.0120333453125 0.345896271875 0 0.35476273593749996 0 0.582333521875
0 0 0.88622261875 0.024673646875 0.8948722859375 0.104100128125 0.7907966828124999 0 0.769991221875 0 0.88622261875
0 0 0.9070259109375 0.11584827187499999 0.9280394828125 0.1227356484375 0.8232779640624999 0.12593514374999998 0.7989145953125 0.104100128125 0.7907966828124999 0.0265909265625 0.8952200578125 0 0.88594785 0 0.9070259109375
0 0.45756358906249994 0.9068770546874999 0.4744526828125 0.870446321875 0.1303558765625 0.7976378234375 0.1227356484375 0.8232779640624999 0.11968283125000001 0.928735028125 0.3819962078125 0.9763157187499999 0.44049127187500003 0.973250121875 0.45026089375 0.9450466515624999 0.45756358906249994 0.9068770546874999
0 0.69185025 0.914037078125 0.6869128812499999 0.9603357125 0.8277911453125 0.9529525953125001 0.8306393406250001 0.943369140625 0.69185025 0.914037078125