0 0.287224490625 0.063945578125 0.0006938781249999999 0.017142856249999998 0 0.3066666671875 0.2929515421875 0.3136563859375 0.287224490625 0.063945578125
0 0.2855918359375 0.0650340140625 0.2929387765625 0.3121088421875 0.5304897953125 0.3121088421875 0.538036809375 0.1030674859375 0.2855918359375 0.0650340140625
0 0.31824489843750003 0.002993196875 0.31824489843750003 0.06612244843750001 0.5604210515625 0.10329824531250001 0.5623265296875 0.000816325 0.31824489843750003 0.002993196875
0 0.563959184375 0.00408163125 0.5595092015625001 0.12351738125 0.6929387765625 0.13687074999999999 0.704 0 0.563959184375 0.00408163125
0 0.70273469375 0.0014562140625000001 0.69397089375 0.1380457390625 0.8074927953125 0.15523535 0.82881844375 0.0030739687500000003 0.70273469375 0.0014562140625000001
0 0.694571428125 0.302312925 0.7092653062500001 0.14231292499999998 0.5595092015625001 0.12351738125 0.5601227 0.1030674859375 0.5361963203125 0.10143149375 0.5304897953125 0.3219047625 0.6635510203125 0.3262585046875 0.6651836734375001 0.29904761875 0.694571428125 0.302312925
0 0.71008163125 0.143401359375 0.6956340953125 0.2993762984375 0.7925306125 0.302312925 0.808040815625 0.15319727968750002 0.71008163125 0.143401359375
0 0 0.592 0.10191836875 0.5755102046875 0.094571428125 0.3088435390625 0 0.304 0 0.592
0 0.09620408124999999 0.3110204078125 0.10273469375 0.578775509375 0.3876326546875 0.521088434375 0.38942731249999996 0.314243759375 0.09620408124999999 0.3110204078125
0 0.5297297296875 0.3148995140625 0.38942731249999996 0.31130690156249996 0.3868163265625 0.5254421765624999 0.5264081640625 0.49714285625 0.5297297296875 0.3148995140625
0 0.5297297296875 0.32432432499999997 0.5274 0.4976 0.6504897953125 0.476462584375 0.6632016640625 0.325433125 0.5297297296875 0.32432432499999997
0 0.9174285718749999 0.3131972796875 0.7933471937500001 0.3015939015625 0.666 0.297959184375 0.651306121875 0.477551021875 0.7672244906250001 0.5189115656250001 0.8937551015625 0.4884353734375 0.9174285718749999 0.3131972796875
0 0.828205128125 0.0213675234375 0.80235640625 0.20697103437500003 0.8500736375000001 0.2101129125 0.8798775515624999 0.0073469390625 0.828205128125 0.0213675234375
0 0.998 0 0.8823265296875 0.00408163125 0.8491899859375 0.2097201765625 0.9767151765625 0.21621621562499999 0.998 0.1306666671875 0.998 0
0 0.8015102046875 0.2065306140625 0.79417879375 0.30048510156249997 0.8798775515624999 0.3110204078125 0.8953877562500001 0.2119727890625 0.8015102046875 0.2065306140625
0 0.998 0.4266666671875 0.998 0.2186666671875 0.8960498953125 0.21067221093750002 0.8790020796875 0.3110187125 0.91579591875 0.31537415 0.9048 0.4122666671875 0.998 0.4266666671875
0 0.998 0.21600000000000003 0.998 0.13333333281249998 0.9767151765625 0.21621621562499999 0.998 0.21600000000000003
0 0.9321224484374999 0.502585034375 0.9456 0.4192 0.9048 0.41333333281250006 0.8921224484374999 0.4884353734375 0.9321224484374999 0.502585034375
0 0.9461538453125 0.41794871718750004 0.9313061218750001 0.50367346875 0.998 0.5226666671875 0.998 0.42933333281249997 0.9461538453125 0.41794871718750004
0 0.27579591875 0.543945578125 0 0.5893333328125 0.0023265296875 0.8204081625 0.2828169015625 0.7406572765625 0.27579591875 0.543945578125
0 0.5190612234375 0.5004081625000001 0.27416326562500004 0.5461224484375 0.28394366249999997 0.7406572765625 0.50926530625 0.6799999999999999 0.5190612234375 0.5004081625000001
0 0.5288571421875 0.6865306140625 0.5350565421875 0.49886914375 0.5264 0.49786666718749994 0.517764471875 0.5008649359375 0.5088 0.6792 0.5208 0.688 0.5288571421875 0.6865306140625
0 0.648040815625 0.5602721093749999 0.7615102046875 0.52326530625 0.6521224484375 0.476462584375 0.53537964375 0.49886914375 0.5296734703125 0.6854421765625001 0.6286049234375 0.759359125 0.648040815625 0.5602721093749999
0 0.8145714281249999 0.63537415 0.9631428578125 0.5657142859375 0.8145714281249999 0.5123809515625 0.648040815625 0.559183675 0.62926530625 0.76054421875 0.7826086953125 0.8746061765625001 0.8145714281249999 0.63537415
0 0.8137551015625 0.5123809515625 0.997428571875 0.58095238125 0.9966122437499999 0.5265306140625 0.8953877562500001 0.4862585046875 0.8137551015625 0.5123809515625
0 0.998 0.9973333328124999 0.998 0.7333333328125 0.998 0.5786666671875 0.963427109375 0.56606990625 0.8157082734375001 0.6358111281250001 0.7829867687500001 0.8761184609375 0.9460000000000001 0.9973333328124999 0.998 0.9973333328124999
0 0.12232652968749999 0.985850340625 0.1116504859375 0.7909385125 0.0006938781249999999 0.8214965968750001 0 0.9973333328124999 0.11200000000000002 0.9973333328124999 0.12232652968749999 0.985850340625
0 0.37048979531250004 0.717006803125 0.11171428593749999 0.7910204078125 0.121495328125 0.9844236765625001 0.369014084375 0.8916431921875001 0.37048979531250004 0.717006803125
0 0.5196 0.6888 0.5096 0.6799999999999999 0.3702 0.7162666671875 0.368240815625 0.8922448984375 0.382 0.8898666671875001 0.519 0.8469333328124999 0.5196 0.6888
0 0.7092614296875001 0.8184447046875001 0.5298 0.6864 0.5198 0.6882666671875 0.5187999999999999 0.8501333328125 0.688 0.9973333328124999 0.7092614296875001 0.8184447046875001
0 0.70812854375 0.8196597359375 0.685531065625 0.9970207125 0.939531065625 0.9970207125 0.70812854375 0.8196597359375
0 0.52 0.9973333328124999 0.6904897953125 0.9956462593750001 0.5190612234375 0.8497959171874999 0.52 0.9973333328124999
0 0.28952244843749997 0.9188424453125 0.2934 0.9988968671875 0.52 0.9973333328124999 0.518093878125 0.84809414375 0.28952244843749997 0.9188424453125
0 0.034979592187500005 0.002993196875 0.034163265625 0.0247619046875 0.31824489843750003 0.0682993203125 0.317428571875 0.000816325 0.034979592187500005 0.002993196875
0 0.292 0.9973333328124999 0.2884735203125 0.91962616875 0.12211837968749999 0.9844236765625001 0.11200000000000002 0.9973333328124999 0.292 0.9973333328124999