0 0.31049710468749997 0.3946904421875 0.3048664734375 0.1189044515625 0.25016891874999997 0.1130270453125 0.0981418921875 0.1107665046875 0.05631435 0.1057933140625 0.0016167953125 0.10488909843750001 0.0016167953125 0.3978551984375 0.28958333281250004 0.3969509828125 0.31049710468749997 0.3946904421875
0 0.6808943078125 0.39591306249999997 0.70058435 0.1299480203125 0.6580284562500001 0.12102302031250001 0.5182926828125 0.11531101875000001 0.50813008125 0.11995201874999999 0.3245680890625 0.11602501875 0.306148375 0.1242360203125 0.311229675 0.3923430625 0.3283790640625 0.3991260640625 0.6808943078125 0.39591306249999997
0 0.9972052859374999 0.3944850625 0.9978404484375 0.1303050203125 0.7793445125 0.12530702031250002 0.7012195125 0.1338750203125 0.6853404484375 0.3880590625 0.7234502046875 0.3998400640625 0.9972052859374999 0.3944850625
0 0.9979166671874999 0.49648711875 0.9979166671874999 0.39461358281250003 0.7228150421875 0.3998400640625 0.6853404484375 0.3880590625 0.6821646328125001 0.39519906250000003 0.6700965437499999 0.39698406249999996 0.6535823171875 0.6186811 0.6751778453124999 0.6322471000000001 0.97878556875 0.609756096875 0.9979166671874999 0.49648711875
0 0.94004065 0.8078911281250001 0.97052845625 0.6197521 0.9622713421875 0.610827096875 0.6732723578125 0.6322471000000001 0.6529471546875001 0.6176100984375 0.6415142265625 0.6272491 0.6294461375 0.8093191296875 0.6567581296875 0.8303821328125001 0.94004065 0.8078911281250001
0 0.6110264234375 0.9838921562499999 0.6294461375 0.994245159375 0.9032012187499999 0.9753241562499999 0.9273373984375001 0.8103901296875 0.6548526421875 0.8303821328125001 0.6243648375 0.8103901296875 0.6110264234375 0.9838921562499999
0 0.550685975 0.9985291593750001 0.6091209359375 0.995673159375 0.621189025 0.81860113125 0.3874491875 0.8343091328125001 0.3887195125 0.9971011593749999 0.550685975 0.9985291593750001
0 0.6218241875 0.81824413125 0.6357977640625 0.6218941 0.3976117890625 0.6322471000000001 0.4001524390625 0.8021791281249999 0.3849085375 0.8189581312499999 0.386814025 0.8350231328125 0.6218241875 0.81824413125
0 0.3080538625 0.413049065625 0.3982469515625 0.4837350765625 0.4033282515625 0.6304621 0.6472306921875 0.6201091 0.6459603671874999 0.58583709375 0.65866361875 0.530502084375 0.6523119921875 0.47159707500000003 0.66056910625 0.467313075 0.6720020328125 0.3962700625 0.3194867890625 0.3976980625 0.311229675 0.4012680640625 0.3080538625 0.413049065625
0 0.38656069375 0.800720175 0.4016136796875 0.800720175 0.3992052015625 0.48429018125 0.2980491328125 0.40272908125000006 0.0024084765625000002 0.4034059375 0.0012042390625 0.8413315109375 0.3883670515625 0.8145957140625001 0.38656069375 0.800720175
0 0.38475433593749997 0.816287853125 0.0018063578125 0.8420083671875 0.0012042390625 0.998362009375 0.3883670515625 0.9973467265625 0.38475433593749997 0.816287853125