0 0.5946153609375 0.591578621875 0.62463561875 0.6874390406249999 0.81155874375 0.6579563312500001 0.79111569375 0.5559912796875001 0.5946153609375 0.591578621875
0 1 0.5116842078125 0.836369065625 0.5432295140625001 0.8620682000000001 0.6506900953125 1 0.6249521859375 1 0.5116842078125
0 1 0.678512265625 0.9851509765625 0.6277229953125001 0.692983159375 0.676844240625 0.7205614421875 0.7774778640625 1 0.7325038875 1 0.678512265625
0 0.692701746875 0.6758173640625 0.384665721875 0.735455290625 0.42285151406250004 0.8405858765625001 0.721405675 0.7805584875 0.692701746875 0.6758173640625
0 0.5889594515625001 0.694096171875 0.5672954140625001 0.594517721875 0.357464190625 0.629354440625 0.386730940625 0.7361493078125 0.5889594515625001 0.694096171875
0 0.6470254718749999 0.8991380609374999 0.62151240625 0.7991984515625 0.41336965000000003 0.8401964124999999 0.44629935937500004 0.9398314687499999 0.6470254718749999 0.8991380609374999
0 0.6247986140624999 0.797505865625 0.650216334375 0.9039395718750001 0.8608010625 0.8581684046875001 0.8376346296875001 0.7599496875 0.6247986140624999 0.797505865625
0 1 0.7328906578125001 0.861668371875 0.7587031734374999 0.8869000265625001 0.857615909375 1 0.8377870218749999 1 0.7328906578125001
0 0.4159976921875 0.842944178125 0.1115292828125 0.9019163906250001 0.1469009640625 0.9967782375 0.44151075625 0.9428837859374999 0.4159976921875 0.842944178125
0 0.41571628125000004 0.841917303125 0.3868216671875 0.7501643796875 0.0852627125 0.81291123125 0.12457876406249999 0.9016401406250001 0.41571628125000004 0.841917303125
0 0.0590914828125 0.7174119734375 0.0879860953125 0.809164896875 0.39189168125 0.7481389359375 0.3487358328125 0.618030525 0.094214059375 0.667682753125 0.0590914828125 0.7174119734375
0 0.3313883046875 0.5273610843750001 0.359248 0.6290215828125 0.6585510515624999 0.5785689125 0.6340729046875 0.46872172812499996 0.3313883046875 0.5273610843750001
0 0.6444943453125 0.465697715625 0.6677515046875 0.5779315046875 0.9909975718749999 0.51221725 0.9662380140625 0.4013431890625 0.6444943453125 0.465697715625
0 0.7553995640625 0.3230324625 0.78513379375 0.4383751765625 0.9772222749999999 0.400372925 0.9504928390625 0.28231075 0.7553995640625 0.3230324625
0 0.7711447375 0.4420649015625 0.7438524796875 0.3219489796875 0.51815305 0.3673023796875 0.5538015281249999 0.483700271875 0.7711447375 0.4420649015625
0 0.5395310624999999 0.4863631234375 0.497686925 0.3678831796875 0.2892627578125 0.407854265625 0.33223253750000004 0.5304417046875 0.5395310624999999 0.4863631234375
0 0.5752626078125 0.23359594687500002 0.61870448125 0.3442220625 0.9365037828125 0.286000475 0.9143768812499999 0.1573650109375 0.60127084375 0.21902837968750002 0.5752626078125 0.23359594687500002
0 0.6067806453125 0.3486058046875 0.5819303609375 0.223716675 0.26084485625 0.283630846875 0.3041913875 0.40075106250000003 0.6067806453125 0.3486058046875
0 0.0831621453125 0.5520920953124999 0.0669171859375 0.5680760015625 0.10078647031250001 0.6642975812499999 0.352022040625 0.6163379375 0.3251972609375 0.5047698609375 0.0831621453125 0.5520920953124999
0 0.11433573593749999 0.5290049859375 0.118556903125 0.5444080921875 0.3290462875 0.505131021875 0.3257646984375 0.4863144390625 0.11433573593749999 0.5290049859375
0 0.0842201375 0.439638665625 0.1158381328125 0.5276452546875 0.3239808890625 0.4866472953125 0.2979957296875 0.3986690109375 0.0842201375 0.439638665625
0 0.26687290468749997 0.1961552453125 0.299149065625 0.27972148125 0.558740853125 0.228043809375 0.5335045843749999 0.1496402453125 0.26687290468749997 0.1961552453125
0 0.66107609375 0.2046306359375 0.6458845109375 0.12867028281249998 0.5967821109375 0.1410708890625 0.54908215 0.17911502968749998 0.558740853125 0.228043809375 0.66107609375 0.2046306359375
0 0.6598551078125 0.20701724062500002 0.9176630875 0.1556724234375 0.9092207562500001 0.1248662125 0.8873614203125 0.05878513125 0.7027849265625 0.08998873125 0.644100703125 0.1290031390625 0.6598551078125 0.20701724062500002