0 0.8619999999999999 0.608 0.6940000000000001 0.654 0.706 0.5559999999999999 0.6639999999999999 0.572 0.682 0.8619999999999999 0.85 0.8 0.8619999999999999 0.608
0 0.9640000000000001 0.54 0.876 0.5559999999999999 0.8640000000000001 0.61 0.844 0.8119999999999999 0.978 0.77 0.9640000000000001 0.54
0 0.974 0.638 0.984 0.85 0.9960000000000001 0.852 0.9960000000000001 0.642 0.974 0.638
0 0.962 0.43600000000000005 0.968 0.638 0.998 0.644 1 0.43 0.962 0.43600000000000005
0 1 0.21600000000000003 0.958 0.22400000000000003 0.9640000000000001 0.442 1 0.43 1 0.21600000000000003
0 0.998 0.20600000000000002 0.994 0.002 0.8779999999999999 0.046 0.944 0.086 0.958 0.22200000000000003 0.998 0.20600000000000002
0 0.706 0.01 0.726 0.248 0.8779999999999999 0.26 0.8720000000000001 0.036 0.764 0.002 0.728 0.002 0.706 0.01
0 0.96 0.31 0.9460000000000001 0.096 0.8779999999999999 0.05 0.876 0.254 0.89 0.254 0.8960000000000001 0.304 0.96 0.31
0 0.6599999999999999 0.5700000000000001 0.46799999999999997 0.5900000000000001 0.49000000000000005 0.916 0.686 0.86 0.6599999999999999 0.5700000000000001
0 0.654 0.568 0.636 0.272 0.454 0.262 0.454 0.282 0.47000000000000003 0.588 0.654 0.568
0 0.43600000000000005 0 0.45599999999999996 0.26 0.638 0.272 0.722 0.252 0.7 0 0.508 0 0.43600000000000005 0
0 0.454 0.286 0 0.254 0.006 0.692 0.47400000000000003 0.624 0.454 0.286
0 0.49000000000000005 0.974 0.49400000000000005 0.9179999999999999 0.47000000000000003 0.632 0 0.7 0.006 0.994 0.414 0.998 0.49000000000000005 0.974
0 0.504 0.93 0.49800000000000005 0.992 0.9800000000000001 0.998 0.974 0.774 0.504 0.93
0 0.454 0.284 0.438 0.002 0.006 0.004 0.006 0.246 0.454 0.284
0 0.712 0.526 0.722 0.48 0.732 0.458 0.722 0.44000000000000006 0.72 0.398 0.72 0.33199999999999996 0.728 0.282 0.6599999999999999 0.27 0.646 0.27999999999999997 0.6599999999999999 0.562 0.708 0.558 0.712 0.526