0 0 0.9798873953125 0.20646005625 0.92462143125 0.2150762265625 0.8990810421875001 0.2009985140625 0.5255941749999999 0.0382679640625 0.54962651875 0 0.57005193125 0 0.9798873953125
0 0 0.5682703296875 0.0361091375 0.5474011187500001 0 0.5544976328125 0 0.5682703296875
0 0 0.5544944640625 0.042274478125 0.5488391203125 0.029498718750000003 0.299631009375 0 0.3027209015625 0 0.5544944640625
0 0.0444333046875 0.5510645203125 0.2009985140625 0.5255941749999999 0.193978790625 0.373292728125 0.21000485000000002 0.3701431328125 0.2024011234375 0.2762492640625 0.0315019765625 0.299237309375 0.0444333046875 0.5510645203125
0 0.19604194531250002 0.203308190625 0.20162328125 0.26315376874999996 0.20440438125 0.275855565625 0.212008109375 0.3697494328125 0.44284940937500006 0.3323313109375 0.43736623750000003 0.17177886874999998 0.19604194531250002 0.203308190625
0 0.43752180625000003 0.1743979671875 0.44300497656250004 0.3349504109375 0.6598234749999999 0.300288184375 0.6529593218749999 0.1506058375 0.43752180625000003 0.1743979671875
0 0.19197553437499998 0.3736864265625 0.20521799999999998 0.6307518375 0.21153890937500003 0.6348089375 0.52373591875 0.5681536484375 0.5132745515625 0.323790034375 0.19197553437499998 0.3736864265625
0 0.8120494062500001 0.50884185 0.794352853125 0.2791485296875 0.5132745515625 0.323790034375 0.5240470546875 0.573391846875 0.8120494062500001 0.50884185
0 0.2055291375 0.635990034375 0.21523179374999998 0.9017001406249999 0.434812259375 0.8452977234375 0.4283765421875 0.6345886984375 0.5222185015624999 0.6108466328125 0.521888228125 0.571166446875 0.2055291375 0.635990034375
0 0.8043666484375 0.550096834375 0.8041919453125 0.5130357484375 0.5220437984374999 0.5737855453125 0.5243773265625 0.6130720328125 0.8043666484375 0.550096834375
0 0.4283765421875 0.6345886984375 0.4287259484375 0.7087108703125 0.4797790625 0.7834669578125 0.588110528125 0.7648262953125 0.5826656265625 0.6731578265625 0.5180564171875 0.6090149328125001 0.4283765421875 0.6345886984375
0 0.47993463125 0.78608605625 0.4290370859375 0.7139490687500001 0.43261516406249995 0.7741883484375001 0.47398226250000003 0.8905931171875 0.58816793125 0.8681522578124999 0.5862628390625 0.7678390937499999 0.47993463125 0.78608605625
0 0.434967828125 0.8479168234375001 0.4723284109375 0.965108990625 0.5885173375 0.9422744312500001 0.5843169859375 0.87155875625 0.47398226250000003 0.8905931171875 0.4329263015625 0.7794265453125 0.434967828125 0.8479168234375001
0 0.5205263812500001 0.6164785312500001 0.582510059375 0.6705387265625 0.5864184078125 0.77045819375 0.6901210843750001 0.7421285328125 0.6846761828125 0.6504600625 0.596339021875 0.596279759375 0.5205263812500001 0.6164785312500001
0 0.5983422796875 0.5958860593749999 0.682672925 0.6508537624999999 0.6898099453125 0.7368903328124999 0.7856551609375 0.71275456875 0.778362571875 0.6240988984375 0.6763137484375 0.5779126890625 0.5983422796875 0.5958860593749999
0 0.7582917296875 0.5591519171875 0.6763137484375 0.5779126890625 0.778207003125 0.6214798 0.7878139875 0.71497996875 0.8899801109375 0.6949013046875 0.8903894140625 0.599432640625 0.7582917296875 0.5591519171875
0 0.756288471875 0.5595456171875 0.8902338453124999 0.5968135421875 0.8881324234375001 0.697914103125 0.9395984203125 0.6817065078125 0.9483919843749999 0.5739809171875 0.8063699062499999 0.549703134375 0.756288471875 0.5595456171875
0 0.78581073125 0.7153736687500001 0.79125563125 0.8070421359375001 0.887100846875 0.782906371875 0.885973596875 0.695688703125 0.78581073125 0.7153736687500001
0 0.58425958125 0.76823279375 0.5897044828125 0.8599012609375001 0.6873973859375 0.832752696875 0.6844224484375 0.748547828125 0.58425958125 0.76823279375
0 0.685959 0.74029683125 0.68940064375 0.8323589984374999 0.7914112 0.8096612359375 0.783807471875 0.7157673671875 0.685959 0.74029683125
0 0.887256415625 0.7855254703125001 0.9320488171875001 0.7741929703125 0.9395693250000001 0.6820629375 0.885973596875 0.695688703125 0.887256415625 0.7855254703125001
0 0.58651408125 0.9426681296874999 0.696693234375 0.92101466875 0.6935627281250001 0.8341907000000001 0.5898600515625 0.8625203609375 0.584472553125 0.8741778546875001 0.58651408125 0.9426681296874999
0 0.6914039015625 0.8319652984375001 0.6965376640625001 0.91839556875 0.79269401875 0.899498003125 0.79156676875 0.812280334375 0.6914039015625 0.8319652984375001
0 0.79156676875 0.812280334375 0.79253845 0.8968789046874999 0.8862248375 0.8705177421875 0.8852531578124999 0.7859191703125 0.79156676875 0.812280334375
0 0.8880725265624999 0.8675049421875001 0.925304671875 0.85681215 0.9321712703125 0.772692859375 0.8850975890624999 0.7833000718750001 0.8880725265624999 0.8675049421875001