0 0.9515724296875 0.11279783125000001 0.9345775546875 0.0838427078125 0.8440760734375001 0.094110934375 0.8435542140625 0.10423480624999999 0.8886031078125001 0.17474643750000002 0.8853767781249999 0.3329760421875 0.9143202515625 0.3811873640625 0.9861841515625 0.3857869109375 0.9515724296875 0.11279783125000001
0 0.8867470609374999 0.1748880875 0.8454102609374999 0.10409315625 0.8053305156249999 0.05673173124999999 0.7840245625 0.051635057812499996 0.7213637578125 0.0597785453125 0.77828411875 0.1629976546875 0.7835076390625 0.384448003125 0.8790553953125 0.3838787015625 0.8867470609374999 0.1748880875
0 0.777839390625 0.1596702484375 0.714906165625 0.053548676562499994 0.6462324953125 0.0587897046875 0.6882273671875 0.1765932890625 0.69954088125 0.38749481874999997 0.780240278125 0.3880587109375 0.777839390625 0.1596702484375
0 0.684515278125 0.1768765875 0.6462324953125 0.0587897046875 0.57525805625 0.060844971875 0.5949032546875 0.19379963125 0.5991191546875 0.267427546875 0.6136409484375001 0.4041345625 0.6967182484375 0.39443293281249997 0.684515278125 0.1768765875
0 0.5977078390624999 0.27089660625 0.5930472109375 0.19394128125 0.573402009375 0.060986621875 0.4977488890625 0.0701216546875 0.5012115421875001 0.19422728281249999 0.52640683125 0.41079208281249996 0.6126743625 0.4109310265625 0.5977078390624999 0.27089660625
0 0.5006896843749999 0.20435115625 0.49403680000000005 0.070404953125 0.436499403125 0.07479608125000001 0.416355328125 0.19061928125 0.4157563390625 0.2141944359375 0.4396945703125 0.40732573125 0.52313946875 0.4144027890625 0.5006896843749999 0.20435115625
0 0.41293370781250005 0.22113254843750002 0.415388740625 0.19741574687500002 0.433232040625 0.07840678749999999 0.37569464375 0.08279791875 0.33275617031250004 0.210444784375 0.3429078046875 0.300426440625 0.354915484375 0.39026645000000004 0.364930909375 0.4231155765625 0.435460621875 0.41773290156250004 0.41293370781250005 0.22113254843750002
0 0.3437972625 0.30708125625 0.330900125 0.210586434375 0.3701265078125 0.08322286718750001 0.3163012015625 0.08733069843749999 0.24871228437499998 0.22694287812499997 0.28164026875000003 0.3891359578125 0.287943603125 0.42226838593749993 0.306059325 0.417524484375 0.3570619984375 0.4203547671875 0.3437972625 0.30708125625
0 0.24871228437499998 0.22694287812499997 0.31444515625 0.0874723484375 0.25460698593750003 0.088677721875 0.173581021875 0.22595403749999998 0.1669691703125 0.2466267296875 0.20857839218750002 0.43168671718749996 0.27346284062500004 0.44018026875 0.28742174375 0.4323922578125 0.24871228437499998 0.22694287812499997
0 0.1674139 0.2499541375 0.17313629375 0.2226266296875 0.238270178125 0.1067312546875 0.18912355 0.103759321875 0.0947376703125 0.22524849531250002 0.0769895484375 0.246771084375 0.1126630375 0.41547733124999997 0.12126714375 0.45179551875 0.1963984046875 0.45278435781250004 0.2053110328125 0.4352974234375 0.1674139 0.2499541375
0 0.18355541250000001 0.10418426875 0.138565603125 0.10425644687499999 0.07031861406249999 0.19685996875 0.0734317171875 0.2201518234375 0.0905808515625 0.22220438593749997 0.11768632812499999 0.18652227187499998 0.18355541250000001 0.10418426875
0 0.08816685156250001 0.4005400859375 0.10361419999999999 0.3758317375 0.0774342765625 0.2500984921875 0.0868687625 0.22248768437500002 0.073876446875 0.22347923125000002 0.0689072984375 0.2003290265625 0.12973010625 0.1082921 0.0888971140625 0.11140838593749999 0.00225411875 0.1937184515625 0.0052182859375 0.4484584171875 0.0632850171875 0.45285924062499994 0.08816685156250001 0.4005400859375
0 0.001478384375 0.1270520859375 0.00219035625 0.1882387921875 0.0688482171875 0.12974521875 0.001478384375 0.1270520859375
0 1 0.48365823125 0.9870736093750001 0.3924417265625 0.9166210265625001 0.384373121875 0.8862662359375 0.3396308578125 0.8875232937499999 0.363064359375 0.9109757609375 0.39824935156249996 0.9185771859375 0.6094341796875 1 0.6220984374999999 1 0.48365823125
0 0.9077084 0.40186005781249995 0.8833664750000001 0.3600202515625 0.8795001250000001 0.387206109375 0.8136490890625 0.3855090234375 0.812237771875 0.3889780796875 0.8254073328124999 0.599737959375 0.9190219140625 0.6127615859375 0.9077084 0.40186005781249995
0 0.81119405625 0.40922582500000004 0.802957546875 0.3896863265625 0.7282710171875 0.39202489375 0.7180242015625 0.3995296046875 0.7358724375000001 0.603209721875 0.8230294265625 0.6100034796875 0.81119405625 0.40922582500000004
0 0.7143121125 0.399812903125 0.6953069328125 0.397901990625 0.625666678125 0.40993948125 0.6477488625000001 0.6032124265625 0.7344611234375 0.606678778125 0.7143121125 0.399812903125
0 0.6238106328125 0.41008113125 0.5848336875 0.4130557671875 0.540288603125 0.4164553515625 0.5692731109375 0.619285571875 0.6463375453125 0.6066814828125 0.6238106328125 0.41008113125
0 0.5365765125 0.4167386515625 0.52544024375 0.41758854687499997 0.45728843281250003 0.41270570156249997 0.4936971203125 0.614969325 0.5646715625 0.6129140546875 0.5365765125 0.4167386515625
0 0.45773316093750005 0.4160331078125 0.444740846875 0.4170246546875 0.3769566359375 0.428920496875 0.392599278125 0.5319284859375 0.4115864078125 0.6178744890625001 0.465411715625 0.6137666578125 0.4895403015625 0.6119252140625 0.45773316093750005 0.4160331078125
0 0.39169177187500004 0.609308759375 0.40060439687500005 0.5918218234375 0.3911879609375 0.5353975421875 0.373689275 0.43253120312500004 0.36121881875 0.423398875 0.3083600984375 0.42071024218749997 0.2902443765625 0.42545414531250003 0.3235399609375 0.6044259140625 0.356948771875 0.601876225 0.39169177187500004 0.609308759375
0 0.2920232921875 0.43876377499999997 0.27390756875 0.4435076765625 0.22246016562499998 0.43734998750000004 0.2539768359375 0.6030121234375 0.317971825 0.6048508625 0.2920232921875 0.43876377499999997
0 0.22060412187499998 0.43749163593749996 0.2053110328125 0.4352974234375 0.1963984046875 0.45278435781250004 0.142573096875 0.4568921890625 0.18663735312500002 0.6182353734375 0.2390513453125 0.6175965999999999 0.251154203125 0.6099502390625 0.22060412187499998 0.43749163593749996
0 0.13886100625 0.4571754890625 0.1198558296875 0.455264575 0.1017581546875 0.37597338593749996 0.073087103125 0.442027121875 0.11106136562499999 0.613919125 0.1838918515625 0.6117222078125 0.13886100625 0.4571754890625
0 0.0689302828125 0.4389830109375 0.061873703125 0.45632829687500004 0.0067142078125 0.45045390625000004 0.0447656 0.60889463125 0.107349275 0.614202425 0.0689302828125 0.4389830109375
0 0.0391974640625 0.609319578125 0.005302890625 0.45392296249999997 0.005281728125 0.45391058749999996 0.006173871875 0.53058130625 0.0164801953125 0.6076919640625 0.0391974640625 0.609319578125
0 0.039161367187500004 0.7773897578125 0.07991722812499999 0.78772475 0.0377861484375 0.612788634375 0.016924921875000002 0.611019371875 0.039161367187500004 0.7773897578125
0 0.084074046875 0.7907688578125 0.14621299375000002 0.7927492453125 0.11053950625 0.6240429984375 0.0419429671875 0.6158327453125 0.084074046875 0.7907688578125
0 0.1480690390625 0.7926075953125 0.2199329390625 0.79720714375 0.22097665625000001 0.7769593984375 0.1829252640625 0.618518671875 0.1100947765625 0.6207155921874999 0.1480690390625 0.7926075953125
0 0.18478130937499998 0.6183770234375 0.2228327015625 0.7768177484375001 0.2923958265625 0.7782315375 0.255311021875 0.6129943484375 0.24090738906250003 0.6174549500000001 0.18478130937499998 0.6183770234375
0 0.2924729578125 0.76478025625 0.355056628125 0.77008805 0.3258407359375 0.6076116703125 0.256277609375 0.6061978828125001 0.2924729578125 0.76478025625
0 0.3536814109375 0.60548693125 0.32814150937500003 0.6107974281249999 0.358691590625 0.7832560328125 0.39581249375 0.7804230453125001 0.42268658124999997 0.78509476875 0.4362778859375 0.7605280718749999 0.40282804062500005 0.6084588625 0.38797968125 0.6095920578125 0.3536814109375 0.60548693125
0 0.4807048046875 0.61596086875 0.40646300156250004 0.62162684375 0.4362778859375 0.7605280718749999 0.43939098750000005 0.7838199234375 0.5094759703125 0.775109840625 0.4807048046875 0.61596086875
0 0.563704975 0.61971051875 0.48300557812499995 0.6191466265625001 0.5090312421875 0.771782434375 0.5846072328125 0.7760986828124999 0.563704975 0.61971051875
0 0.6435149124999999 0.613619596875 0.5664504781249999 0.6262236875 0.5887640515625 0.779142790625 0.664784771875 0.7867864453125 0.6435149124999999 0.613619596875
0 0.7326050765625001 0.606820428125 0.6477488625000001 0.6032124265625 0.644404371875 0.6202744124999999 0.6666408140625 0.786644796875 0.7468954828125 0.7838812828124999 0.7326050765625001 0.606820428125
0 0.8160499765625 0.613897484375 0.7363171671875001 0.606537128125 0.749718115625 0.77694316875 0.8280396078125 0.7877725828125001 0.8160499765625 0.613897484375
0 0.9141709296875 0.7307789984374999 0.9108444875 0.6638058953125 0.913453778125 0.613186534375 0.8262967890624999 0.606392775 0.8210962531250001 0.6235964109375 0.8317516968750001 0.787489284375 0.9198752734375001 0.787486578125 0.9141709296875 0.7307789984374999
0 1 0.627347553125 0.9176105968750001 0.6162306421875 0.9089884406250001 0.6639475453125 0.9160269734375 0.7306373500000001 0.92173131875 0.787344928125 1 0.7939829875 1 0.627347553125
0 1 0.7970766296875 0.9198752734375001 0.787486578125 0.9211733640625 0.9655389781249999 1 0.9716833984375001 1 0.7970766296875
0 0.8298776046875 0.8716660218750001 0.8382503234375 0.9483380484374999 0.8414405546875001 0.958178621875 0.917461275 0.965822278125 0.91705264375 0.7944246921875 0.8303403812499999 0.790958340625 0.8298776046875 0.8716660218750001
0 0.7454070359375 0.8008016187500001 0.7522322296875 0.8238101734375001 0.764530378125 0.94388015 0.8391397796875 0.9549928624999999 0.8373608656249999 0.9416832328125 0.8317336484375 0.8715243718749999 0.8266282921875 0.7912416390625 0.75016284375 0.7802705750000001 0.7454070359375 0.8008016187500001
0 0.689843846875 0.9462187156249999 0.7631190625000001 0.94734920625 0.7526769578125 0.8271375828125 0.7473402124999999 0.7872086890625 0.6689415890625 0.78983055625 0.689843846875 0.9462187156249999
0 0.6147125859375 0.945229878125 0.6879877999999999 0.9463603656249999 0.6652294999999999 0.7901138546875 0.591064825 0.7823285484375 0.6147125859375 0.945229878125
0 0.587352734375 0.782611846875 0.5159335656249999 0.7813397078125 0.5405479125 0.937444571875 0.611000496875 0.9455131765625 0.587352734375 0.782611846875
0 0.5117767453125001 0.7782955984375 0.44354780624999995 0.786864034375 0.470984784375 0.9360307828125001 0.539581325 0.9442410359375 0.5117767453125001 0.7782955984375
0 0.4412470328125 0.783678275 0.4330105234375 0.764138778125 0.42268658124999997 0.78509476875 0.3948459046875 0.7872195093750001 0.370272590625 0.7857335437499999 0.397264840625 0.9315728859375 0.46541665 0.93645573125 0.4412470328125 0.783678275
0 0.36656049999999996 0.7860168421875 0.3572802734375 0.786725090625 0.3532005859375 0.7702297 0.297074503125 0.771151775 0.2951413296875 0.784744703125 0.330891946875 0.9399996703125 0.4004550734375 0.9414134578125 0.36656049999999996 0.7860168421875
0 0.29469660000000003 0.7814172953125 0.225578203125 0.7833309140625 0.24835455468749998 0.8555423375 0.26274013749999997 0.935116825 0.323467765625 0.9405662671874999 0.29469660000000003 0.7814172953125
0 0.2487992828125 0.8588697453125 0.22231084218750002 0.7869416203124999 0.218521621875 0.8006762000000001 0.161506084375 0.7949434578125001 0.2001564625 0.9298090296874999 0.2548712296875 0.9323560140625 0.2487992828125 0.8588697453125
0 0.1619508125 0.7982708656249999 0.0998118671875 0.7962904796875 0.132004653125 0.9249261843750001 0.1991898765625 0.9366054953124999 0.1619508125 0.7982708656249999
0 0.0396060953125 0.7807171640624999 0.0462770296875 0.8306282796875 0.0703104359375 0.92627320625 0.12643651875 0.9253511328125 0.097955821875 0.7964321296875 0.0396060953125 0.7807171640624999