0 0.27856755781250003 0.18906183906250001 0.2812422859375 0.18413436249999998 0.3014322109375 0.1852982046875 0.3051422265625 0.109822071875 0.0855551671875 0.062127328125000006 0.0771859453125 0.1421490875 0.27856755781250003 0.18906183906250001
0 0.0550115390625 0.14060339375 0.0456069453125 0.2285891421875 0.26821385468750003 0.26870174687500004 0.278222434375 0.1917165015625 0.0550115390625 0.14060339375
0 0.0456069453125 0.2285891421875 0.0315431453125 0.3211205171875 0.25880926249999997 0.3566874953125 0.26821385468750003 0.26870174687500004 0.0456069453125 0.2285891421875
0 0.0315431453125 0.3211205171875 0.0198089484375 0.4113790796875 0.253718753125 0.44278228124999996 0.259240728125 0.40030766562500003 0.2591543859375 0.35403283124999996 0.0315431453125 0.3211205171875
0 0.25604835625 0.44050946875 0.0198089484375 0.4113790796875 0.013403521875 0.46064914375 0.014689182812500002 0.5048344890625 0.24534953124999997 0.5228040390625 0.25604835625 0.44050946875
0 0.24534953124999997 0.5228040390625 0.014613135937499999 0.50222090625 0.017193315625 0.590895925 0.2406041453125 0.6062441625 0.24534953124999997 0.5228040390625
0 0.24025902187499998 0.6088988265624999 0.0172714046875 0.5935796625 0.0197723859375 0.679532809375 0.232234921875 0.686265921875 0.24025902187499998 0.6088988265624999
0 0.221967396875 0.687011334375 0.01974468125 0.6785806921875001 0.022219396875 0.763631146875 0.21791225781249998 0.7651421296875001 0.221967396875 0.687011334375
0 0.2792578046875 0.1837525125 0.2579464953125 0.3946164859375 0.4828830078125 0.432456278125 0.5057474156249999 0.2409386484375 0.2792578046875 0.1837525125
0 0.244745709375 0.6369728640625001 0.485989446875 0.6589029656250001 0.5129090749999999 0.45183920468750005 0.4828830078125 0.432456278125 0.2619154546875 0.3953801890625 0.2412943921875 0.6009348359375 0.244745709375 0.6369728640625001
0 0.21704965468749998 0.92824045 0.4852995296875 0.9145509515624999 0.5099758125 0.693450171875 0.48400496718749997 0.6585211140625 0.2407767484375 0.6362091640624999 0.23982772031250002 0.6904479890624999 0.21704965468749998 0.92824045
0 0.5073007578125 0.448038990625 0.6955675171875 0.47065962812500006 0.7299936828125 0.2840877671875 0.532581028125 0.237938715625 0.503762934375 0.24055679843750002 0.4828830078125 0.432456278125 0.5073007578125 0.448038990625
0 0.5092852375 0.448420840625 0.50048463125 0.5474070953125 0.689096515625 0.56737306875 0.7018660828125001 0.469150515625 0.5092852375 0.448420840625
0 0.5126505406249999 0.688522696875 0.71558516875 0.69219713125 0.7313745859375 0.5863924359375 0.6910809953125 0.5677549203125001 0.50048463125 0.5474070953125 0.485989446875 0.6589029656250001 0.5126505406249999 0.688522696875
0 0.7255075703125 0.6941063828125 0.7175696484375 0.69257898125 0.5129956625000001 0.6858680328125 0.48771539218750004 0.8959683078125 0.698329078125 0.887514975 0.7255075703125 0.6941063828125
0 1 0.3142733890625 0.8577769234374999 0.2869070453125 0.7859042515625 0.292124921875 0.756051034375 0.4904609875 0.8217977453125 0.5167172265625 0.9991929953125 0.529082771875 1 0.5236838796875001 1 0.3142733890625
0 0.756051034375 0.4904609875 0.7255075703125 0.6941063828125 0.7825398515625 0.7404543796875 0.8178287843750001 0.5159535265625 0.756051034375 0.4904609875
0 0.7855591296875 0.29477958437499996 0.778656578125 0.285288190625 0.74750888125 0.2901790859375 0.7184321703125 0.46689599531250003 0.756051034375 0.4904609875 0.7855591296875 0.29477958437499996
0 0.733359065625 0.5867742875 0.71558516875 0.69219713125 0.7235230890625 0.6937245328125 0.7563961578125 0.48780632500000004 0.7184321703125 0.46689599531250003 0.7003131484375 0.5749735 0.733359065625 0.5867742875
0 0.7296485578125 0.28674243125 0.6982422453125 0.465732153125 0.718087046875 0.469550659375 0.7458695234375 0.287142571875 0.7296485578125 0.28674243125
0 1 0.5334809625 0.996863390625 0.531355584375 0.8194681421875 0.518990040625 0.7832301 0.7351450515625 0.8557931 0.787202515625 0.8746887937500001 0.78267518125 0.923610225 0.5471921140625 1 0.5466846390625 1 0.5334809625
0 0.7513924015625 0.93309926875 0.7865088140625 0.74121808125 0.7235230890625 0.6937245328125 0.698329078125 0.887514975 0.7404346312500001 0.9391540078125 0.7513924015625 0.93309926875
0 0.8268900640625001 1 0.8676999828125 0.7894936203125 0.877018396875 0.78040236875 0.8557931 0.787202515625 0.7865088140625 0.74121808125 0.751737525 0.9304446078125 0.800524059375 1 0.8268900640625001 1
0 1 0.546362590625 0.923610225 0.5471921140625 0.8739985453125 0.7879845078125001 0.9626962515624999 0.85675194375 0.9770189968749999 0.840460403125 1 0.67261605 1 0.546362590625
0 0.9341113875 1 0.9643356093750001 0.859788459375 0.8720140656250001 0.7876026578124999 0.865370378125 0.79176643125 0.8250010796874999 1 0.9341113875 1
0 0.9603460640625 1 0.9809879578125 0.8412241046875 0.9770189968749999 0.840460403125 0.9646807328125 0.8571337968750001 0.9338842671875 1 0.9603460640625 1