0 1 0.04204845625 0.7253350078125 0.0292778140625 0.727840575 0.0770043703125 1 0.0938227421875 1 0.04204845625
0 0.338781965625 0.01238694375 0.3420997390625 0.0601512671875 0.7281253000000001 0.08242784375 0.7252780640625 0.028193118750000003 0.338781965625 0.01238694375
0 0.3354312609375 0.0565950734375 0.33309652500000003 0.012122596874999999 0.262039378125 0.0076245671875 0.0117579828125 0.000342121875 0.0148377234375 0.046017153125 0.3354312609375 0.0565950734375
0 1 0.096009134375 0.727954465625 0.0791737609375 0.7457541562500001 0.3256259921875 1 0.3304841328125 1 0.096009134375
0 0.3648715734375 0.3241474265625 0.7458111 0.3267106859375 0.7284100234374999 0.08785131562500001 0.344707190625 0.063518640625 0.3648715734375 0.3241474265625
0 0.027506440625 0.31819994218750003 0.3670804140625 0.319921940625 0.3454055078125 0.061387015625 0.017274340625000002 0.046130445312500004 0.027506440625 0.31819994218750003
0 1 0.32638265 0.7465094171875 0.3245790625 0.761401953125 0.5773884046875 1 0.560501928125 1 0.32638265
0 0.3872447984375 0.58055073125 0.7638955171874999 0.5785863921875001 0.7451127859375 0.3288423125 0.3639454796875 0.3219402765625 0.3872447984375 0.58055073125
0 0.044592834375 0.581931759375 0.390550565625 0.581786478125 0.3641163140625 0.325194359375 0.0290169625 0.3161060828125 0.044592834375 0.581931759375
0 1 0.55584804375 0.762214159375 0.57742616875 0.76756101875 0.8027405140624999 1 0.7729774359375 1 0.55584804375
0 0.40551502656249994 0.820532559375 0.769940690625 0.8017691109375 0.7611741750000001 0.5730496265625 0.3842237515625 0.5847384531250001 0.40551502656249994 0.820532559375
0 0.3826562875 0.585747621875 0.0420992734375 0.5807337734375 0.046588740625 0.6662500234375 0.0585766953125 0.8376857687499999 0.404061446875 0.823711115625 0.3826562875 0.585747621875
0 1 0.777562453125 0.7716220453125 0.8029293328125 0.772470271875 0.942552809375 1 0.9499069796875 1 0.777562453125
0 0.409998678125 0.9213713828125 0.7731685859375 0.9404211859375 0.7708098390625 0.8028915703124999 0.40389061249999997 0.8204570312499999 0.409998678125 0.9213713828125
0 0.404004503125 0.8226264203125 0.058423856249999996 0.835500078125 0.063317115625 0.90547693125 0.4105831078125 0.9170703687499999 0.404004503125 0.8226264203125