0 0.398 0.1811023625 0.324 0.173228346875 0.066 0.17660292500000002 0.09 0.3273340828125 0.32999999999999996 0.33408323906250004 0.41200000000000003 0.3205849265625 0.398 0.1811023625
0 0.398 0.1811023625 0.41200000000000003 0.3205849265625 0.572 0.3284589421875 0.5820000000000001 0.179977503125 0.398 0.1811023625
0 0.5820000000000001 0.1811023625 0.5740000000000001 0.3284589421875 0.768 0.3273340828125 0.788 0.179977503125 0.5820000000000001 0.1811023625
0 1 0.177727784375 0.788 0.179977503125 0.768 0.3273340828125 1 0.3284589421875 1 0.177727784375
0 0.086 0.3295838015625 0.10200000000000001 0.4645669296875 0.322 0.47131608593749996 0.32 0.33408323906250004 0.086 0.3295838015625
0 0.5820000000000001 0.4555680546875 0.5740000000000001 0.3284589421875 0.41200000000000003 0.3183352078125 0.322 0.33295837968750003 0.322 0.4814398203125 0.514 0.49381327343750003 0.5820000000000001 0.4555680546875
0 0.5700000000000001 0.3295838015625 0.5780000000000001 0.4578177734375 0.754 0.46569178906250003 0.768 0.3295838015625 0.5700000000000001 0.3295838015625
0 1 0.3284589421875 0.768 0.3273340828125 0.752 0.4645669296875 1 0.4735658046875 1 0.3284589421875
0 0 0.6771653546875 0.146 0.6839145109375 0.21200000000000002 0.638920134375 0.21200000000000002 0.5005624296875 0.296 0.4735658046875 0.10400000000000001 0.46569178906250003 0.08 0.47131608593749996 0.044 0.47469066406250005 0 0.48931383593750005 0 0.6771653546875
0 0 0.820022496875 0.16999999999999998 0.83014623125 0.22799999999999998 0.78065241875 0.22400000000000003 0.6422947125 0.21400000000000002 0.638920134375 0.146 0.6816647921875 0 0.6771653546875 0 0.820022496875
0 0.476 0.6681664796875 0.548 0.6074240718749999 0.558 0.47806524218749996 0.516 0.49381327343750003 0.346 0.4859392578125 0.306 0.4690663671875 0.21200000000000002 0.5016872890624999 0.21400000000000002 0.638920134375 0.22000000000000003 0.64454443125 0.476 0.6681664796875
0 0.5519999999999999 0.6062992125 0.47400000000000003 0.6681664796875 0.22200000000000003 0.6422947125 0.22599999999999998 0.78065241875 0.502 0.806524184375 0.504 0.6659167609375001 0.5519999999999999 0.6062992125
0 0.828 0.49606299218750005 0.8380000000000001 0.46794150781250005 0.5820000000000001 0.4555680546875 0.5559999999999999 0.4803149609375 0.546 0.6119235093750001 0.808 0.6332958375 0.828 0.49606299218750005
0 1 0.47131608593749996 0.836 0.46569178906250003 0.828 0.49606299218750005 0.806 0.645669290625 1 0.6591676046875 1 0.47131608593749996
0 0.8019999999999999 0.6872890890625001 0.8099999999999999 0.632170978125 0.546 0.6096737906249999 0.504 0.6659167609375001 0.502 0.806524184375 0.778 0.826771653125 0.8019999999999999 0.6872890890625001
0 1 0.6591676046875 0.818 0.6467941500000001 0.8 0.7750281218749999 1 0.79415073125 1 0.6591676046875
0 0.26 0.9685039375000001 0.246 0.831271090625 0.296 0.790776153125 0.22599999999999998 0.7784027 0.172 0.83014623125 0.004 0.8188976374999999 0.002 0.844769403125 0.19 0.8683914515625 0.21200000000000002 0.9955005625 0.22400000000000003 0.9977502812499999 0.26 0.9685039375000001
0 0.47000000000000003 0.9865016875 0.472 0.8548931390625001 0.504 0.8031496062500001 0.3 0.788526434375 0.242 0.833520809375 0.26 0.9595050625000001 0.45999999999999996 0.9876265468750001 0.47000000000000003 0.9865016875
0 0.6900000000000001 1 0.704 0.8762654671875 0.72 0.8222722156250001 0.502 0.8031496062500001 0.47000000000000003 0.8560179984375 0.46799999999999997 1 0.6900000000000001 1
0 1 0.79415073125 0.788 0.770528684375 0.778 0.826771653125 1 0.849268840625 1 0.79415073125
0 0.9960000000000001 1 1 0.8503937015625 0.72 0.8222722156250001 0.702 0.9066366703125001 0.692 1 0.9960000000000001 1
0 0.21600000000000003 1 0.19 0.8695163109375 0 0.84364454375 0 1 0.21600000000000003 1
0 0.472 1 0.472 0.9887514062499999 0.26 0.9595050625000001 0.22799999999999998 1 0.472 1