0 0.002 0 0.01 0.113122171875 0.202 0.110859728125 0.194 0 0.002 0
0 0.43600000000000005 0 0.196 0.00226244375 0.21200000000000002 0.23529411718749998 0.392 0.2398190046875 0.45 0.2126696828125 0.43600000000000005 0
0 0.438 0 0.45 0.248868778125 0.634 0.244343890625 0.626 0.0067873296875000004 0.626 0 0.438 0
0 0.632 0 0.632 0.23529411718749998 0.8160000000000001 0.23529411718749998 0.8160000000000001 0 0.632 0
0 0.8240000000000001 0 0.8140000000000001 0.2420814484375 1 0.25113122187500003 1 0 0.8240000000000001 0
0 0.998 0.248868778125 0.826 0.244343890625 0.8119999999999999 0.5226244343750001 1 0.5384615390625 0.998 0.248868778125
0 0.8160000000000001 0.23529411718749998 0.636 0.23076923124999998 0.642 0.5090497734375 0.8119999999999999 0.5158371046875 0.8160000000000001 0.23529411718749998
0 0.64 0.5067873296875 0.634 0.2420814484375 0.44800000000000006 0.248868778125 0.462 0.5158371046875 0.632 0.518099546875 0.64 0.5067873296875
0 0.458 0.4705882359375 0.44800000000000006 0.2149321265625 0.39 0.23755656093750002 0.22400000000000003 0.2398190046875 0.236 0.5090497734375 0.398 0.5226244343750001 0.458 0.4705882359375
0 0.22999999999999998 0.3936651578125 0.22200000000000003 0.248868778125 0.21400000000000002 0.23755656093750002 0.2 0.110859728125 0.008 0.117647059375 0.028000000000000004 0.404977375 0.192 0.4162895921875 0.22999999999999998 0.3936651578125
0 0.22999999999999998 0.3959276015625 0.188 0.4185520359375 0.014000000000000002 0.4004524890625 0.036 0.6651583703124999 0.184 0.6923076921875 0.24 0.6515837109375 0.22999999999999998 0.3959276015625
0 0.458 0.47285067812500003 0.394 0.5226244343750001 0.23399999999999999 0.5113122171875 0.246 0.7714932125 0.40199999999999997 0.791855203125 0.458 0.7149321265624999 0.458 0.47285067812500003
0 0.626 0.520361990625 0.45599999999999996 0.5113122171875 0.45999999999999996 0.744343890625 0.622 0.7624434390625 0.622 0.744343890625 0.626 0.520361990625
0 0.648 0.5090497734375 0.628 0.520361990625 0.63 0.755656109375 0.794 0.7647058828125 0.796 0.518099546875 0.648 0.5090497734375
0 1 0.5361990953125 0.806 0.527149321875 0.8 0.7647058828125 0.806 0.77828054375 0.978 0.7895927609375 0.984 0.680995475 1 0.6696832578125 1 0.5361990953125
0 0.9640000000000001 1 0.974 0.7873303171875 0.8039999999999999 0.77375565625 0.798 1 0.9640000000000001 1
0 0.634 0.7579185515625 0.634 0.9864253390625001 0.798 1 0.8 0.7669683265625 0.634 0.7579185515625
0 0.624 0.7601809953124999 0.45999999999999996 0.7488687781250001 0.462 0.9728506781249999 0.612 0.9909502265624999 0.62 0.9841628953124999 0.624 0.7601809953124999
0 0.43600000000000005 1 0.462 0.9547511312499999 0.45999999999999996 0.7149321265624999 0.4 0.7873303171875 0.254 0.7760181 0.23399999999999999 0.796380090625 0.246 1 0.43600000000000005 1
0 0 0.9411764703125 0.156 0.975113121875 0.238 0.8778280546874999 0.23199999999999998 0.800904978125 0.25 0.7760181 0.238 0.653846153125 0.182 0.6900452484375 0.032 0.662895928125 0 0.6877828046875 0 0.9411764703125
0 0.036 0.9909502265624999 0.038 1 0.246 0.99773755625 0.238 0.8778280546874999 0.156 0.9728506781249999 0.002 0.9411764703125 0 0.9660633484375 0.02 0.9773755656249999 0.036 0.9909502265624999
0 0.636 0.936651584375 0.63 0.932126696875 0.624 0.9909502265624999 0.48600000000000004 0.9796380093750001 0.484 1 0.636 0.99773755625 0.636 0.936651584375