0 0.3892132546875 0.2633328890625 0.412704790625 0.0503793 0.41748897031250004 0.044296032812500004 0.377297475 0.03524514375 0.350295771875 0.038193148437500005 0.32734486406249996 0.24784383281250003 0.3892132546875 0.2633328890625
0 0.3892132546875 0.2633328890625 0.4405135109375 0.273951409375 0.4604204328125 0.25648542343749997 0.4878444625 0.05422436562500001 0.423043353125 0.045079846875 0.41085333124999995 0.050118028125000005 0.3892132546875 0.2633328890625
0 0.5311521984375001 0 0.5197784296875 0.079005965625 0.5465505609375 0.06588797187499999 0.624541465625 0.08703138125 0.633484175 0 0.5311521984375001 0
0 0.5544523625 0.3069260671875 0.597310190625 0.07980939687500001 0.548402021875 0.06614924375 0.534360540625 0.0709261515625 0.4968275234375 0.2886566484375 0.5544523625 0.3069260671875
0 0.6197941015625 0.31276767968749997 0.6628815015625 0.0958209984375 0.5978508203125 0.076506490625 0.5544523625 0.3069260671875 0.616320753125 0.3224151234375 0.6197941015625 0.31276767968749997
0 0.487962765625 0.2502345125 0.462582953125 0.2432738 0.46227189375 0.25674669375 0.4405135109375 0.273951409375 0.3892132546875 0.2633328890625 0.3447782078125 0.2570623640625 0.3247232015625 0.240715478125 0.2859906203125 0.2690416390625 0.2662020046875 0.482517771875 0.27599993437500003 0.48052122812500003 0.4084533859375 0.51610860625 0.43237428749999995 0.4856922671875 0.46319017812499996 0.29742665 0.48819233906250004 0.2604045015625 0.487962765625 0.2502345125
0 0.61203253125 0.5684914 0.6564307625 0.3551088953125 0.6677024984375 0.30939076249999997 0.6243487109375 0.2965144234375 0.6216455625 0.3130289515625 0.61686138125 0.31911221875 0.4968275234375 0.2886566484375 0.49374671875000004 0.2611883171875 0.4650416375 0.2976879203125 0.42804924843750003 0.5121155125 0.44972614375 0.51855368125 0.4726621609375 0.3900016359375 0.48014948906250005 0.36740384062500003 0.6018052390624999 0.3879506921875 0.5675974859374999 0.5622208750000001 0.61203253125 0.5684914
0 0.43052282656249996 0.4854309953125 0.4084533859375 0.51610860625 0.26435054375 0.4822565015625 0.22075229375 0.5403088140625 0.2044370265625 0.7441375031249999 0.35170216249999997 0.7818150578124999 0.3661361890625 0.7399223703125 0.390464525 0.5912916187499999 0.4325223703125 0.5195051421875 0.429900709375 0.5123767859374999 0.43052282656249996 0.4854309953125
0 0.185270528125 0.9306678484375001 0.2423547375 0.952240171875 0.33122483125 0.9647812234375 0.3543238234375 0.7889434109375 0.3522427921875 0.77851215 0.20073410625000002 0.7436149578125 0.185270528125 0.9306678484375001
0 0.4413056390625 0.5815701625 0.45157760468749997 0.5188149531249999 0.435455090625 0.5131606015625 0.390464525 0.5912916187499999 0.3609594640625 0.7831214156249999 0.534604184375 0.844796753125 0.5772990390625 0.66496585 0.5953693890625 0.566139953125 0.5675974859374999 0.5622208750000001 0.5568663796875 0.604636103125 0.4413056390625 0.5815701625
0 0.3609594640625 0.7831214156249999 0.3537831921875 0.7922463171875 0.332306090625 0.9581754124999999 0.3910121890625 0.9698390203124999 0.47307292500000003 0.9838862687500001 0.5046055984375 0.9827851234375 0.5309012640625 0.8442742078125001 0.3609594640625 0.7831214156249999
0 0.610181071875 0.5682301265625 0.5959100203125 0.5628370484375 0.5727444312500001 0.68121910625 0.5361445859375 0.8585309203125 0.6999913765625 0.9222028046874999 0.7439970609375 0.7459360765625 0.7429455828125 0.5903446109375 0.7254973484375 0.6622247203125 0.60600411875 0.6284662453125 0.610181071875 0.5682301265625
0 0.4418462703125 0.5782672546875001 0.49816027968750004 0.5929724968750001 0.5321384625000001 0.40853232500000003 0.5407070484375 0.37932871874999996 0.48069011875 0.364100934375 0.473202790625 0.3866987296875 0.4418462703125 0.5782672546875001
0 0.49816027968750004 0.5929724968750001 0.55632575 0.607939009375 0.5694489453125 0.5624821468750001 0.6018052390624999 0.3879506921875 0.541247678125 0.3760258125 0.5321384625000001 0.40853232500000003 0.49816027968750004 0.5929724968750001
0 0.5319010359375 0.8613112812500001 0.5084566640625 0.9826506421874999 0.680824453125 0.9766314265625 0.6944369953125 0.9214189875000001 0.5319010359375 0.8613112812500001
0 0.6073149484375 0.6320304218749999 0.6673318796875 0.6472582078125 0.7047019234375 0.476813475 0.706945928125 0.43995896874999996 0.64476648125 0.43794280781249995 0.61203253125 0.5684914 0.6073149484375 0.6320304218749999
0 0.6673318796875 0.6472582078125 0.7254973484375 0.6622247203125 0.7676515734375 0.48569672031250005 0.7587868171875 0.44727458281250004 0.706945928125 0.43995896874999996 0.7047019234375 0.476813475 0.6673318796875 0.6472582078125
0 0.7284896296875 0.3314856296875 0.740909221875 0.3366174359375 0.749314834375 0.354699596875 0.7415164484375001 0.3907702875 0.7445157640625 0.441881503125 0.7587868171875 0.44727458281250004 0.76719243125 0.46535674374999997 0.7899654734375 0.3840904625 0.7608976296875001 0.29550856875 0.724638625 0.2971502125 0.6891498203124999 0.305658940625 0.6872168734375 0.3290405515625 0.701487925 0.3344336328125 0.70958248125 0.3659886859375 0.7254754218749999 0.36147304999999996 0.7284896296875 0.3314856296875
0 0.646457221875 0 0.634339396875 0.0850348359375 0.6647329625 0.0960822703125 0.6386346515625 0.22080886562500002 0.64866215625 0.228982309375 0.6631776703125001 0.163446740625 0.68803174375 0.092611721875 0.69235678125 0.0661884765625 0.7007772859375 0.0031719984375000003 0.6782994484375 0 0.646457221875 0
0 0.807916703125 0.9340536687500001 0.7040053562499999 0.9092524515625 0.6957478265625 0.924983165625 0.6817357078125 0.9765996046875 0.827693625 0.9715026421875 0.8218101015625001 0.8954638890625001 0.807916703125 0.9340536687500001
0 0.807916703125 0.9340536687500001 0.8470567203125 0.787513090625 0.8445165453125 0.7567418546875 0.7482406109374999 0.7431557140625 0.7453078921875 0.7495002546875 0.7095597359375 0.9100362687500001 0.807916703125 0.9340536687500001
0 0.8350445640625 0.66416686875 0.8240172906250001 0.6389563546875 0.7449451265625 0.62441875625 0.7439970609375 0.7459360765625 0.8130417218750001 0.75230023125 0.8350445640625 0.66416686875
0 0.7045170234375 0.22334757343749997 0.701421328125 0.27697787812499997 0.7389911640625 0.2789004109375 0.75327710625 0.20319485468749998 0.671272225 0.19500179374999999 0.6674878171875 0.218122134375 0.7045170234375 0.22334757343749997