0 0 0.30095238125 0.3242857140625 0.312380953125 0.3171428578125 0 0 0.0019047625 0 0.30095238125
0 0.32142857187499996 0.0019047625 0.328571428125 0.32380952343749997 0.651428571875 0.33714285781250003 0.651428571875 0 0.32142857187499996 0.0019047625
0 0.8800000000000001 0.051428571874999995 0.728571428125 0.0019047625 0.651428571875 0.0019047625 0.651428571875 0.3352380953125 0.668571428125 0.3257142859375 0.8728571421875 0.33714285781250003 0.8800000000000001 0.051428571874999995
0 0.8800000000000001 0.0780952375 0.8728571421875 0.33714285781250003 0.991428571875 0.3466666671875 1 0.11428571406250002 0.8800000000000001 0.0780952375
0 0.318571428125 0.312380953125 0.001428571875 0.30095238125 0 0.7980952375 0.32999999999999996 0.7219047625 0.318571428125 0.312380953125
0 0.33857142812499996 0.3257142859375 0.34857142812499997 0.727619046875 0.6542857140625 0.649523809375 0.6557142859375 0.3352380953125 0.33857142812499996 0.3257142859375
0 0.6671428578125 0.3352380953125 0.6671428578125 0.6552380953125 0.8585714281250001 0.6038095234374999 0.8657142859375 0.3447619046875 0.6671428578125 0.3352380953125
0 0.8657142859375 0.3447619046875 0.8585714281250001 0.6038095234374999 0.991428571875 0.567619046875 0.9942857140625 0.3466666671875 0.8657142859375 0.3447619046875
0 0.3557142859375 1 0.34857142812499997 0.712380953125 0.001428571875 0.8038095234375 0 1 0.3557142859375 1
0 0.5657142859375 1 0.648571428125 0.9657142859375 0.6599999999999999 0.6533333328125 0.3542857140625 0.729523809375 0.358571428125 1 0.5657142859375 1
0 0.6614285718749999 0.6571428578125 0.648571428125 0.9580952375 0.85 0.8571428578125 0.86 0.6038095234374999 0.6614285718749999 0.6571428578125
0 0.86 0.6057142859375 0.85 0.8514285718749999 0.9857142859374999 0.7866666671875 0.99 0.5695238093749999 0.86 0.6057142859375
0 0.841428571875 1 0.8428571421875001 0.8628571421875 0.6557142859375 0.952380953125 0.6628571421875 1 0.841428571875 1
0 1 0.7657142859375 0.9857142859374999 0.7542857140625 0.9857142859374999 0.7866666671875 0.85 0.8533333328125 0.8585714281250001 0.8571428578125 0.8585714281250001 0.9980952375 0.9628571421875 1 1 0.9580952375 1 0.7657142859375