0 1 0.19824605 0.8878229546874999 0.2024922875 0.8777985359375 0.3035788671875 0.9199010953125001 0.3372743921875 1 0.3411427828125 1 0.19824605
0 1 0.3420165484375 0.9199010953125001 0.3400823515625 0.8777985359375 0.3035788671875 0.8677741171875001 0.407473403125 0.9038620249999999 0.4411689296875 1 0.44320903593749994 1 0.3420165484375
0 1 0.44527206406250003 0.901857140625 0.44116893125 0.8938376046875 0.5478714296875 1 0.547871428125 1 0.44527206406250003
0 1 0.5485552921875 0.89383760625 0.5506793890624999 0.8818083031249999 0.6349182046874999 1 0.639274378125 1 0.5485552921875
0 1 0.639217803125 0.8818083031249999 0.6349182046874999 0.871783884375 0.721964978125 1 0.726398915625 1 0.639217803125
0 1 0.7303804203125 0.871783884375 0.7191570171875 0.8617594640625 0.811819715625 1 0.8167841812500001 1 0.7303804203125
0 1 0.8224083515625 0.85975458125 0.8174356359375 0.8557448140625 0.87640280625 1 0.8817195984374999 1 0.8224083515625
0 0.72743225 0.4018574828125 0.72743225 0.4552087328125 0.7234224828125 0.5506793890624999 0.891832721875 0.5506793890624999 0.897847371875 0.452400771875 0.8657692328125 0.40747340468750004 0.72743225 0.4018574828125
0 0.7234224828125 0.5534873484375 0.71740783125 0.6377261640625 0.8798034187500001 0.6405341250000001 0.8898278375 0.5534873484375 0.7234224828125 0.5534873484375
0 0.7154029468750001 0.6405341250000001 0.7093882953125 0.721964978125 0.871783884375 0.721964978125 0.8818083031249999 0.637726165625 0.7154029468750001 0.6405341250000001
0 0.7073834125 0.7247729406250001 0.7073834125 0.803395834375 0.85975458125 0.811819715625 0.8717838828125 0.7247729421875 0.7073834125 0.7247729406250001
0 0.7053785296874999 0.8062037953125 0.7013687609375 0.87640280625 0.8557448140625 0.882018728125 0.8577496968749999 0.8174356375 0.7053785296874999 0.8062037953125
0 0.5810757328125 0.26707537812500004 0.5830806171875 0.3653539953125 0.5810757328125 0.51136794375 0.7214175984375 0.5141759031250001 0.7334469015625 0.356930115625 0.6913443421875 0.26426741875 0.5810757328125 0.26707537812500004
0 0.5810757328125 0.5141759031250001 0.57907085 0.6517659671875 0.71139318125 0.6573818874999999 0.7234224828125 0.5141759031250001 0.5810757328125 0.5141759031250001
0 0.57907085 0.6545739265625 0.5750610828125 0.7781241890625 0.7033736453125 0.7837401093749999 0.7133980640625001 0.6601898484375 0.57907085 0.6545739265625
0 0.57506108125 0.78093215 0.5730561984375 0.8932505703125001 0.69735899375 0.8988664921874999 0.705378528125 0.78935603125 0.57506108125 0.78093215
0 0.5730561984375 0.8960585312499999 0.5730561984375 0.9634495812500001 0.6026779421875 0.9627464124999999 0.6917650703125 0.9565168328125001 0.6973589921875 0.9016744515624999 0.5730561984375 0.8960585312499999
0 0.203049084375 0 0.228216184375 0.3063868265625 0.5690464296875 0.2979629453125 0.5710513140625 0.2642674171875 0.5850855015625 0.2642674171875 0.58909526875 0.019974854687499998 0.5734070171875 0 0.203049084375 0
0 0.2342308375 0.312002746875 0.2582894421875 0.567527153125 0.573056196875 0.567527153125 0.5750610828125 0.3091947859375 0.2342308375 0.312002746875
0 0.26430409374999997 0.5703351125 0.28435293125 0.7837401093749999 0.5650366625000001 0.78935603125 0.5690464296875 0.5731430734375 0.26430409374999997 0.5703351125
0 0.286357815625 0.7893560328125 0.306406653125 0.960641621875 0.5650366625000001 0.9634495828125 0.567041546875 0.7893560328125 0.286357815625 0.7893560328125
0 0.0918840875 0.0789420265625 0.0337424578125 0.0985977484375 0.0337424578125 0.196876365625 0.0437668765625 0.2558435375 0.2242064171875 0.24741965625 0.2061624640625 0.073326103125 0.0918840875 0.0789420265625
0 0.06782548125 0.390625640625 0.24225037187499998 0.3878176796875 0.22420641875 0.25022761718750003 0.0397571078125 0.258651496875 0.06782548125 0.390625640625
0 0.0838645515625 0.5197918234375 0.2502699078125 0.5141759015625 0.24225037187499998 0.390625640625 0.0618108296875 0.39624156093749996 0.0838645515625 0.5197918234375
0 0.103913390625 0.637726165625 0.2703187453125 0.629302284375 0.25026990625 0.5169838625 0.0838645515625 0.522599784375 0.103913390625 0.637726165625
0 0.2703187453125 0.6770376109375 0.2683138609375 0.6236863609375 0.10190850625 0.6405341265625 0.089879203125 0.5534873499999999 0.0426668796875 0.610164809375 0.05735702031249999 0.820243596875 0.2883627 0.8202435953125 0.2703187453125 0.6770376109375
0 0.2883626984375 0.82585951875 0.057571746874999996 0.8233143484375001 0.0671988765625 0.960988715625 0.30440177031250004 0.9634495828125 0.2883626984375 0.82585951875