0 0.9643527203125 0.2666666671875 0.8067542218750001 0.25666666718750003 0.7954971859375 0.58 0.960600375 0.6166666671875001 0.9962476546874999 0.3266666671875 0.9643527203125 0.2666666671875
0 0.9943714828125 0.6366666671875 0.9699812375000001 0.5466666671875 0.960600375 0.6166666671875001 0.8142589125 0.5866666671874999 0.7973733578125 0.8166666671874999 0.79924953125 0.8333333328125001 0.960600375 0.8933333328125 0.9943714828125 0.6366666671875
0 0.93621013125 1 0.9380863046875 0.8866666671875001 0.79924953125 0.8366666671875 0.7954971859375 0.8166666671874999 0.7861163234374999 0.8366666671875 0.776735459375 1 0.93621013125 1
0 0.7936210125 0.5733333328125 0.8030018765625 0.26 0.67166979375 0.26 0.64727955 0.29 0.6454033765625 0.5566666671875 0.6998123828125 0.5666666671875 0.7936210125 0.5733333328125
0 0.7954971859375 0.5766666671875 0.7016885546875 0.5700000000000001 0.6491557218749999 0.5599999999999999 0.6529080671874999 0.7933333328125001 0.7917448406250001 0.8266666671875 0.7973733578125 0.5866666671874999 0.7954971859375 0.5766666671875
0 0.7729831140625001 1 0.78424015 0.8266666671875 0.6529080671874999 0.7933333328125001 0.6529080671874999 1 0.7729831140625001 1
0 0.5497185734375 0.23333333281250002 0.50469043125 0.27999999999999997 0.5159474671875001 0.5266666671875 0.6435272046875 0.5433333328125001 0.64727955 0.29 0.67166979375 0.26 0.66228893125 0.14666666718750002 0.6266416515625 0.1633333328125 0.6322701687500001 0.24 0.5497185734375 0.23333333281250002
0 0.6435272046875 0.5599999999999999 0.6435272046875 0.5466666671875 0.527204503125 0.53 0.53470919375 0.7533333328125 0.6510318953125 0.7866666671875 0.6491557218749999 0.5633333328125001 0.6435272046875 0.5599999999999999
0 0.6491557218749999 1 0.6491557218749999 0.7866666671875 0.5328330203125 0.7566666671875 0.5384615390625 0.9633333328125 0.630393996875 1 0.6491557218749999 1
0 0.5140712953125 0.5233333328125 0.502814259375 0.27999999999999997 0.5403377109374999 0.24 0.5403377109374999 0.23333333281250002 0.43714821718749997 0.24 0.37898686718749997 0.27999999999999997 0.4015009375 0.5133333328125 0.5140712953125 0.5233333328125
0 0.51031895 0.5266666671875 0.4015009375 0.5133333328125 0.42213883750000003 0.71 0.5159474671875001 0.7266666671875 0.5178236390625 0.7066666671874999 0.51031895 0.5266666671875
0 0.424015009375 0.7133333328125 0.4352720453125 0.8933333328125 0.53470919375 0.93 0.5309568484375 0.7366666671875 0.424015009375 0.7133333328125
0 0.37898686718749997 0.27999999999999997 0.43714821718749997 0.24 0.433395871875 0.22999999999999998 0.41088180156250004 0.2366666671875 0.3395872421875 0.2366666671875 0.2833020640625 0.27 0.3039399625 0.49000000000000005 0.399624765625 0.4966666671875 0.37898686718749997 0.27999999999999997
0 0.30018761718750003 0.4933333328125 0.31894934375 0.6833333328125 0.42026266406249996 0.7066666671874999 0.3977485921875 0.5 0.30018761718750003 0.4933333328125
0 0.326454034375 0.6866666671874999 0.33771106875 0.8533333328125 0.433395871875 0.89 0.42213883750000003 0.71 0.326454034375 0.6866666671874999
0 0.302063790625 0.48333333281249996 0.2833020640625 0.27 0.3395872421875 0.22999999999999998 0.255159475 0.24 0.1876172609375 0.2766666671875 0.21575985000000003 0.48333333281249996 0.29643527187499996 0.48666666718749996 0.302063790625 0.48333333281249996
0 0.21575985000000003 0.48666666718749996 0.24015009375 0.6633333328125001 0.3170731703125 0.6799999999999999 0.29643527187499996 0.49000000000000005 0.21575985000000003 0.48666666718749996
0 0.326454034375 0.6866666671874999 0.238273921875 0.6599999999999999 0.2532833015625 0.8133333328125 0.302063790625 0.8366666671875 0.335834896875 0.8466666671875 0.326454034375 0.6866666671874999
0 0.1857410875 0.2766666671875 0.2607879921875 0.23333333281250002 0.1876172609375 0.22999999999999998 0.118198875 0.25666666718750003 0.13696060000000002 0.45 0.2120075046875 0.46333333281250005 0.1857410875 0.2766666671875
0 0.2120075046875 0.46666666718750005 0.1407129453125 0.4533333328125 0.1575984984375 0.63 0.2270168859375 0.6533333328125 0.2363977484375 0.6533333328125 0.2120075046875 0.46666666718750005
0 0.2363977484375 0.6566666671875 0.2270168859375 0.6533333328125 0.16510318906250002 0.6366666671875 0.1801125703125 0.78 0.2363977484375 0.8033333328125 0.24953095625000002 0.8 0.2363977484375 0.6566666671875
0 0.0581613515625 0.4533333328125 0.135084428125 0.4533333328125 0.11632270156249999 0.25666666718750003 0.1669793625 0.23333333281250002 0.10318949375 0.23333333281250002 0.046904315625 0.26 0.046904315625 0.37 0.0581613515625 0.4533333328125
0 0.06378986875 0.4566666671875 0.08818011249999999 0.6133333328125 0.153846153125 0.6233333328125 0.13696060000000002 0.4533333328125 0.06378986875 0.4566666671875
0 0.159474671875 0.6366666671875 0.15196998125 0.6266666671875 0.0844277671875 0.6166666671875001 0.0994371484375 0.7633333328125 0.1782363984375 0.7766666671875 0.16510318906250002 0.6366666671875 0.159474671875 0.6366666671875