0 0 0.21800000000000003 0.06999999999999999 0.22400000000000003 0.06 0.014000000000000002 0.024 0.008 0 0.008 0 0.21800000000000003
0 0.062 0.008 0.074 0.22200000000000003 0.246 0.23399999999999999 0.236 0.014000000000000002 0.152 0.004 0.062 0.008
0 0.194 0 0.194 0.006 0.254 0.014000000000000002 0.302 0.016 0.32999999999999996 0.018 0.36 0.016 0.358 0 0.252 0 0.194 0
0 0.25 0.238 0.36 0.244 0.36 0.018 0.24 0.016 0.25 0.238
0 0.362 0 0.36 0.16599999999999998 0.36 0.264 0.588 0.27799999999999997 0.5980000000000001 0.16599999999999998 0.606 0 0.362 0
0 0.61 0 0.6 0.146 0.592 0.288 0.8460000000000001 0.302 0.8480000000000001 0.286 0.85 0.268 0.892 0 0.61 0
0 0.898 0 0.8460000000000001 0.302 0.8539999999999999 0.308 1 0.32 1 0 0.898 0
0 0 0.462 0.158 0.476 0.13999999999999999 0.25 0.21000000000000002 0.236 0 0.22599999999999998 0 0.462
0 0.21600000000000003 0.238 0.142 0.252 0.158 0.484 0.354 0.502 0.356 0.264 0.358 0.248 0.21600000000000003 0.238
0 0.358 0.504 0.5740000000000001 0.528 0.588 0.284 0.36 0.268 0.358 0.504
0 0.5740000000000001 0.536 0.8 0.5599999999999999 0.844 0.308 0.592 0.29 0.5740000000000001 0.536
0 1 0.322 0.8460000000000001 0.312 0.8039999999999999 0.562 0.8099999999999999 0.576 1 0.602 1 0.322
0 0 0.658 0.154 0.6799999999999999 0.16999999999999998 0.674 0.156 0.48200000000000004 0 0.46399999999999997 0 0.658
0 0.172 0.6839999999999999 0.35 0.702 0.356 0.504 0.158 0.484 0.172 0.6839999999999999
0 0.354 0.722 0.5519999999999999 0.75 0.5700000000000001 0.53 0.36 0.506 0.354 0.722
0 0.5740000000000001 0.54 0.558 0.76 0.77 0.798 0.806 0.5780000000000001 0.8 0.564 0.5740000000000001 0.54
0 1 0.604 0.8300000000000001 0.584 0.8099999999999999 0.5820000000000001 0.776 0.788 0.788 0.8099999999999999 1 0.844 1 0.604
0 0.15 0.682 0 0.662 0.004 0.826 0.16399999999999998 0.858 0.18 0.852 0.174 0.6940000000000001 0.16599999999999998 0.6799999999999999 0.15 0.682
0 0.352 0.708 0.176 0.6839999999999999 0.18 0.8619999999999999 0.33999999999999997 0.8880000000000001 0.344 0.724 0.354 0.712 0.352 0.708
0 0.35 0.722 0.346 0.73 0.346 0.914 0.534 0.9480000000000001 0.5519999999999999 0.758 0.55 0.752 0.35 0.722
0 0.5559999999999999 0.762 0.542 0.944 0.738 0.982 0.744 0.968 0.77 0.798 0.5559999999999999 0.762
0 1 0.8480000000000001 0.788 0.8140000000000001 0.774 0.8 0.744 0.9880000000000001 0.746 1 0.984 1 1 0.95 1 0.8480000000000001
0 0.736 1 0.74 0.986 0.54 0.9480000000000001 0.534 1 0.736 1
0 0.53 1 0.536 0.952 0.346 0.916 0.344 1 0.53 1
0 0.184 0.998 0.34199999999999997 0.998 0.33799999999999997 0.8880000000000001 0.176 0.8640000000000001 0.184 0.998
0 0.18 0.8619999999999999 0.18 0.8539999999999999 0.16599999999999998 0.86 0.01 0.8300000000000001 0.014000000000000002 0.8699999999999999 0.024 0.982 0.10200000000000001 1 0.18 0.998 0.176 0.8640000000000001 0.18 0.8619999999999999