0 0.22200000000000003 0.21925925937500002 0.246 0.20740740781250003 0.11399999999999999 0.20444444375 0.076 0.2133333328125 0.08399999999999999 0.2681481484375 0.22599999999999998 0.2711111109375 0.22200000000000003 0.21925925937500002
0 0.362 0.2740740734375 0.36 0.21629629687500002 0.358 0.2103703703125 0.246 0.20888888906249997 0.22200000000000003 0.21925925937500002 0.22599999999999998 0.2711111109375 0.362 0.2740740734375
0 0.354 0.183703703125 0.36 0.21629629687500002 0.364 0.2725925921875 0.5 0.2725925921875 0.514 0.260740740625 0.514 0.102222221875 0.384 0.09925925937499999 0.382 0.20444444375 0.376 0.177777778125 0.354 0.183703703125
0 0.508 0.3274074078125 0.508 0.2666666671875 0.5 0.2725925921875 0.08399999999999999 0.2681481484375 0.054000000000000006 0.2770370375 0.06999999999999999 0.3688888890625 0.5 0.3718518515625 0.508 0.3274074078125
0 0.054000000000000006 0.300740740625 0 0.299259259375 0.002 0.33629629687499996 0.05600000000000001 0.31555555625 0.054000000000000006 0.300740740625
0 0.20800000000000002 0.377777778125 0.21000000000000002 0.3703703703125 0.06999999999999999 0.3688888890625 0.06 0.3140740734375 0 0.33629629687499996 0.002 0.5318518515624999 0.23199999999999998 0.5318518515624999 0.20800000000000002 0.377777778125
0 0.502 0.5333333328125 0.502 0.38074074062499996 0.502 0.3718518515625 0.21000000000000002 0.3703703703125 0.20800000000000002 0.376296296875 0.23199999999999998 0.5318518515624999 0.502 0.5333333328125
0 0.502 0.5333333328125 0.788 0.536296296875 0.806 0.382222221875 0.776 0.3466666671875 0.726 0.3288888890625 0.728 0.303703703125 0.514 0.3081481484375 0.502 0.3703703703125 0.502 0.38074074062499996 0.502 0.5333333328125
0 0.502 0.5333333328125 0.508 0.6696296296875001 0.768 0.6725925921875 0.79 0.536296296875 0.502 0.5333333328125
0 0 0.656296296875 0.244 0.663703703125 0.252 0.660740740625 0.23399999999999999 0.5318518515624999 0 0.5318518515624999 0 0.656296296875
0 0.502 0.5333333328125 0.23199999999999998 0.5318518515624999 0.252 0.662222221875 0.508 0.6681481484375 0.502 0.5333333328125
0 0 0.6725925921875 0.026000000000000002 0.7733333328125 0.252 0.783703703125 0.26 0.777777778125 0.244 0.663703703125 0 0.656296296875 0 0.6725925921875
0 0 0.7718518515625 0.026000000000000002 0.7733333328125 0 0.6770370375 0 0.7718518515625
0 0.502 0.6681481484375 0.252 0.662222221875 0.244 0.6651851859375 0.26 0.782222221875 0.502 0.7866666671875 0.502 0.6681481484375
0 0.766 0.6740740734374999 0.504 0.6696296296875001 0.504 0.7866666671875 0.75 0.79555555625 0.766 0.6740740734374999
0 0.726 0.3288888890625 0.8119999999999999 0.36 0.968 0.35555555625 0.998 0.23555555625000002 1 0.17629629687499998 0.8960000000000001 0.16740740781250002 0.76 0.1688888890625 0.6759999999999999 0.177777778125 0.746 0.1896296296875 0.728 0.3051851859375 0.726 0.3288888890625
0 0.8039999999999999 0.5466666671875 1 0.5496296296875001 0.998 0.3229629625 0.9800000000000001 0.3125925921875 0.968 0.3570370375 0.8140000000000001 0.36 0.79 0.3525925921875 0.794 0.3674074078125 0.806 0.382222221875 0.788 0.536296296875 0.8039999999999999 0.5466666671875
0 1 0.6918518515625001 0.998 0.5496296296875001 0.8039999999999999 0.5466666671875 0.788 0.536296296875 0.768 0.6725925921875 0.778 0.6874074078125 1 0.6918518515625001
0 1 0.6918518515625001 0.778 0.6874074078125 0.768 0.6725925921875 0.75 0.79555555625 1 0.8059259265625001 1 0.6918518515625001