0 0.7591280968749999 0.2056384 0.7443201921875 0.30974234843750004 0.7434317187499999 0.31598858124999996 0.8382761453124999 0.34398908281249996 0.8589616359375001 0.2443739625 0.7591280968749999 0.2056384
0 0.5440722078125 0.17527519375 0.534908390625 0.24733453125 0.6025063296875001 0.268375928125 0.6017830187500001 0.2810960171875 0.6344457718750001 0.28815217187500003 0.7411763640625 0.3165743875 0.7583706171875 0.2033287046875 0.6477045484375 0.1643990453125 0.5440722078125 0.17527519375
0 0.722968375 0.3147869625 0.6985866421875 0.3105927921875 0.6931304765624999 0.42530122812500004 0.7983461109375 0.44910405156250005 0.8116561421874999 0.3478956078125 0.722968375 0.3147869625
0 0.593017865625 0.3961626421875 0.572554521875 0.3949610203125 0.5734771609375 0.403744571875 0.694645434375 0.429920621875 0.6957218890625 0.3078278609375 0.6018001015625 0.2886109109375 0.593017865625 0.3961626421875
0 0.432426515625 0.2348525734375 0.42158825312500003 0.36449375 0.4405708046875 0.3761057671875 0.5885071578125001 0.39733425 0.6023582515625 0.2694169671875 0.4524285375 0.23166241875 0.432426515625 0.2348525734375
0 0.18032816406250002 0.1900488859375 0.17594271875 0.312499834375 0.24775520625 0.334451703125 0.419480978125 0.3640385140625 0.42924851875 0.2266548265625 0.2597268484375 0.1739375296875 0.18032816406250002 0.1900488859375
0 0.7029264515625 0.43278260625 0.6908352234375 0.5406925203124999 0.7933171 0.5531744796875 0.8033181390624999 0.45232421875 0.7029264515625 0.43278260625
0 0.5689436406249999 0.5272365609375 0.689485428125 0.54254698125 0.69645655 0.432457934375 0.5770993953125 0.4088192015625 0.5689436406249999 0.5272365609375
0 0.41905382343750003 0.3746765265625 0.4053508109375 0.50155276875 0.426440634375 0.5136200203125 0.5662440484375 0.5309454828125 0.573938484375 0.408136346875 0.4304957546875 0.3782213625 0.41905382343750003 0.3746765265625
0 0.14108721562499998 0.4659243359375 0.40250314062500003 0.50630273125 0.4131762390625 0.370187703125 0.1487133140625 0.3130556265625 0.14108721562499998 0.4659243359375
0 0.691888859375 0.5409201390625 0.68227513125 0.5474275109375 0.6760273171875 0.6447964625 0.6998167359374999 0.6531547921875 0.8143499406249999 0.6725323203125 0.8258488546875 0.5687865640624999 0.78986003125 0.5545737015625 0.691888859375 0.5409201390625
0 0.6165224734375 0.54395321875 0.60892486875 0.64317663125 0.6788920734375 0.6475613953125 0.6751958265625 0.54375210625 0.572400709375 0.525837334375 0.6165224734375 0.54395321875
0 0.56323121875 0.5292215890625 0.4368289265625 0.5169372375 0.41137647343749995 0.50500055625 0.39660273749999997 0.6241342875 0.4654536421875 0.6669069421875 0.6101949171875 0.6724227859374999 0.6136748046875 0.5487031796874999 0.5767633375 0.52570676875 0.56323121875 0.5292215890625
0 0.144458809375 0.6254609999999999 0.3927356 0.6436864171875001 0.4088420453125 0.5151833328125 0.1576492515625 0.47164830156250004 0.144458809375 0.6254609999999999
0 0.6938992500000001 0.7634714546875 0.78854434375 0.7699683109375 0.8068264031249999 0.6719800359375 0.7049368421875 0.65533391875 0.6938992500000001 0.7634714546875
0 0.6077231515625 0.643990053125 0.6187379265625 0.6581729000000001 0.6116016421875 0.7617880921875 0.696006521875 0.7639266890624999 0.7061556421875 0.66203539375 0.6950098703124999 0.6564084765625 0.679040153125 0.6465203578125001 0.6077231515625 0.643990053125
0 0.40820982812500006 0.6341529765625 0.4162288546875 0.6541268234375 0.40351114375 0.7511711109375 0.46306156249999997 0.8058839546875 0.608229990625 0.8007617859374999 0.6108043171875 0.6757735203124999 0.47449214062499995 0.6720786203125 0.40820982812500006 0.6341529765625
0 0.640642159375 0.7637696140625 0.6310682703125 0.8539818578125 0.6562245703125 0.8680006203125 0.74344295625 0.8503594703124999 0.7530339265625 0.76766211875 0.640642159375 0.7637696140625
0 0.612740696875 0.799590178125 0.5205332 0.8064962671875 0.46712803281250004 0.807835465625 0.405322259375 0.753708425 0.384488690625 0.8543645828124999 0.5089374578125 0.9338277453125 0.6262955765625 0.8722653328125001 0.634633578125 0.7678367234375 0.6091982078125 0.763414934375 0.612740696875 0.799590178125
0 0.39033216406250004 0.6453132609375001 0.16432983437499998 0.630826778125 0.148405634375 0.7733186125 0.3957426984375 0.7752455859375 0.41245854687500005 0.6500932359375 0.407156190625 0.6339253578124999 0.39856193125 0.6256305609374999 0.39033216406250004 0.6453132609375001
0 0.150068671875 0.77689696875 0.148844196875 0.7015204109375001 0.0516190984375 0.7513367343749999 0.0316113421875 0.8843621640625001 0.19198060156250002 0.947978609375 0.358819821875 0.8134093640625 0.350766625 0.778405728125 0.3208205484375 0.7751555484375 0.2532738625 0.7766588328124999 0.150068671875 0.77689696875
0 0.12439418437500001 0.46875630625 0.11983222499999999 0.4473832328125 0.019588617187499997 0.42680057656250003 0.008635262500000001 0.494713825 0.010472275 0.599956253125 0.1053090703125 0.6105652874999999 0.12439418437500001 0.46875630625