0 0 0 0 0.2133333328125 0.024 0.2106666671875 0.028000000000000004 0 0 0
0 0.03 0 0.024 0.2106666671875 0.041999999999999996 0.20800000000000002 0.041999999999999996 0.21600000000000003 0.08399999999999999 0.21600000000000003 0.08399999999999999 0.20800000000000002 0.11000000000000001 0.20800000000000002 0.11200000000000002 0.2106666671875 0.186 0.2026666671875 0.23399999999999999 0.23733333281250002 0.244 0.23733333281250002 0.24 0 0.03 0
0 0.254 0 0.256 0.24 0.33999999999999997 0.2346666671875 0.43 0.23733333281250002 0.446 0.23733333281250002 0.45999999999999996 0.23733333281250002 0.47400000000000003 0.2666666671875 0.476 0.22400000000000003 0.47400000000000003 0 0.254 0
0 0.484 0 0.48 0.2186666671875 0.49800000000000005 0.2186666671875 0.5 0.22400000000000003 0.558 0.2213333328125 0.562 0.2186666671875 0.588 0.2213333328125 0.592 0.22400000000000003 0.618 0.22400000000000003 0.622 0.21600000000000003 0.646 0.2186666671875 0.648 0.22400000000000003 0.704 0.22400000000000003 0.71 0 0.484 0
0 0.712 0 0.706 0.2186666671875 0.74 0.2213333328125 0.742 0.256 0.748 0.256 0.752 0.24 0.842 0.24 0.844 0.24266666718750002 0.8699999999999999 0.24 0.876 0.24266666718750002 0.906 0.23733333281250002 0.906 0.24266666718750002 0.93 0.24266666718750002 0.9380000000000001 0.24 0.942 0 0.712 0
0 1 0 0.944 0.0026666671875 0.9400000000000001 0.24 1 0.24 1 0
0 0.041999999999999996 1 0.05600000000000001 0.5546666671875 0.06 0.5493333328125 0.202 0.5519999999999999 0.202 0.248 0.20600000000000002 0.24266666718750002 0.22999999999999998 0.23733333281250002 0.182 0.2053333328125 0.11399999999999999 0.2133333328125 0.11000000000000001 0.20800000000000002 0.086 0.2106666671875 0.086 0.21600000000000003 0.041999999999999996 0.21600000000000003 0.041999999999999996 0.20800000000000002 0.026000000000000002 0.2106666671875 0 0.21600000000000003 0 1 0.041999999999999996 1
0 0.46399999999999997 0.25866666718750003 0.458 0.24266666718750002 0.34199999999999997 0.24266666718750002 0.34199999999999997 0.2346666671875 0.318 0.23733333281250002 0.316 0.24266666718750002 0.27999999999999997 0.24266666718750002 0.258 0.24266666718750002 0.244 0.23733333281250002 0.22799999999999998 0.23733333281250002 0.20600000000000002 0.24266666718750002 0.202 0.2506666671875 0.202 0.5519999999999999 0.45999999999999996 0.5493333328125 0.46399999999999997 0.25866666718750003
0 0.6900000000000001 0.5466666671875 0.7 0.5519999999999999 0.704 0.5786666671875 0.734 0.576 0.742 0.256 0.74 0.2213333328125 0.706 0.2186666671875 0.706 0.22400000000000003 0.648 0.22400000000000003 0.646 0.2186666671875 0.622 0.21600000000000003 0.618 0.22400000000000003 0.592 0.22400000000000003 0.588 0.2213333328125 0.562 0.2186666671875 0.558 0.22400000000000003 0.49800000000000005 0.2186666671875 0.48200000000000004 0.2186666671875 0.476 0.22400000000000003 0.472 0.272 0.46799999999999997 0.544 0.6900000000000001 0.5466666671875
0 1 0.24 0.9400000000000001 0.24 0.93 0.24266666718750002 0.908 0.24266666718750002 0.908 0.23733333281250002 0.876 0.24266666718750002 0.8699999999999999 0.24 0.8460000000000001 0.24266666718750002 0.842 0.24266666718750002 0.754 0.24266666718750002 0.748 0.25866666718750003 0.738 0.5733333328125 0.9259999999999999 0.5706666671875 1 0.576 1 0.24
0 0.36 1 0.368 0.5519999999999999 0.06 0.5493333328125 0.054000000000000006 0.5866666671874999 0.041999999999999996 0.9973333328124999 0.36 1
0 0.706 1 0.704 0.744 0.704 0.5786666671875 0.7 0.5519999999999999 0.692 0.5466666671875 0.46799999999999997 0.544 0.458 0.5493333328125 0.378 0.5519999999999999 0.372 1 0.706 1
0 1 0.5786666671875 0.9259999999999999 0.5733333328125 0.738 0.576 0.734 0.5786666671875 0.704 0.5786666671875 0.71 1 1 1 1 0.5786666671875