0 0.3931495203125 0.5749693578125 0.326980628125 0.5765663078125 0.32329353906249997 0.5634971609375 0.2816194546875 0.5678933828125 0.22645318125 0.5925542390625 0.2545991875 0.7806901046875 0.415001565625 0.7610775546874999 0.3931495203125 0.5749693578125
0 0.09944644531249999 0.60595224375 0.26149278125 0.583474653125 0.279294453125 0.565447028125 0.25517605625 0.39303600625 0.060978864062500006 0.40006386875000005 0.09944644531249999 0.60595224375
0 0.5776247703124999 0.35094586875 0.52007484375 0.357016840625 0.5012516046875 0.367077371875 0.5097646515625 0.433469821875 0.5474697749999999 0.4294922875 0.5815937296875 0.35052718125000004 0.615613390625 0.3469384296875 0.61464885 0.34165694062499996 0.5776247703124999 0.35094586875
0 0.6214006359375001 0.3786273671875 0.5973050015625 0.3946273265625 0.593394690625 0.4111895453125 0.5677724000000001 0.462341609375 0.519863003125 0.48085369531250005 0.53002000625 0.5443811015625 0.695412909375 0.532316959375 0.6669263796875 0.341525396875 0.615613390625 0.3469384296875 0.6214006359375001 0.3786273671875
0 0.6976792609375 0.5186197828125 0.7426999140625 0.524637009375 0.8879074921875001 0.512010609375 0.8660554484375 0.3259024109375 0.7211883890624999 0.341184509375 0.6838237875 0.3478177390625 0.6976792609375 0.5186197828125
0 0.8739933687500001 0.325065034375 0.8858057109375 0.47993289062500005 0.9295815765625 0.5076143875 0.9848065015625 0.4990970625 0.958985496875 0.313407553125 0.896163171875 0.32541794999999996 0.8739933687500001 0.325065034375
0 0.8350075703125001 0.5229742875000001 0.7910084828125 0.52492415625 0.8057682203125 0.6714062265625 0.8558380484375 0.70111539375 0.9816512609375 0.68301305 0.9845695765625001 0.5827170140625 0.975224621875 0.5027994812500001 0.8350075703125001 0.5229742875000001
0 0.9011405734375 0.6936447859375 0.911532178125 0.8217463203125 0.9735675374999999 0.866342953125 0.9763449046874999 0.8653806765625 0.9815888421875 0.6851582578125 0.952737059375 0.688201846875 0.9011405734375 0.6936447859375
0 0.726224440625 0.725554878125 0.7416065703125 0.861204815625 0.7744971203125 0.8981094703125001 0.9183426140625001 0.8748602796875 0.8978526546875001 0.699374871875 0.7556511218749999 0.7197590218750001 0.726224440625 0.725554878125
0 0.723558915625 0.720452825 0.66238055 0.7295981828125 0.635443440625 0.69206549375 0.6152581171875 0.6915032359375 0.62172803125 0.7419614953125 0.565481540625 0.7425117265625001 0.5942499421874999 0.9198154562499999 0.746033353125 0.8957288890624999 0.723558915625 0.720452825
0 0.32538219375 0.9562533109375 0.3324631203125 0.9016739453125 0.3187836 0.779302496875 0.25261470625000004 0.7808994484375 0.2518163625 0.7433009890625 0.22273020156249998 0.7517525421875 0.1993742625 0.7892074296875 0.14120194218749998 0.806110534375 0.1679858625 0.9836236093749999 0.32538219375 0.9562533109375
0 0 0.62710155 0.0320555296875 0.8176244453124999 0.199033740625 0.78655173125 0.22040520156249999 0.7493061875 0.210236815625 0.5915732921875 0 0.6164205265625 0 0.62710155
0 0.0974475578125 1 0.10748854062499999 0.9980803609375 0.14558145625000002 0.9186965671875 0.12067609531250001 0.802892578125 0.0194676046875 0.8135691125 0.0433723484375 1 0.0974475578125 1
0 0.7661503921875 0.3310582046875 0.74458021875 0.131462171875 0.5970476375 0.141642221875 0.563088253125 0.17483242968749999 0.5908350875 0.3441690671875 0.7661503921875 0.3310582046875
0 0.9424286109375 0.30977090625 0.9245455281250001 0.1232440203125 0.7829663859375 0.1327960359375 0.74730439375 0.15270775625 0.7664909140625 0.333713903125 0.9424286109375 0.30977090625
0 0.1471930171875 0.1783311328125 0.182032159375 0.38729389531249997 0.347765584375 0.3778854515625 0.3208643625 0.1680853140625 0.1471930171875 0.1783311328125
0 0 0.4053576609375 0.13707015625000002 0.3974201984375 0.16683736093749998 0.394280040625 0.14470344531249998 0.221659675 0.106199975 0.1880387484375 0 0.1923569546875 0 0.4053576609375
0 0 0.6133905421875 0.03923099375 0.6069211609375 0.0890662203125 0.5720562015625 0.059675428125 0.40558460625 0.0054134171875 0.40592549531250005 0 0.406113575 0 0.6133905421875
0 0.42505439218749996 0.43163946875 0.42663970156250003 0.4126308953125 0.419206871875 0.3703490734375 0.302463059375 0.3853560546875 0.319946971875 0.5530837125 0.330268546875 0.5708362234375 0.3937719125 0.564137221875 0.38798304375 0.5189903578124999 0.385482090625 0.468113409375 0.40095875937500003 0.447639428125 0.42505439218749996 0.43163946875
0 0.5320044859374999 0.5441717578125 0.5270139609375 0.5366233515625 0.50484415625 0.5362704359375 0.523338253125 0.617759696875 0.53082973125 0.6761850500000001 0.5442160015625 0.7178388421874999 0.559187578125 0.7404840609375001 0.6230314671875 0.73644075625 0.5961888984375 0.5427841515625 0.5320044859374999 0.5441717578125
0 0.4578145171875 0.7969354921875 0.4531058625 0.775899253125 0.43490501718749996 0.7751276484375 0.419311046875 0.763314565625 0.3664111234375 0.7742782453125 0.37912773125 0.9048261312499999 0.39319504375 0.95179131875 0.48646561562499996 0.941952159375 0.48306039843750004 0.9153951796875001 0.46173620781249997 0.8745787640625 0.45362233593749995 0.8269855453125 0.4578145171875 0.7969354921875
0 0.5113368328125001 0.7751396765624999 0.495460990625 0.776814428125 0.48293171562500004 0.7889026265625 0.48140505781250004 0.8240547328125001 0.487816321875 0.8583694609375 0.5029052 0.9133017406249999 0.5132267734375 0.9310542515625 0.5433344984375 0.9305697921875 0.5229618421875 0.7873714484375001 0.5113368328125001 0.7751396765624999
0 0.633799484375 0.6949305375 0.6600555499999999 0.727151828125 0.8141639640625 0.7055116140625 0.7926524406250001 0.5220591125 0.6425129859375 0.5432806375 0.6127457828125 0.5464207953125 0.633799484375 0.6949305375
0 0.530878746875 0.1432391703125 0.37047636875 0.16285171874999999 0.395393109375 0.3728612 0.41523791093750007 0.3707677609375 0.4131361296875 0.338690040625 0.42368092500000004 0.32681118593749997 0.443525728125 0.3247177484375 0.46507313906250003 0.3359028 0.4708033578125 0.364906134375 0.5581204890625 0.3556950046875 0.530878746875 0.1432391703125