0 0.025906634374999998 0.1025995109375 0.0211124828125 0.135323909375 0.23579679062499997 0.1331592390625 0.25328458125000003 0.18542105 0.3128332265625 0.18685374375 0.3234647484375 0.153228728125 0.3058819734375 0.0977063515625 0.025906634374999998 0.1025995109375
0 0.5673611671875001 0.0557589078125 0.3203617921875 0.0467169640625 0.317156465625 0.1857921921875 0.574190628125 0.19054576406249998 0.5673611671875001 0.0557589078125
0 0.8320967781249999 0.075770621875 0.57528425625 0.0786250328125 0.5821453796875 0.21449874218749998 0.8332463562499999 0.2148711546875 0.8320967781249999 0.075770621875
0 0.846374384375 0.21712077968750002 0.5850486453125 0.2145156125 0.586736490625 0.372092678125 0.858160340625 0.3725831796875 0.846374384375 0.21712077968750002
0 0.575673925 0.19164105468749998 0.24896134218750002 0.1864826 0.2379644359375 0.35702600625 0.5863882 0.36013727812499996 0.575673925 0.19164105468749998
0 0.0323707140625 0.374304759375 0.197920284375 0.377440065625 0.2346544078125 0.39286690625 0.25322125624999997 0.183247340625 0.2387633875 0.1353498171875 0.023921590625 0.134101428125 0.0323707140625 0.374304759375
0 0.20292301250000003 0.549163109375 0.2332173453125 0.5428191171875001 0.23329776562500001 0.3961190375 0.197951946875 0.3785269203125 0.0323707140625 0.374304759375 0.03595346875 0.5471062250000001 0.20292301250000003 0.549163109375
0 0.23499784375 0.3548354265625 0.234573990625 0.5395669890625 0.5728046546875001 0.5415323578125 0.5719668515625 0.363313490625 0.23499784375 0.3548354265625
0 0.5882831125 0.37536167656249997 0.6002590453125001 0.5373452078125001 0.8849692359375 0.545519609375 0.8684484265625001 0.37698964375 0.5882831125 0.37536167656249997
0 0.1261861171875 0.65521094375 0.1969362140625 0.64258200625 0.191504778125 0.6056036406249999 0.1680569984375 0.597860696875 0.038333510937499995 0.5981861578125 0.0452612 0.7062912640625 0.1144829140625 0.7018697828125 0.1261861171875 0.65521094375
0 0.1262811046875 0.658471509375 0.125413971875 0.8279871062499999 0.4303520484375 0.8330190328124999 0.42529085 0.709109159375 0.44567705 0.7114009593749999 0.4465222328125 0.6407722734375 0.22577891249999998 0.6362295796875 0.1262811046875 0.658471509375
0 0.1159662109375 0.702965071875 0.0452140578125 0.7055556171874999 0.0605004953125 0.9440971640625 0.1143172203125 0.9452830640625001 0.1159662109375 0.702965071875
0 0.7724529578125 0.7187331234375 0.7690017078125 0.6002659578125 0.5570948437500001 0.6001212921875 0.4502122125 0.6179736296875 0.43557893906249995 0.713515625 0.7724529578125 0.7187331234375
0 0.718774171875 0.7195078796875001 0.429709078125 0.7113081734375 0.429623803125 0.808021375 0.7203305078125 0.8227506437500001 0.718774171875 0.7195078796875001
0 0.4261651765625 0.9384017671875 0.4275754328125 0.83734958125 0.14422188593750002 0.8259230515624999 0.117337428125 0.849673590625 0.118703784375 0.9463952250000001 0.4261651765625 0.9384017671875
0 0.385677746875 0.9435998578125 0.0602111 0.9395812078124999 0.0627909796875 0.9798396687500001 0.38388267656249997 0.981622903125 0.385677746875 0.9435998578125
0 0.4340103671875 0.8091335359375 0.42295013593749997 0.9775032296875 0.6576971890625 0.9827275890625 0.6873653328125 0.9818643343750001 0.6970410421875 0.8204419734374999 0.4340103671875 0.8091335359375
0 0.849901009375 0.7865567375 0.746581709375 0.7772630125 0.729573721875 0.7912909015625 0.6803449796875001 0.9820686046875 0.8367577578125 0.9775174578125 0.86404225 0.823585715625 0.849901009375 0.7865567375