0 0.11505437968750001 0 0.073888215625 0.2175563515625 0.29469365937499997 0.2575923578125 0.3134521375 0 0.11505437968750001 0
0 0.3151290875 0 0.2973426640625 0.2560318015625 0.666276 0.3255446265625 0.73687429375 0.0022003390625 0.7254671953125 0 0.3151290875 0
0 1 0.05882468125 0.7395117 0.004847428125 0.6675947015625 0.32686816875 1 0.39032484375 1 0.05882468125
0 1 0.39229040625 0.8195819046875 0.3570540015625 0.8261638140625 0.36787935625 0.7347568765625 0.701681875 0.7351054734375 0.7122785890625 0.99491279375 0.7502372171875 1 0.7233521765625001 1 0.39229040625
0 0.8199537046875 0.35923543125 0.449318265625 0.29042527812499996 0.40033630625 0.6529451374999999 0.726798259375 0.710571184375 0.8199537046875 0.35923543125
0 0.06120443125 0.60008255 0.3973155015625 0.6523242625 0.44687256093750005 0.2867650828125 0.0730130171875 0.2225548 0.05746206875 0.3130316390625 0.06120443125 0.60008255
0 0.055568265625 0.3147474140625 0.033011870312500004 0.4356537875 0.0465124765625 0.613819715625 0.0617679296875 0.6012508703125 0.055568265625 0.3147474140625
0 0.209189121875 0.6431283171875 0.2154688390625 0.626526396875 0.0642252375 0.6007034234375 0.046556946875 0.6144065796875 0.0665447125 0.87818279375 0.1991908015625 0.9080942015625 0.209189121875 0.6431283171875
0 0.202416665625 0.9069679609374999 0.3391371921875 0.9368577609375001 0.3750312578125 0.6498491343749999 0.2175543421875 0.62379751875 0.20957252343750002 0.64110210625 0.202416665625 0.9069679609374999
0 0.34137374375 0.9355281828124999 0.4795756171875 0.9639331875 0.54439969375 0.6793973531249999 0.392209190625 0.65443226875 0.38121816875 0.6669083390625 0.34137374375 0.9355281828124999
0 0.6926224921874999 0.7045994515625 0.5443880953125 0.6836049937500001 0.4869591328125 0.9580831984374999 0.563756546875 0.9715783390625001 0.6321052500000001 0.9675974796875 0.6946499921875 0.7229087765625 0.6926224921874999 0.7045994515625
0 0.849524303125 0.733690384375 0.6950681953125 0.7082596437500001 0.6331948515625 0.96753401875 0.7812678562500001 0.958909746875 0.848159196875 0.74919740625 0.849524303125 0.733690384375
0 0.85670451875 0.7330611421875 0.8513717046875 0.7488051765625 0.7839584921875 0.9587530359375 0.9573684109375 0.9486530578125001 0.99491279375 0.7502372171875 0.85670451875 0.7330611421875
0 0.4790835828125 0.9656213203125 0.5203635125 0.9741056953125 0.561255240625 0.9717240234375 0.4884695375 0.9583936359375 0.4790835828125 0.9656213203125