0 0.7927900796875 0 0.8087343078125 0.256448709375 0.9099044546874999 0.23802469375 0.9032311578125001 0 0.7927900796875 0
0 0.6757800625 0 0.7087831984374999 0.2809299078125 0.809547 0.26048683125 0.79353611875 0 0.6757800625 0
0 0.6226488078125 0 0.557567175 0.015154106249999999 0.6003182 0.310481703125 0.7067579265624999 0.2866582265625 0.6757522765624999 0 0.6226488078125 0
0 0.43881214531249996 0.044899024999999995 0.498086240625 0.335473403125 0.59798494375 0.30678392187500003 0.557567175 0.015154106249999999 0.43881214531249996 0.044899024999999995
0 0.317317509375 0.06892709999999999 0.388251440625 0.3621667796875 0.49261348906249997 0.339863334375 0.43399486249999997 0.0407022171875 0.317317509375 0.06892709999999999
0 0.1935944296875 0.0976739640625 0.2766404921875 0.383982675 0.38556424375 0.360658225 0.317317509375 0.06892709999999999 0.1935944296875 0.0976739640625
0 0.07818206562499999 0.1203407 0.16888337343749998 0.40915601874999996 0.2755262703125 0.386342071875 0.1935944296875 0.0976739640625 0.07818206562499999 0.1203407
0 0.1522095390625 0.4171079953125 0.1614772484375 0.396043609375 0.077828125 0.122529925 0.0443232328125 0.12580901875 0.0031871140625000004 0.1369314046875 0.0079830328125 0.342983665625 0.048810946875 0.440250803125 0.1522095390625 0.4171079953125
0 0.8161863796875 0.257945790625 0.70918954375 0.28294896718749996 0.6231791203125 0.309584959375 0.6604315578125 0.5460080234375 0.9254626 0.4771933921875 0.9212627624999999 0.24708750625000003 0.9112218500000001 0.23667482812500001 0.8161863796875 0.257945790625
0 0.319471965625 0.3796711015625 0.3841470265625 0.6141764140625 0.6600776203125001 0.5481972500000001 0.6221632546875 0.30453731093749997 0.319471965625 0.3796711015625
0 0.167159634375 0.40848682500000005 0.162034359375 0.3948639125 0.1548967359375 0.41861655000000003 0.0468840359375 0.43857207656249997 0.038409637499999996 0.41620373437499997 0.013942709375 0.4564950890625 0.1033007875 0.6833658078125 0.3826264578125 0.6145167484375 0.3171911125 0.380181603125 0.167159634375 0.40848682500000005
0 0.9319892390625 0.6951734468749999 0.9230309859375 0.48090265312499997 0.8378792046875001 0.49996143593750003 0.8467850484375001 0.71002394375 0.9319892390625 0.6951734468749999
0 0.7428961421875 0.5254406859375 0.7655854515625 0.72503313125 0.8459723562500001 0.705985825 0.835041240625 0.5016516359375001 0.7428961421875 0.5254406859375
0 0.6443148359374999 0.5527803015625 0.6780544625 0.752009459375 0.762799896875 0.7309316203125 0.7428961421875 0.5254406859375 0.6443148359374999 0.5527803015625
0 0.5525236734375001 0.5743801234375 0.5912313499999999 0.774607334375 0.675976784375 0.7535294921875 0.6443148359374999 0.5527803015625 0.5525236734375001 0.5743801234375
0 0.44897431875000005 0.6007216890625 0.49376426406249996 0.799587559375 0.5834253375 0.77529948125 0.5494825390625 0.57506079375 0.44897431875000005 0.6007216890625
0 0.351100884375 0.6236828546875001 0.4038476078125 0.8186578171875001 0.49280080625 0.7987481953125 0.44897431875000005 0.6007216890625 0.351100884375 0.6236828546875001
0 0.25404014531249997 0.6506821328125 0.31494681562500004 0.8427757234375 0.40176993124999993 0.82017785 0.351100884375 0.6236828546875001 0.25404014531249997 0.6506821328125
0 0.14461169375 0.6793945703125 0.2211303859375 0.8701038656250001 0.3049123640625 0.848186659375 0.311342109375 0.8288124781249999 0.2536337984375 0.6486630734375 0.14461169375 0.6793945703125
0 0.10218656718750001 0.685725203125 0.07996173749999999 0.630564359375 0.0449698671875 0.6941216031249999 0.047590796875 0.7071445359374999 0.12513145781249999 0.890535465625 0.21656868125 0.871124871875 0.14537197500000001 0.679224403125 0.10218656718750001 0.685725203125
0 0.8513991609374999 0.7132112234375 0.8621601328124999 0.8732733218750001 0.9389487921875 0.8560863843750001 0.9337129781250001 0.695842640625 0.8513991609374999 0.7132112234375
0 0.7688297609375 0.725361990625 0.76036828125 0.7346408765625 0.7772115265624999 0.893341634375 0.8627696531250001 0.8763019109375 0.8509928140625 0.7111921671875 0.7688297609375 0.725361990625
0 0.6721753671874999 0.7543803296875 0.697283375 0.9186162859375001 0.77650365 0.8977200875 0.7580874296875 0.7351513796875 0.6721753671874999 0.7543803296875
0 0.5843887953125 0.7761388453125 0.6170996421875 0.9386731234375001 0.697689721875 0.920635346875 0.6721753671874999 0.7543803296875 0.5843887953125 0.7761388453125
0 0.49569117812499996 0.8012662828125 0.5300733546874999 0.9602614671874999 0.6132982234375 0.9395239609375 0.5843887953125 0.7761388453125 0.49569117812499996 0.8012662828125
0 0.4952848328125 0.7992472234375 0.39933831249999996 0.823887109375 0.447017978125 0.980263865625 0.46759080624999994 0.9793056703125 0.527995678125 0.9617815015625 0.4952848328125 0.7992472234375
0 0.31555633437499997 0.8458043125 0.3104310625 0.832181403125 0.3093233 0.8503644124999999 0.35503231875 0.9845481671874999 0.44237842499999996 0.98047995625 0.3989319671875 0.8218680515625 0.31555633437499997 0.8458043125
0 0.2203701015625 0.8702740328124999 0.26472805625 0.9887541546874999 0.352023875 0.9846882875 0.30552188281250003 0.8512152499999999 0.2203701015625 0.8702740328124999
0 0.12381406406249999 0.8918853312499999 0.13969458437499999 0.9273660843749999 0.1709186265625 0.9245974953125 0.20097602656250002 0.9917234531249999 0.261265871875 0.9889154093749999 0.2203701015625 0.8702740328124999 0.12381406406249999 0.8918853312499999
0 0.0926708109375 0.9311389796875 0.1057562953125 0.996158384375 0.1995435921875 0.9917901703125 0.1691948859375 0.9239283 0.0926708109375 0.9311389796875
0 0.8608427390625 0.8746231859375 0.8624359984375 0.905832303125 0.9408972828125 0.888270996875 0.9385424468749999 0.8540673249999999 0.8608427390625 0.8746231859375
0 0.7791384406249999 0.895020359375 0.7839747140625 0.9233936109374999 0.8624359984375 0.905832303125 0.8616030234375 0.87445301875 0.7791384406249999 0.895020359375
0 0.6961691531249999 0.9209756812500001 0.7035519 0.9413939499999999 0.7800516515625 0.924271675 0.7791384406249999 0.895020359375 0.6961691531249999 0.9209756812500001
0 0.6142616796875 0.940363321875 0.6192060203125 0.9602723546874999 0.70159036875 0.9418329828124999 0.6969294359375 0.9208055140625 0.6142616796875 0.940363321875
0 0.6142616796875 0.940363321875 0.5335208359375 0.9615998546875 0.5380731125 0.9760229046875001 0.551662865625 0.9753899515625 0.6192060203125 0.9602723546874999 0.6142616796875 0.940363321875
0 0.4650363484375 0.979424646875 0.5378757828125 0.9760320953124999 0.5335208359375 0.9615998546875 0.4650363484375 0.979424646875