0 0.7237759046875001 0.42361359375 0.6768388578125 0.7801800296875 0.9385081859375 0.8171818234374999 0.9795539 0.40167870156249996 0.9640457796874999 0.3371197140625 0.7508329234375 0.32289800468749996 0.7237759046875001 0.42361359375
0 0.4622417171875 0.4133271609375 0.456752171875 0.7497313140624999 0.6788367234375 0.7802382031249999 0.7219643125 0.42088970000000003 0.7484625125 0.32817127031250004 0.5416158 0.3087926421875 0.4622417171875 0.4133271609375
0 0.659808171875 1 0.6826461828125 0.78302026875 0.447321659375 0.7414432890625 0.43915029062500005 1 0.659808171875 1
0 0.9058643296875 1 0.94250391875 0.81729816875 0.6824599109375 0.7856859859374999 0.6578915890625 1 0.9058643296875 1
0 0.462427990625 0.4106614421875 0.5414295265625 0.3114583625 0.5112752625 0.31325148125 0.39974905 0.41952094375 0.22867765625 0.40385515781250003 0.2364792140625 0.72194831875 0.4423945640625 0.7546555374999999 0.4433259265625 0.7413269421875001 0.4565659 0.7523970328125 0.462427990625 0.4106614421875
0 0.3999353234375 0.41685522500000005 0.5134594031249999 0.3106439359375 0.5183389968750001 0.011618021874999999 0.2747344734375 0.031236234374999998 0.1869635046875 0.05539196875 0.1945276609375 0.405531928125 0.2226840578125 0.40368063593750003 0.226679790625 0.4037969828125 0.3999353234375 0.41685522500000005
0 0.0610906734375 0.6821165406249999 0.2344813484375 0.7218901453125001 0.224681925 0.40373880937499995 0.053051710937499996 0.39607018125 0.038321559375 0.40632584375 0.0610906734375 0.6821165406249999
0 0 0.267765671875 0.0051029249999999995 0.3946740203125 0.1947139328125 0.40286620937500006 0.18496563906250002 0.0553337953125 0.2767323390625 0.0312944078125 0.17084543593749998 0.02821121875 0.00715555625 0.050156365625 0 0.1744492640625 0 0.267765671875
0 0 0.6730049859375 0.06290226875 0.6848404328125001 0.0325142328125 0.40348560625 0.055049578125 0.39612835468749996 0 0.390526840625 0 0.6730049859375
0 0.5263304625 0.011850715625 0.5134594031249999 0.3106439359375 0.7146850609375 0.324516603125 0.7381042703125 0.018017093749999998 0.5263304625 0.011850715625
0 0.7166829265625 0.324574778125 0.9220905921875 0.335898071875 0.9680451437500001 0.0220413140625 0.736292675 0.015293203124999998 0.7166829265625 0.324574778125
0 0.4392486953125 1 0.4440198859375 0.7600451500000001 0.2364792140625 0.72194831875 0.25037663593750004 0.98145383125 0.351059925 1 0.4392486953125 1
0 0.23485389375 0.7165587046875 0.0610906734375 0.6821165406249999 0.08897315781250001 0.94202926875 0.2483787703125 0.9813956578124999 0.23485389375 0.7165587046875
0 0 0.9128219015625 0.08897315781250001 0.94202926875 0.0610906734375 0.6821165406249999 0 0.6720930359375 0 0.9128219015625
0 0 0.9901902828125 0.08942971250000001 0.992794275 0.08678901875 0.9446368140624999 0 0.9157782062500001 0 0.9901902828125
0 0.356433884375 1 0.0871615640625 0.9393053765625 0.087431846875 0.9927361015624999 0.2762345203125 1 0.356433884375 1