0 0.4207412546875 0.3719423234375 0.3849113296875 0.37676104375 0.3856089671875 0.3827242078125 0.3718495171875 0.3860889453125 0.3837510890625 0.4359727078125 0.394401484375 0.4405973375 0.4575759 0.42755834843749996 0.4494810203125 0.3756483828125 0.4207412546875 0.3719423234375
0 0.3924109328125 0.44086504375 0.38210935625000003 0.439221996875 0.3921947875 0.49086425624999996 0.45770857343750004 0.48053914375 0.45177865468749995 0.42985226093750006 0.3924109328125 0.44086504375
0 0.39435974687500003 0.49208734062500004 0.39732470625 0.5174307812500001 0.4666451859375 0.505079465625 0.46168967656250004 0.4800037296875 0.39435974687500003 0.49208734062500004
0 0.46081762968750006 0.47254977656249997 0.47261684062500003 0.5042763453125 0.49632904843750003 0.4995730734375 0.496924325 0.48737904218750006 0.536735353125 0.4820249078125 0.5371562203125 0.468340084375 0.507893225 0.460161653125 0.46081762968750006 0.47254977656249997
0 0.39170187031250003 0.5212154859375 0.40639399374999996 0.5949518984375 0.5153510921875 0.5757556562499999 0.5053377109375 0.507446990625 0.498842828125 0.5037777375 0.39170187031250003 0.5212154859375
0 0.5369097609375 0.4835156984375 0.507051490625 0.48753129843750004 0.5051633 0.5059562 0.515074321875 0.5561076703125 0.5766070046875 0.5463179703125001 0.56823535625 0.4747600171875 0.5403676359375 0.4785079125 0.5369097609375 0.4835156984375
0 0.3558530578125 0.40489700468749995 0.37376801875 0.40248764374999996 0.3718495171875 0.3860889453125 0.38344400625 0.3815011234375 0.3850857390625 0.378251834375 0.3730097578125 0.32687728125 0.3471325890625 0.33035746875 0.3558530578125 0.40489700468749995
0 0.16764556875 0.265155890625 0.14627273125 0.2725730375 0.1396034390625 0.2674129953125 0.0399014609375 0.27930754062499996 0.06248374062499999 0.368639534375 0.209435725 0.345847653125 0.19222982187499998 0.2679065734375 0.16764556875 0.265155890625
0 0.3487743203125 0.3271081796875 0.3427420421875 0.25826410312500003 0.33303574375 0.24442702343749997 0.193697146875 0.2631664953125 0.21359123593749998 0.3468030296875 0.3487743203125 0.3271081796875
0 0.048549881249999996 0.37051348125 0.072425075 0.45361460156250005 0.2173865078125 0.4310904296875 0.1976668265625 0.3489446828125 0.048549881249999996 0.37051348125
0 0.2038128890625 0.3496323546875 0.22136760937500002 0.430555015625 0.356376284375 0.409369375 0.344967628125 0.329134384375 0.2038128890625 0.3496323546875
0 0.0704345234375 0.45388230781249994 0.09214475625 0.535760346875 0.23260185781249998 0.509299215625 0.21340540468750002 0.43162584375 0.0704345234375 0.45388230781249994
0 0.250691228125 0.5083806453124999 0.3853510859375 0.4842134234375 0.3723006953125 0.407227721875 0.237292021875 0.4284133609375 0.24583807968750002 0.50146210625 0.250691228125 0.5083806453124999
0 0.0923191640625 0.5372511375 0.11350617031250002 0.614656803125 0.25543059375 0.58345559375 0.23640855 0.5072730109375 0.0923191640625 0.5372511375
0 0.391557775 0.5545482921875 0.3815443921875 0.486239628125 0.24671012656250002 0.508916059375 0.26374161875 0.5853663484375 0.391557775 0.5545482921875
0 0.26971327343749996 0.5845632265625 0.2800754734375 0.6558534734375 0.41040540937500003 0.6292400828125 0.3977038390625 0.5552359625000001 0.26971327343749996 0.5845632265625
0 0.1212939640625 0.612095184375 0.142655378125 0.6909916421875 0.27626877968749997 0.657879678125 0.2657321703125 0.5850986390624999 0.1212939640625 0.612095184375
0 0.6729916546875 0 0.51133616875 0.04025225625 0.534460565625 0.2551938234375 0.8848696578125 0.19141103125 0.8608417078124999 0 0.6729916546875 0
0 0.868541865625 0 0.8920621765625001 0.20104344531249999 1 0.1792685921875 1 0.13857029375000002 0.9837884984375 0 0.868541865625 0
0 1 0.18218316875 0.8884298921875 0.20456044062499998 0.9097381484374999 0.4212605046875 1 0.41136612499999997 1 0.18218316875
0 0.53627670625 0.253435325 0.5614637046875 0.451442778125 0.8871444453124999 0.418242115625 0.9060035031250001 0.4066203046875 0.8866857984375001 0.18965253437500001 0.53627670625 0.253435325
0 1 0.411749415625 0.9178747640625 0.42168046718749996 0.9209117703125 0.43035750625 0.942364121875 0.6137247593749999 1 0.61444 1 0.411749415625
0 1 0.614791990625 0.9382086093750001 0.6127693812499999 0.9373365625 0.6053154296875001 0.9267885296875 0.618847996875 0.9374389234375 0.6234726234375 0.9552589921875001 0.8103568734375 1 0.81253251875 1 0.614791990625
0 0.8835121609375 0.4217591109375 0.5634542546875 0.451175071875 0.58906211875 0.635497703125 0.9035995515625 0.6280236390625 0.90740624375 0.625997434375 0.92598853125 0.5947276375 0.9025456281249999 0.41162808906250004 0.8835121609375 0.4217591109375
0 0.9057645109375001 0.6292467234375 0.6053353484375 0.6363376328125 0.6330058109375 0.803726153125 0.942197178125 0.8196847734375 0.9552589921875001 0.8103568734375 0.9374389234375 0.6234726234375 0.9269629390624999 0.6203387859375 0.9338786890625 0.6103232140625 0.9239979796875 0.59499534375 0.9057645109375001 0.6292467234375
0 1 0.8135322625000001 0.9594145031249999 0.8113122515625 0.9684117421874999 0.905499771875 1 0.9012515062500001 1 0.8135322625000001
0 0.9604495375000001 0.9065705984375001 0.9537916671875 0.8150969515625001 0.6371613234375 0.8046815296875 0.6519140718750001 0.9480651421875 0.9604495375000001 0.9065705984375001