0 0.0493484703125 0.07273813125 0.0673263984375 0.10996775156250001 0.23809585156250002 0.08396696875000001 0.223564871875 0.0438685078125 0.0493484703125 0.07273813125
0 0.7857022515625001 0.0196453109375 0.7859479265625 0.0091453328125 0.627243265625 0.007298635937500001 0.6276991562500001 0.038935276562499996 0.7857022515625001 0.0196453109375
0 0.1284863421875 0.4961764046875 0.48568515 0.44157981875 0.500408996875 0.43454462187500004 0.43405651718750005 0.08136344375 0.23809585156250002 0.08396696875000001 0.06709238437500001 0.1088577078125 0.041028378125 0.10053976875 0.003988803125 0.114224378125 0.014881259375 0.42614350781250004 0.0578681484375 0.497539240625 0.1284863421875 0.4961764046875
0 0.6296566453125 0.0386108984375 0.568803775 0.0670760546875 0.464822915625 0.0831580359375 0.4660341328125 0.13695195 0.47588483437500007 0.15484955 0.5108984750000001 0.4362528640625 0.5162175359375001 0.442264365625 0.964864859375 0.3794066578125 0.9828458640625 0.31094415625 0.919549815625 0.01069993125 0.8225760187500001 0.009571539062499999 0.789617228125 0.0189965546875 0.6296566453125 0.0386108984375
0 0.0485487390625 0.501381215625 0.17435308124999999 0.7137448562500001 0.5447009 0.6638622609375 0.503536553125 0.43977046093750005 0.0485487390625 0.501381215625
0 0.5147280750000001 0.4448088296875 0.5488498875000001 0.66432355 0.9144953125 0.620964303125 0.9690138484374999 0.3798679453125 0.5147280750000001 0.4448088296875
0 0.5600794812500001 0.823297740625 0.5312325 0.66724295 0.1741190671875 0.7126348124999999 0.17058674375 0.7247083796875 0.2467328171875 0.864883425 0.5600794812500001 0.823297740625
0 0.920516415625 0.630305934375 0.9147293265625001 0.6220743453125 0.5451689281250001 0.6660823484375 0.5675267796875 0.8105754203125001 0.8721706953125 0.785366565625 0.920516415625 0.630305934375
0 0.258860396875 0.8743619656250001 0.3182839890625 0.9736528828125 0.5812039999999999 0.942721109375 0.5876298671875 0.9347633406250001 0.5696329046875 0.8205658093749999 0.55835600625 0.8247321624999999 0.2567542703125 0.864371578125 0.258860396875 0.8743619656250001
0 0.58905914375 0.807007265625 0.5675267796875 0.8105754203125001 0.5871618390625 0.9325432546875 0.6277156765624999 0.93271595625 0.7446115296875 0.920237925 0.8390389656250001 0.9068878765624999 0.8676992390624999 0.8986920812499999 0.8842982749999999 0.79484510625 0.8741281843750001 0.7850421875 0.58905914375 0.807007265625
0 0.057226290624999995 0.619420721875 0.091164475 0.56899273125 0.046825265625 0.5028156375 0.06005965 0.49832490625 0.014823703125 0.424495321875 0.018585768750000002 0.5322267921875 0.0371833859375 0.6204444140625001 0.057226290624999995 0.619420721875
0 0.1486496140625 0.7455759375000001 0.17365103906249998 0.7104147265625 0.091164475 0.56899273125 0.0594177921875 0.6202063890625 0.0367153578125 0.6182243281249999 0.0659671046875 0.75697971875 0.1486496140625 0.7455759375000001
0 0.063775603125 0.7561940546875 0.0918572796875 0.889399228125 0.24258382812499998 0.8644221359375001 0.1639268640625 0.73155610625 0.144500625 0.74511465 0.063775603125 0.7561940546875
0 0.18666428906250002 0.9931661109375 0.3182839890625 0.9736528828125 0.2528392953125 0.865020334375 0.2403923265625 0.863636471875 0.1033681921875 0.8863429187499999 0.10836786093749999 0.9004491 0.18666428906250002 0.9931661109375
0 0.186830903125 1 0.1886217765625 0.9928417328125001 0.091623265625 0.888289184375 0.1151736046875 1 0.186830903125 1
0 1 0.405838440625 0.9786747625000001 0.3392070796875 0.9682896921875 0.405262028125 1 0.41281652968750004 1 0.405838440625
0 1 0.4116053078125 0.9630338953124999 0.41877001406250003 0.9147293265625001 0.6220743453125 0.9490059343749999 0.640519584375 1 0.6343947578125 1 0.4116053078125
0 1 0.634889109375 0.9531549234375 0.6409808703125 0.9209844421875 0.6325260218750001 0.8721706953125 0.785366565625 0.8918942109374999 0.792437553125 1 0.781769253125 1 0.634889109375
0 1 0.7825959171875 0.8860217484374999 0.7934106875 0.863635625 0.8890260703124999 1 0.877019109375 1 0.7825959171875