0 0.9301047828125 0.2375822140625 0.9488195078125001 0.1149295671875 0.48336967187499996 0.0366275640625 0.42674101249999996 0.032336500000000004 0.43867801406250007 0.1801408234375 0.9301047828125 0.2375822140625
0 0.6039330859375001 0.3541287921875 0.9277947421875 0.388284628125 0.9539527890624999 0.241497690625 0.6177216999999999 0.20214143906249998 0.6039330859375001 0.3541287921875
0 0.43118290000000004 0.17996675625 0.4329128328125 0.1686291171875 0.33138835312500003 0.15618641718749998 0.2866794625 0.16575014999999998 0.2918645375 0.3166266296875 0.6039330859375001 0.3541287921875 0.6233823515625 0.20201431718750001 0.43118290000000004 0.17996675625
0 0.024485375 0.1301820375 0.000027273437499999998 0.2904756484375 0.2669156625 0.319926015625 0.296477059375 0.31104484375 0.2825387359375 0.16823985156250001 0.3182325875 0.1561394734375 0.08934389375 0.12806810468750002 0.024485375 0.1301820375
0 0.2947960859375 0.4576244796875 0.5923462078124999 0.49168642343749996 0.6016268234375 0.3569196859375 0.283897621875 0.319544646875 0.2947960859375 0.4576244796875
0 0 0.4223504171875 0.29511061875 0.45556308906250004 0.289243740625 0.3214789109375 0.262774940625 0.32241571874999997 0 0.2927372359375 0 0.4223504171875
0 0.595857865625 0.4933195 0.8990686374999999 0.5272543203125 0.914167175 0.3913297671875 0.5996350968749999 0.3576491921875 0.595857865625 0.4933195
0 0.59260516875 0.6132282 0.8823456421874999 0.649177465625 0.9007458343750001 0.52858620625 0.5943379359375001 0.4909569203125 0.59260516875 0.6132282
0 0.29416701875 0.46174725624999996 0.30454189062500003 0.57861081875 0.581598396875 0.6114210578125 0.59465246875 0.48889553125 0.29416701875 0.46174725624999996
0 0 0.5080156578125 0.008354431249999999 0.547942146875 0.283891009375 0.5783898046875 0.28164031718750004 0.4575775359375 0 0.425251071875 0 0.5080156578125
0 0 0.5905599140625 0.012282320312500001 0.670086303125 0.29195961875 0.698044259375 0.29982200312499996 0.6834874125 0.2907570578125 0.5826866515625 0 0.5483770421874999 0 0.5905599140625
0 0.2985638703125 0.69173296875 0.5713223875 0.72806360625 0.5777722078124999 0.611849371875 0.291071590625 0.5806252625 0.2985638703125 0.69173296875
0 0.5936504640625 0.7296165015625 0.8650463171875 0.7625538640625 0.8817165749999999 0.6533002437500001 0.5973222234375 0.6192852421875 0.5936504640625 0.7296165015625
0 0.90627931875 0.9926710218749999 0.939229815625 0.7767199046875 0.528343428125 0.726289696875 0.494010353125 0.815739109375 0.5007163 0.9320002890625 0.90627931875 0.9926710218749999
0 0 0.882173715625 0.4271278140625 0.9336528906250001 0.44788605937500003 0.834579090625 0.4413872828125 0.8155513328125 0.44699802968749996 0.71716009375 0.30600625 0.7045765625 0.0161085078125 0.6696579890625001 0 0.6862782578125 0 0.882173715625
0 0.29332228125 0.7014375359375 0.452186884375 0.7201250531250001 0.4356220984375 0.804039625 0.49663114531249997 0.810886828125 0.52483176875 0.724656621875 0.29809207187500003 0.694825053125 0.29332228125 0.7014375359375