0 0.8622273234375 0.11064560937500001 0.628695915625 0.15867560625 0.6608465875 0.42893318281250004 0.8971292515625 0.42636087656250005 0.9742292859375 0.403216596875 0.9559725406249999 0.1518265953125 0.8622273234375 0.11064560937500001
0 0.6194058578125 0.393709953125 0.6557882953124999 0.3994809265625 0.637696853125 0.206878696875 0.6044203234375 0.21183249375000002 0.6194058578125 0.393709953125
0 0.46852507499999996 0.204894121875 0.351062090625 0.22222073281250002 0.3763156890625 0.38818615156249997 0.41015004375 0.388583065625 0.41775641874999997 0.42340938125000005 0.5050487796875001 0.4217613328125 0.6202425953125 0.40173601875 0.6032668046875 0.2198352109375 0.46852507499999996 0.204894121875
0 0.288744415625 0.387158840625 0.37376760937500003 0.38281209375 0.353610171875 0.22759479218749998 0.2642896875 0.24792362968749998 0.288744415625 0.387158840625
0 0.2569003171875 0.386785275 0.289023328125 0.389834196875 0.2656842484375 0.2613004046875 0.23981091718749997 0.26099688125 0.2569003171875 0.386785275
0 0.0707148796875 0.22160403125 0.0118060609375 0.2476337953125 0.0365397046875 0.389544365625 0.105640846875 0.38501083281250004 0.23019025 0.3784556859375 0.2026296125 0.22849570312499998 0.0707148796875 0.22160403125
0 0.89967733125 0.4317349359375 0.67079786875 0.4290499234375 0.697611334375 0.6671798875 0.9278096234375001 0.7206499546875 0.996504415625 0.6359491546875 0.9824692234375 0.40598534375 0.89967733125 0.4317349359375
0 1 0.5659172078125 0.9889737796875 0.5637145640625 0.998215759375 0.6332971484375001 1 0.633708215625 1 0.5659172078125
0 0.5347649765625 0.630532434375 0.6993226781249999 0.6645278796875 0.67107678125 0.4317252765625 0.6608465875 0.42893318281250004 0.6560672078125 0.4021562828125 0.6245020203125 0.4044580703125 0.5050487796875001 0.4217613328125 0.5347649765625 0.630532434375
0 0.44524131718750004 0.6107776406250001 0.5350438890625 0.633207790625 0.5056066046875001 0.4271120453125 0.41576616250000004 0.4233860328125 0.44524131718750004 0.6107776406250001
0 1 0.637039259375 0.996504415625 0.6359491546875 0.9300787921874999 0.72334865625 0.714091209375 0.67271738125 0.7115052609375 0.6860474640625001 0.7397511578125 0.9188500656249999 0.9244824859375 1 0.9805939078125 1 1 0.95872131875 1 0.637039259375
0 0.9359898624999999 1 0.7505391765625 0.926992871875 0.7468375765624999 0.9296215296874999 0.75539055625 1 0.9359898624999999 1
0 0.5310633765625 0.6331610953125 0.5559623265625 0.8338594359375 0.7269728828125 0.9106839125 0.7332604328125 0.8947251734374999 0.706130184375 0.6726239890625 0.5310633765625 0.6331610953125
0 0.471851609375 0.808823971875 0.5408770140625 0.8416987171875 0.5539720703125 0.8338360874999999 0.5270828640625 0.6331143984375001 0.44297214843750005 0.6080789359375001 0.471851609375 0.808823971875
0 0.7522259921875001 1 0.7391933328125 0.9134993546875 0.5579525828125 0.8338827828125 0.5482802140625 0.8364413984375 0.568571546875 1 0.7522259921875001 1
0 0.568632571875 1 0.5491169499999999 0.8444674640625 0.474399690625 0.8141980312499999 0.49424034531250005 0.9854441156249999 0.518858034375 1 0.568632571875 1
0 0.1016224640625 0.40366827499999997 0.1432423296875 0.631283603125 0.233564859375 0.677768603125 0.44524131718750004 0.6107776406250001 0.41241921406250004 0.39128176875 0.2469490359375 0.386668534375 0.1016224640625 0.40366827499999997
0 0.22958434687499998 0.6777219062500001 0.1477806671875 0.6366810093749999 0.183746546875 0.8481975109375 0.255206425 0.9425587312499999 0.475477471875 0.843603590625 0.44265536718750004 0.62410771875 0.42589658124999996 0.6158948718749999 0.22958434687499998 0.6777219062500001
0 0.49852658437499997 1 0.47774664062500005 0.8463022921875 0.255206425 0.9425587312499999 0.186573540625 0.856246925 0.178612515625 0.8561535328125001 0.2046013171875 1 0.49852658437499997 1
0 0.0739380140625 0.5957335031250001 0.12958945 0.633795521875 0.14069425 0.62590954375 0.1010646390625 0.398317565625 0.041635867187499995 0.40029248125 0.0739380140625 0.5957335031250001
0 0.0742169265625 0.598408859375 0.1093839359375 0.7831951546875 0.171526096875 0.8453820671875001 0.181198465625 0.8428234515625 0.1455114984375 0.63398230625 0.13130079375 0.631143515625 0.0742169265625 0.598408859375
0 0.20219194843750002 1 0.171526096875 0.8453820671875001 0.10994176250000001 0.7885458640625 0.145425553125 0.957303378125 0.169858284375 1 0.20219194843750002 1
0 0.06521598906250001 0.5502057687499999 0.041078042187500004 0.394941771875 0.0139242375 0.3987379890625 0.0173685515625 0.49737022499999994 0.022304959375 0.5390140390625 0.06521598906250001 0.5502057687499999
0 0.0350970640625 0.6807845203125 0.07940265625000001 0.705353025 0.0635046453125 0.552857775 0.022583871875 0.5416893953125 0.0350970640625 0.6807845203125
0 0.07686840625 0.83358329375 0.10724220468750001 0.8579883625000001 0.0774124 0.7053296765625 0.0461639953125 0.69160268125 0.07686840625 0.83358329375