0 0.739263625 0.7555101 0.7225084265625 0.747727409375 0.6466371515625 0.7338693578125 0.33598348906250003 0.779145265625 0.30637174375 0.8179083015625 0.31418015312500003 0.9911958296875 0.43188484687499995 0.988456221875 0.767466775 0.957318821875 0.739263625 0.7555101
0 0 0.9985084531249999 0.026037776562499997 0.9979024171875001 0.31140844375 0.9590805375 0.306514775 0.8235798171875001 0 0.865148678125 0 0.9985084531249999
0 0 0.864833921875 0.30692460625 0.823541790625 0.306074559375 0.8184268828124999 0.336183921875 0.7783601515624999 0.33115567343749996 0.6899214390624999 0 0.7377718343749999 0 0.864833921875
0 0 0.7378036890625 0.33238158906250004 0.6891966578125001 0.3288121390625 0.5697654359375 0 0.6152250078125 0 0.7378036890625
0 0 0.6155068578125 0.3234861359375 0.5705651328125 0.3158541359375 0.4576211875 0 0.49913088281249995 0 0.6155068578125
0 0 0.49903675468750003 0.3158541359375 0.4576211875 0.31236511718750004 0.3519307390625 0.302532771875 0.353454078125 0.0079043546875 0.387512915625 0 0.390844 0 0.49903675468750003
0 0.008308821875 0.38655883593749996 0.3107275828125 0.352388196875 0.3043912015625 0.25062814218749996 0.0138610828125 0.2843067125 0.008308821875 0.38655883593749996
0 0.0044314203125 0.28457062187500004 0.013503085937500001 0.29319990625000003 0.0138610828125 0.2843067125 0.3056189046875 0.2502087109375 0.3030657234375 0.16428999375 0.2927592046875 0.1548587421875 0.0178044109375 0.187397653125 0.0044314203125 0.28457062187500004
0 0.012890025 0.188464671875 0.29275741875 0.154553390625 0.2951007484375 0.0645141484375 0.020557571875 0.0973203828125 0.012890025 0.188464671875
0 0.296332025 0.0647054203125 0.29475936406250003 0.006192196875 0.0205849109375 0.0319373421875 0.015227993749999998 0.097509378125 0.296332025 0.0647054203125
0 0.34889778437499996 0.777197621875 0.6468064703125 0.7339873046875 0.672150371875 0.7388211890624999 0.665936953125 0.7070631796875 0.3467513296875 0.753744671875 0.34889778437499996 0.777197621875
0 0.33776791093749997 0.592007378125 0.344739740625 0.7533325328125 0.55512045625 0.7224351234374999 0.536501734375 0.562190640625 0.34256980000000004 0.588567890625 0.33776791093749997 0.592007378125
0 0.3445796359375 0.5886807984375 0.535700253125 0.5625644000000001 0.5384993109375 0.5602089296874999 0.6436879171875 0.5444609953125 0.6231556921875 0.40056132343749995 0.3336757078125 0.442091390625 0.3445796359375 0.5886807984375
0 0.31639145156250004 0.303878228125 0.3296595390625 0.4424640375 0.5203732828125001 0.415487209375 0.5075120671875 0.27776183125 0.31639145156250004 0.303878228125
0 0.3119992203125 0.171354921875 0.322815571875 0.30298276562500004 0.6002558046875001 0.26406678906250003 0.5846235515625 0.1334845828125 0.3119992203125 0.171354921875
0 0.30125468125 0.0519955609375 0.3099928875 0.1718404765625 0.49106957656250005 0.146057228125 0.478330965625 0.0292780390625 0.30125468125 0.0519955609375
0 0.36867765625 0 0.3106255046875 0.005318825 0.3149026515625 0.049531640625 0.5730845375 0.01569590625 0.570575921875 0 0.36867765625 0
0 0.5712180140625 0 0.5734826515625 0.015060181249999999 0.6787562406250001 0 0.5712180140625 0
0 0.6830113515625 0 0.47792584531250004 0.0287168421875 0.491474696875 0.1466184265625 0.766517490625 0.11002065624999999 0.7457403296875 0 0.6830113515625 0
0 0.5866333874999999 0.1335974921875 0.6022533796875 0.2620850796875 0.7945700890625 0.23436073125 0.7689359484375 0.11129322500000001 0.5866333874999999 0.1335974921875
0 0.603463484375 0.2628709796875 0.5994525687500001 0.2641413171875 0.5075085640625 0.27716336875 0.52077315 0.4151507125 0.8215019109374999 0.3731757 0.7945735921875 0.23495919375000002 0.603463484375 0.2628709796875
0 0.623160946875 0.4014590171875 0.64368966875 0.5447602265625 0.8512765796874999 0.51711598125 0.823922121875 0.37474750156250003 0.623160946875 0.4014590171875
0 0.538900928125 0.560171665625 0.5365087421875 0.5633875671874999 0.5555238250000001 0.722697090625 0.885158496875 0.67624364375 0.8504768500000001 0.5177889718750001 0.538900928125 0.560171665625
0 0.6679432875 0.7065776234375 0.6725519890625 0.7387839234375 0.7220296937499999 0.7476657921875 0.7397568859375 0.7556015546875 0.755699675 0.8705864703125 0.9102591375 0.8454672953125 0.880754721875 0.6790474046874999 0.6679432875 0.7065776234375
0 0.75529630625 0.8703245031250001 0.767466775 0.957318821875 0.9345290374999999 0.941416546875 0.9122724765625 0.846178665625 0.75529630625 0.8703245031250001
0 0.7457912296875 0 0.76328005 0.0877223453125 0.7913055703125 0.057699773437500004 0.966134184375 0.038094817187500005 0.9658142875 0 0.7457912296875 0
0 0.9663709640624999 0.037716715625 0.791067746875 0.05789990625 0.7632738 0.08665452968750001 0.7669901 0.109102175 0.769393325 0.111372115625 0.7866034156249999 0.19346635 0.9671376781250001 0.16870226875 0.9663709640624999 0.037716715625
0 0.966898815625 0.1687244328125 0.7868443609375 0.193800125 0.8144523859374999 0.33743079374999996 0.8318519515625 0.329405971875 0.9674954187499999 0.3114781328125 0.966898815625 0.1687244328125
0 0.83185611875 0.33011784843749997 0.815167934375 0.337186334375 0.822795646875 0.374584746875 0.8459280671875 0.48853750937499996 0.8623982218749999 0.485050575 0.968396746875 0.46988668906250003 0.9686447734374999 0.4660162828125 0.9679731468749999 0.31143380781249996 0.83185611875 0.33011784843749997
0 0.862876990625 0.48518421875 0.846167975 0.48869331406249994 0.8801031328125 0.6516803203125 0.89753186875 0.64863864375 0.9574401968749999 0.6408612859375 0.9684204859375001 0.46951625 0.9684204765625 0.46951504687499995 0.862876990625 0.48518421875
0 0.8803440796875 0.6520140984375 0.8843086203125001 0.6760413062499999 0.8802625187500001 0.6789096546875 0.9072112453125 0.8323951359375 0.9325297828125001 0.8298678562499999 0.94541995625 0.8284345343749999 0.9574450046875 0.6407862546875001 0.8977738562500001 0.6491503890625 0.8803440796875 0.6520140984375