0 0 0 0.00036619843749999997 0.131976265625 0.14825352187500002 0.128808834375 0.2612949640625 0.20903217343749997 0.263649121875 0.0017535093750000001 0 0
0 0.28272928125 0.43155217968750004 0.28825414375 0.2294432890625 0.1490276234375 0.129217159375 0.0020662984375 0.133358734375 0 0.45127436249999997 0.1346762578125 0.45883532968749996 0.28272928125 0.43155217968750004
0 0.261582734375 0.66096448125 0.25467625781250003 0.437694821875 0.134662984375 0.4580582640625 0.000575540625 0.4512851484375 0 0.7451274359375 0.164604315625 0.7535081375 0.261582734375 0.66096448125
0 0 0.9970015 0.20537930937499999 0.9957090421875 0.3108 0.7943028484375 0.3004316546875 0.6391768140625 0.27941436406250003 0.6593388390625 0.26173480625 0.6601671546875 0.1644972375 0.7537667625 0 0.7451274359375 0 0.9970015
0 0.3761151078125 0.2661978359375 0.39044444375 0.09711810781249999 0.324 0.0031018984375 0.2991724140625 0.0031018984375 0.26468965624999996 0.001033965625 0.261931034375 0.20989505312499998 0.29035971250000003 0.23060412343749997 0.35986206875 0.2626273078125 0.3761151078125 0.2661978359375
0 0.353333334375 0.5848742296875 0.354017315625 0.419919909375 0.30244604375 0.43338043125 0.28316546875 0.4325175546875 0.25445021562500003 0.437443615625 0.26051082187499996 0.6594105546875 0.27999999999999997 0.6594544453125 0.353333334375 0.5848742296875
0 0.34362770625 0.5945079421874999 0.29985611562500003 0.63852965625 0.3106 0.7929535234375 0.3453593078125 0.730803428125 0.34362770625 0.5945079421874999
0 0.2698 0.87211394375 0.20555688593750002 0.9956099796875 0.2944 0.9974512750000001 0.3121437125 0.93905143125 0.2698 0.87211394375
0 0.33540000000000003 0.7506746625 0.2702 0.8715142421875001 0.3122 0.9392803593749999 0.33039999999999997 0.8800599703125 0.33540000000000003 0.7506746625
0 0.3614 0.8866566718750001 0.331305390625 0.8797996203125 0.294 0.998050975 0.32891017968749997 0.9974054890625 0.36160000000000003 0.9974512750000001 0.3614 0.8866566718750001
0 0.393956834375 0.26749215312499997 0.376995884375 0.26653340000000003 0.3572427984375 0.262214571875 0.354 0.44111277656250003 0.380666665625 0.4402798609375 0.393956834375 0.26749215312499997
0 0.357410071875 0.26253060625 0.30244604375 0.23664426875000003 0.2883453234375 0.230388403125 0.2828776984375 0.4325175546875 0.3012757203125 0.43311677499999995 0.35395683437500003 0.41957438593749996 0.357410071875 0.26253060625
0 0.3808888875 0.44094619375 0.35288888749999997 0.4407796109375 0.35355555625 0.441612528125 0.3531111125 0.5858737296875 0.369333334375 0.5940363140625 0.37555555625000003 0.5937031484374999 0.3808888875 0.44094619375
0 0.36955555625000003 0.5947026484375 0.3531111125 0.5853739796874999 0.342427984375 0.595998296875 0.346 0.7325337328125 0.3648 0.7421289359375 0.3666 0.7421289359375 0.36955555625000003 0.5947026484375
0 0.34500000000000003 0.7317841078125 0.33540000000000003 0.7508245875 0.3306 0.8796101953125 0.3606 0.886056971875 0.3658 0.7427286359374999 0.34500000000000003 0.7317841078125
0 0.3918107 0.0974821234375 0.376402878125 0.2661978359375 0.7051111125 0.27919373593749996 0.7218518515625 0.11105558281250001 0.3918107 0.0974821234375
0 0.393956834375 0.26749215312499997 0.3808888875 0.44044644374999997 0.6025102875 0.4436053578125 0.6168888875 0.27586206875 0.393956834375 0.26749215312499997
0 0.3811111125 0.4405204796875 0.376222221875 0.593536565625 0.6963374484375 0.6027850265625 0.7037448562499999 0.44792418593749994 0.3811111125 0.4405204796875
0 0.370666665625 0.5938697312500001 0.36619999999999997 0.7434782609374999 0.57355555625 0.755289021875 0.592364609375 0.599250375 0.370666665625 0.5938697312500001
0 0.366 0.7436281859375 0.3612 0.886206896875 0.6672413796875001 0.8982577671875 0.6795977015625 0.7580261593750001 0.366 0.7436281859375
0 0.3618 0.8865067468750001 0.3613580234375 0.9970323484374999 0.5638271593749999 0.996415371875 0.57123456875 0.8939974453125 0.3618 0.8865067468750001
0 0.7713944953125 0.9023011421874999 0.5718 0.8943028484375001 0.5621810703125 0.996415371875 0.696 0.99850075 0.762220184375 0.9978955468749999 0.7713944953125 0.9023011421874999
0 0.7218532125 0.1100367234375 0.70533945 0.2792181890625 0.9973333343749999 0.28752290625 0.998 0.1169415296875 0.7218532125 0.1100367234375
0 0.618 0.2760286515625 0.5998348625000001 0.44289781718750004 0.826440365625 0.45115057187499996 0.8393333343749999 0.28285857187499996 0.618 0.2760286515625
0 0.8391111125 0.2826919875 0.8255229359375 0.45115057187499996 0.998 0.45427286406249995 0.998 0.287856071875 0.8391111125 0.2826919875
0 0.70355555625 0.4472763609375 0.6961651375 0.6024510671875001 0.998 0.613193403125 0.998 0.4527736125 0.70355555625 0.4472763609375
0 0.5928888875 0.59970015 0.57444444375 0.75545560625 0.7879082562499999 0.7592534 0.8016697234375 0.6065774453125 0.5928888875 0.59970015
0 0.801333334375 0.6068632359375 0.78607339375 0.763379778125 0.9871111125 0.767283025 0.998 0.6135265703125 0.801333334375 0.6068632359375
0 0.67931034375 0.75737993125 0.6672413796875001 0.8978269484375 0.9668073406250001 0.9064275203125 0.9869908265625 0.76750615625 0.67931034375 0.75737993125
0 0.7704770640625 0.9016134140625001 0.7614942515625 0.998423203125 0.9668073406250001 0.9978955468749999 0.9732293578125001 0.9078029796875 0.7704770640625 0.9016134140625001
0 0.998 0.613193403125 0.9873333343749999 0.767283025 0.96755555625 0.905713809375 0.9735632187500001 0.9073049687499999 0.998 0.9130434781250001 0.998 0.613193403125