0 0.15173504375 0.16557224375 0.24050761562499998 0.18325889374999998 0.2664565921875 0.05749364999999999 0.22001421250000003 0.017959603125 0.080450184375 0.006567090624999999 0.04547278125 0.1433129203125 0.15173504375 0.16557224375
0 0.3979148328125 0.2244129421875 0.43033173593749996 0.22736542656249997 0.4576477125 0.088150334375 0.442934903125 0.048404828125 0.366199603125 0.0298926125 0.304062740625 0.0248204234375 0.265770503125 0.189863865625 0.3979148328125 0.2244129421875
0 0.442934903125 0.048404828125 0.4576477125 0.088150334375 0.5146225624999999 0.1085692828125 0.5271159390625 0.0759368234375 0.591287684375 0.08443014843749999 0.5959649828125 0.058038526562500005 0.543744334375 0.044385460937499996 0.3749239015625 0.0306047703125 0.374919440625 0.030622215624999997 0.442934903125 0.048404828125
0 0.5139605015625001 0.11115763906250001 0.48920700312500004 0.2565655890625 0.62850535 0.28746218125 0.6729062406249999 0.105769284375 0.591287684375 0.08443014843749999 0.5251726390625 0.07542875 0.5139605015625001 0.11115763906250001
0 0.6311535890625 0.2771087625 0.8235830671875 0.319135015625 0.8731089140625 0.1498278359375 0.80376933125 0.13722193124999998 0.764860471875 0.1353335765625 0.67224418125 0.1083576375 0.6311535890625 0.2771087625
0 0 0.3246944921875 0.153973328125 0.359458934375 0.1766737359375 0.35987104375 0.202879996875 0.18446696875 0.2106960734375 0.178226128125 0.15173504375 0.16557224375 0.04547278125 0.1433129203125 0 0.3210909265625 0 0.3246944921875
0 0 0.499633540625 0.15307283437500002 0.533194840625 0.1811795140625 0.366571978125 0.1753496171875 0.3650477546875 0.1766737359375 0.35987104375 0.153973328125 0.359458934375 0 0.3246944921875 0 0.499633540625
0 0 0.6549951140625 0.1205032609375 0.6848436296875 0.132248815625 0.671345803125 0.15307283437500002 0.533194840625 0 0.499633540625 0 0.6549951140625
0 0 0.8079793000000001 0.10091759843749999 0.8343641625 0.102903778125 0.8265990984375 0.122403678125 0.69362484375 0.11855996093750001 0.68433555625 0 0.6549843234375 0 0.8079793000000001
0 0 0.9377674421875 0.081460578125 0.959065275 0.10869079374999999 0.836396459375 0.102903778125 0.8265990984375 0.1002555390625 0.8369525156250001 0 0.8107407484375001 0 0.9377674421875
0 0.2106960734375 0.178226128125 0.202879996875 0.18446696875 0.1753496171875 0.3650477546875 0.3852259046875 0.41991981718750004 0.396928578125 0.414695128125 0.44066740937500004 0.235590584375 0.43033173593749996 0.22736542656249997 0.3979148328125 0.2244129421875 0.2106960734375 0.178226128125
0 0.1524107765625 0.53578319375 0.3629491234375 0.588066903125 0.3981669375 0.42606469375 0.396928578125 0.414695128125 0.3852259046875 0.41991981718750004 0.1811795140625 0.366571978125 0.1524107765625 0.53578319375
0 0.3329420265625 0.7459085546875001 0.371341496875 0.5957839859375 0.3629491234375 0.588066903125 0.1524107765625 0.53578319375 0.127614396875 0.689464284375 0.3329420265625 0.7459085546875001
0 0.33227996718749997 0.74849690625 0.12178449843750001 0.6879400609374999 0.10286089843749999 0.8348722359374999 0.2978528546875 0.8830913468749999 0.33227996718749997 0.74849690625
0 0.2718196265625 1 0.2978528546875 0.8830913468749999 0.10869079374999999 0.836396459375 0.081460578125 0.959065275 0.23802891874999998 1 0.2718196265625 1
0 0.39688569687499997 0.42296826562499995 0.610691465625 0.4705833390625 0.616650003125 0.4472881484375 0.6270285578125 0.44724016562499996 0.6654280296875 0.2971155984375 0.43934328906250003 0.24076729375 0.39688569687499997 0.42296826562499995
0 0.8760521390625 0.3328530328125 0.670681628125 0.2846819 0.62438031875 0.4575935859375 0.8193722749999999 0.505812696875 0.8760521390625 0.3328530328125
0 0.3981669375 0.42606469375 0.3629491234375 0.588066903125 0.373284796875 0.5962920609375 0.57737406875 0.6413667625 0.62301331875 0.47104343281250005 0.61598794375 0.4498765015625 0.610691465625 0.4705833390625 0.3981669375 0.42606469375
0 0.57543076875 0.6408586875 0.3720035578125 0.59319563125 0.3329420265625 0.7459085546875001 0.5331447 0.7899671046875001 0.57543076875 0.6408586875
0 0.5331447 0.7899671046875001 0.3329420265625 0.7459085546875001 0.2978528546875 0.8830913468749999 0.4915206890625 0.93648716875 0.5331447 0.7899671046875001
0 0.47527511875000006 1 0.4915206890625 0.93648716875 0.2978528546875 0.8830913468749999 0.2718196265625 1 0.47527511875000006 1
0 0.7975860296875 0.7044639828125 0.8555471328124999 0.534600746875 0.8213155750000001 0.506320771875 0.6263236187500001 0.45810166093750004 0.5793602484375 0.6336016984375 0.7975860296875 0.7044639828125
0 0.7936994328125 0.70344783125 0.5793602484375 0.6336016984375 0.5331447 0.7899671046875001 0.746245525 0.848443671875 0.7936994328125 0.70344783125
0 0.5051666640625 0.931770553125 0.7001157390625 0.9882628015625 0.746245525 0.848443671875 0.5331447 0.7899671046875001 0.50471900625 0.8929932140625001 0.5051666640625 0.931770553125
0 0.700407084375 1 0.7033402765625001 0.9918673078125 0.7001157390625 0.9882628015625 0.5051666640625 0.931770553125 0.50471900625 0.8929932140625001 0.47734837656250007 1 0.700407084375 1
0 0.8193722749999999 0.505812696875 0.8555471328124999 0.534600746875 0.8173191843750001 0.651632759375 0.9429715562500001 0.6872459671875 0.95879751875 0.6253736140624999 0.97379570625 0.4274442890625 0.8556140437499999 0.396545746875 0.8193722749999999 0.505812696875
0 0.773923396875 0.7645521937499999 0.7861166093749999 0.7898317031250001 0.9125168046875001 0.806310278125 0.9429715562500001 0.6872459671875 0.8153758859375 0.651124684375 0.7975860296875 0.7044639828125 0.7936994328125 0.70344783125 0.773923396875 0.7645521937499999
0 0.773923396875 0.7645521937499999 0.7179055937500001 0.9349235046875 0.7281983875 0.9514218 0.8499641625000001 0.9860188593749999 0.89410776875 0.853964790625 0.8742700031249999 0.8018335703125 0.7861166093749999 0.7898317031250001 0.773923396875 0.7645521937499999
0 0.8407343218750001 1 0.8460775640625 0.985002709375 0.7281983875 0.9514218 0.7179055937500001 0.9349235046875 0.7001157390625 0.9882628015625 0.7033402765625001 0.9918673078125 0.7003473265625 1 0.8407343218750001 1