0 0.25675535312500003 0.08304151875 0.4058907484375 0.0854422875 0.4091786046875 0.001511128125 0.0006555609375000001 0.008651368750000001 0.0060667625000000005 0.0800623484375 0.2454275875 0.080735815625 0.25675535312500003 0.08304151875
0 0.5223246125000001 0 0.5188239 0.0809647296875 0.8085684671875001 0.0896708296875 0.8396336984375001 0.089127865625 0.8448872296875001 0.097798965625 1 0.09508787656249999 1 0.09279544843750001 0.99134863125 0 0.5223246125000001 0
0 0.25687187499999997 0.084291328125 0.006166396875 0.0813772265625 0.024721365625 0.3262449609375 0.2793603140625 0.325504584375 0.25687187499999997 0.084291328125
0 0.27018554375 0.0840586296875 0.288352615625 0.3265992625 0.5619819671874999 0.3293277953125 0.5546765812500001 0.084093628125 0.27018554375 0.0840586296875
0 0.8355453703125001 0.0929548609375 0.56156645625 0.0864768984375 0.56852228125 0.3279616359375 0.8380633062499999 0.334517165625 0.8355453703125001 0.0929548609375
0 1 0.0988347265625 0.8383469171875 0.09916512499999999 0.8423846749999999 0.3331897890625 1 0.3369961578125 1 0.0988347265625
0 0.4569418609375 0.5615034031249999 0.46735263437499996 0.48245513281249996 0.46747927031250003 0.4361346109375 0.45302062187500003 0.32872855 0.025099528125 0.3312355421875 0.0382183765625 0.5043634546875 0.0437520171875 0.5637178265625 0.4569418609375 0.5615034031249999
0 1 0.3420389625 0.5132816984375 0.331430834375 0.5240928125 0.5665889578125001 0.8335748453124999 0.5724463906249999 1 0.568548709375 1 0.3420389625
0 0.066356978125 0.8061808921875 0.299695759375 0.8058580937500001 0.28619961875 0.5657395140625 0.0439850578125 0.5662174453125 0.066356978125 0.8061808921875
0 0.4527370125 0.5640805890625 0.2949588796875 0.564334571875 0.30635259375 0.80574174375 0.5774134421875 0.8047596312499999 0.5663692859375 0.5671018875 0.4527370125 0.5640805890625
0 0.5710402171875 0.569523940625 0.5816182921874999 0.8021824453124999 0.850460190625 0.8012391171875001 0.8403482015625 0.57357985 0.5710402171875 0.569523940625
0 1 0.570789428125 0.844786090625 0.5735022843750001 0.85700050625 0.7998729578125 1 0.7973735875 1 0.570789428125
0 0.43579503124999996 1 0.43341505937499997 0.809780153125 0.066706540625 0.809930321875 0.08442683749999999 1 0.43579503124999996 1
0 1 0.8019889625 0.855131121875 0.8036611703125001 0.5755440578125001 0.8085478437500001 0.4510500984375 0.8082200796875 0.449162790625 1 0.58013891875 1 1 0.9926615906249999 1 0.8019889625