0 0.2813064578125 0.089598121875 0.09604120625 0.0238152453125 0.055369218750000004 0.41264390781250004 0.23723595937500003 0.45168390468749997 0.2813064578125 0.089598121875
0 0.24377291875 0.46716570781250005 0.39604041562500003 0.49930790781249995 0.4400976890625 0.1576651984375 0.280160396875 0.10112689999999999 0.237522475 0.4488017078125 0.24377291875 0.46716570781250005
0 0.3983193140625 0.49669342031249997 0.5343612265625 0.5295761625 0.578691790625 0.20549433125 0.5135161515625 0.1908956171875 0.4790858203125 0.17166591874999998 0.44209007187499993 0.15793290625 0.3983193140625 0.49669342031249997
0 0.5346477421875 0.5266939671875 0.5400518609375 0.533261475 0.5383327687499999 0.55055465 0.657302771875 0.57238144375 0.70361249375 0.26901039375 0.576399665625 0.2285518921875 0.5346477421875 0.5266939671875
0 0.70361249375 0.26901039375 0.6613007640624999 0.5524737843749999 0.7723012328125 0.5732297515625 0.8131936078124999 0.2837342640625 0.70590461875 0.24595282968749999 0.6785710500000001 0.2568836203125 0.70361249375 0.26901039375
0 0.9150652515625 0.3353912609375 0.810901484375 0.306791828125 0.772001490625 0.596555021875 0.8758919687500001 0.607593575 0.9150652515625 0.3353912609375
0 0.0158300703125 0.8103868625 0.2005619671875 0.82060490625 0.24036118125 0.46086590312500003 0.23723595937500003 0.45168390468749997 0.0929379984375 0.42061253125000003 0.058494440625 0.42182590781249996 0.0158300703125 0.8103868625
0 0.40201756718750004 0.500111028125 0.241780534375 0.46689800156250005 0.1985563578125 0.840780275 0.3636509296875 0.8454390546875 0.40201756718750004 0.500111028125
0 0.5400518609375 0.533261475 0.40201756718750004 0.500111028125 0.3642239609375 0.8396746625 0.5005656125 0.8492321359374999 0.5400518609375 0.533261475
0 0.502557996875 0.8494998421875 0.4803552578125 0.8494372640625001 0.49714064999999996 0.86337540625 0.6221010312499999 0.8655622453125 0.657302771875 0.57238144375 0.5383327687499999 0.55055465 0.502557996875 0.8494998421875
0 0.7742936140625 0.5734974578124999 0.6601547015625 0.5640025640624999 0.6246664453124999 0.8600655640625 0.7430766421875 0.867213675 0.7742936140625 0.5734974578124999
0 0.772001490625 0.596555021875 0.7430766421875 0.867213675 0.694686396875 0.866553103125 0.7404847765625 0.9135965078125 0.8381248140625001 0.9062710640624999 0.873313328125 0.633533334375 0.8477120781249999 0.606727878125 0.772001490625 0.596555021875
0 0.48693130625 1 0.498533553125 0.9102936500000001 0.4703801140625 0.8685418046875 0.34172148125 0.862937353125 0.32830815 0.9166282375 0.3180674703125 1 0.48693130625 1
0 0.6075462796875 1 0.6138449796875001 0.8673736156249999 0.49714064999999996 0.86337540625 0.4783628734375 0.84916955625 0.4723724984375 0.8688095109375 0.49882006875 0.90741145625 0.48684505 1 0.6075462796875 1
0 0.0468222140625 0.8642029062500001 0.2227382546875 0.86155363125 0.2244573484375 0.8442604609375 0.1985563578125 0.840780275 0.2005619671875 0.82060490625 0.0519794953125 0.8123233875 0.0468222140625 0.8642029062500001
0 0.19825661562500002 0.8641055421875 0.0650401859375 0.8637300703124999 0.059010132812500005 0.9446992453125 0.0772281046875 0.9442264125 0.081799128125 0.918554359375 0.1595021 0.9289949234374999 0.1711698890625 0.9334833578125 0.189387859375 0.9330105234375001 0.19825661562500002 0.8641055421875
0 0.16573931718749998 0.9678019953125 0.1711698890625 0.9334833578125 0.161494484375 0.9292626296875 0.081799128125 0.918554359375 0.07436294843749999 0.9730483640625 0.16573931718749998 0.9678019953125
0 0.16455754843749998 1 0.1677317015625 0.9680697031250001 0.07436294843749999 0.9730483640625 0.07694158906250001 0.9471086078125 0.059010132812500005 0.9446992453125 0.052720015625000005 0.9876644703125 0.1445261171875 1 0.16455754843749998 1
0 0.19138024375 0.9332782296875 0.275060365625 0.9445219125 0.2848018953125 0.8465272734375 0.2241708328125 0.84714265625 0.2224517390625 0.864435828125 0.19825661562500002 0.8641055421875 0.19138024375 0.9332782296875
0 0.27966175625 1 0.2730679828125 0.9442542062499999 0.189387859375 0.9330105234375001 0.17088337343749999 0.936365553125 0.16455754843749998 1 0.27966175625 1
0 0.2838634671875 1 0.3010274828125 0.8457867312499999 0.2850884109375 0.8436450765625001 0.2727814671875 0.9471364031249999 0.2800037015625 1 0.2838634671875 1
0 0.318126596875 1 0.328594665625 0.91374604375 0.34172148125 0.862937353125 0.3394558078125 0.84510876875 0.3010274828125 0.8457867312499999 0.294151109375 0.91495941875 0.315969184375 1 0.318126596875 1
0 0.315969184375 1 0.294151109375 0.91495941875 0.2840382828125 1 0.315969184375 1
0 0.7154632421875 1 0.727684153125 0.9001937796874999 0.694686396875 0.866553103125 0.6266588296875 0.8603332703125 0.6158373640625 0.867641321875 0.6081846296875 1 0.7154632421875 1
0 0.8217797687499999 1 0.8310015999999999 0.916996725 0.8298687625 0.9080824312500001 0.7404847765625 0.9135965078125 0.72569176875 0.8999260734375 0.7157435390625 1 0.8217797687499999 1
0 0.238620075 0.07217979062499999 0.24381688906250001 0.0199025984375 0.12873384375000002 0.0105084515625 0.125353934375 0.0335952359375 0.238620075 0.07217979062499999
0 0.2813064578125 0.089598121875 0.280160396875 0.10112689999999999 0.3404917203125 0.1238367875 0.3536475265625 0.0288679953125 0.2422399875 0.0197738765625 0.238620075 0.07217979062499999 0.2813064578125 0.089598121875
0 0.43611292031250004 0.1571297859375 0.44809684687500007 0.036577825 0.35548206875 0.029017746875 0.3407782359375 0.1209545921875 0.43611292031250004 0.1571297859375
0 0.4423765875 0.155050709375 0.4790858203125 0.17166591874999998 0.5135161515625 0.1908956171875 0.523478071875 0.1922341515625 0.5346654046875 0.0593854578125 0.46378699375 0.0378586 0.44809684687500007 0.036577825 0.43611292031250004 0.1571297859375 0.4423765875 0.155050709375
0 0.523478071875 0.1922341515625 0.578691790625 0.20549433125 0.576399665625 0.2285518921875 0.6077047765625 0.23859959062499997 0.6217572640625 0.0769289453125 0.5355249515625 0.050738871875 0.523478071875 0.1922341515625