0 0.2801993390625 0.1790574359375 0.41306341875 0.169927415625 0.38118070312499996 0.020005332812500002 0.3246541015625 0.00902754375 0.0012386671875 0.0354708046875 0.006977790624999999 0.199817796875 0.209282165625 0.184855803125 0.2801993390625 0.1790574359375
0 0.658624103125 0 0.382262690625 0.030316562499999998 0.41306341875 0.169927415625 0.611728375 0.1502175015625 0.7188873 0.137989353125 0.7108394078125 0.0173175671875 0.6957234828125001 0 0.658624103125 0
0 0.3038897625 0.36084843437499997 0.27796834531250003 0.2017725234375 0.246425571875 0.18701871406249998 0.0072138375000000005 0.20657726875 0.01402535625 0.40163366875 0.28649021406249997 0.3709374796875 0.3038897625 0.36084843437499997
0 0.6243412078125 0.3363807984375 0.6098013859375 0.15384162343750002 0.282667321875 0.1805889296875 0.2781486765625 0.20349106250000001 0.3040700953125 0.36256697187500003 0.6243412078125 0.3363807984375
0 0.9301650890625 0.30444273593750004 0.9277848499999999 0.1278424953125 0.6216003031249999 0.15634348125 0.6129906953125001 0.16224727187500002 0.626448528125 0.3344752171875 0.9301650890625 0.30444273593750004
0 0.4019906765625 0.526155746875 0.40290269375000004 0.4688828390625 0.3705923 0.3588612328125 0.304250425 0.3642855125 0.28649021406249997 0.3709374796875 0.01402535625 0.40163366875 0.017423765625 0.4989513703125 0.0263316046875 0.5742034078125 0.4019906765625 0.526155746875
0 0.9332100000000001 0.46538908437500004 0.9347403921874999 0.304068646875 0.5629352984375 0.3448680671875 0.5581589421875 0.47525481249999996 0.5932516875 0.501851346875 0.9332100000000001 0.46538908437500004
0 0.3610292265625 0.6855003171875 0.37842877656249996 0.675411271875 0.3520230203125 0.53370779375 0.0310872390625 0.5755478578125001 0.07248121874999999 0.7281588421875 0.3610292265625 0.6855003171875
0 0.40308302500000004 0.47060137968750004 0.39988335625000004 0.528061328125 0.36328094375000003 0.5310540328125 0.3812574203125 0.68037984375 0.668239103125 0.64478251875 0.6504429578125 0.4971752453125 0.5911443671875001 0.50375693125 0.5558712906250001 0.47544185624999996 0.5165639093750001 0.45265648125 0.40308302500000004 0.47060137968750004
0 0.940072953125 0.464827953125 0.6506232875 0.498893784375 0.6728144046875 0.6444084296875 0.9439628609374999 0.61183895 0.940072953125 0.464827953125
0 0.4550598984375 0.7020780921875 0.44513131093749997 0.6734240703125 0.0770565203125 0.727784753125 0.126823121875 0.8502453624999999 0.45690950625 0.807657121875 0.4550598984375 0.7020780921875
0 0.6091001234375 0.784813934375 0.930396565625 0.7464109484375 0.9207153296874999 0.6761379109375001 0.9302369578125 0.612961215625 0.5841370171875 0.656858765625 0.5740743953125 0.7148798453125 0.6091001234375 0.784813934375
0 0.43172462500000003 0.9414458 0.41578844843749996 0.8335519609375 0.4071221828125 0.8169277062500001 0.127183784375 0.8536824390625 0.156541859375 0.9795449843749999 0.43172462500000003 0.9414458
0 0.45937748593750005 0.8091886140625 0.416272784375 0.8161795312500001 0.43154429375000003 0.9397272624999999 0.6954691359375 0.9042818390624999 0.6823049484375 0.7788285234375001 0.613314759375 0.7810027703125 0.5716064140625 0.7133483515625 0.5312170421875 0.6802517484374999 0.454158240625 0.6934853999999999 0.45937748593750005 0.8091886140625
0 0.9483163859375001 0.8732087125 0.9490584359375 0.7483516734375 0.9305202421875001 0.725601440625 0.9305768984375 0.7481294859375 0.6844122671874999 0.7769229421875 0.6973961234375 0.90065771875 0.9483163859375001 0.8732087125
0 0.493310865625 0.9346770734375 0.481511946875 0.9321752156249999 0.161297490625 0.980889434375 0.1649767265625 0.9984866625000001 0.49959801875 0.9945929906250001 0.4994421296875 0.99310738125 0.493310865625 0.9346770734375
0 0.6226146109374999 0.9795699250000001 0.6418174750000001 0.9866662640625 0.94378738125 0.96197644375 0.9439214171874999 0.8753013390625 0.6451408171875 0.908396809375 0.6212389765624999 0.9224840656250001 0.6226146109374999 0.9795699250000001