0 0.3941077328125 0 0.3326071296875 0.011557840625 0.353522684375 0.1485321484375 0.6257803859375 0.10502473593749999 0.612695453125 0 0.3941077328125 0
0 0.2821169625 0.29186032812499996 0.25147969375 0.16648627968750002 0.0073507265625 0.21049725156250002 0.008931309375 0.2557592265625 0.028000124999999997 0.32997818749999996 0.2821169625 0.29186032812499996
0 0.516211553125 0.1275996015625 0.253426028125 0.16834155312500002 0.28169774687500004 0.29962611875 0.5375014140625 0.2513217109375 0.516211553125 0.1275996015625
0 0.7956557390625 0.0773334421875 0.51971995625 0.123685725 0.538010453125 0.25452873125000003 0.8022781875 0.217921440625 0.7956557390625 0.0773334421875
0 0.8662379265625001 0.0693101859375 0.7966289078125001 0.0782610796875 0.8040099328125001 0.2132212984375 0.8628342437500001 0.20397021406250002 0.8662379265625001 0.0693101859375
0 0.95599144375 0.049276739062500005 0.8645860390625 0.06410651875 0.8613969484374999 0.2053219625 0.9856277562500001 0.23598955781250003 0.95599144375 0.049276739062500005
0 0.794686465625 0 0.7975571625 0.073702309375 0.95377321875 0.048414323437500004 0.9463536093749999 0 0.794686465625 0
0 0.12745781875 0.5663160421875 0.0805611734375 0.400947165625 0.22397136875 0.305387440625 0.025589660937499998 0.3304023 0.011864812499999999 0.33976375625 0.01803105 0.5163417328125 0.02943226875 0.58356331875 0.12745781875 0.5663160421875
0 0.1276275 0.5673850500000001 0.4252225171875 0.532605965625 0.40192147343749995 0.35978893125 0.43199493437500003 0.2786761296875 0.22397136875 0.305387440625 0.076034690625 0.3984469984375 0.1276275 0.5673850500000001
0 0.42598109375000004 0.5269781859375 0.7327089296875 0.4872956234375 0.7214602078125 0.312358025 0.643142628125 0.24042651249999997 0.4316555734375 0.27653811250000004 0.3993413296875 0.3591440375 0.42598109375000004 0.5269781859375
0 1 0.326536659375 0.9856277562500001 0.23598955781250003 0.862664565625 0.20290120625000002 0.6433123109375 0.24149552343749997 0.7216298875 0.3134270328125 0.7296646578125 0.4889301171875 1 0.4466499828125 1 0.326536659375
0 0.23583877812499998 0.713174921875 0.24306020312499999 0.691025959375 0.204467909375 0.557161815625 0.031503373437499996 0.5810011921875 0.05107314843750001 0.735618259375 0.23583877812499998 0.713174921875
0 0.20383410156249998 0.5583721953125 0.2528018515625 0.72117894375 0.598436478125 0.676848584375 0.57894825 0.5176459015625 0.20383410156249998 0.5583721953125
0 0.9758613 0.6038487375 0.982264340625 0.46206781250000006 0.601570684375 0.509270109375 0.6236390562499999 0.6691176875 0.9752724015625001 0.6105455265625 0.9758613 0.6038487375
0 1 0.44693873125000005 0.9803978609374999 0.4503087328125 0.9784863546875 0.6099800421875 1 0.608069325 1 0.44693873125000005
0 0.28868923281250003 0.8588155921875 0.2429354359375 0.6954433578125 0.2352049703125 0.7143853 0.0509466875 0.734717465625 0.0731960296875 0.8749954328125 0.28868923281250003 0.8588155921875
0 0.6013110687500001 0.6741450859375 0.2545785078125 0.721965209375 0.2845021125 0.8584534390625 0.622396303125 0.8121883999999999 0.6013110687500001 0.6741450859375
0 0.6106584796875001 0.6757970249999999 0.6311099062500001 0.8150507156250001 0.9657003218750001 0.7583783453125 0.9665238593750001 0.6230734250000001 0.963853890625 0.6114557140625 0.6200857453124999 0.66754515625 0.607334765625 0.623636446875 0.6106584796875001 0.6757970249999999
0 1 0.609310371875 0.9658002265625001 0.6133109875 0.9643877937499999 0.7553126906250001 1 0.750251128125 1 0.609310371875