0 0.2201734453125 0.25522495 0.4365733875 0.20714457187500002 0.3783333671875 0.0143894296875 0.16617453124999998 0.0573496015625 0.2201734453125 0.25522495
0 0.44939557812500003 0 0.3783333671875 0.0143894296875 0.43983904375 0.2075486609375 0.9007721828124999 0.0662730453125 0.88540319375 0 0.44939557812500003 0
0 0.9906050343749999 0.39645389375 0.9245906312500001 0.0603846796875 0.6717153312499999 0.142484853125 0.7403074546874999 0.394934396875 0.7747177171875 0.4465611765625 0.9906050343749999 0.39645389375
0 0.6692020109375 0.1419284234375 0.4378383484375 0.20901913906249997 0.20615197031250002 0.2623255890625 0.3008288546875 0.5584995515625 0.7546775515624999 0.45488054531250005 0.6692020109375 0.1419284234375
0 0.8097681203124999 0.669580528125 0.7529331671875 0.45736447656249996 0.30510316249999997 0.55976475625 0.40236706875 0.8223888593750001 0.8186653546875 0.7391577203125 0.8097681203124999 0.669580528125
0 1 0.41442154999999997 0.9966403250000001 0.39842786874999997 0.7744780078125 0.4487404265625 0.7418287296875 0.39782241875 0.807701021875 0.6582801890625001 0.8495609468750001 0.7424898515625 1 0.70742883125 1 0.41442154999999997
0 1 0.70925701875 0.8493046328125 0.7414763953125 0.8107601687500001 0.6672489359375 0.819417690625 0.7390053796875 0.5974784828125 0.7839459859375 0.6595133875 0.98232483125 1 0.9142418890625 1 0.70925701875
0 0.6563335875 0.9839488375000001 0.5942294265625 0.7867345984375 0.39510001875 0.8249257249999999 0.45332831406249996 0.9977014625 0.5910276578125 0.9969003515624999 0.640805365625 0.9870931562499999 0.6563335875 0.9839488375000001
0 0.052130846875000005 0.6280349546874999 0.1266819703125 0.9112385140624999 0.3727457421875 0.8710011062499999 0.39247048906250004 0.8020203625000001 0.30836881875 0.560168846875 0.29629823437499997 0.5562208921875 0.27129783125 0.5761982140625 0.052130846875000005 0.6280349546874999
0 0.2732985265625 0.5747277359375 0.29905126875 0.5545980734375 0.205143321875 0.26146447500000003 0.20933462343749998 0.2467661578125 0.1531491109375 0.256012484375 0.0173421890625 0.2977538890625 0.027669728124999998 0.4750708765625 0.07620301874999999 0.6178337921875 0.2732985265625 0.5747277359375
0 0.07725144218749999 0.1435384234375 0.1120435296875 0.2685974015625 0.21735400781249997 0.24407695000000001 0.18507524687500002 0.11957440781249999 0.07725144218749999 0.1435384234375
0 0.07798717968749999 0.1401933796875 0.1848189359375 0.118560953125 0.16719978124999998 0.061403417187499996 0.0598554015625 0.0810089375 0.07798717968749999 0.1401933796875
0 0.3732583671875 0.8730280171875 0.19415252656249998 0.8997070718750001 0.23161032812500001 0.99899138125 0.45385090312500004 0.9976984234374999 0.39027988593749996 0.8152482031250001 0.3732583671875 0.8730280171875
0 0.12421102656250001 0.9130385890625 0.14716830625 0.99948265 0.230394596875 0.998998453125 0.1934001890625 0.8998594125 0.12421102656250001 0.9130385890625
0 0.077467978125 0.6197083578125 0.02760138125 0.47389740468749997 0.0319257828125 0.5481445234375 0.052130846875000005 0.6280349546874999 0.077467978125 0.6197083578125