0 0.6745012906250001 0.10146352968750001 0.6650288921875 0.22562514218750002 0.6985886890625 0.27098558437500003 0.8490774218749999 0.2631339953125 0.8649137328125001 0.10919573593750001 0.8110477171875001 0.0855059796875 0.6745012906250001 0.10146352968750001
0 0.661059496875 0.39366656718750004 0.805425371875 0.3949678171875 0.8189796749999999 0.2647043140625 0.6985886890625 0.27098558437500003 0.665063328125 0.2226788828125 0.6489767609375 0.22646264375 0.648804578125 0.2411939375 0.6564862796875001 0.2702377734375 0.65130240625 0.3706199375 0.661059496875 0.39366656718750004
0 0.51204233125 0.1040507296875 0.4957491453125 0.1255120421875 0.49606827343750004 0.269774025 0.6485635234375 0.261817746875 0.652222990625 0.12029264843750001 0.6484510140624999 0.0998782140625 0.51204233125 0.1040507296875
0 0.6468072625 0.41207693437500004 0.6564518421875001 0.2731840296875 0.6507077859375 0.2499280234375 0.6485290859374999 0.2647640046875 0.5020878234375 0.2694599609375 0.49839391875 0.4139313171875 0.6468072625 0.41207693437500004
0 0.645464240625 0.5269810171875 0.6488137796875 0.411972246875 0.4983594828125 0.4168775765625 0.4991262859375 0.5228381984375 0.5029326984375 0.5403063718750001 0.645464240625 0.5269810171875
0 0.64747075625 0.5268763296875 0.7918710671875 0.525231321875 0.8034188546875001 0.3950725046875 0.6590529796875 0.39377125625 0.651233534375 0.3765124546875 0.6488137796875 0.411972246875 0.64747075625 0.5268763296875
0 0.35152101562500004 0.1124257578125 0.327132890625 0.1401983390625 0.3275208921875 0.27856780468750003 0.4739965921875 0.270925590625 0.4846145953125 0.22031575625 0.4839511015625 0.105516359375 0.35152101562500004 0.1124257578125
0 0.47044043437500005 0.40361191406249997 0.48299607968749997 0.3587899078125 0.4823325859375 0.2439905125 0.47596867343750004 0.2737671609375 0.32748645625 0.2815140625 0.329984284375 0.4109400640625 0.47044043437500005 0.40361191406249997
0 0.46290568125 0.5335613546875 0.47971541562500003 0.4679061640625 0.4828583359375 0.3705749421875 0.47044043437500005 0.40361191406249997 0.3279777671875 0.41104475156250003 0.33261985625 0.5285810296875 0.46290568125 0.5335613546875
0 0.481662259375 0.6444723015625 0.4862607109375 0.5941765296875 0.48165305781249995 0.47369399375 0.4628712453125 0.5365076125 0.3446245203125 0.5308991625 0.3471912203125 0.6544326468749999 0.481662259375 0.6444723015625
0 0.3471912203125 0.6544326468749999 0.347958025 0.7603932671875 0.48042254531250006 0.750537609375 0.4816278234375 0.6474185609374999 0.3471912203125 0.6544326468749999
0 0.35795616875 0.7628160875 0.3569575125 0.848257584375 0.47921726875 0.8536566593750001 0.48042254531250006 0.750537609375 0.35795616875 0.7628160875
0 0.4785285390625 0.9125818328124999 0.47918283281249996 0.8566029187499999 0.348897009375 0.8516225953125 0.349767121875 0.9487444406250001 0.47202687968749996 0.954143515625 0.4785285390625 0.9125818328124999
0 0.2349640453125 0.6485101328125 0.183940221875 0.7247837921875 0.18280381875 0.8220103249999999 0.29264567656249996 0.8604463718750001 0.339863084375 0.7667045359375 0.338992971875 0.669582690625 0.2349640453125 0.6485101328125
0 0.198752640625 0.8300116 0.190623265625 0.8392691265625001 0.19356876875 0.9303937640625 0.303479496875 0.9629372953124999 0.3469249296875 0.8487810234375001 0.3417318546875 0.7783848828125 0.337753259375 0.7756479984375 0.292611240625 0.86339263125 0.198752640625 0.8300116
0 0.7804610265624999 0.643605103125 0.793877584375 0.5251266328125 0.6494772734375001 0.5267716421874999 0.646127734375 0.6417804140625 0.7804610265624999 0.643605103125
0 0.5109587656250001 0.539887621875 0.5009261828125 0.540411059375 0.5002030171875 0.602282490625 0.50363063125 0.6521595109375 0.643983471875 0.6536701359375 0.6494428375 0.5297179015625 0.5109587656250001 0.539887621875
0 0.505602709375 0.6550010828125 0.5043974343750001 0.75812013125 0.640737240625 0.7598401328125 0.6459555515625001 0.6565117078125 0.505602709375 0.6550010828125
0 0.6460932984375 0.644726671875 0.6407028046875001 0.7627863921875 0.7710919374999999 0.7589279390625 0.7824675421875 0.6435004156249999 0.6460932984375 0.644726671875
0 0.63555336875 0.8602223 0.6407028046875001 0.7627863921875 0.5043974343750001 0.75812013125 0.507170753125 0.8639760640624999 0.63555336875 0.8602223
0 0.5031577203125 0.8641854406249999 0.5000148 0.9615166609375001 0.6283629796875 0.9607091546875001 0.63555336875 0.8602223 0.5031577203125 0.8641854406249999
0 0.76192946875 0.8565732234375 0.7710919374999999 0.7589279390625 0.642709321875 0.7626817046875 0.63555336875 0.8602223 0.76192946875 0.8565732234375
0 0.6306449875 0.9370343984374999 0.63642348125 0.9573441453125 0.7527325625 0.9571647671875001 0.7618950328125 0.8595194812500001 0.63555336875 0.8602223 0.6306449875 0.9370343984374999
0 0.93063983125 0.6622698406249999 0.798416365625 0.6515016874999999 0.782639725 0.6287691234375 0.7710575000000001 0.7618741984375 0.919367534375 0.7688585890625 0.93063983125 0.6622698406249999
0 0.7618950328125 0.8595194812500001 0.7547046421875 0.9600063359375 0.88104630625 0.9593035203125 0.8942906796875001 0.855556340625 0.7618950328125 0.8595194812500001
0 0.8962971968750001 0.855451653125 0.9053219218749999 0.769591403125 0.7710575000000001 0.7618741984375 0.7599229515625 0.8566779109375 0.8962971968750001 0.855451653125
0 0.8189796749999999 0.2647043140625 0.809679459375 0.37413463125 0.8214430671875 0.3970765734375 0.9578173109374999 0.39585031718749997 0.961683396875 0.236647665625 0.9438658046875 0.216966046875 0.8555790828125 0.22157231249999998 0.8490774218749999 0.2631339953125 0.8189796749999999 0.2647043140625
0 0.957782875 0.398796575 0.8214430671875 0.3970765734375 0.8076729437499999 0.37423932031249996 0.7938431484375 0.5280728921875 0.9362369421875 0.526532571875 0.957782875 0.398796575
0 0.94260085625 0.496755921875 0.9382434578125001 0.5264278828125 0.793877584375 0.5251266328125 0.7826741609375001 0.6258228640625 0.8023949609375001 0.654238571875 0.9446854453125001 0.661537025 0.9531252140625 0.5916948859375 0.9582077359375001 0.5294314203125 0.9582741859375 0.5283272640625001 0.94260085625 0.496755921875