0 0.9358070640625 0.1043102453125 0.770563115625 0.1784830640625 0.788384 0.344676978125 0.974341121875 0.3254751578125 0.9358070640625 0.1043102453125
0 1 0.47274341875000003 0.9751552203125 0.33014765625 0.773878765625 0.349303075 0.787154546875 0.5053884078124999 1 0.54570725 1 0.47274341875000003
0 1 0.5502063500000001 0.7835932890625 0.5089155234375 0.795059959375 0.6546175234375 1 0.7620769234375 1 0.5502063500000001
0 1 0.75984484375 0.795059959375 0.6546175234375 0.8055204546875 0.8025335640625 0.8693651750000001 0.8573993468750001 1 0.8428474312500001 1 0.75984484375
0 0.806075496875 0.8616418156250001 0.8676353562499999 0.8554600546875 0.8058822765625001 0.8046102296875001 0.806075496875 0.8616418156250001
0 0.6869343921875 0.1858244515625 0.19528077187499998 0.2320261671875 0.222134903125 0.394143475 0.7139694328124999 0.34898009375 0.7005920328124999 0.2003004671875 0.6869343921875 0.1858244515625
0 0.2260579828125 0.3926930234375 0.2597520984375 0.5541234703125 0.721128871875 0.50990561875 0.71433125625 0.35105675937499997 0.2260579828125 0.3926930234375
0 0.253093021875 0.5558486671875 0.2837909421875 0.708071490625 0.7476435109375 0.6540965234375 0.7223159609375001 0.5087299125 0.253093021875 0.5558486671875
0 0.2788616875 0.7117359796875 0.30865505 0.8587671359375 0.761484353125 0.7974471125 0.7408035265625 0.654783384375 0.2788616875 0.7117359796875
0 0.3112101328125 0.857454059375 0.31896698125 0.9179521125000001 0.777166653125 0.863488303125 0.7720665046875 0.79427146875 0.3112101328125 0.857454059375
0 0.779721734375 0.862175225 0.8026158593750001 0.857763228125 0.8047968093750001 0.7983802328125 0.768064134375 0.7872778828125 0.779721734375 0.862175225
0 0.7658685828125 0.6628313828125 0.749373328125 0.656035815625 0.7620494109375 0.7847123734375 0.7995057359375 0.7999680546875 0.8072725999999999 0.78862311875 0.79916395 0.65420540625 0.7658685828125 0.6628313828125
0 0.756776084375 0.514777971875 0.73016211875 0.5058290125 0.74901150625 0.65395915 0.76532585 0.6597163859374999 0.7970723109375 0.650189446875 0.7832314671875 0.50683885625 0.756776084375 0.514777971875
0 0.7189779796875 0.3537596421875 0.7231412234375 0.5054775421875 0.7554080890625 0.51491534375 0.7836949093750001 0.5015098203125 0.77168550625 0.35269281874999997 0.7189779796875 0.3537596421875
0 0.7369852156250001 0.1934764109375 0.7006713265625 0.20874450156250002 0.7131441703125 0.3522324640625 0.7740596765625 0.350341409375 0.7872985328125 0.33844698125 0.77064240625 0.1869271015625 0.7369852156250001 0.1934764109375
0 0.22223652187499998 0.3867377703125 0.007127579687500001 0.4083387296875 0.008783000000000001 0.5031777171875 0.2376139640625 0.474996071875 0.22223652187499998 0.3867377703125
0 0.25162340781250003 0.563391740625 0.238981959375 0.47485869843749995 0.0087557421875 0.501616165625 0.009181943750000001 0.5260332421875 0.0212856765625 0.595502203125 0.25162340781250003 0.563391740625
0 0.03566810625 0.6780496703125001 0.26955593125 0.6503369625000001 0.25281049375000003 0.5622160375 0.021014309375 0.5939447046875 0.03566810625 0.6780496703125001
0 0.0508646359375 0.7652696359375 0.283203553125 0.73665596875 0.28015039375 0.70315456875 0.2707430171875 0.6491612578125 0.03566810625 0.6780496703125001 0.0508646359375 0.7652696359375
0 1 0.8420608656249999 0.29078177968749996 0.9239519328125001 0.25963213125 1 0.8538508125 1 1 0.985323890625 1 0.8420608656249999