0 0.8327207874999999 0.0357570328125 0.7684903796875 0.1064829625 0.7732942921875 0.110340234375 0.947829246875 0.09175310625000001 0.9391058375 0.0260651953125 0.85178250625 0.0349061203125 0.8327207874999999 0.0357570328125
0 0.663175909375 0.059710228125 0.649721503125 0.0609078828125 0.6050384078125 0.0645664515625 0.539995403125 0.07358732031250001 0.49245529374999997 0.08415635625 0.39511302187499997 0.1521027046875 0.753578103125 0.1159087078125 0.763021253125 0.1122669859375 0.768341446875 0.105275925 0.8203461546874999 0.045705703125000004 0.7533827359374999 0.049184326562500005 0.663175909375 0.059710228125
0 0.1943195109375 0.1182249625 0.1677722859375 0.12856160156250002 0.14481599375 0.1429466875 0.12058301406250001 0.1519956984375 0.09095537031249999 0.1674322515625 0.0584707125 0.189779275 0.05998155468750001 0.192002175 0.375779915625 0.1557650390625 0.3821054171875 0.15692147343750001 0.3932935609375 0.15238946874999998 0.49238082656250004 0.0835528390625 0.479841525 0.0821452453125 0.1943195109375 0.1182249625
0 0.6830909000000001 0.2060784140625 0.6750437828125 0.351316396875 0.977392725 0.33134987968749996 0.9460097859375001 0.09203987031250001 0.760558071875 0.1123475796875 0.6830909000000001 0.2060784140625
0 0.3909793171875 0.1536771 0.379716703125 0.157605584375 0.2344082421875 0.2577220515625 0.286733421875 0.38113969999999997 0.662211596875 0.36256769218749996 0.674437296875 0.351411984375 0.6806649515625 0.2064607671875 0.7540621390625 0.119831575 0.7524023609375 0.1164016421875 0.3909793171875 0.1536771
0 0 0.4002854765625 0.26399554687500004 0.3822623765625 0.28273291562499997 0.3737719 0.2325143171875 0.25740529687499997 0.3766842703125 0.1580835234375 0.37445524375 0.1550509375 0.046676082812500005 0.194406865625 0.031774551562499996 0.19890887968749998 0 0.214653559375 0 0.4002854765625
0 0.6740626328125 0.453603371875 0.6799678140625 0.456364190625 0.9905254359375 0.44279460000000004 0.977392725 0.33134987968749996 0.676293990625 0.3514269796875 0.6740626328125 0.453603371875
0 0.66164234375 0.362965040625 0.284876728125 0.3811247015625 0.3130069359375 0.47882345937500004 0.6564265375 0.460997396875 0.6737755109375 0.44626556562499997 0.673224325 0.3516031609375 0.66164234375 0.362965040625
0 0 0.48393204531249995 0.0054817484375000005 0.4919151109375 0.3119428984375 0.48022167031249996 0.28227536249999996 0.37507452343750003 0.2634262953125 0.3826597234375 0 0.40031478906249995 0 0.48393204531249995
0 0.6787920749999999 0.4568571265625 0.672775190625 0.4531910296875 0.664645965625 0.4624705859375 0.6633619578125 0.5472705265625 0.6655537546875 0.5500013546875 0.9903059421875 0.5379171640625 0.9917330390625001 0.45615882343749997 0.9898817140625 0.4425884265625 0.6787920749999999 0.4568571265625
0 0.6552507953125 0.4614903328125 0.31543288125 0.47844110625 0.31582095468750004 0.4916079265625 0.3394243984375 0.5626412937499999 0.6454279953125 0.552250478125 0.661393565625 0.5463502546875 0.6647204328125 0.46307410625 0.6732699765625 0.4521901640625 0.6552507953125 0.4614903328125
0 0 0.507992859375 0.049859659375 0.5759784875 0.3358227109375 0.56351658125 0.31354394218750004 0.49319731562499997 0.31186843125 0.479618153125 0.00722674375 0.49102482812500003 0 0.4968348171875 0 0.507992859375
0 0.042507351562500004 0.5765220234374999 0.08677932499999999 0.639683428125 0.3459080296875 0.63022035 0.3521325796875 0.625547771875 0.3266509453125 0.5643468796875 0.042507351562500004 0.5765220234374999
0 0 0.5920012890625 0.0088146796875 0.6634397296875 0.05554487500000001 0.6621410328125 0.0837468921875 0.6401613671875 0.04318830625 0.5770299546875 0.0492159375 0.5757723171875 0 0.510279653125 0 0.5920012890625
0 0.33885514375 0.5630386406250001 0.33040156718749997 0.5646786296874999 0.3542871421875 0.6279768421874999 0.63906370625 0.6209316031250001 0.64707048125 0.6156705031249999 0.6437202359375 0.5534425203125 0.33885514375 0.5630386406250001
0 0.6602178234375 0.5468431875 0.6455769296875 0.5534575140625 0.65009216875 0.6201163000000001 0.9665442203125 0.6142312609375 0.9899732671875 0.5569761171875001 0.990306146875 0.5379054265625001 0.661914834375 0.5505748828125 0.6602178234375 0.5468431875