0 0.799539015625 0.2872917703125 0.8054183296874999 0.28408129843749996 0.8029421859375001 0.12489981875 0.43782689062499996 0.16169685625000002 0.45006115468749996 0.3145272890625 0.799539015625 0.2872917703125
0 0.8039198703125001 0.14890611250000002 0.8093582406250001 0.282441115625 0.8176046953125 0.2881631109375 0.9673983796875 0.276919428125 0.960310165625 0.10287380312500001 0.894476715625 0.1096815125 0.8645301984374999 0.11223032656250001 0.8128225140625001 0.12154955781250001 0.8039198703125001 0.14890611250000002
0 0.6279841625 0.3053058671875 0.4581242921875 0.315748103125 0.46386818906249994 0.456785075 0.629971465625 0.45248419999999995 0.6279841625 0.3053058671875
0 0.9739366453124999 0.4374615125 0.9674594859375001 0.2784198203125 0.6319851796875 0.3051660796875 0.6339113765625 0.45084401874999996 0.69598823125 0.45017767343750004 0.9739366453124999 0.4374615125
0 0.6339113765625 0.45084401874999996 0.6239699421875 0.452693884375 0.487935390625 0.45744672968750005 0.46605201249999995 0.461216359375 0.473246471875 0.588679896875 0.5453869734375 0.5891644687500001 0.585397134375 0.5877665734375 0.6535366203125 0.5883909390625 0.8038802515624999 0.590650796875 0.80401566875 0.44640335625 0.6999892484375 0.45003788437500003 0.6339113765625 0.45084401874999996
0 0.8060161765625 0.446333459375 0.8078201625 0.5890106140625 0.9749399828125 0.5904563890625 0.977728896875 0.5305773078125 0.9740588562499999 0.4404622984375 0.8060161765625 0.446333459375
0 0.484319734375 0.7130028578125 0.636847190625 0.719694 0.6444214859375 0.7089116671875 0.6415335718749999 0.5888103078125 0.5873976421875 0.5876966796875001 0.54138595625 0.589304259375 0.47530808437500005 0.5901103953125 0.484319734375 0.7130028578125
0 0.6455345875 0.5886705171875 0.65285125625 0.7191348421875 0.7872519296875 0.72345425 0.9684657015625 0.7294618140625 0.9749377656249999 0.590504009375 0.8058807609375 0.5905809015625 0.6455345875 0.5886705171875
0 0.636847190625 0.719694 0.4843808390625 0.7145032484375 0.49302585781249997 0.8283933515624999 0.6054820484375 0.834981996875 0.8063272250000001 0.8474976328125001 0.8053787124999999 0.725825984375 0.7872519296875 0.72345425 0.6548517640625 0.719064946875 0.6464831 0.710342165625 0.636847190625 0.719694
0 0.80844994375 0.8504285250000001 0.9231510625 0.8629488484375001 0.96209994375 0.8661371734375001 0.9683966578125001 0.7309442234375 0.8113802375000001 0.7256163 0.80844994375 0.8504285250000001
0 0 0.6123291359375 0.2319793609375 0.6166422781249999 0.23985918437499998 0.6133619140625 0.22429606093749999 0.477175596875 0.2957644046875 0.46115584375 0.2877012671875 0.459935028125 0 0.46146749531250003 0 0.6123291359375
0 0.0934075609375 0.46071324843749994 0.167548571875 0.4611279296875 0.2957033 0.45965544999999997 0.2947256140625 0.4356491578125 0.1529950671875 0.44811365312499996 0.0934075609375 0.46071324843749994
0 0.159009796875 0.3006557390625 0.057044990625 0.3057207671875 0.067369025 0.362456134375 0.1732126359375 0.35425053125 0.159009796875 0.3006557390625
0 0.282430246875 0.28131833125 0.22047560000000002 0.2849854625 0.1587653765625 0.294654165625 0.17527425000000002 0.355681028125 0.185399 0.3583323421875 0.2988780140625 0.3408447984375 0.37077409375000003 0.3353278 0.40478273124999997 0.33413958906249996 0.39694805 0.289337475 0.282430246875 0.28131833125
0 0.2615564859375 0.40826 0.25317185468750003 0.34995434687500004 0.18546010625 0.35983273437499996 0.1732126359375 0.35425053125 0.0654907265625 0.3655268140625 0.07550923281250001 0.414760215625 0.2615564859375 0.40826
0 0.253232959375 0.3514547390625 0.2615564859375 0.40826 0.385282459375 0.39642455781249997 0.4591179421875 0.3893372703125 0.4570403625 0.3383238984375 0.3747751109375 0.3351880109375 0.30087852187499997 0.3407749046875 0.253232959375 0.3514547390625
0 0.202885559375 0.443365496875 0.199601840625 0.41192713124999997 0.07963246093750001 0.4176212125 0.0934075609375 0.46071324843749994 0.154995575 0.44804375781249994 0.202885559375 0.443365496875
0 0.4591790484375 0.3908376640625 0.39534610468750003 0.39757547656250003 0.2636180984375 0.40969049843749994 0.20160234843749997 0.41185723750000003 0.2048860671875 0.4432956015625 0.2966650171875 0.43407886875 0.299704315625 0.45951565937499994 0.363170628125 0.44377548750000007 0.4030585765625 0.43937680468750007 0.45919501562500004 0.4404205375 0.4591790484375 0.3908376640625
0 0.46325713593750006 0.441781140625 0.4030585765625 0.43937680468750007 0.3612312234375 0.445345775 0.22435716718749998 0.47867598750000007 0.2441657265625 0.620724090625 0.3904472375 0.62162334375 0.40432858281249995 0.6181332921875 0.468939928125 0.5813177203125 0.46405150468749995 0.46128625625 0.46325713593750006 0.441781140625
0 0 0.7373249937499999 0.11896001875 0.7437983218750001 0.1288403484375 0.740448059375 0.109765053125 0.6164046796875 0 0.6139129109375 0 0.7373249937499999
0 0.3884467296875 0.6216932374999999 0.2441657265625 0.620724090625 0.23985918437499998 0.6133619140625 0.229978853125 0.6167121734375 0.109765053125 0.6164046796875 0.12902366406250002 0.7449492421875 0.4223810546875 0.7662528625 0.4842586296875 0.7115024640625001 0.4733075765625 0.5901802890625001 0.468939928125 0.5813177203125 0.40432858281249995 0.6181332921875 0.3884467296875 0.6216932374999999
0 0 0.8390085031250001 0.0032069031249999996 0.853019540625 0.2746809171875 0.878092790625 0.2616682515625 0.75534011875 0.1330857859375 0.7463098453125 0.1288403484375 0.740448059375 0.11896001875 0.7437983218750001 0 0.737164534375 0 0.8390085031250001
0 0.276925846875 0.8840244687500001 0.3453097515625 0.89065040625 0.43563814375 0.8950071078124999 0.488291578125 0.8105284203125 0.4843808390625 0.7145032484375 0.4223810546875 0.7662528625 0.2616682515625 0.75534011875 0.276925846875 0.8840244687500001