0 0.2858655421875 0.3186544984375 0.061840359375 0.30030763125000004 0.0627354171875 0.4084183671875 0.30104223750000003 0.41873231874999994 0.2858655421875 0.3186544984375
0 0.28584810312500003 0.41849350625000004 0.06250729375 0.4063504359375 0.0615751859375 0.5103975921874999 0.2979407859375 0.5156140031249999 0.28584810312500003 0.41849350625000004
0 0.3046813015625 0.5142186046874999 0.061689246875000006 0.5114315578124999 0.0621258765625 0.627886303125 0.324426990625 0.6182154265625 0.3046813015625 0.5142186046874999
0 0.22822606250000002 0.6711270609375 0.2382634609375 0.7621160484375 0.2671667453125 0.7616319953125 0.3269210828125 0.7283218046875 0.5271888125 0.7188019296875 0.509498409375 0.6209366109375 0.2847845015625 0.621345703125 0.22822606250000002 0.6711270609375
0 0.3456358609375 0.8479726890625001 0.5809770890625 0.8314035328125 0.56454571875 0.7199520890625 0.3297769765625 0.7292112000000001 0.2687657859375 0.763627640625 0.2698911421875 0.86132643125 0.3456358609375 0.8479726890625001
0 0.5946862421875 0.8306806671875 0.3455218 0.8469387234375001 0.270119265625 0.8633943609375001 0.275142325 0.8839291046875 0.3439162234375 0.8823827062499999 0.3827581046875 0.8844945453124999 0.38491873125 0.941579521875 0.5408609171875 0.9302369546874999 0.54496930625 0.9549798453125 0.607689234375 0.9485527640625 0.5946862421875 0.8306806671875
0 0.5899234812499999 1 0.5847258562500001 0.952883534375 0.5435983890625 0.9550521328125001 0.55129011875 1 0.5899234812499999 1
0 0.303441884375 0.41548584843749997 0.32651932499999997 0.4121890453125 0.5467761234374999 0.4213747921875 0.5328541015625 0.3326705953125 0.3119129359375 0.317281053125 0.288833315625 0.3330577328125 0.303441884375 0.41548584843749997
0 0.297826725 0.5145800375 0.3170195421875 0.513568025 0.5463024421875 0.5170779359375001 0.5304391984375 0.42327619843750003 0.30595559375 0.41327334374999997 0.28207754218750003 0.42181226406250005 0.297826725 0.5145800375
0 0.5641069078125 0.61597721875 0.54801554375 0.5201075484375 0.3196473109375 0.512389484375 0.3003404328125 0.51236753125 0.3285397375 0.6179985671875 0.5641069078125 0.61597721875
0 0.545861453125 0.42558294218750004 0.564255840625 0.4173331703125 0.762920175 0.4307773984375 0.743628553125 0.3433963140625 0.5542184421874999 0.3263441828125 0.532965984375 0.34618443593750003 0.545861453125 0.42558294218750004
0 0.7611896375 0.527586796875 0.7423564421875 0.431861696875 0.5601430953125 0.4175500296875 0.531807934375 0.43568378750000003 0.5508714328125001 0.5209969390625 0.7611896375 0.527586796875
0 0.5655918859375 0.616938896875 0.591297096875 0.6124635546875 0.772483890625 0.6174695328124999 0.76187400625 0.533790590625 0.5760041578124999 0.52383164375 0.553497025 0.5322982781250001 0.5655918859375 0.616938896875
0 0.8049165421875 0.6864780453125 0.79190483125 0.61852545 0.5914111578125001 0.6134975218750001 0.5248022437500001 0.64716914375 0.5313015609375 0.7185850703125001 0.5656885093749999 0.7178118703125 0.5667150609375 0.7271175609375 0.615611775 0.7203793828125 0.7833197171874999 0.7156962796874999 0.7752126453125 0.6922042125 0.8049165421875 0.6864780453125
0 0.589088521875 0.8299358453125001 0.6415254953125 0.8302908546875001 0.8015804281250001 0.818731425 0.7845765734375 0.714590028125 0.6181254843749999 0.7181668765625 0.572426846875 0.7288963468749999 0.589088521875 0.8299358453125001
0 0.801694490625 0.8197653921875 0.59445811875 0.8286127343749999 0.6088320296874999 0.946412546875 0.8196108375 0.9321785125 0.801694490625 0.8197653921875
0 0.8243347484375001 1 0.81709713125 0.9343910187500001 0.6007205953125 0.9478802312499999 0.5847258562500001 0.952883534375 0.5899234828125001 1 0.8243347484375001 1
0 0.770921903125 0.40331599531249995 0.877978275 0.33631222968749996 0.8994566765625001 0.33101977968749996 0.9797678828124999 0.3359369 0.970009934375 0.247481128125 0.8800531749999999 0.23012485312500003 0.7571139437500001 0.315645765625 0.770921903125 0.40331599531249995
0 0.904350415625 0.4378796875 0.991510496875 0.44238367656250005 0.9800986593750001 0.3389354 0.8734092828125 0.3323932234375 0.78166110625 0.40066977187499997 0.7945543953125 0.492548153125 0.904350415625 0.4378796875
0 0.9026373187500001 0.4348500765625 0.77456096875 0.49880228125 0.7892814203125 0.5947442374999999 0.9117556890625 0.55500696875 0.903082665625 0.501385321875 0.9151927843750001 0.49866680937499996 0.9949836640624999 0.473867934375 0.991675884375 0.44388292656250006 0.9026373187500001 0.4348500765625
0 0.94303900625 0.663595328125 0.9383581328125 0.6461624828125 0.92761893125 0.64880870625 0.9134687874999999 0.5580365765625 0.785282734375 0.5959950625 0.79920475625 0.6846992609375 0.94303900625 0.663595328125
0 1 0.5193410046875 0.995149053125 0.47536718437500003 0.9029686046875 0.50035135625 0.92750486875 0.647774740625 0.941900571875 0.6407757921874999 0.9444099203125 0.6635230421875 1 0.6534157609375 1 0.5193410046875
0 1 0.6521215078125 0.8917426453124999 0.673579978125 0.9247281656249999 0.8475973281250001 1 0.849336515625 1 0.6521215078125