0 0.004615384375 0.05948775625 0.2776923078125 0.04434541875 0.279615384375 0.005407978125 0 0 0.004615384375 0.05948775625
0 0.279615384375 0.0032447859375 0.28346153749999997 0.041100632812499996 0.645 0.0151423375 0.645 0.0064895734375 0.279615384375 0.0032447859375
0 0.6469230765625 0.020550315625000003 0.8142307703125 0.002163190625 0.645 0.0064895734375 0.6469230765625 0.020550315625000003
0 0.1565384625 0.056242970312499994 0.004615384375 0.06273254375000001 0.004615384375 0.23686942968750002 0.1411538453125 0.23470623906250002 0.1565384625 0.056242970312499994
0 0.4142307703125 0.037855845312500004 0.1565384625 0.05732456406250001 0.1315384625 0.232543046875 0.395 0.224971878125 0.4142307703125 0.037855845312500004
0 0.6950000000000001 0.016223934375 0.41038461562500006 0.0346110578125 0.3988461546875 0.2260534734375 0.679615384375 0.21631911406249998 0.6950000000000001 0.016223934375
0 0.998 0.0044994375 0.8123076921875001 0.002163190625 0.6911538453125 0.018387125 0.6834615375 0.2130743265625 0.998 0.20584926874999998 0.998 0.0044994375
0 0.1565384625 0.23037985625 0.004615384375 0.2379510265625 0.004615384375 0.40451674375 0.1526923078125 0.40559833906250004 0.1565384625 0.23037985625
0 0.41038461562500006 0.2228086875 0.1507692296875 0.232543046875 0.1507692296875 0.40127195625 0.3988461546875 0.4077615296875 0.41038461562500006 0.2228086875
0 0.704615384375 0.21523751875000002 0.40653846250000003 0.2228086875 0.40076922968749995 0.40884312500000003 0.6873076921875 0.40884312500000003 0.704615384375 0.21523751875000002
0 0.998 0.206974128125 0.7065384625 0.21523751875000002 0.6892307703125 0.40884312500000003 0.998 0.41169853749999996 0.998 0.206974128125
0 0.27 0.4023535515625 0.0026923078125 0.40127195625 0 0.566929134375 0.260384615625 0.581898415625 0.27 0.4023535515625
0 0.645 0.4120879125 0.2776923078125 0.403435146875 0.26615384531249997 0.580816821875 0.6142307703125 0.6002855406250001 0.645 0.4120879125
0 0.9584615375000001 0.41425110312499996 0.6488461546875001 0.40884312500000003 0.6219230765625 0.5970407546875001 0.9411538453125001 0.6175910703125 0.9584615375000001 0.41425110312499996
0 0.998 0.41169853749999996 0.960384615625 0.41425110312499996 0.929615384375 0.6175910703125 0.998 0.618672665625 0.998 0.41169853749999996
0 0.26615384531249997 0.5797352250000001 0.0065384625 0.566756078125 0 0.7311586046875 0.24500000000000002 0.759280090625 0.26615384531249997 0.5797352250000001
0 0.62 0.6002855406250001 0.2719230765625 0.5786536296875 0.25269230781249996 0.7538721125000001 0.6026923078124999 0.7960543390625 0.62 0.6002855406250001
0 0.9430769234374999 0.6175910703125 0.6142307703125 0.595959159375 0.6084615375 0.787401575 0.929615384375 0.8220126328124999 0.9430769234374999 0.6175910703125
0 0.998 0.619797525 0.9411538453125001 0.6197542609375 0.9315384625 0.8198494421875001 0.998 0.831271090625 0.998 0.619797525
0 0.05846153750000001 0.9128666609374999 0.0680769234375 0.7365665828125 0.0007692296875 0.7289954140625 0.0065384625 0.8988059187499999 0.05846153750000001 0.9128666609374999
0 0.3161538453125 0.7657696640625 0.0661538453125 0.7376481781249999 0.054615384375 0.9128666609374999 0.3026923078125 0.9474777187500001 0.3161538453125 0.7657696640625
0 0.6161538453125 0.8014623171874999 0.3180769234375 0.76901445 0.2969230765625 0.9474777187500001 0.585384615625 0.9907415421874999 0.6161538453125 0.8014623171874999
0 0.9960000000000001 0.9988751406249999 0.998 0.83014623125 0.6161538453125 0.7884831703125 0.579615384375 0.9701912265624999 0.7853846156250001 0.9972311156250001 0.9960000000000001 0.9988751406249999
0 0.054615384375 0.9117850656250001 0.0065384625 0.896642728125 0 0.9988751406249999 0.05 0.9988751406249999 0.054615384375 0.9117850656250001
0 0.2969230765625 0.9474777187500001 0.060384615625000006 0.9085402796875 0.0430769234375 0.9961495203125 0.2892307703125 0.993986328125 0.2969230765625 0.9474777187500001
0 0.2988461546875 0.945314528125 0.28346153749999997 0.9929047328125 0.5834615375000001 0.9961495203125 0.2988461546875 0.945314528125
0 0.5815384625 0.9885783515625001 0.7815384625 0.9983127109375 0.579615384375 0.9701912265624999 0.5815384625 0.9885783515625001