0 0.2367540984375 0.2367348390625 0.247683059375 0.2207151890625 0.2356612015625 0.21982520781249998 0.230196721875 0.1610864890625 0.1187213125 0.15930652812499999 0.0116174859375 0.1949057515625 0.03784699375 0.3132731703125 0.24112568437499998 0.30704330625 0.2367540984375 0.2367348390625
0 0.03456830625 0.312383190625 0.0640765015625 0.42808066718750004 0.2575191265625 0.41206101562499997 0.24331147656250002 0.3079332859375 0.03456830625 0.312383190625
0 0.069540984375 0.42808066718750004 0.0924918046875 0.528648475 0.2717267765625 0.5135188046875 0.258612021875 0.41117103593750004 0.069540984375 0.42808066718750004
0 0.26954098437499996 0.5152987671875 0.090306009375 0.5313184171875001 0.07719125624999999 0.523308590625 0.0083387984375 0.6212064578125001 0.0367540984375 0.729784090625 0.2913989078125 0.711984478125 0.26954098437499996 0.5152987671875
0 0.0356612015625 0.7315640515624999 0.058612021874999996 0.8312418796875001 0.2957704921875 0.81166230625 0.2913989078125 0.7137644390625 0.0356612015625 0.7315640515624999
0 0.2935847 0.814332246875 0.0542404375 0.8339118203125 0.04877595625 0.8000925593750001 0.033475409375 0.8312418796875001 0.0575191265625 0.917569996875 0.2968633875 0.9131200937499999 0.2935847 0.814332246875
0 0.5864808734375 0.7591534515625 0.301234971875 0.773393140625 0.30997814218749997 0.8775208703124999 0.5832021859375 0.8623912 0.5864808734375 0.7591534515625
0 0.2968633875 0.8793008312499999 0.30997814218749997 0.9763087171875 0.5777377046875001 0.9558391625 0.5755519125 0.8650611421875001 0.2968633875 0.8793008312499999
0 0.8487759562500001 0.884640715625 0.8465901640625001 0.8463715484375 0.5875737703125 0.86328118125 0.5766448078125 0.95672914375 0.830196721875 0.9424894546875 0.8487759562500001 0.884640715625
0 0.5875737703125 0.75826346875 0.58429508125 0.8623912 0.8465901640625001 0.8463715484375 0.8673551921874999 0.751143625 0.5875737703125 0.75826346875
0 0.59522404375 0.6479058765625 0.590852459375 0.755593528125 0.8651693984375 0.7538135671874999 0.8859344265625 0.643455971875 0.59522404375 0.6479058765625
0 0.30232786875 0.772503159375 0.5897595625000001 0.755593528125 0.5897595625000001 0.64879585625 0.287027321875 0.6683754296875 0.30232786875 0.772503159375
0 0.9088852453125 0.4983891359375 0.9001420765624999 0.5215286296875 0.59522404375 0.525978534375 0.590852459375 0.6470158953125 0.8859344265625 0.6461259140625 0.915442621875 0.525978534375 0.9088852453125 0.4983891359375
0 0.5941311484375 0.525088553125 0.27500546406250004 0.5366583015625 0.2892131140625 0.6719353515625001 0.590852459375 0.64879585625 0.5941311484375 0.525088553125
0 0.596316940625 0.3853616 0.590852459375 0.525088553125 0.9001420765624999 0.52063865 0.9383934421875001 0.3871415609375 0.596316940625 0.3853616
0 0.272819671875 0.53754828125 0.588666665625 0.524198571875 0.590852459375 0.38447161875 0.2575191265625 0.3987113078125 0.272819671875 0.53754828125
0 0.95587978125 0.22338512968750002 0.619267759375 0.2287250125 0.6006885234375 0.23139495625 0.5930382515625 0.38447161875 0.9383934421875001 0.3835816390625 0.9733661203124999 0.22961499531250001 0.95587978125 0.22338512968750002
0 0.2498688515625 0.2207151890625 0.2367540984375 0.23940478125000003 0.24331147656250002 0.3106032296875 0.25970491875 0.3960413671875 0.5897595625000001 0.381801678125 0.5974098359375 0.2287250125 0.5722732234375 0.20825545937499998 0.2498688515625 0.2207151890625
0 0.9547868859375 0.22249515 0.9808235296875001 0.0517340484375 0.5725882359375001 0.0383215171875 0.5766448078125 0.2046955375 0.5974098359375 0.23228493593750002 0.624732240625 0.225165090625 0.9547868859375 0.22249515
0 0.90779235 0.556237875 0.998 0.5521172640625001 0.998 0.41856677500000006 0.9285573781249999 0.422740784375 0.90779235 0.499279115625 0.9198142078125 0.524198571875 0.90779235 0.556237875
0 0.998 0.283387621875 0.9613442624999999 0.28301383125 0.9296502734375001 0.423630765625 0.998 0.41856677500000006 0.998 0.283387621875
0 0.9591584703124999 0.21893522812500002 0.9777377046875 0.2269450515625 0.960251365625 0.28034388906249996 0.998 0.278501628125 0.998 0.11563517968749999 0.9714117640625 0.12262885625 0.9591584703124999 0.21893522812500002
0 0.5678823515625 0.049817971875 0.5820000000000001 0.0019160765625 0.19258823593750002 0.0028741140625 0.2208235296875 0.050776010937500005 0.2325882359375 0.2165165734375 0.5749411765625 0.20597815625 0.57376470625 0.11592259062500002 0.5678823515625 0.049817971875