0 0.114809115625 0 0.08812619375 0.09465844375 0.125394846875 0.10017604843750001 0.1492311640625 0 0.114809115625 0
0 0.1507112984375 0 0.1261299921875 0.0975681 0.2184251734375 0.11809581093749999 0.24810933125 0 0.1507112984375 0
0 0.24834768125 0 0.22034798906250003 0.11852347031249999 0.31575365624999996 0.142514453125 0.35087070468750003 0.0034378859375000003 0.3331826671875 0 0.24834768125 0
0 0.317676471875 0.1429421125 0.4126296140625 0.1612895359375 0.4489343328125 0.025248578124999997 0.3527935203125 0.0038655453125000004 0.317676471875 0.1429421125
0 0.413817284375 0.1643251453125 0.50803528125 0.18528051875 0.5484682515625 0.041843375 0.4489343328125 0.025248578124999997 0.413817284375 0.1643251453125
0 0.5106932421875 0.1831002296875 0.606381528125 0.19883970625 0.6400282859375 0.0649790359375 0.5484682515625 0.041843375 0.5106932421875 0.1831002296875
0 0.6075691984375 0.201875315625 0.7017871953125 0.22283068749999999 0.7419375484375 0.08764505 0.641951103125 0.0654066953125 0.6075691984375 0.201875315625
0 0.7017871953125 0.22283068749999999 0.7979280078125 0.24421372031250002 0.8400011765625001 0.10945574218750001 0.7419375484375 0.08764505 0.7017871953125 0.22283068749999999
0 0.7979280078125 0.24421372031250002 0.9024952296875 0.2646994484375 0.9498843203125 0.1255808953125 0.8419239921875 0.109883403125 0.7979280078125 0.24421372031250002
0 0.9036829015625001 0.26773505625 0.99420745 0.285279203125 0.9967164296875 0.1415399046875 0.9484140312499999 0.130796790625 0.9036829015625001 0.26773505625
0 0.05063380468749999 0.22766379374999998 0.09101294531250001 0.23664466874999998 0.125394846875 0.10017604843750001 0.08812619375 0.09465844375 0.05063380468749999 0.22766379374999998
0 0.09101294531250001 0.23664466874999998 0.1852309421875 0.2576000390625 0.221083134375 0.11591552499999999 0.125394846875 0.10017604843750001 0.09101294531250001 0.23664466874999998
0 0.184495796875 0.26020798749999996 0.2794489359375 0.2785554125 0.3184116171875 0.140334165625 0.22034798906250003 0.11852347031249999 0.184495796875 0.26020798749999996
0 0.2832945703125 0.27941073437499997 0.377512565625 0.3003661046875 0.413817284375 0.1643251453125 0.3184116171875 0.140334165625 0.2832945703125 0.27941073437499997
0 0.37558974843750004 0.29993844531249997 0.47246570625000006 0.3187135296875 0.5099580968749999 0.185708178125 0.4157401015625 0.16475280781249999 0.37558974843750004 0.29993844531249997
0 0.474388521875 0.3191411890625 0.566683703125 0.33966890156249996 0.6049112390625 0.2040556015625 0.5099580968749999 0.185708178125 0.474388521875 0.3191411890625
0 0.570529334375 0.34052422187500003 0.6601665546875 0.36323222187500004 0.7037100109375001 0.2232583484375 0.6075691984375 0.201875315625 0.570529334375 0.34052422187500003
0 0.66474733125 0.36147959531249996 0.7582301828125 0.3850429140625 0.8029613124999999 0.24810465 0.7029748671875 0.2258662953125 0.66474733125 0.36147959531249996
0 0.8613271140625001 0.4107445375 0.95628025625 0.4290919625 0.9938025937500001 0.3084734546875 0.9941596031250001 0.2880203546875 0.9029477578125 0.270343003125 0.8613271140625001 0.4107445375
0 0.759417853125 0.38807852187499997 0.8613271140625001 0.4107445375 0.9010249390625 0.2699153421875 0.8029613124999999 0.24810465 0.759417853125 0.38807852187499997
0 0.9915890203125001 0.4352889578125 0.993765290625 0.310610521875 0.9601258890625 0.429947284375 0.9915890203125001 0.4352889578125
0 0.9168650484375 0.5616696515624999 0.9745495359375 0.5744994718750001 0.9901234656250001 0.5192505015625 0.9915306546875 0.43863270625000006 0.9601258890625 0.429947284375 0.9168650484375 0.5616696515624999
0 0.9574679265625001 0.4321275703125 0.8613271140625001 0.4107445375 0.816143459375 0.5420392453125 0.9168650484375 0.5616696515624999 0.9574679265625001 0.4321275703125
0 0.8567463375000001 0.4124971640625 0.755572221875 0.3872232 0.7195501203125 0.5150126562499999 0.8142206421875 0.541611584375 0.8567463375000001 0.4124971640625
0 0.7548370765625 0.38983115 0.6620893703124999 0.36365988125 0.6253321234375 0.4940572828125 0.7149693421875 0.5167652828125 0.7548370765625 0.38983115
0 0.6601665546875 0.36323222187500004 0.566683703125 0.33966890156249996 0.5291913109374999 0.47267425 0.6214864921875 0.49320196406249994 0.6601665546875 0.36323222187500004
0 0.5628380703125 0.3388135796875 0.46522696718749995 0.3226464421875 0.4323153546875 0.4538991671875 0.5272684953125 0.472246590625 0.5628380703125 0.3388135796875
0 0.46522696718749995 0.3226464421875 0.3748546046875 0.3025463921875 0.33809735937499996 0.4329437953125 0.42965739375 0.4560794546875 0.46522696718749995 0.3226464421875
0 0.3748546046875 0.3025463921875 0.2794489359375 0.2785554125 0.241956546875 0.4115607625 0.33543939843750004 0.43512408125 0.3748546046875 0.3025463921875
0 0.2787137921875 0.281163359375 0.181837834375 0.262388275 0.14847369531250001 0.3879974421875 0.24003373125 0.41113310312499995 0.2787137921875 0.281163359375
0 0.0515977375 0.3692223578125 0.14389291875000002 0.3897500703125 0.1825729796875 0.2597803265625 0.09101294531250001 0.23664466874999998 0.0515977375 0.3692223578125
0 0.0131414125 0.3606691453125 0.049674921875 0.368794696875 0.09101294531250001 0.23664466874999998 0.05063380468749999 0.22766379374999998 0.0131414125 0.3606691453125
0 0 0.5018619390625 0.013370203124999999 0.5048356546874999 0.048939776562499995 0.37140264375 0.012406268750000001 0.36327709218750004 0 0.407288690625 0 0.5018619390625
0 0.016028162500000002 0.5026553687499999 0.1075882 0.525791028125 0.145815734375 0.39017772968750003 0.0508625921875 0.3718303046875 0.016028162500000002 0.5026553687499999
0 0.2412214015625 0.414168709375 0.145815734375 0.39017772968750003 0.1075882 0.525791028125 0.2051993 0.5419581640625 0.2412214015625 0.414168709375
0 0.334704253125 0.4377320296875 0.2431442171875 0.4145963703125 0.2071221171875 0.5423858234375001 0.2986821515625 0.5655214843749999 0.334704253125 0.4377320296875
0 0.30060496875 0.5659491453125 0.3960106359375 0.589940125 0.43158021093750004 0.4565071140625 0.33809735937499996 0.4329437953125 0.30060496875 0.5659491453125
0 0.395275490625 0.5925480734375 0.49022863125000005 0.610895496875 0.5284561671875 0.4752822 0.4323153546875 0.4538991671875 0.395275490625 0.5925480734375
0 0.49022863125000005 0.610895496875 0.584446628125 0.63185086875 0.6245969796875 0.49666523281249997 0.5303789828125 0.4757098609375 0.49022863125000005 0.610895496875
0 0.720737790625 0.518048265625 0.627254940625 0.49448494531250003 0.5871045890625 0.6296705828125 0.6813225843749999 0.6506259562500001 0.720737790625 0.518048265625
0 0.6813225843749999 0.6506259562500001 0.7793862125000001 0.6724366484375001 0.821911909375 0.5433222265625 0.7233957531249999 0.515867978125 0.6813225843749999 0.6506259562500001
0 0.781309028125 0.672864309375 0.8812954734374999 0.6951026625 0.9187878656249999 0.5620973125 0.821911909375 0.5433222265625 0.781309028125 0.672864309375
0 0.9745495359375 0.5744994718750001 0.9187878656249999 0.5620973125 0.8805603296875001 0.6977106109375 0.936322 0.7101127703125 0.9745495359375 0.5744994718750001
0 0 0.5566497328125 0.015293018750000002 0.5052633171875 0 0.501861940625 0 0.5566497328125
0 0 0.643206109375 0.0700958078125 0.658796378125 0.1075882 0.525791028125 0.015293018750000002 0.5052633171875 0 0.559515746875 0 0.643206109375
0 0.072018625 0.6592240375 0.1669717640625 0.6775714640625 0.206386971875 0.5449937734375 0.10685305468749999 0.528398975 0.072018625 0.6592240375
0 0.16889458125 0.6779991234375 0.263847721875 0.696346546875 0.2998698234375 0.5685570921875 0.206386971875 0.5449937734375 0.16889458125 0.6779991234375
0 0.395275490625 0.5925480734375 0.2998698234375 0.5685570921875 0.2657705375 0.6967742078125 0.35806571875 0.7173019187499999 0.395275490625 0.5925480734375
0 0.4894934859375 0.613503446875 0.39719830625 0.5929757343750001 0.359988534375 0.7177295796875 0.4503608984375 0.73782963125 0.4894934859375 0.613503446875
0 0.58636944375 0.6322785296875 0.491416303125 0.61393110625 0.45154856875 0.740865240625 0.5450314203125 0.764428559375 0.58636944375 0.6322785296875
0 0.68251025625 0.6536615625 0.5856342984375 0.634886478125 0.5469542374999999 0.76485621875 0.6411722328125 0.7858115921875 0.68251025625 0.6536615625
0 0.6411722328125 0.7858115921875 0.7385007171875 0.8102302343750001 0.7805738859375 0.67547225625 0.68251025625 0.6536615625 0.6411722328125 0.7858115921875
0 0.7404235328125 0.81065789375 0.837752015625 0.8350765359375 0.8786375140624999 0.6972829484374999 0.7824967015625 0.675899915625 0.7404235328125 0.81065789375
0 0.936322 0.7101127703125 0.8786375140624999 0.6972829484374999 0.8415976484375 0.8359318578125 0.8973593203125001 0.848334015625 0.936322 0.7101127703125
0 0 0.780022459375 0.0340737078125 0.7865858328125 0.072018625 0.6592240375 0 0.6453081609375 0 0.780022459375
0 0.0359965234375 0.7870134921874999 0.1302145203125 0.8079688656249999 0.1681594375 0.6806070703125 0.0712834796875 0.6618319875 0.0359965234375 0.7870134921874999
0 0.1321373359375 0.808396525 0.2244325140625 0.8289242359375001 0.2631125765625 0.698954496875 0.170082253125 0.68103473125 0.1321373359375 0.808396525
0 0.359988534375 0.7177295796875 0.2657705375 0.6967742078125 0.2263553328125 0.8293518984375 0.32057332656250004 0.85030726875 0.359988534375 0.7177295796875
0 0.45154856875 0.740865240625 0.3592533890625 0.7203375296875 0.32057332656250004 0.85030726875 0.41286850781249995 0.8708349796875 0.45154856875 0.740865240625
0 0.5469542374999999 0.76485621875 0.45154856875 0.740865240625 0.41286850781249995 0.8708349796875 0.510196990625 0.895253621875 0.5469542374999999 0.76485621875
0 0.6404370875 0.788419540625 0.5462190921875 0.76746416875 0.5128549515625 0.8930733343749999 0.6044149875 0.9162089953124999 0.6404370875 0.788419540625
0 0.7396883875 0.8132658421875 0.6404370875 0.788419540625 0.606337803125 0.9166366546875 0.6998206546875 0.940199975 0.7396883875 0.8132658421875
0 0.837016871875 0.8376844828125 0.7396883875 0.8132658421875 0.7017434703125 0.9406276359374999 0.7959614671875 0.9615830078125001 0.837016871875 0.8376844828125
0 0.837016871875 0.8376844828125 0.7959614671875 0.9615830078125001 0.7979374109374999 0.962022484375 0.866208428125 0.9588427109375001 0.896624175 0.8509419640625 0.837016871875 0.8376844828125
0 0.6101834359375 0.9174919765625 0.5938321765625 0.9715288390625 0.696423134375 0.9667505890625 0.7036662875 0.9410552953125 0.6101834359375 0.9174919765625
0 0.5121198062500001 0.895681284375 0.48762651406249996 0.9764754468750001 0.5928955171875 0.9715724640625 0.6082606187499999 0.9170643171874999 0.5121198062500001 0.895681284375
0 0.4167141390625 0.8716903015625 0.389513778125 0.9681843812500001 0.432578703125 0.9790393406250001 0.48762651406249996 0.9764754468750001 0.5121198062500001 0.895681284375 0.4167141390625 0.8716903015625
0 0.41405617812499995 0.873870590625 0.32057332656250004 0.85030726875 0.29721859687499996 0.9476566703125 0.3868558171875 0.9703646671874999 0.41405617812499995 0.873870590625
0 0.317915365625 0.8524875578125 0.22562018749999999 0.831959846875 0.2015303125 0.93191719375 0.2945606375 0.9498369546875001 0.317915365625 0.8524875578125
0 0.1976846796875 0.931061871875 0.2217745546875 0.831104525 0.129479375 0.8105768140625 0.10346668437499999 0.9101064984375 0.1976846796875 0.931061871875
0 0.1015438671875 0.9096788390625001 0.1321373359375 0.808396525 0.0333385625 0.7891937812500001 0.0092486875 0.8891511281250001 0.1015438671875 0.9096788390625001
0 0 0.8870940921875 0.007325871874999999 0.8887234656249999 0.0333385625 0.7891937812500001 0 0.783790884375 0 0.8870940921875