0 0.8375 0.0389610390625 0.81875 0.0354191265625 0.7166666671875 0.037780401562499996 0.23333333281250002 0.0389610390625 0.25 0.23730814687500001 0.7104166671875001 0.256198346875 0.7916666671875 0.2125147578125 0.8375 0.0389610390625
0 1 0.17827626875 0.85625 0.17827626875 0.8583333328125 0.22314049531250002 1 0.22432113281250002 1 0.17827626875
0 1 0.5513577328125 0.9979166671874999 0.22432113281250002 0.8520833328125 0.2266824078125 0.85625 0.2963400234375 0.8104166671874999 0.5513577328125 1 0.5513577328125
0 0.475 0.5218417953125 0.8104166671874999 0.5301062578125 0.8291666671875 0.2916174734375 0.8333333328125001 0.2077922078125 0.7916666671875 0.20897284531250002 0.7708333328125 0.2219598578125 0.7208333328125 0.256198346875 0.5125 0.253837071875 0.45416666718750004 0.2916174734375 0.475 0.5218417953125
0 0.1375 0.5277449828125 0.45208333281249996 0.5407319953124999 0.46875 0.51829988125 0.4479166671875 0.2880755609375 0.4875 0.247933884375 0.2520833328125 0.24085005937499998 0.24375 0.22904368281249998 0.06875 0.3010625734375 0.1375 0.5277449828125
0 0.9958333328125001 0.5537190078124999 0.8104166671874999 0.5501770953125 0.78125 0.735537190625 1 0.7508854781250001 0.9958333328125001 0.5537190078124999
0 0.4583333328125 0.7237308140625001 0.7666666671875 0.737898465625 0.78125 0.5336481703125 0.47083333281249995 0.5242030703125 0.4583333328125 0.5360094453124999 0.4458333328125 0.5383707203125 0.4583333328125 0.7237308140625001
0 0.11041666718750001 0.583234946875 0.15625 0.7131050765625 0.4458333328125 0.7213695390625 0.4166666671875 0.5383707203125 0.15 0.5312868953125001 0.13125 0.51239669375 0.10625 0.5383707203125 0.11041666718750001 0.583234946875
0 1 0.752066115625 0.7895833328124999 0.743801653125 0.8041666671875 0.7744982296875 0.7854166671875 0.8158205437499999 0.775 0.903187721875 1 0.9220779218749999 1 0.752066115625
0 0.475 0.8205430937499999 0.46875 0.8961038968749999 0.6041666671875 0.911452184375 0.7479166671875 0.9208972843750001 0.7625 0.912632821875 0.7770833328125 0.757969303125 0.775 0.737898465625 0.4791666671875 0.7260920890625 0.47083333281249995 0.743801653125 0.4895833328125 0.7768595046875 0.475 0.8205430937499999
0 0.725 0.9988193624999999 1 0.9988193624999999 0.9979166671874999 0.9220779218749999 0.7645833328125 0.9055489968750001 0.7645833328125 0.912632821875 0.7354166671875 0.9208972843750001 0.725 0.9988193624999999
0 0.43541666718750005 0.917355371875 0.43333333281249997 0.9988193624999999 0.7166666671875 0.9988193624999999 0.7229166671875 0.9208972843750001 0.46666666718750005 0.898465171875 0.46458333281249997 0.8831168828125 0.44375 0.902007084375 0.43541666718750005 0.917355371875
0 0.43958333281249995 0.903187721875 0.4583333328125 0.8878394328124999 0.4458333328125 0.7225501765625 0.1541666671875 0.7154663515624999 0.14375 0.7260920890625 0.17916666718750002 0.8713105078125001 0.30625 0.8890200703125 0.43958333281249995 0.903187721875
0 0.4291666671875 0.903187721875 0.1833333328125 0.8654073203125 0.16875 0.8819362453125 0.2 0.9976387250000001 0.4291666671875 0.9976387250000001 0.4291666671875 0.903187721875