0 0.89 0 0.8960000000000001 0.1514242875 0.882 0.190404796875 1 0.190404796875 1 0 0.89 0
0 0.8779999999999999 0.18590704687499998 0.8880000000000001 0.163418290625 0.882 0.0014992500000000001 0.6 0 0.6 0.1829085453125 0.8779999999999999 0.18590704687499998
0 0.236 0.0014992500000000001 0.316 0.136431784375 0.602 0.12743628125 0.5940000000000001 0 0.236 0.0014992500000000001
0 0.318 0.139430284375 0.33999999999999997 0.1829085453125 0.5980000000000001 0.184407796875 0.5980000000000001 0.1289355328125 0.318 0.139430284375
0 1 0.1919040484375 0.536 0.18590704687499998 0.522 0.4962518734375 1 0.502248875 1 0.1919040484375
0 0 0.4692653671875 0.51 0.49025487187500005 0.528 0.184407796875 0.02 0.17991004531250002 0 0.289355321875 0 0.4692653671875
0 1 0.509745128125 0.548 0.5067466265625 0.54 0.82608695625 1 0.8440779609375 1 0.509745128125
0 0 0.7916041984375 0.46399999999999997 0.8215892046875 0.49400000000000005 0.497751125 0 0.48275862031249994 0 0.7916041984375
0 0.9039999999999999 1 0.9199999999999999 0.8425787109374999 0.6980000000000001 0.8425787109374999 0.73 0.9115442281249999 0.722 1 0.9039999999999999 1
0 0.20600000000000002 0.815592203125 0.144 0.809595203125 0.136 0.9655172406249999 0.158 0.9700149921874999 0.178 0.8875562218749999 0.20600000000000002 0.815592203125
0 0.72 1 0.724 0.9130434781250001 0.692 0.8410794609375 0.272 0.8200899546875 0.174 0.8995502249999999 0.158 1 0.72 1