0 0.2139583328125 0.0760416671875 0.0160416671875 0.0760416671875 0.0191666671875 0.1677083328125 0.2160416671875 0.1677083328125 0.2139583328125 0.0760416671875
0 0.39729166718750003 0.07083333281250001 0.21812499999999999 0.07083333281250001 0.22020833281250002 0.1677083328125 0.40041666718749996 0.175 0.39729166718750003 0.07083333281250001
0 0.4139583328125 0.0635416671875 0.41187500000000005 0.171875 0.6577083328125 0.1729166671875 0.6597916671874999 0.05729166718749999 0.4139583328125 0.0635416671875
0 0.9108333328124999 0.215625 0.9097916671874999 0.053125 0.6681250000000001 0.0645833328125 0.6681250000000001 0.165625 0.6764583328125 0.1666666671875 0.6827083328125 0.215625 0.9108333328124999 0.215625
0 0.9933333328125 0.0533333328125 0.915 0.058333332812500006 0.9129166671875 0.21770833281250002 0.9933333328125 0.2133333328125 0.9933333328125 0.0533333328125
0 0.9160416671875 0.22291666718749997 0.911875 0.359375 0.9933333328125 0.36 0.9933333328125 0.2133333328125 0.9160416671875 0.22291666718749997
0 0.6847916671875 0.2166666671875 0.6858333328125 0.3552083328125 0.9066666671875 0.35625 0.911875 0.2166666671875 0.6847916671875 0.2166666671875
0 0.3920833328125 0.3541666671875 0.6816666671875 0.359375 0.6816666671875 0.1708333328125 0.6597916671874999 0.171875 0.4014583328125 0.1760416671875 0.38166666718750003 0.18125 0.3920833328125 0.3541666671875
0 0.380625 0.3541666671875 0.3764583328125 0.175 0.2066666671875 0.1729166671875 0.1389583328125 0.1708333328125 0.14208333281250002 0.359375 0.380625 0.3541666671875
0 0.1389583328125 0.1697916671875 0 0.17333333281250002 0.0025 0.353125 0.1389583328125 0.35104166718749996 0.1389583328125 0.1697916671875
0 0.1358333328125 0.35208333281250004 0.0077083328125000005 0.35625 0.0014583328125 0.5302083328125 0.1327083328125 0.540625 0.1358333328125 0.35208333281250004
0 0.1379166671875 0.359375 0.13999999999999999 0.5416666671875 0.374375 0.54375 0.374375 0.3572916671875 0.1379166671875 0.359375
0 0.38375 0.359375 0.38895833281250003 0.540625 0.6785416671875 0.5427083328125 0.6879166671875 0.359375 0.38375 0.359375
0 0.693125 0.359375 0.6879166671875 0.540625 0.9933333328125 0.54 0.9933333328125 0.36 0.693125 0.359375
0 0.6795833328125 0.54375 0.6827083328125 0.7322916671875 0.9712500000000001 0.7291666671875 0.9889583328124999 0.5416666671875 0.6795833328125 0.54375
0 0.6785416671875 0.54375 0.3691666671875 0.55 0.37333333281250003 0.7229166671875 0.6743750000000001 0.7322916671875 0.6785416671875 0.54375
0 0.6983333328125 0.7416666671875001 0.7004166671875 0.9072916671875 0.9879166671874999 0.91875 0.99 0.7333333328125 0.6983333328125 0.7416666671875001
0 0.6941666671875 0.7354166671875 0.39729166718750003 0.7364583328125 0.39416666718750004 0.915625 0.6952083328125 0.9197916671874999 0.6941666671875 0.7354166671875
0 0.36604166718750003 0.7333333328125 0.1389583328125 0.7375 0.1514583328125 0.9125 0.374375 0.9197916671874999 0.36604166718750003 0.7333333328125
0 0 0.9 0.14416666718749999 0.9072916671875 0.1358333328125 0.7270833328124999 0 0.7333333328125 0 0.9
0 0.13999999999999999 0.546875 0.13999999999999999 0.7260416671875001 0.365 0.7270833328124999 0.3702083328125 0.5447916671875 0.13999999999999999 0.546875
0 0.1347916671875 0.5458333328125 0 0.5333333328125 0.00041666718749999997 0.7322916671875 0.14208333281250002 0.7260416671875001 0.1347916671875 0.5458333328125