0 1 0.06460293125 0.894519846875 0.07142920625 0.8692807296874999 0.5113374765625001 1 0.5298870796874999 1 0.06460293125
0 0.7303154828125 0.5258482875 0.86837155625 0.536084578125 0.8944414546875 0.10356602968749999 0.76036779375 0.10847304687499999 0.7303154828125 0.5258482875
0 0.7082284 0.103409984375 0.6692976609375 0.10767721562499999 0.5995817546875 0.11334044375 0.5559897765625 0.49333265156249995 0.7288134312500001 0.5173162546875 0.7617103281250001 0.11075766093749999 0.7082284 0.103409984375
0 0.6093769109375 0.1096907578125 0.5989649171875 0.048945509375 0.49087520937500007 0.0454813953125 0.44000164531249997 0.41188720156249997 0.539798246875 0.42753302968750007 0.5596172203124999 0.44930742187500006 0.5969990359375 0.10775019062499999 0.6093769109375 0.1096907578125
0 0.379486328125 0.0435741828125 0.3275772828125 0.4046323078125 0.43706669218750005 0.417649478125 0.48906610781250004 0.040012428125 0.379486328125 0.0435741828125
0 0.2755717578125 0.0376534328125 0.2218987953125 0.38495313124999997 0.3275772828125 0.4046323078125 0.37602764375 0.03888366875 0.2755717578125 0.0376534328125
0 0.541812046875 0.430959953125 0.36945495781250004 0.41016070625 0.30193150156250004 0.9191457359375 0.48059185937500004 0.955452146875 0.4898180984375 0.949639134375 0.5388226640625 0.49997485625 0.5579464125 0.48949113750000006 0.55729636875 0.44894356562500004 0.541812046875 0.430959953125
0 0.2147315421875 0.38590360625 0.13316865 0.878168615625 0.2991440828125 0.9155975265625 0.37167345625000003 0.41154558124999996 0.2147315421875 0.38590360625
0 0.204972325 0.4362269921875 0.1335257078125 0.40428443124999996 0.043409259374999995 0.3883309890625 0.035445734374999996 0.46777321250000004 0.06735636874999999 0.8888941296875 0.1313595484375 0.87269965 0.204972325 0.4362269921875
0 0.55289530625 0.49284750937500005 0.541041165625 0.501359734375 0.49482401875 0.9545722218750001 0.650209521875 0.989973215625 0.6852443453125 0.9893616812499999 0.7227268453125 0.5153249484375 0.55289530625 0.49284750937500005
0 0.7239218453125 0.526920046875 0.6838075671875 0.9893867609375 0.8951387578125001 0.9856979609375 0.91747365 0.5479309390625 0.7239218453125 0.526920046875
0 1 0.526133284375 0.9129103375 0.5150664 0.9115917625 0.5438975875 0.91855431875 0.544989159375 0.9095861640624999 0.7520338640625 1 0.7679815109375 1 0.526133284375
0 1 0.7687163 0.9114976140625 0.7564818062499999 0.8978803937500001 0.9856501046874999 0.995325284375 0.9839491984375 1 0.9373153562500001 1 0.7687163