0 0.9440880999999999 0.5783589328125001 0.9813184796875 0.40235231718750003 0.96382299375 0.3961327671875 0.95953211875 0.4000926546875 0.7347788421875 0.3894456125 0.709212121875 0.5695985953125 0.9440880999999999 0.5783589328125001
0 0.7285578687500001 0.18085080625 0.694107159375 0.3729300734375 0.7269526984375 0.38734911875 0.9618286765624999 0.39610945625 0.998488796875 0.20151048437500002 0.9985914078125001 0.183873053125 0.76321685 0.1712308078125 0.7285578687500001 0.18085080625
0 0.7693960609375 0 0.7470838015625 0.014650671874999998 0.72686579375 0.1768209890625 0.7653622875 0.1692508640625 0.9979417078124999 0.1819944 0.9986200984375 0.1789416203125 0.99963205 0.0050019484375 0.9462542359375 0 0.7693960609375 0
0 0.9372555796875 0.7747710453125001 0.9737006062500001 0.582715090625 0.9491345750000001 0.5643827765625 0.9439369796875001 0.5803621859375 0.7210268984375 0.5717417078125 0.6965477718749999 0.763937525 0.9372555796875 0.7747710453125001
0 0.694402334375 0.7659174671875 0.670951296875 0.918024896875 0.8998443249999999 0.9267153046875001 0.9271328765625 0.77665775 0.694402334375 0.7659174671875
0 0.8815932375 0.9305120234375 0.654543403125 0.9238481796875 0.6516876093749999 0.96170466875 0.8839242078125 0.9481784281250001 0.8846751484375 0.9425781656250001 0.8815932375 0.9305120234375
0 0.49009490156249996 0 0.47373872656250005 0.17185737031249998 0.7224238 0.18278413124999998 0.7488455578125001 0 0.49009490156249996 0
0 0.4491382328125 0.3921220484375 0.686159646875 0.3989024421875 0.71414429375 0.1866973984375 0.46745353749999996 0.1757939484375 0.4491382328125 0.3921220484375
0 0.7070666828125 0.5715785390625 0.7280402921875 0.3993919515625 0.6898162859375 0.376889959375 0.68800284375 0.40092900625 0.486728003125 0.3965714453125 0.47388277968750003 0.56684801875 0.7070666828125 0.5715785390625
0 0.46581154687500004 0.7532205515625 0.6950068171875 0.757904453125 0.7181258609375 0.583737921875 0.7128985125 0.573651721875 0.473580540625 0.5708545265625 0.460433078125 0.7451376078124999 0.46581154687500004 0.7532205515625
0 0.44127526718750004 0.7609538484375 0.4376162734375 0.91529763125 0.666660421875 0.9219847859374999 0.6887216265625 0.7618410296875 0.4638172296875 0.7531972421875001 0.4541478875 0.7490741859375001 0.44127526718750004 0.7609538484375
0 0.43731403281250003 0.9193041390625 0.4352899640625 0.89321521875 0.4293070140625 0.8931452906249999 0.4215106203125 0.9171144046874999 0.417430375 0.9712022578124999 0.4767217890625 0.9718952671875 0.649200290625 0.9618495390625 0.6505547703125 0.923801559375 0.43731403281250003 0.9193041390625
0 0.403470159375 0.9710390875 0.40570720937500004 0.9149246718749999 0.1786573765625 0.908260828125 0.1781124015625 0.9684050624999999 0.403470159375 0.9710390875
0 0.1918048390625 0.7339777468750001 0.1867857625 0.9063508140625001 0.4198185453125 0.9130845875 0.42655709531249997 0.9031382484374999 0.438495596875 0.744881196875 0.4406112796875 0.7168356453125 0.2071251375 0.7161116328125 0.1918048390625 0.7339777468750001
0 0.44239732500000006 0.5343996890625 0.2165862078125 0.5377754234375 0.2115671296875 0.710148490625 0.4465942296875 0.7169055734375 0.45517597656250003 0.7089858 0.46771895781249995 0.5427157328125001 0.4704093703125 0.48059155468750003 0.4585945921875 0.47844844062499997 0.44239732500000006 0.5343996890625
0 0.203079353125 0.5316024921875 0.44055412968749996 0.532373125 0.45427396406250004 0.4563427203125 0.46080188906249997 0.3962684171875 0.448835990625 0.39612855625 0.4495320859375 0.33398106875 0.204382284375 0.3291106890625 0.203079353125 0.5316024921875
0 0.203388659375 0.13060208281250002 0.1965561390625 0.32701419375 0.441705940625 0.331884575 0.45406804999999995 0.141552153125 0.203388659375 0.13060208281250002
0 0.21848870312500002 0 0.21366248125 0.1267121234375 0.474162334375 0.13978200000000002 0.484707125 0 0.21848870312500002 0
0 0.033594203125 0 0.024958021875 0.1144814078125 0.20214994375 0.12056250312500001 0.20656657968749997 0 0.033594203125 0
0 0.0080325515625 0.338845834375 0.192265265625 0.33097408281249996 0.1981613109375 0.1205158828125 0.0245046609375 0.1204911703125 0.0080325515625 0.338845834375
0 0 0.5468814171874999 0.18851465625 0.5394523375 0.197096403125 0.5315325625 0.1980970953125 0.3330472671875 0.0077303109375 0.3428523421875 0 0.4453255359375 0 0.5468814171874999
0 0 0.7205521578125 0.195461478125 0.7119652640624999 0.20772961875 0.7080986171875 0.21229533437499998 0.5417353109375 0.192049928125 0.5455087187500001 0 0.5509638906250001 0 0.7205521578125
0 0 0.9125686156249999 0.1827971296875 0.9063041937499999 0.1895082828125 0.7379609453125 0.191321725 0.7139218984375 0 0.724324709375 0 0.9125686156249999
0 0 0.9663232484375 0.17013513593750001 0.968311821875 0.1706801109375 0.9081675875 0 0.9144720281250001 0 0.9663232484375