0 1 0.1277223890625 0.8576118765625 0.10210439687499999 0.8389952921875 0.1082475359375 0.7985055984375 0.319291965625 1 0.3583736078125 1 0.1277223890625
0 0.7985055984375 0.319291965625 0.8389952921875 0.1082475359375 0.8335665015625 0.0938111875 0.3881627171875 0.0203427453125 0.2938375921875 0.015399375000000002 0.2893159890625 0.2350476546875 0.7985055984375 0.319291965625
0 0.2893159890625 0.2350476546875 0.2938375921875 0.015399375000000002 0.049797978124999996 0.0026098015625 0.0408914046875 0.19162706093749998 0.2893159890625 0.2350476546875
0 1 0.3546204765625 0.7924412953125 0.3183425765625 0.7742483859375 0.3154944109375 0.7738247125 0.3244857171875 0.7586514140625 0.5168494328125 1 0.5626565125 1 0.3546204765625
0 0.2893159890625 0.2350476546875 0.2709112421875 0.23669514062500002 0.273930853125 0.43190702343750004 0.7586514140625 0.5168494328125 0.7742483859375 0.3154944109375 0.2893159890625 0.2350476546875
0 0.0313587359375 0.393931471875 0.2737190171875 0.436402678125 0.2709112421875 0.23669514062500002 0.0408914046875 0.19162706093749998 0.0313587359375 0.393931471875
0 1 0.5626565125 0.7586514140625 0.5168494328125 0.7386848374999999 0.6812898374999999 0.7623065375 0.6985743531249999 1 0.748200759375 1 0.5626565125
0 0.27978332031250003 0.437352065625 0.2836502796875 0.6145813328124999 0.7200682546875 0.6874329796875001 0.738473 0.685785490625 0.7586514140625 0.5168494328125 0.27978332031250003 0.437352065625
0 0.2795714828125 0.44184772031249997 0.0313587359375 0.393931471875 0.027595481249999998 0.47379610781250003 0.033514495312499996 0.5754216624999999 0.2836502796875 0.6145813328124999 0.2795714828125 0.44184772031249997
0 1 0.748200759375 0.7623065375 0.6985743531249999 0.7324086984375 0.6848361015625 0.7200682546875 0.6874329796875001 0.5260105609375 0.6570525375 0.51359114375 0.7909727578125 0.5424297984375 0.8271892765625 1 0.890069528125 1 0.748200759375
0 0.48962474218749996 0.65135620625 0.0335205609375 0.5755258078125001 0.0430977265625 0.73995938125 0.47614614062499994 0.8077546921875 0.48962474218749996 0.65135620625
0 1 1 1 0.8902918234375001 0.7425517953125 0.8585191062499999 0.71842745 0.9815492390625 0.72992054375 0.9969349781249999 0.754611909375 1 1 1
0 0.5424297984375 0.8271892765625 0.51359114375 0.7909727578125 0.4774171640625 0.7807807718750001 0.47614614062499994 0.8077546921875 0.30006951718749997 0.784718071875 0.2994340078125 0.7982050328125 0.287226428125 0.9276295984375 0.7117276359375 0.9940868125 0.7304231921875 0.8566203296875001 0.5424297984375 0.8271892765625
0 0.2879409140625 0.78281929375 0.0431249296875 0.740426446875 0.051839884375 0.89005644375 0.28137396406250004 0.9221845562500001 0.2879409140625 0.78281929375
0 0.7692847171875 1 0.493200890625 0.9644044703124999 0.48742057968749997 1 0.7692847171875 1
0 0.36606236718749996 0.939971653125 0.2932907328125 0.9285789875000001 0.28137396406250004 0.9221845562500001 0.051839884375 0.89005644375 0.055342965625 0.9502020218749999 0.36330848437499996 0.9984151499999999 0.36606236718749996 0.939971653125