0 0.1820563375 0.1055810125 0 0.11244377812499999 0.0017746484375 0.3167430375 0.187690140625 0.3336359984375 0.2126618703125 0.34018961718749996 0.21163380156249997 0.1034693921875 0.1820563375 0.1055810125
0 0.5795806453125001 0.0894713921875 0.3328064515625 0.09551675781249999 0.211838709375 0.11244377812499999 0.212949640625 0.34018961718749996 0.5578064515625 0.3862987859375 0.5795806453125001 0.0894713921875
0 0.998 0.07646176875 0.5795683453125 0.0970737640625 0.5585685625 0.386094578125 0.998 0.439280359375 0.998 0.07646176875
0 0.22618705 0.3421310921875 0.212949640625 0.340836775 0.21208632968750002 0.3404053375 0.1873311046875 0.3339467390625 0.0013779265625 0.31689840625 0 0.4962518734375 0.227050359375 0.5515947062500001 0.22618705 0.3421310921875
0 0.23280575625000002 0.7392706515625 0.226127090625 0.5520651046875 0.0167625421875 0.5004186859375 0.0060602 0.5029257953124999 0.0221137125 0.6628792625 0.23338129375 0.7511352234374999 0.23280575625000002 0.7392706515625
0 0.02746488125 0.6658877921874999 0.048869565625 0.8138071437500001 0.245525084375 0.9135900265625001 0.23482014375000002 0.7522138218750001 0.02746488125 0.6658877921874999
0 0.244187290625 0.9140914499999999 0.048869565625 0.813305721875 0.06090969843750001 0.9341483109375 0.157899665625 0.9983302671875001 0.244187290625 0.99782884375 0.244187290625 0.9140914499999999
0 0.226762590625 0.3419153734375 0.22666666562499999 0.5652346234375 0.5572413796875 0.6513984390625 0.582068965625 0.3894604421875 0.226762590625 0.3419153734375
0 0.5581609203125 0.6517430937500001 0.2262068953125 0.5662685890625 0.23338129375 0.7511352234374999 0.520919540625 0.8771476328125001 0.5420689656250001 0.66311671875 0.5581609203125 0.6517430937500001
0 0.521379309375 0.8774922875 0.2345323734375 0.7519981015625 0.24551724218749998 0.9140257453125 0.404 0.99850075 0.508045978125 0.9977769734375 0.521379309375 0.8774922875
0 0.244 0.99850075 0.40551724218749996 0.9984662828124999 0.24413793125 0.9143703999999999 0.244 0.99850075
0 0.5810741687500001 0.38919159375 0.5585677734375001 0.6514645484375 0.9969309453124999 0.7707143875 0.9979539640624999 0.43942223281250004 0.5810741687500001 0.38919159375
0 0.9979539640624999 0.998094303125 0.9979539640624999 0.7707143875 0.558056265625 0.6518479890625 0.5416879796875 0.6633511890625 0.5212276218749999 0.8776941453125 0.8122762140625 0.9977108640625 0.9979539640624999 0.998094303125
0 0.50895140625 0.9973274234374999 0.81176470625 0.9973274234374999 0.5223021578125 0.8781939968750001 0.50895140625 0.9973274234374999