0 0.8238451250000001 0.0599830828125 0.5989438828125 0.16765454375 0.6594807421875 0.292932553125 0.8705237578125 0.20528364843750002 0.8238451250000001 0.0599830828125
0 0.3749416890625 0.2649741734375 0.4324181078125 0.38562107968750003 0.6475114390625001 0.30117309375 0.585203690625 0.1663831890625 0.3749416890625 0.2649741734375
0 0.183187596875 0.33984230000000004 0.23992841406249998 0.454007953125 0.42737791875 0.3838503421875 0.3742514984375 0.2629537421875 0.183187596875 0.33984230000000004
0 0.23355325468750002 0.452657184375 0.1828425 0.338832084375 0.028432465624999997 0.40660319375 0.0314621328125 0.4499294546875 0.06746324218750001 0.5160953015625 0.23355325468750002 0.452657184375
0 0.059798526562499996 0.5196253265624999 0.11782890312500001 0.6289101875 0.283528409375 0.5600010281250001 0.23058363437499999 0.45694773125 0.059798526562499996 0.5196253265624999
0 0.28697935937499996 0.5701031703125 0.481793896875 0.4998661453125 0.42208345625000004 0.3899910421875 0.2345885390625 0.45568782656250006 0.28697935937499996 0.5701031703125
0 0.487524275 0.5036573125 0.70132805 0.42409011874999997 0.6482016296875 0.30319352187500004 0.4337530765625 0.3852011109375 0.487524275 0.5036573125
0 0.71131760625 0.41870994531249994 0.926156665625 0.342173396875 0.8739292984375 0.2109249640625 0.6475114390625001 0.30117309375 0.71131760625 0.41870994531249994
0 0.7605299453125001 0.5497880984375 0.9798098281250001 0.48192350624999997 0.9292171093749999 0.3468044984375 0.702317921875 0.4226599375 0.7605299453125001 0.5497880984375
0 0.485544528125 0.5065176765625 0.54629025 0.6194234265625 0.7518753593749999 0.5547483062499999 0.7010283671875001 0.42754073125 0.485544528125 0.5065176765625
0 0.2836192328125 0.56892268125 0.3420401125 0.6836785796875 0.5346206328124999 0.6242133546875 0.48450924375 0.503487034375 0.2836192328125 0.56892268125
0 0.11248902812499999 0.6305900609374999 0.16607858281250001 0.7312029609375 0.3345842578125 0.6748363421875 0.282583946875 0.5658920359375 0.11248902812499999 0.6305900609374999
0 0.1711187703125 0.7329736984374999 0.280940596875 0.9635751265625 0.4485018140625 0.9130995140625 0.45616652812499997 0.9095694906249999 0.4503453265625 0.8968566734375001 0.34866954375 0.6771179109375 0.1711187703125 0.7329736984374999
0 0.457846590625 0.9101597359375001 0.6456139765625 0.8712279 0.657401634375 0.8451440609375 0.5526654093750001 0.6207741953125 0.36137444687500003 0.6753586265625 0.457846590625 0.9101597359375001
0 0.6794695109375 0.8751213812499999 0.8804503468749999 0.8186073859375 0.7722903859375 0.5539198203125 0.5603301218750001 0.617244171875 0.6794695109375 0.8751213812499999
0 1 0.5315895171875 0.9818349859375 0.48352396875 0.7738796265625 0.5455884156249999 0.88747028125 0.817517759375 1 0.7902167140625 1 0.5315895171875