0 0.061876246875 0.5358255453125 0.017964071875 0.19003115312500002 0.23153692656249997 0.1495327109375 0.23353293437499997 0.14018691562500002 0.2894211578125 0.1183800625 0.0339321359375 0.1339563859375 0.0019960078124999997 0.1370716515625 0.0019960078124999997 0.5109034265625 0.03592814375 0.5451713390624999 0.061876246875 0.5358255453125
0 0.1716566859375 0.09345794375000001 0.067864271875 0.09968847343750001 0.0499002 0.1090342671875 0.0518962078125 0.1339563859375 0.097804390625 0.13084112187500002 0.175648703125 0.1246105921875 0.1716566859375 0.09345794375000001
0 0.24351297343749997 0.012461059375 0.22754491093749998 0.0186915890625 0.16966067812500002 0.037383178125 0.1736526953125 0.096573209375 0.1776447109375 0.1246105921875 0.255489021875 0.12149532656249999 0.24351297343749997 0.012461059375
0 0.3333333328125 0.11526479687499999 0.4011976046875 0.11526479687499999 0.4011976046875 0.09968847343750001 0.556886228125 0.07476635468750001 0.5548902203125 0.0031152640625 0.24550898281250003 0.0031152640625 0.255489021875 0.12149532656249999 0.2894211578125 0.1183800625 0.3333333328125 0.11526479687499999
0 0.7145708578125001 0.031152648437500003 0.716566865625 0.0031152640625 0.5548902203125 0.0031152640625 0.556886228125 0.0498442375 0.5888223546875 0.0498442375 0.7145708578125001 0.031152648437500003
0 0.21956087812499997 0.5700934578125 0.349301396875 0.51713395625 0.31736526875000004 0.1464174453125 0.30738522968750004 0.12772585625 0.2894211578125 0.1183800625 0.23353293437499997 0.14018691562500002 0.23353293437499997 0.1495327109375 0.017964071875 0.19003115312500002 0.061876246875 0.55140186875 0.10179640781249999 0.6074766359375 0.21956087812499997 0.5700934578125
0 0.36726546875 0.5140186921875001 0.48502994062499993 0.46728972031250005 0.45508982031249995 0.11526479687499999 0.331337325 0.11526479687499999 0.3093812375 0.1246105921875 0.31936127812500004 0.155763240625 0.349301396875 0.5109034265625 0.36726546875 0.5140186921875001
0 0.2974051890625 0.8940809968749999 0.26946107812500003 0.5545171343749999 0.10179640781249999 0.6074766359375 0.057884231249999994 0.538940809375 0.043912175 0.5482866046875 0.07984031875 0.87227414375 0.1497005984375 0.978193146875 0.2974051890625 0.8940809968749999
0 0.0419161671875 0.5482866046875 0.0019960078124999997 0.5140186921875001 0.0019960078124999997 0.766355140625 0.061876246875 0.8660436140625001 0.075848303125 0.859813084375 0.0419161671875 0.5482866046875
0 0.0419161671875 1 0.015968064062500002 0.7912772578125 0 0.766355140625 0 0.9376947046874999 0.007984031249999999 0.9532710281250001 0.009980040625 1 0.0419161671875 1
0 0.061876246875 0.8660436140625001 0.015968064062500002 0.7943925234375 0.0419161671875 0.9968847359374999 0.075848303125 0.9968847359374999 0.061876246875 0.8660436140625001
0 0.10778443124999999 0.9127725859375 0.075848303125 0.859813084375 0.061876246875 0.8660436140625001 0.075848303125 0.9968847359374999 0.1137724546875 0.9968847359374999 0.10778443124999999 0.9127725859375
0 0.3832335328125 1 0.3692614765625 0.8691588781249999 0.31736526875000004 0.8971962609374999 0.299401196875 0.8940809968749999 0.1497005984375 0.9750778812500001 0.10778443124999999 0.9127725859375 0.1137724546875 1 0.3832335328125 1
0 0.506986028125 1 0.4910179640625 0.7943925234375 0.371257484375 0.8691588781249999 0.3832335328125 1 0.506986028125 1
0 0.49500997968749993 0.7912772578125 0.5029940125000001 0.7819314640624999 0.48303393281250007 0.46728972031250005 0.36726546875 0.5140186921875001 0.349301396875 0.5109034265625 0.349301396875 0.520249221875 0.26946107812500003 0.55140186875 0.2974051890625 0.8909657328125 0.31736526875000004 0.8971962609374999 0.49500997968749993 0.7912772578125
0 0.47704590781249995 0.36137071718749997 0.49500997968749993 0.36448598125 0.6706586828125001 0.30841121562499996 0.6606786421875 0.0778816203125 0.6586826343750001 0.05919003125 0.5728542921875001 0.068535825 0.40319361249999996 0.09968847343750001 0.4011976046875 0.1121495328125 0.457085828125 0.11526479687499999 0.47704590781249995 0.36137071718749997
0 0.700598803125 0.55140186875 0.6926147703125001 0.3146417453125 0.672654690625 0.30841121562499996 0.49900199531249995 0.36448598125 0.47704590781249995 0.36137071718749997 0.48502994062499993 0.46728972031250005 0.49500997968749993 0.6292834890625 0.5189620765625 0.6417445484375001 0.700598803125 0.55140186875
0 0.700598803125 0.5545171343749999 0.520958084375 0.6417445484375001 0.49500997968749993 0.6292834890625 0.5029940125000001 0.763239875 0.5229540921875 0.7725856703125 0.7025948109375 0.6635514015624999 0.700598803125 0.5545171343749999
0 0.528942115625 0.8940809968749999 0.71257485 0.7725856703125 0.7065868265625 0.6635514015624999 0.5249501000000001 0.7725856703125 0.5029940125000001 0.763239875 0.5029940125000001 0.7819314640624999 0.49301397187499996 0.7943925234375 0.49900199531249995 0.87227414375 0.528942115625 0.8940809968749999
0 0.71257485 0.775700934375 0.528942115625 0.8940809968749999 0.49900199531249995 0.8753894078125001 0.5089820359375 1 0.5728542921875001 0.9968847359374999 0.7145708578125001 0.8909657328125 0.71257485 0.775700934375
0 0.5728542921875001 0.9968847359374999 0.718562875 0.9968847359374999 0.7145708578125001 0.8909657328125 0.5728542921875001 0.9968847359374999
0 0.7065868265625 0.30841121562499996 0.8263473046875 0.2710280375 0.824351296875 0.031152648437500003 0.7944111781250001 0.012461059375 0.7145708578125001 0.031152648437500003 0.5888223546875 0.0498442375 0.5588822359375001 0.0529595015625 0.556886228125 0.071651090625 0.6606786421875 0.05919003125 0.672654690625 0.29595015625 0.7065868265625 0.30841121562499996
0 0.9341317359374999 0.233644859375 0.93612774375 0.009345793750000001 0.8602794406250001 0.0031152640625 0.7964071859375 0.012461059375 0.824351296875 0.0342679125 0.8263473046875 0.2647975078125 0.9341317359374999 0.233644859375
0 1 0 0.8902195609374999 0.0031152640625 0.93612774375 0.009345793750000001 0.9341317359374999 0.233644859375 1 0.21183800625 1 0
0 0.71257485 0.5451713390624999 0.8223552890624999 0.495327103125 0.824351296875 0.2741433015625 0.7045908187500001 0.30841121562499996 0.672654690625 0.2990654203125 0.672654690625 0.30841121562499996 0.6926147703125001 0.3146417453125 0.7025948109375 0.5482866046875 0.71257485 0.5451713390624999
0 0.9301397203124999 0.236760125 0.8263473046875 0.2647975078125 0.8263473046875 0.2741433015625 0.824351296875 0.49844236718749996 0.9281437125 0.44859813125 0.9301397203124999 0.236760125
0 1 0.21183800625 0.9301397203124999 0.236760125 0.9281437125 0.44859813125 1 0.41433021875 1 0.21183800625
0 0.722554890625 0.766355140625 0.8662674656249999 0.682242990625 0.8622754484374999 0.479750778125 0.824351296875 0.49844236718749996 0.8223552890624999 0.495327103125 0.7265469062500001 0.542056075 0.7025948109375 0.5451713390624999 0.700598803125 0.5545171343749999 0.7045908187500001 0.6635514015624999 0.71257485 0.7694704046874999 0.722554890625 0.766355140625
0 0.9900199593749999 0.41744548281249994 0.8622754484374999 0.479750778125 0.8662674656249999 0.6791277265625 0.9900199593749999 0.6074766359375 0.9900199593749999 0.41744548281249994
0 0.8323353296875 0.70404984375 0.71257485 0.7694704046874999 0.716566865625 0.9750778812500001 0.7285429140625 0.978193146875 0.8363273453125 0.9003115265625 0.8323353296875 0.70404984375
0 0.9261477046875 0.6448598125 0.8323353296875 0.70404984375 0.838323353125 0.8909657328125 0.9261477046875 0.8255451718750001 0.9261477046875 0.6448598125
0 1 0.60124610625 0.9261477046875 0.6448598125 0.9281437125 0.8286604359374999 1 0.7788162 1 0.60124610625
0 0.8642714578125 0.8753894078125001 0.838323353125 0.8909657328125 0.8363273453125 0.9003115265625 0.7405189625 0.9719626171875 0.718562875 0.978193146875 0.718562875 0.9968847359374999 0.87025948125 1 0.8662674656249999 0.8816199375 0.8642714578125 0.8753894078125001
0 0.9421157687499999 1 0.9840319359375 0.9657320875 0.9840319359375 0.7912772578125 0.9281437125 0.8317757015625 0.9261477046875 0.8255451718750001 0.8662674656249999 0.87227414375 0.87025948125 1 0.9421157687499999 1
0 1 0.7788162 0.9840319359375 0.7912772578125 0.9860279437499999 0.9595015578125 1 0.9532710281250001 1 0.7788162