0 0 0.8017649859375 0.0101116546875 0.7936963734375 0.0345798453125 0.8014018875 0.0703603109375 0.8041248031249999 0.23582403125 0.8316081140625 0.23893057031249998 0.8101671390625 0.20253555781250002 0.8015539859375 0 0.7590977828125001 0 0.8017649859375
0 0.3497103578125 0.8293419906249999 0.23504356093749998 0.8094943375 0.238033328125 0.8308337484375 0.49457599375 0.8752386703124999 0.5006892046875 0.8496910265625001 0.42877951875000003 0.8372441921875 0.425623825 0.7996812390625 0.3748269015625 0.79204558125 0.3689963859375 0.791036378125 0.3497103578125 0.8293419906249999
0 0.6150733078124999 0.8960955281249999 0.6994414 0.9072284640625 0.767198284375 0.9201132640624999 0.7677467703125 0.8924456515625 0.5159714531249999 0.853493 0.516220340625 0.8778283124999999 0.6150733078124999 0.8960955281249999
0 0 0.7577224390625 0.20253555781250002 0.8015539859375 0.23866477968750002 0.8112779046874999 0.35138807031249997 0.830789159375 0.369262178125 0.7899256109375 0.3885651109375 0.7261739203124999 0.335558890625 0.7193126296875 0.3329178765625 0.7049742218749999 0.3076523109375 0.7006010109374999 0.2958914140625 0.7159169140625 0.040943498437499996 0.6648473890625 0.0413921203125 0.6545140843749999 0.0121396765625 0.6668023796875 0 0.6890492625 0 0.6955035281249999 0.0075213515625000005 0.703019728125 0 0.7241846187500001 0 0.7577224390625
0 0.4510230625 0.735827984375 0.42588961562499994 0.798570471875 0.4285137265625 0.838354959375 0.77410886875 0.8912333203125 0.785454953125 0.8353585625 0.8029464984375 0.8383861703125 0.8087109546875 0.8058375234374999 0.8016513468750001 0.793047846875 0.4510230625 0.735827984375
0 0.2981007109375 0.715142546875 0.3054430140625 0.7013753765625 0.321373615625 0.660175428125 0.329330465625 0.65229849375 0.333948790625 0.6160811453124999 0.265926115625 0.6043071125 0.08906715625 0.5736946281249999 0.0765257890625 0.566896753125 0.0561105328125 0.576087584375 0.04846863125 0.6418576796875 0.0323721046875 0.6668340859375 0.2981007109375 0.715142546875
0 0.44967875625 0.63148573125 0.44861559062499995 0.6359288000000001 0.3531180515625 0.6205559203125001 0.330974371875 0.704637821875 0.33334959375 0.720086996875 0.5792943953125 0.75803044375 0.6091291328125 0.6671823765625 0.5183159796875 0.64915 0.4928015265625 0.6204414734375 0.45781843593750005 0.61438625625 0.44967875625 0.63148573125
0 0.6246771734375 0.669873584375 0.6053081812500001 0.7000674234375001 0.589809296875 0.756380146875 0.8300065468750001 0.8014261625 0.8479805203125 0.7432283078124999 0.8640601453125001 0.7436979796875 0.866469175 0.708254996875 0.8567516484375 0.7065729921874999 0.6246771734375 0.669873584375
0 0.4844467671875 0.5623134750000001 0.47924770156249996 0.5417484296875 0.39647435937500003 0.5239508890625 0.111044909375 0.47338918750000003 0.09973263437499999 0.47837178593749996 0.09503134375 0.5064773640625 0.1009448234375 0.5155983359375 0.0854459390625 0.571911059375 0.44861559062499995 0.6359288000000001 0.4632341359375 0.57483660625 0.4748951671875 0.5768550109375 0.4844467671875 0.5623134750000001
0 0.62580795625 0.563646196875 0.5125530781250001 0.546356478125 0.4911238125 0.6189943046875 0.5180501875 0.6502607671875 0.8564858578125 0.7076837593749999 0.87693491875 0.64760076875 0.88859595 0.649619175 0.892948484375 0.6145125921875 0.6524854421875 0.5705773453125 0.62580795625 0.563646196875
0 0.380993934375 0.41947536406249997 0.16102910937499998 0.37446105625000004 0.109700603125 0.3690469328125 0.0863109265625 0.46679444062500003 0.347886734375 0.515540865625 0.380993934375 0.41947536406249997
0 0.55785289375 0.450087846875 0.4820561953125 0.43696821249999995 0.41235580625 0.4237470109375 0.38084335625 0.5131479109375 0.39453085468750004 0.5236144890625 0.48225437343750005 0.5376417609375 0.6435652921874999 0.5655630390625 0.657120671875 0.5089139140625 0.6656920671875 0.5069272171875 0.6736658203125 0.47360420468750003 0.55785289375 0.450087846875
0 0.6753435343749999 0.47505137187499996 0.6656920671875 0.5069272171875 0.6590641765624999 0.509250315625 0.647452303125 0.566235840625 0.892948484375 0.6145125921875 0.91118825 0.55520396875 0.91975964375 0.5532172734375 0.9221686734375 0.5177742890625 0.6753435343749999 0.47505137187499996
0 0.6666891749999999 0.46892629843750006 0.6714565234375 0.47437857031249997 0.9202251703125001 0.5174378890625 0.9529193375 0.42126962968750004 0.6938213171875 0.370169578125 0.6666891749999999 0.46892629843750006
0 0.4798468984375 0.43774257812500006 0.5559093875000001 0.449751446875 0.6661575921875 0.47114783437499996 0.6938213171875 0.370169578125 0.4329544 0.3218897578125 0.407056875 0.42051627500000005 0.4798468984375 0.43774257812500006
0 0.144252653125 0.261913903125 0.1146507796875 0.36527666718749996 0.3795820125 0.4169174296875 0.41748359375 0.31796135312499996 0.144252653125 0.261913903125
0 0.1382815828125 0.26400678593750004 0.39632905625000003 0.314925 0.4316447671875 0.20848690625000002 0.154930009375 0.14871003124999999 0.12529803125 0.254256071875 0.1382815828125 0.26400678593750004
0 0.6874732140625001 0.36469380625 0.7073803953125 0.3043607015625 0.71896378125 0.26509701093750004 0.44936033125 0.212178571875 0.4168640625 0.3159782703125 0.6874732140625001 0.36469380625
0 0.6984545046874999 0.3690956859375 0.9432759296875 0.41584875937500004 0.9758618859375 0.32081854375 0.718389096875 0.26749866875 0.6859468125 0.3619284703125 0.6984545046874999 0.3690956859375
0 0.8923848140624999 0.244466525 0.671438540625 0.2030965625 0.6524922140625 0.25484202499999997 0.8715259156249999 0.2996326375 0.8923848140624999 0.244466525
0 0.6718247093749999 0.1969105796875 0.45427256250000003 0.1505005609375 0.430899840625 0.1795949625 0.4286368078125 0.2073409765625 0.4234106625 0.2383258015625 0.43845045625 0.24405545 0.44859712968750004 0.21079590625 0.6494842546874999 0.2536960953125 0.6718247093749999 0.1969105796875
0 0.434554740625 0.1414600640625 0.19751813125 0.0941786140625 0.18496475 0.1557845859375 0.4169371625 0.20594117031249998 0.434554740625 0.1414600640625
0 0.53861250625 0.1500921640625 0.28209143281250004 0.10193928125 0.27769160625 0.111182240625 0.4299215515625 0.142533953125 0.42941828437499996 0.1812143703125 0.43476982499999994 0.1771384046875 0.4436234609375 0.14928259375 0.5353529124999999 0.168286440625 0.53861250625 0.1500921640625
0 0.6416105890625 0.172297059375 0.5506443390625 0.15467588125 0.544188271875 0.167939903125 0.6361062390625001 0.190728075 0.6416105890625 0.172297059375
0 0.633780928125 0.16844069374999998 0.6317603953125001 0.19060113750000002 0.667622534375 0.1961832265625 0.668574253125 0.20135021874999998 0.8671717749999999 0.24010240624999998 0.8911465953125 0.1673424328125 0.6824746546875 0.12497061875 0.633780928125 0.16844069374999998
0 0.6152033375 0.168351515625 0.6311051578125 0.170478675 0.6790356828124999 0.1256259328125 0.8453537046875 0.1575403015625 0.8566945953125 0.12386218125 0.670182890625 0.08032381875 0.6268315703125 0.133472565625 0.6152033375 0.168351515625