0 0.20228750624999997 0.12301849843749998 0.1879726703125 0.024141860937500002 0.10580997343750001 0.0080178 0.025695040625 0.001947053125 0.029867360937499997 0.1021200515625 0.20228750624999997 0.12301849843749998
0 0.33506031875 0.073040103125 0.19274428125 0.057100740625 0.202156259375 0.1174242140625 0.25231227500000003 0.12494345 0.2863217671875 0.12593913750000002 0.33254614843749997 0.13630291249999998 0.40270157187500005 0.1441445875 0.397404971875 0.08880857187499999 0.36511192812500004 0.0757614734375 0.33506031875 0.073040103125
0 0.0278621703125 0.10186403749999999 0.030565851562500003 0.21710629374999998 0.2529845171875 0.2388108359375 0.2384334359375 0.1298644859375 0.2023137546875 0.1241373546875 0.0278621703125 0.10186403749999999
0 0.40270157187500005 0.1441445875 0.33254614843749997 0.13630291249999998 0.2863217671875 0.12593913750000002 0.25228602499999997 0.12382459374999999 0.24038612812500001 0.12788278749999998 0.25485846093750003 0.23347256718749998 0.27702055468750003 0.24076416093750003 0.44516782499999996 0.2499620078125 0.440931440625 0.154603159375 0.40270157187500005 0.1441445875
0 0.48684083125 0.151540653125 0.40069637968749994 0.14388857187499998 0.4409051921875 0.153484303125 0.44516782499999996 0.2499620078125 0.5192286312500001 0.253840284375 0.575137725 0.250938996875 0.567127203125 0.1651378296875 0.48684083125 0.151540653125
0 0.5212338234375 0.2540963 0.44516782499999996 0.2499620078125 0.3630862546875 0.2450596703125 0.375317153125 0.3403237234375 0.6032526515625001 0.3415380296875 0.5973260687499999 0.25934944843749996 0.575137725 0.250938996875 0.5212338234375 0.2540963
0 0.27702055468750003 0.24076416093750003 0.2528532703125 0.23321655156249999 0.2529845171875 0.2388108359375 0.1628296859375 0.230646725 0.17516558124999998 0.3303862046875 0.1973014265625 0.33655894218750004 0.375343403125 0.34144257968749997 0.361081065625 0.24480365625 0.27702055468750003 0.24076416093750003
0 0.0305921015625 0.2182251515625 0.035195976562499995 0.329247996875 0.17524432968749998 0.333742775 0.1608244953125 0.230390709375 0.0305921015625 0.2182251515625
0 0.45328334375 0.340238603125 0.4632465578125 0.42405807187500005 0.6070952968750001 0.42011402656249996 0.6012737109375 0.342400871875 0.45328334375 0.340238603125
0 0.28534606875 0.33999161093749997 0.2934353390625 0.42914934843749997 0.4632203078125 0.42293921562500003 0.45127815312499997 0.3399825875 0.28534606875 0.33999161093749997
0 0.1731341421875 0.3290113328125 0.1732391390625 0.333486759375 0.0331645375 0.3278731265625 0.0355532265625 0.42968909999999993 0.2934353390625 0.42914934843749997 0.28534606875 0.33999161093749997 0.1973014265625 0.33655894218750004 0.1731341421875 0.3290113328125
0 0.383380175 0.4283626046875 0.3653597078125 0.42717732656249996 0.37300273906250003 0.49731449687499996 0.3931596421875 0.5043500765625 0.604686125 0.48785226406250004 0.6031374140625 0.42183970937500004 0.383380175 0.4283626046875
0 0.29143014843750004 0.428893334375 0.19549598906250001 0.43003088749999996 0.1814859046875 0.4293576375 0.1994436328125 0.5130823109375 0.211501025 0.5157372578125 0.37316023593750003 0.5040276375 0.3653597078125 0.42717732656249996 0.29143014843750004 0.428893334375
0 0.035526978125000004 0.42857024375 0.0397371125 0.5228102328124999 0.1994436328125 0.5130823109375 0.1814596546875 0.42823878125 0.035526978125000004 0.42857024375
0 0.395138584375 0.503487234375 0.383107440625 0.50195114375 0.3887715296875 0.5729511578125 0.4029128609375 0.5792186890625 0.6063660843750001 0.559459103125 0.598696803125 0.48820307500000004 0.395138584375 0.503487234375
0 0.2094958328125 0.51548124375 0.19946987968750002 0.5142011671875 0.2131547328125 0.5862252421874999 0.2353955765625 0.5968734062500001 0.39291315781249997 0.579057471875 0.3831861890625 0.5053077140625 0.2094958328125 0.51548124375
0 0.1994436328125 0.5130823109375 0.039504967187500004 0.5213424359375 0.0464170390625 0.6125602265625 0.2153961671875 0.59655096875 0.1994436328125 0.5130823109375
0 0.4627535890625 0.5734728609374999 0.4682339328125 0.6366408765625 0.476254696875 0.6376649359375001 0.5877316421875001 0.6173172234375001 0.586419175 0.5613743796875 0.4627535890625 0.5734728609374999
0 0.313151771875 0.58783743125 0.324778934375 0.657367775 0.47029162343750003 0.6391346046875 0.4627535890625 0.5734728609374999 0.313151771875 0.58783743125
0 0.313151771875 0.58783743125 0.2353693265625 0.5957545484375 0.2131547328125 0.5862252421874999 0.217401359375 0.5968069828125 0.04633699375 0.6115038828125 0.052579176562499996 0.693881253125 0.324805184375 0.65848663125 0.313151771875 0.58783743125
0 0.476254696875 0.6376649359375001 0.48376648125 0.7022078234375 0.5991750578125 0.67901556875 0.5937472125000001 0.61808526875 0.476254696875 0.6376649359375001
0 0.326784125 0.657623790625 0.3403639796875 0.7251724359375 0.34846349062500004 0.7295530671875 0.4837927296875 0.70332668125 0.476254696875 0.6376649359375001 0.326784125 0.657623790625
0 0.3384637875 0.7293918500000001 0.326784125 0.657623790625 0.053726715625 0.693037696875 0.05249030624999999 0.6927084406249999 0.0575785578125 0.7598575015625 0.08163164843750001 0.7746858750000001 0.3384637875 0.7293918500000001
0 0.42012536562499997 0.7163924749999999 0.4255532125 0.7773227765625 0.60452415625 0.7365892984375 0.60118025 0.679271584375 0.42012536562499997 0.7163924749999999
0 0.3384900359375 0.7305107046875 0.26281777812499996 0.7431592671875 0.27228225625 0.8057204546875001 0.27837657656250003 0.809845071875 0.4235742703125 0.7781856203124999 0.42012536562499997 0.7163924749999999 0.3384900359375 0.7305107046875
0 0.1031797671875 0.8410208671875001 0.27433994375 0.8082141843749999 0.26281777812499996 0.7431592671875 0.08163164843750001 0.7746858750000001 0.0575785578125 0.7598575015625 0.060247985937500005 0.7950856171875 0.0665351015625 0.8129165984375 0.1031797671875 0.8410208671875001
0 0.41367956406250006 0.782499828125 0.4229865453125 0.838347875 0.6059941203125 0.799245284375 0.604734153125 0.7455401546875 0.5945769515625 0.7386657953125 0.41367956406250006 0.782499828125
0 0.254471784375 0.8134860312500001 0.26174732500000003 0.8679592062499999 0.271878275 0.873714709375 0.42103385312499997 0.840329571875 0.41167437500000004 0.7822438140625 0.254471784375 0.8134860312500001
0 0.2638575125 0.8726906484375 0.254471784375 0.8134860312500001 0.1031797671875 0.8410208671875001 0.0665088515625 0.8117977421875 0.061400585937499995 0.8102963421875 0.06666887187500001 0.8798212953125001 0.106707421875 0.9061705812499999 0.2638575125 0.8726906484375
0 0.74367296875 0.106246628125 0.6954696453125 0.09674569375 0.68346475 0.096328459375 0.6294820984375 0.096129190625 0.6289206234375 0.15741030312499998 0.7373059140625 0.17571055 0.8997263546875001 0.1964477765625 0.9082823453125 0.1350718671875 0.74367296875 0.106246628125
0 1 0.1966922890625 0.9495936265625 0.1916595875 0.949856121875 0.20284815625000002 1 0.21134044687500003 1 0.1966922890625
0 1 0.21125509375 0.9437618015625 0.1987235390625 0.8636591734374999 0.19295836093750002 0.8594548062499999 0.269391440625 0.8694807593749999 0.270671515625 1 0.28519933750000004 1 0.21125509375
0 0.7373059140625 0.17571055 0.6911340296875 0.1675844875 0.6168369796875 0.1536364984375 0.5488704921875 0.1538828390625 0.551111928125 0.164208565625 0.567127203125 0.1651378296875 0.5728700421874999 0.2394944140625 0.6952391687499999 0.257349053125 0.8594548062499999 0.269391440625 0.8636329234375 0.1918395046875 0.7373059140625 0.17571055
0 0.492567659375 0.1400012734375 0.4306167453125 0.141015659375 0.4065019578125 0.1357057625 0.40270157187500005 0.1441445875 0.48483564062499995 0.1512846390625 0.5510856796875 0.163089709375 0.54884424375 0.15276398124999999 0.492567659375 0.1400012734375
0 1 0.2844573578125 0.9276312859375 0.27809595468750004 0.9212904828124999 0.348678734375 1 0.35104778125 1 0.2844573578125
0 0.819429740625 0.26762770625 0.8172568140625 0.3454356578125 0.9212904828124999 0.348678734375 0.9276312859375 0.27809595468750004 0.819429740625 0.26762770625
0 0.693233978125 0.2570930375 0.5748752328125 0.23975042968750002 0.573158784375 0.2518018390625 0.5973260687499999 0.25934944843749996 0.6008274734375 0.32338030624999997 0.699239309375 0.3426381890625 0.8172568140625 0.3454356578125 0.8194034921875 0.26650885 0.693233978125 0.2570930375
0 1 0.35094211875000003 0.999309171875 0.3508313265625 0.9868215484375 0.41505177499999996 1 0.41777972343750003 1 0.35094211875000003
0 0.9232956734375 0.34893475 0.90527520625 0.34774946875 0.894766525 0.41110707656249995 0.904897475 0.41686257812500005 0.9868477984374999 0.4161706328125 0.999309171875 0.3508313265625 0.9232956734375 0.34893475
0 0.8112412421874999 0.3446676125 0.8049791859375001 0.4186069609375 0.894845271875 0.414463646875 0.9052489578125 0.3466306125 0.8112412421874999 0.3446676125
0 0.7012444999999999 0.342894203125 0.6008274734375 0.32338030624999997 0.6045388703125 0.396362015625 0.6930035015625 0.417696396875 0.8050054359375001 0.41972581875000003 0.8132464328125 0.34492362656250003 0.7012444999999999 0.342894203125
0 1 0.41795479843749994 0.9069026656249999 0.41711859531249995 0.876956053125 0.41887265156250003 0.8509410734375 0.41778216874999996 0.84623796875 0.47295696718749997 0.8684000640624999 0.4802485609375 0.9942020859375 0.47400037812500007 1 0.425377340625 1 0.41795479843749994
0 0.6930035015625 0.417696396875 0.6045388703125 0.396362015625 0.6041873890625 0.46659398437500005 0.68471000625 0.490260871875 0.8464479624999999 0.481907821875 0.8509410734375 0.41778216874999996 0.6930035015625 0.417696396875
0 1 0.46804760156249997 0.9940445890625 0.4672872375 0.9901917062500001 0.47348834687499997 0.977599084375 0.53323336875 1 0.5310824625 1 0.46804760156249997
0 0.89436254375 0.47910132968749997 0.8897906859375 0.5398704140625 0.977625334375 0.534352225 0.98428113125 0.47719572968749996 0.89436254375 0.47910132968749997
0 0.8704052546875 0.48050457656249995 0.84623796875 0.47295696718749997 0.8464742125000001 0.483026678125 0.6887203859375 0.4907729015625 0.6041873890625 0.46659398437500005 0.604712375 0.48897112031249995 0.5986705531250001 0.48708421875 0.6037571578125001 0.53346938125 0.6923005375 0.5581603312500001 0.8897644359375001 0.53875155625 0.89436254375 0.47910132968749997 0.8704052546875 0.48050457656249995
0 0.8459389843749999 0.5454266484375 0.843004828125 0.5907877484374999 0.8611565406249999 0.5975673125000001 0.98672231875 0.5812494187499999 0.9915304218750001 0.530550046875 0.8459389843749999 0.5454266484375
0 0.6923005375 0.5581603312500001 0.6037309078125 0.5323505234375 0.6063660843750001 0.559459103125 0.5864454234375 0.5624932359375 0.5890280999999999 0.5873641015625 0.687807428125 0.6222859828125 0.8413146296875 0.6039580156250001 0.8479179265625 0.54456380625 0.6923005375 0.5581603312500001
0 1 0.5765624328125 0.988517515625 0.5725545796875 0.98674856875 0.582368275 0.9708120421875 0.5847955812500001 0.96201980625 0.636101778125 1 0.630622753125 1 0.5765624328125
0 0.8890717125 0.594438384375 0.8823634171875 0.6493571671875 0.96204605625 0.637220634375 0.9708382890625 0.5859144374999999 0.8890717125 0.594438384375
0 0.861130290625 0.5964484546875 0.8409996375000001 0.5905317328125 0.8413146296875 0.6039580156250001 0.797436678125 0.60839539375 0.792733575 0.6635701921875 0.8823896671875 0.6504760234375 0.8890717125 0.594438384375 0.861130290625 0.5964484546875
0 0.687807428125 0.6222859828125 0.591033290625 0.5876201171875 0.58572645 0.6170612078125 0.595752403125 0.618341284375 0.598413828125 0.6465687203125 0.683156821875 0.67969849375 0.7927598234375 0.6646890484375 0.79944186875 0.608651409375 0.687807428125 0.6222859828125
0 1 0.6316307453125 0.979961525 0.6339304875 0.9729119875000001 0.67430413125 0.982990440625 0.6778219203125 1 0.67572675625 1 0.6316307453125
0 1 0.67488864375 0.9729907375 0.6776607015625 0.9662036921875 0.7292229125 1 0.7215644703125 1 0.67488864375
0 0.8465324796875 0.6559374625000001 0.83257489375 0.6575019281250001 0.8275042984375001 0.6970127265625 0.843624571875 0.7024174203125 0.9711692921875 0.685236684375 0.979961525 0.6339304875 0.8465324796875 0.6559374625000001
0 0.6851882609375 0.681073365625 0.598413828125 0.6465687203125 0.60118025 0.679271584375 0.6017052374999999 0.701648721875 0.6785849640625 0.7404675765625 0.825892846875 0.713539565625 0.83260114375 0.6586207843749999 0.6851882609375 0.681073365625
0 0.843598321875 0.7012985625 0.8254728578125 0.6956378562500001 0.8207172546875 0.748574940625 0.8469422296875001 0.758616278125 0.9643035 0.7334423250000001 0.9731744828125001 0.6854927 0.843598321875 0.7012985625
0 0.6765535234375 0.7390927046875 0.6017314859375 0.7027675796875 0.6052066390624999 0.765679578125 0.659819275 0.792731409375 0.6759395484375 0.7981361031249999 0.8171793624999999 0.768202334375 0.8238876578125 0.71328355 0.6765535234375 0.7390927046875