0 1 0.623587625 0.9797957640625 0.5901804765625001 0.7226220031249999 0.6304368171875 0.7148365078125 0.6368521203124999 0.8202138484375 0.885332065625 1 0.847159190625 1 0.623587625
0 0.63839689375 0.432041128125 0.6243725125 0.45459136093749997 0.6977124140625001 0.638846340625 0.7148283859375 0.6354561703125 0.7222511890625001 0.6307290140624999 0.9716004703125 0.5901874171875 0.976372340625 0.5780131703125 0.8698999421875 0.39742842343749996 0.63839689375 0.432041128125
0 0.5948695374999999 0.3137642875 0.5926771328125 0.3211012609375 0.6339048796875 0.4282885375 0.6331876140625 0.43306077812500005 0.8691436921875001 0.395500103125 0.8078334500000001 0.2940405671875 0.5948695374999999 0.3137642875
0 0.6141371234374999 0.1039356421875 0.610482571875 0.1160708734375 0.6300524609375 0.15029331875000002 0.5948679125 0.313485096875 0.808944271875 0.29288478906250004 0.89546536875 0.1175681703125 0.8628649718749999 0.0846384984375 0.6141371234374999 0.1039356421875
0 0.3442403234375 0.1343041515625 0.3436578703125 0.162249165625 0.3546064265625 0.1872782875 0.36631189375 0.342409953125 0.5923030671875 0.320835078125 0.630054084375 0.1505725078125 0.610105259375 0.115246309375 0.3442403234375 0.1343041515625
0 0.051683187500000005 0.175516859375 0.054906343749999996 0.21729131562499998 0.12215889687499999 0.37969837968750003 0.3618881 0.3503833453125 0.35385829687500003 0.1867459171875 0.337264678125 0.1518610453125 0.051683187500000005 0.175516859375
0 0.1232762140625 0.37965936093749997 0.130276890625 0.4944645453125 0.149067790625 0.5228500140625 0.39027375625 0.49124943749999994 0.39046915000000004 0.46080471875000006 0.36077240625 0.3507015515625 0.1232762140625 0.37965936093749997
0 0.36521081875 0.345240871875 0.3900788421875 0.45774663593750003 0.3913715828125 0.48786014062499994 0.6225184359375 0.456052340625 0.63314700625 0.42608102968750006 0.5889511125 0.32095213125 0.36521081875 0.345240871875
0 0.3974020828125 0.4999364046875 0.4368711078125 0.6890043890625 0.4402311859375 0.6902832875 0.44090297031250003 0.6776937249999999 0.686540853125 0.6395157078125 0.6225931515625 0.46889508125 0.3974020828125 0.4999364046875
0 0.441649475 0.6779469031249999 0.4376712140625 0.698470840625 0.49351734843750006 0.9492389453125 0.8142483203124999 0.8844234 0.7129694390625 0.6360795796875001 0.441649475 0.6779469031249999
0 0.1600425171875 0.7444679234375 0.1718091078125 0.9927039015625001 0.2718091078125 0.9892118249999999 0.4856896234375 0.9483953078124999 0.4339630609375 0.701392796875 0.1600425171875 0.7444679234375
0 0.1484041234375 0.5368355265625 0.15628076562499998 0.7381766109375001 0.42945155625 0.694289928125 0.3903630921875 0.5066048875 0.1484041234375 0.5368355265625