0 0 0.0494752625 0.0012624125 0.43019979375000006 0.45232624218749995 0.3866045703125 0.4267943265625 0.0027539421875 0 0 0 0.0494752625
0 0.4267943265625 0.003817240625 0.4551631203125 0.378098184375 0.7601276593749999 0.349389134375 0.764382978125 0.020830010937499997 0.6381418437499999 0.003817240625 0.4267943265625 0.003817240625
0 0.771475178125 0.025083203125 0.7587092203125 0.3345029609375 0.9587092203124999 0.321743384375 0.98991489375 0.0442225703125 0.7572907796874999 0.010197028125 0.771475178125 0.025083203125
0 0.97289361875 0.32280668281249997 0.762964540625 0.343009346875 0.753035459375 0.606707284375 0.9530354593749999 0.5567322734375 0.97289361875 0.32280668281249997
0 0.751617021875 0.35364232812499996 0.456581559375 0.3887311671875 0.4821134765625 0.685391346875 0.753035459375 0.6226567578125 0.751617021875 0.35364232812499996
0 0.46792907812499995 0.69389773125 0.4537446796875 0.3908577625 0.0026808515625000003 0.43976947656250004 0.004099290625 0.5173902406249999 0.087787234375 0.7938477578125 0.46792907812499995 0.69389773125
0 0.507645390625 0.9458993906250001 0.4906241140625 0.7066573109375 0.46509219843749994 0.69389773125 0.0920425546875 0.8002275453125 0.14168794375 0.9948111046875001 0.3785673765625 0.9969377015625 0.507645390625 0.9458993906250001
0 0.7558723406250001 0.84382276875 0.7544539 0.62372005625 0.48636879375 0.68751794375 0.5062269500000001 0.703467415625 0.5133191484374999 0.9437727953125 0.7558723406250001 0.84382276875
0 0.9374326234374999 0.7619488125 0.9544539000000001 0.5631120609375 0.7558723406250001 0.6109604765625 0.762964540625 0.6322264390625 0.7558723406250001 0.8385062781249999 0.9374326234374999 0.7619488125
0 0.91757446875 0.9288866203125 0.9331773046875 0.7651387078125 0.764382978125 0.8416961734375 0.7558723406250001 0.9948111046875001 0.77431205625 0.9948111046875001 0.91757446875 0.9288866203125
0 0.7558723406250001 0.84382276875 0.5246666656250001 0.9416461984375 0.53 0.99850075 0.753035459375 0.9969377015625 0.7558723406250001 0.84382276875
0 0.998 0.7406296859375 0.9360141843750001 0.7619488125 0.9260851062500001 0.909747253125 0.998 0.8695652171875 0.998 0.7406296859375
0 0.9374326234374999 0.9948111046875001 0.9658014187499999 0.99374780625 0.998 0.9775112437500001 0.998 0.8710644671875001 0.9317588656250001 0.9076206578124999 0.924666665625 0.9171903406249999 0.9544539000000001 0.9256967250000001 0.9374326234374999 0.9948111046875001
0 0.998 0.5502248875 0.9615461 0.55885886875 0.9360141843750001 0.7608855140624999 0.998 0.739130434375 0.998 0.5502248875
0 0.998 0.3178410796875 0.9771489359375 0.317490190625 0.9544539000000001 0.5620487625 0.998 0.5442278859375 0.998 0.3178410796875