0 0 0.1413333328125 0.10200000000000001 0.136 0.10200000000000001 0.0026666671875 0 0 0 0.1413333328125
0 0.262 0.1253333328125 0.262 0.0026666671875 0.11000000000000001 0 0.11000000000000001 0.136 0.262 0.1253333328125
0 0.264 0.1066666671875 0.532 0.128 0.536 0 0.262 0.0026666671875 0.264 0.1066666671875
0 0.536 0 0.538 0.1306666671875 0.8039999999999999 0.1306666671875 0.806 0 0.536 0
0 0.8119999999999999 0 0.808 0.1546666671875 0.836 0.1413333328125 1 0.1546666671875 0.998 0 0.8119999999999999 0
0 1 0.1546666671875 0.834 0.1413333328125 0.8039999999999999 0.16 0.8019999999999999 0.3093333328125 0.8019999999999999 0.32 0.8240000000000001 0.3386666671875 0.992 0.344 1 0.272 1 0.1546666671875
0 0.626 0.3173333328125 0.8019999999999999 0.312 0.8039999999999999 0.1306666671875 0.626 0.1306666671875 0.626 0.3173333328125
0 0.45 0.1226666671875 0.44000000000000006 0.3093333328125 0.522 0.3173333328125 0.616 0.3173333328125 0.624 0.21600000000000003 0.626 0.1306666671875 0.538 0.1306666671875 0.45 0.1226666671875
0 0.256 0.29333333281249996 0.324 0.3066666671875 0.43200000000000005 0.312 0.44400000000000006 0.1226666671875 0.262 0.1066666671875 0.256 0.29333333281249996
0 0.094 0.13333333281249998 0.094 0.312 0.248 0.312 0.256 0.2666666671875 0.262 0.1306666671875 0.094 0.13333333281249998
0 0 0.3226666671875 0.094 0.312 0.092 0.1386666671875 0 0.1413333328125 0 0.3226666671875
0 0 0.49866666718749997 0.066 0.496 0.076 0.4853333328125 0.072 0.3173333328125 0 0.3253333328125 0 0.49866666718749997
0 0.244 0.48266666718750006 0.248 0.312 0.094 0.31466666718749997 0.072 0.31466666718749997 0.076 0.488 0.244 0.48266666718750006
0 0 0.6613333328125 0.057999999999999996 0.6613333328125 0.08199999999999999 0.6559999999999999 0.074 0.49066666718749996 0.044 0.496 0 0.496 0 0.6613333328125
0 0.254 0.8186666671875 0.254 0.6533333328125 0.006 0.6666666671875 0.02 0.8266666671875 0.254 0.8186666671875
0 0.252 0.6559999999999999 0.244 0.48266666718750006 0.072 0.488 0.08199999999999999 0.6666666671875 0.252 0.6559999999999999
0 0.258 0.9733333328124999 0.254 0.8186666671875 0.092 0.8266666671875 0.10200000000000001 0.9786666671875001 0.258 0.9733333328124999
0 0.096 0.9733333328124999 0.09 0.8266666671875 0.002 0.8240000000000001 0.002 0.9733333328124999 0.096 0.9733333328124999
0 0.42000000000000004 0.8480000000000001 0.256 0.8400000000000001 0.256 0.9973333328124999 0.42400000000000004 1 0.42000000000000004 0.8480000000000001
0 0.42400000000000004 0.8480000000000001 0.426 0.9973333328124999 0.5940000000000001 0.9973333328124999 0.596 0.8480000000000001 0.42400000000000004 0.8480000000000001
0 0.766 1 0.772 0.8346666671875 0.5980000000000001 0.8480000000000001 0.6 1 0.766 1
0 0.9460000000000001 0.8693333328125 0.774 0.8640000000000001 0.766 0.9973333328124999 0.9380000000000001 0.9973333328124999 0.9460000000000001 0.8693333328125
0 1 0.8640000000000001 0.954 0.8693333328125 0.9480000000000001 1 0.998 0.9973333328124999 1 0.8640000000000001
0 0.998 0.6986666671874999 0.78 0.6933333328125 0.774 0.8613333328125 0.9480000000000001 0.8720000000000001 1 0.8640000000000001 0.998 0.6986666671874999
0 0.516 0.8480000000000001 0.596 0.8506666671875 0.772 0.8346666671875 0.778 0.6666666671875 0.52 0.6799999999999999 0.516 0.8480000000000001
0 0.516 0.8480000000000001 0.52 0.6799999999999999 0.25 0.6719999999999999 0.254 0.8373333328125 0.42400000000000004 0.8480000000000001 0.516 0.8480000000000001
0 0.998 0.5253333328124999 0.984 0.528 0.97 0.6986666671874999 0.998 0.6986666671874999 0.998 0.5253333328124999
0 0.78 0.6666666671875 0.78 0.6933333328125 0.9720000000000001 0.696 0.986 0.528 0.79 0.5253333328124999 0.78 0.6666666671875
0 0.616 0.49866666718749997 0.614 0.6746666671875 0.78 0.6666666671875 0.788 0.536 0.788 0.4933333328125 0.616 0.49866666718749997
0 0.52 0.6799999999999999 0.608 0.6746666671875 0.608 0.504 0.438 0.5013333328125 0.434 0.6746666671875 0.52 0.6799999999999999
0 0.42800000000000005 0.6746666671875 0.43 0.49866666718749997 0.252 0.4933333328125 0.254 0.6666666671875 0.42800000000000005 0.6746666671875
0 0.244 0.3173333328125 0.242 0.4853333328125 0.25 0.488 0.514 0.5013333328125 0.52 0.31466666718749997 0.324 0.3066666671875 0.256 0.2986666671875 0.244 0.3173333328125
0 0.708 0.49866666718749997 0.788 0.496 0.792 0.31466666718749997 0.52 0.3173333328125 0.514 0.5013333328125 0.708 0.49866666718749997
0 0.998 0.3466666671875 0.8240000000000001 0.3386666671875 0.8019999999999999 0.32 0.792 0.5226666671875 0.942 0.528 0.998 0.5253333328124999 0.998 0.3466666671875
0 0.256 1 0.256 0.976 0.016 0.976 0.016 1 0.256 1