0 0.155551765625 0.2866666671875 0.14872931875 0.276969696875 0.1521405421875 0.23090909062499998 0.04980385625 0.21757575624999997 0.0040934671875 0.5096969703124999 0.12826198125 0.54606060625 0.1289442265625 0.5303030296875 0.155551765625 0.2866666671875
0 0.17192563593750002 0.5727272734375 0.181477059375 0.563030303125 0.261299675 0.563030303125 0.25584171875 0.54242424375 0.2708511 0.359393940625 0.1951219515625 0.356969696875 0.155551765625 0.2878787859375 0.1309909609375 0.53393939375 0.13644891718750002 0.550909090625 0.1589629890625 0.554545453125 0.17192563593750002 0.5727272734375
0 0.36295411875 0.57393939375 0.38956165781249996 0.5787878796875 0.3793279890625 0.5557575765625 0.387514925 0.3642424234375 0.2715333453125 0.359393940625 0.255159475 0.54242424375 0.262664165625 0.5654545468750001 0.36158962968749997 0.5642424234375001 0.36295411875 0.57393939375
0 0.5055432359375 0.54848485 0.5123656828125001 0.2842424234375 0.50008528125 0.240606059375 0.488487121875 0.240606059375 0.4850759 0.360606059375 0.387514925 0.3642424234375 0.380010234375 0.550909090625 0.390243903125 0.57757575625 0.5096367046875 0.5751515171875 0.5055432359375 0.54848485
0 0.1521405421875 0.279393940625 0.197850928125 0.35818181718750003 0.4850759 0.360606059375 0.488487121875 0.005454546875 0.169878903125 0.0078787859375 0.1521405421875 0.279393940625
0 0.635851953125 0.54 0.6324407296875 0.274545453125 0.5123656828125001 0.28181818281250004 0.508272215625 0.5472727265625 0.5110011937500001 0.57393939375 0.6317584859375 0.58 0.635851953125 0.54
0 0.7388708859374999 0.5703030296875 0.7750298484375 0.5690909093750001 0.7675251578125 0.24303030312499999 0.758655978125 0.24424242343749997 0.7511512875 0.2721212140625 0.6324407296875 0.274545453125 0.6392631765625 0.54606060625 0.6378986859375 0.5812121203125 0.7368241515625 0.58606060625 0.7388708859374999 0.5703030296875
0 0.7607027109375 0.236969696875 0.9087497859375 0.23212121406250003 0.8882824484375 0.043030303125 0.7593382234375 0.053939393749999995 0.7607027109375 0.236969696875
0 0.8998806078125 0.23575757656250002 0.769571890625 0.245454546875 0.7825345390625 0.563030303125 0.9339928375 0.556969696875 0.8998806078125 0.23575757656250002
0 0.7415998625 0.57151515 0.7456933296875 0.8127272734375 0.9558246625000001 0.805454546875 0.9367218140625001 0.560606059375 0.7415998625 0.57151515
0 0.5457956671875 0.57757575625 0.5457956671875 0.809090909375 0.7450110859375 0.8163636359374999 0.7375063953125001 0.58606060625 0.5457956671875 0.57757575625
0 0.36295411875 0.5787878796875 0.355449428125 0.7981818171875 0.5417022 0.809090909375 0.543748934375 0.57757575625 0.36295411875 0.5787878796875
0 0.1807948140625 0.5654545468750001 0.1644209453125 0.7836363640624999 0.3513559609375 0.7921212140625 0.360225140625 0.5678787859375001 0.1807948140625 0.5654545468750001
0 0.1234862703125 0.77151515 0.1446358515625 0.7703030296875 0.1732901234375 0.5812121203125 0.1575984984375 0.5533333328125 0.0006822437500000001 0.5121212140625 0.0006822437500000001 0.520606059375 0.0006822437500000001 0.73151515 0.1234862703125 0.77151515
0 0.048439365625 0.7678787859375 0.044345898437499996 0.7533333328125 0 0.74606060625 0.0006822437500000001 0.9727272734374999 0.022514071875 0.7666666671875 0.048439365625 0.7678787859375
0 0.1514582984375 0.77757575625 0.023196315625 0.7678787859375 0.0006822437500000001 0.9751515171875 0 0.9966666671875 0.12689749374999998 0.994545453125 0.1514582984375 0.77757575625
0 0.14872931875 0.790909090625 0.1313320828125 0.9966666671875 0.262664165625 0.9966666671875 0.27699130156249996 0.800606059375 0.14872931875 0.790909090625
0 0.2790380359375 0.800606059375 0.2645403375 0.9966666671875 0.40337711093750006 0.9966666671875 0.410711240625 0.8042424234375 0.2790380359375 0.800606059375
0 0.41002899687500005 0.8163636359374999 0.40457103906249997 0.9957575765625 0.5376087328125 0.9957575765625 0.5376087328125 0.8212121203124999 0.41002899687500005 0.8163636359374999
0 0.538973221875 0.8151515171874999 0.5365853656249999 0.9966666671875 0.673545965625 0.9966666671875 0.66996418125 0.8260606062500001 0.538973221875 0.8151515171874999
0 0.672010915625 0.8175757562499999 0.6754221390625 0.9966666671875 0.8198874296875 0.9966666671875 0.8139177906249999 0.8236363640625 0.672010915625 0.8175757562499999
0 0.8139177906249999 0.8151515171874999 0.8214224796874999 0.9957575765625 0.972880778125 0.9957575765625 0.9592358859375001 0.809090909375 0.8139177906249999 0.8151515171874999
0 0.7538802671875 0.0018181828125 0.502814259375 0.0042424234375 0.4994030359375 0.21515151718749997 0.5123656828125001 0.276969696875 0.742964353125 0.2672727265625 0.7593382234375 0.1921212140625 0.7538802671875 0.0018181828125