0 0.7099171140625 0.21505942031249997 0.7000202953125 0.24617899375 0.73643681875 0.245881253125 0.7362480703125 0.2638203234375 0.7568644578125 0.2769365546875 0.7776695921875 0.27211371562500003 0.7840862921875 0.2528381 0.8122894703125001 0.2535870359375 0.8162073937500001 0.2710027671875 0.837367315625 0.27970669843749996 0.830792021875 0.3494902984375 0.8862471875000001 0.358709696875 0.888398621875 0.3904654046875 0.8962043171875 0.3927279546875 0.9369315281249999 0.2425890671875 0.7099171140625 0.21505942031249997
0 0.60428354375 0.2030056078125 0.47838837500000003 0.19136233593750002 0.47341353281250004 0.2153401203125 0.4931315953125 0.21934188125 0.4946564734375 0.23977697031249998 0.5175300234375 0.25097691875 0.5449707609375001 0.24150830937499998 0.546737253125 0.227168334375 0.58247435625 0.23238597031250002 0.5839992359374999 0.25282105781249997 0.59762523125 0.2570562890625 0.618838015625 0.24892422500000003 0.62922550625 0.2302283484375 0.6590064265625 0.23457637656250002 0.6566963984374999 0.2533286546875 0.6716283703125 0.2633691296875 0.6896328046875 0.264874871875 0.698170784375 0.24478604843750001 0.6836993312499999 0.21460035312499998 0.60428354375 0.2030056078125
0 0.2589078875 0.1683013890625 0.2570959765625 0.2814511875 0.34260383125 0.2928124640625 0.357664240625 0.2197760359375 0.38244016406250003 0.215532934375 0.387905678125 0.2039788453125 0.4137158078125 0.2077471359375 0.4156483390625 0.22487300000000002 0.43879365468750003 0.2338668 0.45891937031249996 0.2345593359375 0.467321465625 0.21557359062499998 0.47341353281250004 0.2153401203125 0.47798072343750003 0.1946715625 0.36973520312499997 0.1710072625 0.2589078875 0.1683013890625
0 0.24477595624999998 0.2830212 0.2570959765625 0.2814511875 0.2626069078125 0.1710872765625 0.135813415625 0.1503295328125 0.0494902578125 0.145586709375 0.0438359953125 0.17507986874999998 0.048795571875 0.282480821875 0.23993699687499997 0.305895909375 0.24477595624999998 0.2830212
0 0.2282811328125 0.4333292859375 0.23993699687499997 0.305895909375 0.06255745 0.28561297812499997 0.07129906875 0.4115327390625 0.2282811328125 0.4333292859375
0 0.3496768671875 0.6127527765624999 0.3579583421875 0.46349136562500004 0.231980153125 0.43611517343750006 0.1069002875 0.41785344999999996 0.0823961328125 0.41989040156249996 0.0910848859375 0.5626461578125 0.3496768671875 0.6127527765624999
0 0.546420065625 0.3281843078125 0.5271096546875 0.3208733203125 0.2467613515625 0.28331106875 0.2302665265625 0.4336191546875 0.3580942265625 0.46238829218750005 0.5065911765625 0.4874376640625 0.546420065625 0.3281843078125
0 0.3492692140625 0.6160620015625 0.64427771875 0.665870878125 0.66248616875 0.5180588109375 0.6591948000000001 0.511963696875 0.3718561046875 0.46552044531250003 0.3492692140625 0.6160620015625
0 1 0.56383913125 0.9391883156249999 0.5359991796875 0.8577871328125 0.5241145656249999 0.8516422015625 0.5411840296875 0.6713789359375 0.511496759375 0.6523551828125 0.6659272765625001 0.964960471875 0.7205511203125 1 0.565841575 1 0.56383913125
0 0.8516422015625 0.5411840296875 0.8899763640625 0.3940645 0.888232584375 0.3589995640625 0.5533274375 0.3213323859375 0.5481336921875 0.330680325 0.530551796875 0.4898130125 0.8516422015625 0.5411840296875
0 0.8845637171874999 0.3887825921875 0.85765125 0.525217640625 0.9292613421875 0.5345498359375 0.9537807640624999 0.40113414531249997 0.8845637171874999 0.3887825921875
0 1 0.39381064062500004 0.9609599031249999 0.39207607499999997 0.9393241984375 0.534896103125 1 0.5437548 1 0.39381064062500004
0 0.7877845625 0.846276771875 0.9675042906250001 0.8803763421875 0.9850861859375 0.72124365625 0.964960471875 0.7205511203125 0.8541860203124999 0.7010092515624999 0.8096920328125 0.70125059375 0.7831872171875001 0.834376415625 0.7877845625 0.846276771875
0 0.803328196875 0.7036902125 0.7947600640625 0.6912101171875 0.501736953125 0.641691109375 0.5007857671875 0.6494126359375 0.4827660640625 0.7792856328125 0.7684741500000001 0.8389657843749999 0.803328196875 0.7036902125
0 0.2207468296875 0.7241869765625 0.48091655468749994 0.7778926890625 0.501736953125 0.641691109375 0.349405096875 0.6149589265625 0.34981275 0.6116497015625 0.2310967203125 0.59094835625 0.2223398375 0.596407334375 0.2207468296875 0.7241869765625
0 0.21930497031249999 0.719484809375 0.2223398375 0.596407334375 0.2291113265625 0.5906584890625 0.08896360625000001 0.563459365625 0.0897487546875 0.5242720000000001 0.009423909375000001 0.53989539375 0.011860571875 0.6794916796875 0.20644141562499999 0.7254671234375001 0.21930497031249999 0.719484809375