0 0.6799999999999999 0.6941529234375 0.6839999999999999 0.785607196875 0.9480000000000001 0.790104946875 0.95 0.6896551718749999 0.6799999999999999 0.6941529234375
0 0.702 0.59970015 0.706 0.6911544234375 0.982 0.688155921875 0.986 0.5982008999999999 0.702 0.59970015
0 1 0.49025487187500005 0.706 0.49475262343750004 0.706 0.59970015 1 0.5967016484375 1 0.49025487187500005
0 1 0.37481259375 0.9380000000000001 0.37481259375 0.6940000000000001 0.3808095953125 0.702 0.3913043484375 0.706 0.49325337343750003 1 0.48725637187500004 1 0.37481259375
0 0.6719999999999999 0.2953523234375 0.6759999999999999 0.3808095953125 0.932 0.37481259375 0.932 0.28335832031249997 0.6719999999999999 0.2953523234375
0 0.674 0.1949025484375 0.67 0.2923538234375 0.93 0.2818590703125 0.93 0.1829085453125 0.674 0.1949025484375
0 0.6980000000000001 0.3913043484375 0.6759999999999999 0.3808095953125 0.43200000000000005 0.3913043484375 0.418 0.4017991 0.426 0.500749625 0.7 0.49325337343750003 0.6980000000000001 0.3913043484375
0 0.418 0.502248875 0.422 0.6041979015625001 0.702 0.59970015 0.6980000000000001 0.497751125 0.418 0.502248875
0 0.42000000000000004 0.6041979015625001 0.42400000000000004 0.701649175 0.692 0.6941529234375 0.686 0.6011993999999999 0.42000000000000004 0.6041979015625001
0 0.41600000000000004 0.7046476765625 0.42000000000000004 0.7976012 0.6839999999999999 0.7931034484375 0.6759999999999999 0.6941529234375 0.41600000000000004 0.7046476765625
0 0.13799999999999998 0.6896551718749999 0.11399999999999999 0.7091454265625 0.122 0.8080959515625 0.394 0.7976012 0.39 0.7061469265625 0.144 0.715142428125 0.13799999999999998 0.6896551718749999
0 0.404 0.6071964015625 0.132 0.611694153125 0.142 0.715142428125 0.418 0.7046476765625 0.41200000000000003 0.6071964015625 0.404 0.6071964015625
0 0.40199999999999997 0.4962518734375 0.382 0.5082458765625 0.124 0.511244378125 0.134 0.611694153125 0.41200000000000003 0.6056971515625 0.41 0.4962518734375 0.40199999999999997 0.4962518734375
0 0.404 0.3913043484375 0.092 0.4017991 0.10400000000000001 0.511244378125 0.386 0.5052473765625 0.41 0.48275862031249994 0.404 0.3913043484375
0 0.162 0.3073463265625 0.172 0.3988006 0.42000000000000004 0.3928035984375 0.41200000000000003 0.301349325 0.162 0.3073463265625
0 0.16 0.2053973015625 0.172 0.301349325 0.422 0.298350825 0.41600000000000004 0.1994003 0.16 0.2053973015625
0 0.198 0.1409295359375 0.20800000000000002 0.20389805156250002 0.426 0.1964017984375 0.422 0.1304347828125 0.198 0.1409295359375
0 0.422 0.1304347828125 0.426 0.19790105 0.6519999999999999 0.1949025484375 0.6519999999999999 0.1079460265625 0.44000000000000006 0.115442278125 0.44000000000000006 0.12443778125 0.422 0.1304347828125
0 0.42000000000000004 0.19790105 0.422 0.2968515734375 0.6679999999999999 0.2953523234375 0.6719999999999999 0.1964017984375 0.42000000000000004 0.19790105
0 0.422 0.299850075 0.42400000000000004 0.3913043484375 0.6639999999999999 0.3793103453125 0.666 0.2938530734375 0.422 0.299850075