0 0.9800000000000001 0.761619190625 1 0.761619190625 0.998 0.67766116875 0.992 0.67766116875 0.962 0.6581709140625 0.9560000000000001 0.739130434375 0.9800000000000001 0.761619190625
0 1 0.587706146875 0.994 0.589205396875 0.97 0.5817091453125001 0.962 0.6581709140625 0.99 0.67616191875 1 0.67616191875 1 0.587706146875
0 0.982 0.587706146875 0.998 0.586206896875 0.998 0.502248875 0.994 0.500749625 0.9720000000000001 0.49475262343750004 0.962 0.5772113937500001 0.982 0.587706146875
0 1 0.4062968515625 0.986 0.40329835156250005 0.974 0.49475262343750004 0.998 0.502248875 1 0.4062968515625
0 1 0.136431784375 0.958 0.136431784375 0.9460000000000001 0.137931034375 0.9380000000000001 0.211394303125 0.95 0.21289355312499997 1 0.211394303125 1 0.136431784375
0 0.828 0.3088455765625 0.998 0.3088455765625 0.998 0.21289355312499997 0.836 0.20989505312499998 0.808 0.2173913046875 0.8 0.3088455765625 0.828 0.3088455765625
0 0.788 0.21289355312499997 0.8099999999999999 0.2158920546875 0.834 0.2068965515625 0.9359999999999999 0.20989505312499998 0.9460000000000001 0.137931034375 0.792 0.136431784375 0.76 0.1529235375 0.752 0.21289355312499997 0.788 0.21289355312499997
0 0.622 0.3058470765625 0.788 0.31034482812499997 0.792 0.3058470765625 0.8019999999999999 0.2173913046875 0.638 0.211394303125 0.626 0.2158920546875 0.622 0.3058470765625
0 0.602 0.2068965515625 0.61 0.20989505312499998 0.624 0.21439280312500003 0.638 0.20989505312499998 0.754 0.211394303125 0.758 0.1439280359375 0.61 0.1424287859375 0.602 0.1499250375 0.602 0.2068965515625
0 0.596 0.137931034375 0.45 0.134932534375 0.44800000000000006 0.2068965515625 0.6 0.211394303125 0.6 0.1409295359375 0.596 0.137931034375
0 0.786 0.3988006 0.796 0.31034482812499997 0.626 0.3088455765625 0.622 0.39730135 0.786 0.3988006
0 0.45 0.2068965515625 0.44800000000000006 0.30434782656250003 0.618 0.3073463265625 0.622 0.21439280312500003 0.45 0.2068965515625
0 0.458 0.3058470765625 0.454 0.3988006 0.618 0.40029985 0.624 0.31034482812499997 0.458 0.3058470765625
0 0.454 0.40029985 0.458 0.48575712187500003 0.618 0.48875562187500005 0.622 0.4017991 0.454 0.40029985
0 0.624 0.3988006 0.62 0.48725637187500004 0.78 0.48725637187500004 0.786 0.4017991 0.624 0.3988006
0 0.458 0.48875562187500005 0.45999999999999996 0.5712143921874999 0.614 0.57271364375 0.618 0.48875562187500005 0.458 0.48875562187500005
0 0.622 0.49025487187500005 0.618 0.5697151421875 0.776 0.5742128937500001 0.784 0.48875562187500005 0.622 0.49025487187500005
0 0.622 0.57271364375 0.618 0.6536731640625 0.768 0.6506746625 0.776 0.5742128937500001 0.622 0.57271364375
0 0.618 0.5742128937500001 0.458 0.57271364375 0.45999999999999996 0.6521739125 0.616 0.6536731640625 0.618 0.5742128937500001
0 0.772 0.6431784109375001 0.768 0.6521739125 0.63 0.6521739125 0.624 0.7316341828125 0.776 0.7286356828125 0.778 0.6506746625 0.772 0.6431784109375001
0 0.626 0.6551724140624999 0.47400000000000003 0.6536731640625 0.47000000000000003 0.7316341828125 0.624 0.7316341828125 0.626 0.6551724140624999
0 0.776 0.72563718125 0.79 0.7436281859375 0.954 0.7406296859375 0.958 0.6596701656249999 0.8 0.661169415625 0.778 0.6431784109375001 0.782 0.6551724140624999 0.776 0.72563718125
0 0.778 0.640179909375 0.8019999999999999 0.661169415625 0.962 0.6581709140625 0.97 0.584707646875 0.962 0.5772113937500001 0.8099999999999999 0.5832083953125 0.784 0.565217390625 0.778 0.640179909375
0 0.782 0.560719640625 0.8099999999999999 0.5817091453125001 0.9640000000000001 0.5787106453125 0.97 0.4962518734375 0.8160000000000001 0.4962518734375 0.8 0.4962518734375 0.786 0.48575712187500003 0.782 0.560719640625
0 0.786 0.4797601203125 0.8019999999999999 0.49325337343750003 0.968 0.49475262343750004 0.9800000000000001 0.4062968515625 0.8140000000000001 0.4062968515625 0.794 0.40029985 0.786 0.4797601203125
0 0.796 0.3943028484375 0.8240000000000001 0.40329835156250005 0.99 0.4047976015625 0.9960000000000001 0.311844078125 0.8320000000000001 0.311844078125 0.8 0.311844078125 0.796 0.3943028484375
0 0.45999999999999996 0.7976012 0.458 0.710644678125 0.266 0.713643178125 0.268 0.8020989500000001 0.45999999999999996 0.7976012
0 0.262 0.6176911546875 0.264 0.710644678125 0.45999999999999996 0.7091454265625 0.458 0.614692653125 0.262 0.6176911546875
0 0.258 0.5157421296875 0.26 0.6161919046875 0.458 0.613193403125 0.458 0.5172413796875001 0.258 0.5157421296875
0 0.454 0.4062968515625 0.44800000000000006 0.39730135 0.438 0.39730135 0.438 0.4047976015625 0.266 0.4017991 0.25 0.4092953515625 0.25 0.512743628125 0.454 0.5142428781249999 0.454 0.4062968515625
0 0.27 0.2548725640625 0.296 0.2548725640625 0.294 0.20839580156249998 0.388 0.20839580156249998 0.268 0.2053973015625 0.27 0.2548725640625
0 0.394 0.2593703140625 0.438 0.2593703140625 0.438 0.302848575 0.446 0.302848575 0.44800000000000006 0.20989505312499998 0.3920039265625 0.20849584999999998 0.394 0.2593703140625
0 0.294 0.20839580156249998 0.298 0.2548725640625 0.392 0.25787106406250004 0.392 0.20989505312499998 0.294 0.20839580156249998
0 0.344 0.25787106406250004 0.346 0.3073463265625 0.43600000000000005 0.3088455765625 0.438 0.2593703140625 0.344 0.25787106406250004
0 0.346 0.3088455765625 0.348 0.3553223390625 0.438 0.3553223390625 0.438 0.31034482812499997 0.346 0.3088455765625
0 0.34199999999999997 0.2593703140625 0.248 0.2548725640625 0.248 0.302848575 0.34199999999999997 0.3058470765625 0.34199999999999997 0.2593703140625
0 0.346 0.3088455765625 0.25 0.3058470765625 0.246 0.3523238375 0.256 0.3538230890625 0.33999999999999997 0.3553223390625 0.346 0.3088455765625
0 0.346 0.3568215890625 0.346 0.4017991 0.43600000000000005 0.40329835156250005 0.438 0.3583208390625 0.346 0.3568215890625
0 0.344 0.3568215890625 0.252 0.3523238375 0.252 0.40029985 0.34199999999999997 0.4017991 0.344 0.3568215890625
0 0.25 0.32383808125 0.23399999999999999 0.3178410796875 0.16 0.3178410796875 0.158 0.32383808125 0.15 0.3538230890625 0.15 0.40029985 0.248 0.40029985 0.246 0.3523238375 0.25 0.32383808125
0 0.244 0.302848575 0.244 0.25337331406249997 0.266 0.2548725640625 0.264 0.2053973015625 0.074 0.20089955 0.08199999999999999 0.299850075 0.244 0.302848575
0 0.44000000000000006 0.20839580156249998 0.43600000000000005 0.134932534375 0.27599999999999997 0.1319340328125 0.27999999999999997 0.2053973015625 0.44000000000000006 0.20839580156249998
0 0.236 0.3163418296875 0.248 0.32233883125 0.25 0.3058470765625 0.08 0.301349325 0.092 0.3958020984375 0.15 0.3943028484375 0.158 0.3178410796875 0.236 0.3163418296875
0 0.10400000000000001 0.1304347828125 0.11200000000000002 0.20089955 0.27599999999999997 0.2053973015625 0.27 0.1289355328125 0.10400000000000001 0.1304347828125
0 0.078 0.20089955 0.11200000000000002 0.1994003 0.1 0.12743628125 0.072 0.11244377812499999 0.002 0.11244377812499999 0.002 0.187406296875 0.03 0.188905546875 0.078 0.20089955
0 0.08 0.298350825 0.068 0.20089955 0.03 0.190404796875 0.002 0.187406296875 0 0.2953523234375 0.041999999999999996 0.2968515734375 0.08 0.298350825
0 0.086 0.3913043484375 0.076 0.299850075 0.036 0.298350825 0.002 0.298350825 0.002 0.4017991 0.044 0.40329835156250005 0.086 0.3913043484375
0 0.242 0.4092953515625 0.254 0.40329835156250005 0.146 0.40029985 0.146 0.3943028484375 0.08199999999999999 0.3913043484375 0.03 0.4062968515625 0.038 0.5157421296875 0.248 0.5142428781249999 0.242 0.4092953515625
0 0.041999999999999996 0.5187406296875 0.054000000000000006 0.6191904046875 0.258 0.614692653125 0.254 0.5157421296875 0.041999999999999996 0.5187406296875
0 0.054000000000000006 0.6206896546875 0.064 0.715142428125 0.264 0.7091454265625 0.256 0.6176911546875 0.054000000000000006 0.6206896546875
0 0.066 0.7166416796874999 0.076 0.8065967015625001 0.266 0.8035982015625001 0.264 0.7121439281249999 0.066 0.7166416796874999
0 0.062 0.688155921875 0.002 0.688155921875 0.002 0.7766116937499999 0.06999999999999999 0.77511244375 0.062 0.688155921875
0 0.038 0.502248875 0.002 0.500749625 0.002 0.5967016484375 0.05 0.5952023984375 0.038 0.502248875
0 0.032 0.4047976015625 0.002 0.4047976015625 0 0.500749625 0.036 0.500749625 0.032 0.4047976015625
0 0.052000000000000005 0.5982008999999999 0.002 0.5982008999999999 0.002 0.688155921875 0.062 0.688155921875 0.052000000000000005 0.5982008999999999