0 0.085371425 0.308897953125 0.332847234375 0.2869216109375 0.402323046875 0.27532947343749997 0.40790369687499994 0.268972675 0.37384735 0.09756152031250001 0.2820731875 0.048634365624999995 0.2160731875 0.0524846890625 0.0159602671875 0.09129946875 0.054040860937500004 0.1765307890625 0.06655696718750001 0.21198802031250003 0.085371425 0.308897953125
0 0.0909116640625 0.44578529062500005 0.3840729625 0.4166203140625 0.39376653125 0.382883028125 0.38210528906249996 0.30214168125 0.3568472359375 0.2855214921875 0.0497907765625 0.3170048984375 0.0909116640625 0.44578529062500005
0 0.12982287812499999 0.571678978125 0.4096132015625 0.5523408890625 0.42888741875 0.5120134515625 0.4043955578125 0.39130980000000004 0.3903955578125 0.3921265359375 0.3840729625 0.4166203140625 0.0989116640625 0.445318584375 0.12982287812499999 0.571678978125
0 0.4287504796875 0.2511706234375 0.41011337187499997 0.2718593859375 0.42154877187500006 0.4068950015625 0.45427455625 0.4441888515625 0.6480648812500001 0.4298678515625 0.6446456421875 0.23706787187499997 0.5764359671875 0.23803148749999997 0.530226290625 0.23771166093749999 0.4287504796875 0.2511706234375
0 0.4765567421875 0.5620057953125001 0.6725567421875 0.5505715046875 0.6774196890625 0.47640520625000005 0.67058906875 0.43609287031250005 0.649121340625 0.4162359453125 0.64816971875 0.4313695421875 0.46058907031249996 0.4483438984375 0.4765567421875 0.5620057953125001
0 0.68546818125 0.3040455359375 0.6484117203124999 0.31977761875 0.6513310156250001 0.41912265312499997 0.67458906875 0.4358595171875 0.6794035265625 0.533586184375 0.6942422296874999 0.5447829859375 0.872242228125 0.5343987828125 0.8924117203125 0.30554309062499996 0.72546818125 0.30171200625 0.68546818125 0.3040455359375
0 0.8742422281250001 0.5342821062499999 0.6925567421875 0.5494047390625 0.688516334375 0.692882228125 0.7001937375 0.716325921875 0.9038792250000001 0.6999198468750001 0.9145567421875 0.5364536531249999 0.8748793375 0.51464343125 0.8742422281250001 0.5342821062499999
0 0.48587922499999997 0.7243052265625 0.6819840625 0.7143726265625 0.6823470656249999 0.5469847375 0.6705567421875 0.5506881796875 0.46855674062499997 0.5624725015625 0.48587922499999997 0.7243052265625
0 0.6915647109374999 0.707782475 0.688056571875 0.8301195984374999 0.6970001124999999 0.8431681203125001 0.8884759234375 0.824458721875 0.8957743875 0.6988848609375 0.7000889 0.7148242296875 0.6915647109374999 0.707782475
0 0.8764759249999999 0.8251587796875001 0.6910001125 0.8435181515625001 0.696862946875 0.9562617390625 0.8693871359375 0.9537360250000001 0.8764759249999999 0.8251587796875001
0 0.6779840625 0.7146059796875 0.4918792234375 0.723955196875 0.5050001125 0.8543690609375 0.6827904375 0.8409814734375001 0.6779840625 0.7146059796875
0 0.686895275 0.8422498109375001 0.5050001125 0.8543690609375 0.5191774609375 0.9711510203125 0.6911774609375 0.961116846875 0.686895275 0.8422498109375001
0 0.5171774609375 0.9712676968749999 0.49911303125 0.8275719562500001 0.4883710875 0.8462923203124999 0.326475925 0.85724480625 0.3490726234375 0.9795668281250001 0.5171774609375 0.9712676968749999
0 0.3221614109375 0.85297308125 0.312475925 0.8580615406250001 0.1506856 0.8705157187499999 0.174758109375 0.9852126015625 0.3449677859375 0.9782984875 0.3221614109375 0.85297308125
0 0.1073550359375 0.7388486140625 0.1445807609375 0.8693640531250001 0.3164759234375 0.8578281859375 0.2931453609375 0.7249943203125 0.1073550359375 0.7388486140625
0 0.103355034375 0.7390819671875 0.290935684375 0.7221076125 0.263927715625 0.5653633484375 0.130032553125 0.5746823625 0.119935796875 0.545115225 0.060242228125 0.5817694234374999 0.103355034375 0.7390819671875
0 0.4674116078125 0.5173050609375001 0.42688741874999997 0.5121301296875 0.40982287812499996 0.555344275 0.26603255312499996 0.5667483625 0.292830846875 0.72048924375 0.478935684375 0.711140025 0.465927715625 0.553579025 0.4674116078125 0.5173050609375001