0 0.05152553125 0.036576621875 0.040980401562500005 0.030359423437499998 0.0019733265624999998 0.0307933375 0.01745513125 0.27238355468750003 0.073048196875 0.27465988750000003 0.05152553125 0.036576621875
0 0.092876584375 0.535815434375 0.102848128125 0.536223734375 0.0879084484375 0.34469333281250003 0.083346246875 0.3387211125 0.0767897359375 0.3326672328125 0.0696331640625 0.2803054671875 0.017826853125 0.278184190625 0.0326007421875 0.5087275484375 0.03504163125 0.53344730625 0.092876584375 0.535815434375
0 0.0977255796875 0.5446921031249999 0.085472934375 0.541297696875 0.035902009375 0.54216065625 0.0611397375 0.7977522828125 0.11897469218750001 0.8001204124999999 0.10891048125 0.657965665625 0.1097576203125 0.6464295250000001 0.0977255796875 0.5446921031249999
0 0.1329484109375 1 0.11613324218750001 0.8115748937499999 0.10957673125 0.8055210140625 0.0611397375 0.7977522828125 0.0811101625 1 0.1329484109375 1
0 0.057782010937499996 0.0194765578125 0.0664122578125 0.1471090515625 0.319689465625 0.1574798234375 0.3090649109375 0.0297656703125 0.057782010937499996 0.0194765578125
0 0.319689465625 0.1574798234375 0.57695529375 0.168013915625 0.5645895984375 0.0427820421875 0.49127247656249995 0.0372264015625 0.3110592203125 0.029847331249999998 0.319689465625 0.1574798234375
0 0.831379671875 0.1900024890625 0.8169066671874999 0.0619014859375 0.5646699859375001 0.042788132812500004 0.580943909375 0.168177234375 0.831379671875 0.1900024890625
0 0.8447662484375 0.1847652046875 0.99376581875 0.1850807765625 0.9828443874999999 0.07447549375 0.8189055328125001 0.062052949999999996 0.8336607718750001 0.1929885984375 0.8447662484375 0.1847652046875
0 1 0.2482165953125 0.9940526109375 0.18798522812500001 0.8464737640625 0.181942415625 0.8359418734374999 0.195974709375 0.8642548921875 0.362018334375 1 0.370232190625 1 0.2482165953125
0 0.5880740062500001 0.1800400140625 0.6061286875 0.342770890625 0.8542833468750001 0.36161003593749996 0.83565508125 0.193070259375 0.5880740062500001 0.1800400140625
0 0.56169355 0.35541497187500004 0.567102890625 0.34985105 0.6024268640625 0.3455120234375 0.57923639375 0.1710000265625 0.3239648765625 0.16054759375 0.34602141406250003 0.3436912828125 0.56169355 0.35541497187500004
0 0.068693359375 0.1500951625 0.0810651453125 0.33573500312500004 0.342032796875 0.3435279625 0.3239648765625 0.16054759375 0.068693359375 0.1500951625
0 0.5775597968749999 0.6569061859375 0.583255928125 0.6542467140625 0.55030128125 0.36073391250000003 0.5394693609375001 0.351612265625 0.0899027578125 0.344774990625 0.11117834374999999 0.6407022828125 0.5775597968749999 0.6569061859375
0 0.5960071734375 0.9845374515625 0.60682585625 0.9734096062500001 0.5747183484375 0.6683606671875 0.1522116890625 0.6539532765625 0.10805010468750001 0.649252315625 0.13075965312499999 0.9597018578125001 0.5960071734375 0.9845374515625
0 0.6182858343750001 1 0.616237053125 0.9882584984375 0.5980014828125 0.9846191109375001 0.1512763265625 0.9663273562500001 0.145019846875 0.9834274187500001 0.1466562625 1 0.6182858343750001 1
0 1 1 1 0.6863420015624999 0.6012179453125001 0.67523114375 0.5869709921874999 0.671755075 0.6182313625 0.9883401578125 0.6290114515624999 1 1 1
0 1 0.372682309375 0.8539965546875001 0.358705584375 0.6041343796875001 0.34268923125 0.5594124484375 0.3524288625 0.5869577546875 0.6515055828125 0.5997839843749999 0.6607088921875001 1 0.6823192828125 1 0.372682309375