0 0.371905953125 0 0.77949486875 0.06344743124999999 0.7968554250000001 0 0.371905953125 0
0 0.3397620234375 0 0.2800821671875 0.185859384375 0.723206478125 0.2550470453125 0.7796148031250001 0.062413267187499996 0.3423457984375 0 0.3397620234375 0
0 0.27700389531249997 0.1856967890625 0.20363176875 0.3732725546875 0.6599220156250001 0.453560603125 0.720674565625 0.25907529687499997 0.27700389531249997 0.1856967890625
0 0.199047678125 0.3771924078125 0.1290603203125 0.5711899328125 0.591693665625 0.65909649375 0.6555777875000001 0.45541213437500006 0.199047678125 0.3771924078125
0 0.11578777656250001 0.5788128453125 0.0476260578125 0.7926762265625 0.5127913109375 0.8765545375 0.580406675 0.6585003140625 0.11578777656250001 0.5788128453125
0 0.5115253562500001 0.878568665625 0.036219134375 0.7931142109375 0.0050441453125 0.8670149953124999 0.0054558625 0.9377830406250001 0.4815075484375 0.9629281000000001 0.5115253562500001 0.878568665625
0 0.0617124109375 0 0.040875256250000006 0.179675546875 0.22120857031250002 0.3107307015625 0.3353020265625 0 0.0617124109375 0
0 0.2172907671875 0.31780723593750004 0.040347553125000005 0.1842258578125 0.002947990625 0.5067164656250001 0.0037756343749999997 0.6489764640625 0.098077721875 0.6246997265625 0.2172907671875 0.31780723593750004
0 0.098744015625 0.6278564078125 0.00375371875 0.6452094484375 0.00503470625 0.865392540625 0.043335134375 0.7851661078125 0.098744015625 0.6278564078125
0 0.5206935374999999 0.870728959375 0.8533599265625 0.93096074375 0.8980814796875001 0.76788405625 0.5662013171875 0.709774796875 0.5206935374999999 0.870728959375
0 0.5206935374999999 0.870728959375 0.4815075484375 0.9629281000000001 0.5125342953125 0.9645669328125 0.8504272796875 0.940939153125 0.8531200609375 0.9330290640625 0.5206935374999999 0.870728959375
0 0.9403377484375 0.6171631078125001 0.6262609203125 0.5568727296875 0.595438228125 0.6624157734375 0.580406675 0.6585003140625 0.5664411828125 0.7077064703125 0.900013725 0.769026615625 0.9403377484375 0.6171631078125001
0 0.9903763171875 0.461650740625 0.67347440625 0.41681858125 0.6267406515625 0.5527360859375 0.9472138890625 0.6112833296875 0.9903763171875 0.461650740625
0 1 0.3058592828125 0.7226068140625 0.26021785468749997 0.6713555999999999 0.40838269687500006 0.994600609375 0.46083337343749997 1 0.4588839921875 1 0.3058592828125
0 1 0.15992853125 0.7665021609375 0.1220694359375 0.721940521875 0.2570611734375 1 0.3013346546875 1 0.15992853125
0 0.80352334375 0 0.7667420265625 0.120001109375 1 0.1575970109375 1 0.0190981484375 0.8732239859375 0 0.80352334375 0