0 0.2975545765625 0.209368075 0.2895435984375 0.500979546875 0.6199964718750001 0.516223715625 0.6340156859375 0.21925572343750002 0.2975545765625 0.209368075
0 0.6320129421875 0.3164479046875 0.6240019625000001 0.48201753125 0.6820815578125 0.481004675 0.6900925375 0.325938534375 0.6320129421875 0.3164479046875
0 0.0892691296875 0.241884978125 0.0892691296875 0.454580590625 0.29154634375 0.4615565421875 0.2975545765625 0.2461302796875 0.139337746875 0.2147531078125 0.0892691296875 0.241884978125
0 0.14534598125 0.49824248281249994 0.1353322578125 0.8030182375000001 0.47179336562499996 0.7892730390625 0.4858125796875 0.5133120203125 0.311573790625 0.505847103125 0.287540853125 0.49313685781250005 0.15936519375 0.48486864062499996 0.14534598125 0.49824248281249994
0 0.0912718734375 0.4571715375 0.0852636390625 0.6620943140625 0.1353322578125 0.7006092390624999 0.14534598125 0.5008683546875 0.1633706828125 0.48742465937499996 0.29154634375 0.49044113281249996 0.2935490890625 0.46152161718749996 0.0912718734375 0.4571715375
0 0.0832608953125 0.6700068546875 0.07925540625000001 0.8748947062499999 0.127321278125 0.9318256593750001 0.1373350015625 0.7058260578125 0.0832608953125 0.6700068546875
0 0.12181784531249999 1 0.1233157890625 0.9292696406250001 0.0772526609375 0.8749296328125 0.07557952968750001 1 0.12181784531249999 1
0 0.46633693125000003 1 0.4737961109375 0.7944898578124999 0.1313267671875 0.803088090625 0.12417966875 1 0.46633693125000003 1
0 0.7684744625000001 1 0.776210559375 0.7944677609374999 0.47980434531249994 0.7996368234375 0.4669306546875 1 0.7684744625000001 1
0 0.776210559375 0.7944677609374999 0.790229771875 0.5263843578125 0.70210900625 0.5042882609375 0.6280074515625 0.5055805234374999 0.617993728125 0.5162586421875 0.48981806875 0.510616296875 0.47579885468749994 0.79445493125 0.776210559375 0.7944677609374999
0 0.617993728125 0.4794964390625 0.617993728125 0.5110068984375 0.6800788140625 0.504672446875 0.6800788140625 0.47841372968749996 0.617993728125 0.4794964390625
0 0.70611449375 0.5094701500000001 0.790229771875 0.5290102296875 0.7862242828125 0.6314890796875 0.864331325 0.6169976046875 0.872342303125 0.4960677984375 0.684084303125 0.4862214921875 0.684084303125 0.5046025953125 0.70611449375 0.5094701500000001
0 0.6860870484375 0.48356069531249996 0.8743450484374999 0.4960328734375 0.8843587734374999 0.367190525 0.6940980265625 0.3284945546875 0.6860870484375 0.48356069531249996
0 0.8883642609375 0.3671206734375 0.8783505390625 0.4907112765625 0.950449346875 0.492079809375 0.9544548374999999 0.384349215625 0.8883642609375 0.3671206734375
0 0.8783505390625 0.4959630203125 0.8683368140625 0.6143018812500001 0.938432878125 0.6104535953125 0.9464438562499999 0.49740140468750005 0.8783505390625 0.4959630203125
0 0.872342303125 0.6168578984375 0.864331325 0.7430394484375 0.9324246437499999 0.7208449875 0.938432878125 0.6104535953125 0.872342303125 0.6168578984375
0 0.7842215375 0.634149878125 0.7762105578125 0.765583171875 0.8663340703125 0.7482562671874999 0.872342303125 0.6168578984375 0.7842215375 0.634149878125
0 0.776210559375 0.770834915625 0.7722050703125001 0.8969466140625 0.846306621875 0.8641438875 0.856320346875 0.748430896875 0.776210559375 0.770834915625
0 0.858323090625 0.7510218421875 0.8463066234375001 0.8667697593750001 0.9184054312500001 0.836627828125 0.9284191546875 0.7235407125 0.858323090625 0.7510218421875
0 0.8127078171875001 1 0.8402983890625 0.9797870234375001 0.8483093671875 0.8641089609374999 0.7742078140624999 0.8969116874999999 0.7705530921875 1 0.8127078171875001 1
0 0.8483093671875 0.8641089609374999 0.8402983890625 0.9797870234375001 0.9103944531250001 0.9444282749999999 0.9184054312500001 0.836627828125 0.8483093671875 0.8641089609374999