0 0.6006653921875 0 0.601189153125 0.032749298437500005 0.91423481875 0.011660018749999999 0.9154524374999999 0 0.6006653921875 0
0 0.5053439359375 0 0.28393311875 0.0182354921875 0.2950217046875 0.0708754015625 0.5921282625 0.041849907812499997 0.5877848671875 0 0.5053439359375 0
0 0.5945541750000001 0.079705753125 0.9151535281250001 0.05609500625 0.9178730390625001 0.0082360953125 0.597204375 0.0307652453125 0.5945541750000001 0.079705753125
0 0.304862678125 0.1040465890625 0.5983310187499999 0.07844501875 0.59995919375 0.043654823437500004 0.29481376875 0.067630615625 0.304862678125 0.1040465890625
0 0.601588671875 0.1292800109375 0.91058025 0.10512508281249999 0.9150149046875 0.053931815625000004 0.59826170625 0.0773634234375 0.601588671875 0.1292800109375
0 0.3097661625 0.1504656296875 0.5995269703125 0.12720638906249998 0.6041002484375 0.0781763125 0.302800978125 0.101972965625 0.3097661625 0.1504656296875
0 1 0.0200391953125 0.99651125625 0.001318990625 0.9178037265625001 0.007154498437499999 0.9209920687500001 0.0569078953125 1 0.0491629921875 1 0.0200391953125
0 1 0.048870159375 0.91487628125 0.05176862343750001 0.9164187921875 0.1059379703125 1 0.0992726640625 1 0.048870159375
0 1 0.09770581874999999 0.9122953921875 0.10179072656249999 0.9097145031249999 0.1518128296875 1 0.145506321875 1 0.09770581874999999
0 0.4829653578125 0.234608771875 0.863665275 0.21579256406249997 0.8688963640624999 0.11682995468749999 0.4711659984375 0.1407786640625 0.4829653578125 0.234608771875
0 0.1313195265625 0.25532623593750003 0.4806957203125 0.2292903625 0.4728811421875 0.1374443078125 0.100705271875 0.16888138749999998 0.1313195265625 0.25532623593750003
0 0.4865179109375 0.320144390625 0.8615872234375 0.3037600796875 0.861603575 0.2137189421875 0.4771268125 0.23379588281250002 0.4865179109375 0.320144390625
0 0.121842765625 0.2579372703125 0.1403640640625 0.336266765625 0.486309975 0.316899603125 0.4771268125 0.23379588281250002 0.121842765625 0.2579372703125
0 0.4867951578125 0.32447077343749997 0.499477915625 0.40198737968750003 0.8574474703125 0.3896539734375 0.857949003125 0.30718400468749996 0.4867951578125 0.32447077343749997
0 0.1367951578125 0.34077228593750003 0.1650011546875 0.4197355328125 0.49741621562500005 0.39991375625000003 0.48837167812500004 0.3189732265625 0.1367951578125 0.34077228593750003
0 0.5042604296875 0.47661747343750005 0.8527532234375 0.466895103125 0.8556630171874999 0.391906734375 0.48979321875000004 0.40135362656250007 0.5042604296875 0.47661747343750005
0 0.18125281875000002 0.49274661875000003 0.5079679578125 0.4742751453125 0.487870140625 0.40144319531250006 0.1590239875 0.4167594515625 0.18125281875000002 0.49274661875000003
0 0.514465615625 0.5455708828125 0.8536202718749999 0.5406227390625 0.852822534375 0.4679766984375 0.50817589375 0.47751993125 0.514465615625 0.5455708828125
0 0.19303452031249999 0.5562024812499999 0.5065653718750001 0.542684371875 0.5005528984375001 0.47895980156249995 0.1833838296875 0.49590183750000005 0.19303452031249999 0.5562024812499999
0 0.63610464375 0.547499221875 0.640194040625 0.611313359375 0.8641027031249999 0.61390253125 0.8610353328125001 0.5359380812500001 0.63610464375 0.547499221875
0 0.4206860234375 0.617197815625 0.6422557390625 0.6133869828125 0.6302660999999999 0.54668633125 0.420234846875 0.5499597515625 0.4206860234375 0.617197815625
0 0.2165626203125 0.6223657203124999 0.41683986875 0.617376953125 0.4183810796875 0.5511309171875001 0.200796140625 0.5569258031250001 0.2165626203125 0.6223657203124999
0 0.6327449734374999 0.6756649109375 0.85466125 0.67726205625 0.8622489390625001 0.615073696875 0.6327096671875 0.6149164218750001 0.6327449734374999 0.6756649109375
0 0.43589801093749997 0.6739849671875 0.6363831921875 0.6722409875 0.63257104375 0.6127532296875 0.42823970625 0.6146763484375 0.43589801093749997 0.6739849671875
0 0.23205185625000002 0.6834792546874999 0.43219047968749996 0.6763272953125 0.422470475 0.6149450546875 0.224462865625 0.62525223125 0.23205185625000002 0.6834792546874999
0 0.638618821875 0.7372262890625 0.8568275671875 0.7411657625 0.850745784375 0.6763595984374999 0.636591128125 0.6754857734375 0.638618821875 0.7372262890625
0 0.44170254531250003 0.73446475 0.638618821875 0.7372262890625 0.6363831921875 0.6722409875 0.4342521796875 0.67840091875 0.44170254531250003 0.73446475
0 0.2467786609375 0.7326952390625 0.439640846875 0.732391128125 0.43432149062500003 0.6794825140625 0.2321211671875 0.6845608515625 0.2467786609375 0.7326952390625
0 0.6501232781249999 0.796355771875 0.8486160734375 0.7936197625 0.8508504015625 0.7381896828125 0.6445266765625 0.7391207750000001 0.6501232781249999 0.796355771875
0 0.4413219828125 0.7887236671875 0.63645380625 0.793737965625 0.638618821875 0.7372262890625 0.43407955 0.7359046218749999 0.4413219828125 0.7887236671875
0 0.25587485625 0.7843431203125 0.4391909703125 0.7855684484375 0.4342181734375 0.7380678125 0.2392942875 0.7362983 0.25587485625 0.7843431203125
0 0.6452727546875 0.841059465625 0.8405432015625 0.8482369546875 0.8466236828125 0.7926277359375 0.6442847375 0.7955428812500001 0.6452727546875 0.841059465625
0 0.44677996249999996 0.8437954718749999 0.639850084375 0.8467361484374999 0.6325383390625 0.7928355078125 0.433837609375 0.7923267296875001 0.44677996249999996 0.8437954718749999
0 0.264901740625 0.8349094046875001 0.4331798 0.8422592625 0.42985283281250003 0.790342675 0.2542290265625 0.788759071875 0.264901740625 0.8349094046875001
0 0.59966559375 0.1293695796875 0.8670425984374999 0.11800111875 0.8730374171875 0.15135144375 0.9136992796875001 0.15379688281249998 0.918133934375 0.102603615625 0.59966559375 0.1293695796875
0 1 0.1413440359375 0.9095065671875 0.1485680421875 0.906579121875 0.1931821671875 1 0.1859508390625 1 0.1413440359375
0 0.8701099703124999 0.19596556874999999 0.906579121875 0.1931821671875 0.9097838156250001 0.152894425 0.873106728125 0.1524330390625 0.8701099703124999 0.19596556874999999
0 1 0.18463030625000001 0.9044481078125 0.1900269484375 0.9034437375 0.23455150468750002 1 0.2289164234375 1 0.18463030625000001
0 0.8686897296874999 0.23400055156250002 0.9033051140625 0.2323883140625 0.9102866515624999 0.1908398375 0.8719637359375 0.1947944046875 0.8686897296874999 0.23400055156250002
0 1 0.22706871093749997 0.9091436578125001 0.233201203125 0.9134233343749999 0.26988588281250003 1 0.2640880859375 1 0.22706871093749997
0 0.8572205796875 0.23561955937499998 0.8560775843749999 0.2779809234375 0.88086965 0.27357174375 0.8878511874999999 0.2320232671875 0.8572205796875 0.23561955937499998
0 1 0.261758053125 0.8614309468749999 0.27122264375 0.8586081171875 0.3776668546875 1 0.37200847812500004 1 0.261758053125
0 1 0.3704965484375 0.8583308703125001 0.373340471875 0.8507608328125 0.4659030765625 1 0.461694159375 1 0.3704965484375
0 1 0.45825141093750005 0.85625281875 0.4613079875 0.859943996875 0.5490067984375 1 0.54415820625 1 0.45825141093750005
0 1 0.5468228796875 0.8582981671875001 0.5534227484375001 0.8589572796875 0.623905596875 1 0.6248483625000001 1 0.5468228796875
0 1 0.6222964765625 0.8668575234375 0.626792109375 0.8587846499999999 0.6814093015625 0.9800078093750001 0.6768480640625001 1 0.671761446875 1 0.6222964765625
0 1 0.6715741140625 0.9838539624999999 0.6766689265625 0.8511616546875 0.6828491703124999 0.85521704375 0.806330203125 0.9011982609375 0.86168425625 1 0.8434611984375 1 0.6715741140625