0 0.4019025796875 0 0.4186317921875 0.0678885828125 0.5696765125 0 0.4019025796875 0
0 0.33519696875 0 0.2530511765625 0.022634921875 0.2836974375 0.1380268609375 0.3576447375 0.1098993921875 0.394028625 0.08534193125 0.417230065625 0.066089671875 0.40133389375000006 0 0.33519696875 0
0 0.141100540625 0.0560579328125 0.17722891406250002 0.194253096875 0.2777336015625 0.1434700203125 0.2833533640625 0.1375252703125 0.25352243125 0.023790928125 0.141100540625 0.0560579328125
0 0.07411691718749999 0.07467814843750001 0.0523919765625 0.0917724609375 0.07820564062499999 0.1941755453125 0.162605065625 0.1791103984375 0.1667390171875 0.19730409531249998 0.176613975 0.19400093125 0.1404856015625 0.0558057671875 0.07411691718749999 0.07467814843750001
0 0.0518892359375 0.09622891875 0.0051917015625 0.12741349375 0.008223484375 0.20181875468750002 0.0772809921875 0.19272038593750002 0.0518892359375 0.09622891875
0 0.163067390625 0.179837978125 0.00826869375 0.20292827500000002 0.0158566390625 0.3891497953125 0.20337909375000002 0.3353504296875 0.163067390625 0.179837978125
0 0.21433579531250002 0.3351808265625 0.31035176249999996 0.3171680203125 0.3209762640625 0.32959472343749996 0.3296258265625 0.3279410359375 0.33422666562500003 0.3244477578125 0.28496025625 0.146971446875 0.1772333953125 0.1964069140625 0.21433579531250002 0.3351808265625
0 0.3344331390625 0.325249753125 0.4741862046875 0.28805060781249997 0.423927925 0.07681191875 0.3937374921875 0.08559283906250001 0.35804845625000004 0.109334765625 0.285364240625 0.14426780625 0.3344331390625 0.325249753125
0 0.57133658125 0 0.41817803906249995 0.06943278593749999 0.4208083359375 0.078581303125 0.4238246890625 0.07641092187500001 0.47516023125 0.2886293578125 0.4806497875 0.2939290921875 0.6620212796875 0.2528146328125 0.6676320812500001 0.2425622546875 0.681852025 0.23584022500000001 0.6206128796875 0 0.57133658125 0
0 0.621396203125 0 0.6859814953125001 0.25188010781250003 0.9692849812500001 0.181549640625 0.9222284484375001 0 0.621396203125 0
0 1 0.30232867812499997 0.9691323687500001 0.18202505156249998 0.6825521921875 0.2524465 0.74544576875 0.5074227953125 0.75752463125 0.5052027171875 1 0.49964067031250003 1 0.30232867812499997
0 0.49933140312499996 0.29065064218750003 0.482929959375 0.30705865781249997 0.533466578125 0.5044236375 0.7419446828125 0.49809652499999996 0.68229634375 0.252520915625 0.682843978125 0.2450342328125 0.49933140312499996 0.29065064218750003
0 0.4808024015625 0.29345368125000004 0.4738271171875 0.287724025 0.334944840625 0.3251009234375 0.3801759734375 0.5071990890625 0.527936609375 0.5043079406250001 0.5332062453125 0.5023442375 0.48205916875000004 0.30688090625000003 0.498869078125 0.2899230640625 0.4808024015625 0.29345368125000004
0 0.097707178125 0.6341819015625 0.10675176093750001 0.62551694375 0.3641292171875 0.49721150156249994 0.321694440625 0.3302478890625 0.310095909375 0.317242434375 0.20394465468749998 0.33647900625 0.016067362499999998 0.3943213203125 0.021997671875 0.5398615265625 0.0442882296875 0.6264435875000001 0.097707178125 0.6341819015625
0 1 0.500429565625 0.75168943125 0.5060378421875 0.8122579406250001 0.750914796875 1 0.7760329593749999 1 0.500429565625
0 0.7453425328125001 0.5070217984375 0.7419446828125 0.49809652499999996 0.5345438421875001 0.5054033828125 0.5875581421875 0.7123922921875 0.8112255734374999 0.7469048265625 0.7514335828125 0.50611225625 0.7453425328125001 0.5070217984375
0 0.5278872296875 0.5051843484375 0.380431825 0.5071246734375 0.42138983437500005 0.6779659953125 0.5867905890625 0.712615534375 0.5343867453125 0.50372498125 0.5278872296875 0.5051843484375
0 0.3641292171875 0.49721150156249994 0.10736669843749999 0.6257691125 0.097707178125 0.6341819015625 0.0442882296875 0.6264435875000001 0.09590659375 0.826942128125 0.17696634687499999 0.8555196640625 0.41335073125 0.6777180375 0.36838889531249996 0.5020069 0.3641292171875 0.49721150156249994
0 0.4148409421875 0.680301771875 0.1774286703125 0.85624724375 0.09590659375 0.826942128125 0.1385523296875 0.9925887453125 0.33673661093749996 0.9775712390625 0.46057033125 0.8557896656249999 0.4148409421875 0.680301771875
0 0.460166346875 0.85849330625 0.337696984375 0.9774984671875 0.49188307656249997 0.9658149437500001 0.4658129984375 0.8654714421874999 0.460166346875 0.85849330625
0 0.4280509265625 0.680338846875 0.47132056093749997 0.8548180671875001 0.6302531703125 0.9060036765625 0.6402179218749999 0.8966400625000001 0.5959608171874999 0.7151206484375 0.4280509265625 0.680338846875
0 0.69567463125 0.9240438015624999 0.8466268078124999 0.8801391953125 0.8113288093750001 0.747305821875 0.596064053125 0.7155216453125 0.6451104625 0.9103028875 0.69567463125 0.9240438015624999
0 0.64170365 0.897069984375 0.6303564078125 0.9064046749999999 0.4713744203125 0.8560954734375 0.49994925312499994 0.965203725 0.573258434375 0.9596486875 0.6521799374999999 0.93669428125 0.64170365 0.897069984375
0 1 0.7761040875 0.8116430015624999 0.750662628125 0.8466268078124999 0.8801391953125 1 0.835530434375 1 0.7761040875