0 1 0.052346696875 0.9107355281249999 0.0392107734375 0.9042362718750001 0.0403686578125 0.8573567593750001 0.230775934375 1 0.25252556249999997 1 0.052346696875
0 0.42743206875000006 0 0.418878046875 0.163383434375 0.8533769109374999 0.22913803281249998 0.8989210812499999 0.040645037499999995 0.6171221906250001 0 0.42743206875000006 0
0 0.39658747031249997 0.329963978125 0.697252278125 0.3803345359375 0.6890947374999999 0.3496012609375 0.6879368546875 0.3431020046875 0.6888445359375 0.3369053109375 0.6921203453125 0.3289456125 0.6983170390625 0.3298532953125 0.70967764375 0.3315173796875 0.72161719375 0.336431090625 0.7192752484375 0.3308133359375 0.7163543609375 0.321945953125 0.7110653499999999 0.3148415765625 0.7069865796875 0.2994749421875 0.7036118515625 0.29370590625 0.7220768359374999 0.290080978125 0.7792493734375 0.3606970890625 0.7948662109375 0.36931427031249997 0.8122984125 0.36553806093749996 0.84657509375 0.232361478125 0.40736615781249996 0.1627521328125 0.39658747031249997 0.329963978125
0 0.14186831718749998 0.1027635921875 0.14227278125 0.2800530578125 0.3890816140625 0.3235898203125 0.40089308125 0.156529259375 0.41787144375 0.155851396875 0.4173710421875 0.130459496875 0.29729189375 0.10759578125 0.14186831718749998 0.1027635921875
0 0.0583304265625 0.25881140625 0.1424240625 0.2790202734375 0.133606059375 0.1015533484375 0.24771833437500002 0.1003343234375 0.0841812140625 0.082329534375 0.0583304265625 0.25881140625
0 0.057459051562499995 0.264760234375 0.0365460546875 0.407532084375 0.1427819625 0.42781949218750004 0.1378390875 0.2815134984375 0.057459051562499995 0.264760234375
0 0.1448475265625 0.4281220515625 0.3710007125 0.4686332109375 0.38568070625 0.3252015453125 0.1413912765625 0.2788689921875 0.1448475265625 0.4281220515625
0 0.3765922859375 0.473672021875 0.7549921546875 0.540703803125 0.7572351828125 0.532592821875 0.7582941437499999 0.5253633453125001 0.74398646875 0.5222126359375 0.73514526875 0.5177527640624999 0.7251200046874999 0.5141743984375 0.7098057265625 0.5034916515625001 0.7096806265625 0.49714367656249997 0.71119343125 0.486815853125 0.7119498328125 0.48165193906250003 0.7187778296875 0.4710477328125 0.7164358843749999 0.46542998124999996 0.713666275 0.4555298171875 0.708831103125 0.44532709375 0.7076994 0.431447078125 0.7047785140625 0.4225796984375 0.705686196875 0.416383003125 0.6993905812500001 0.401746584375 0.7021136265625 0.3831565 0.692667303125 0.3828277625 0.391423559375 0.329207575 0.384799203125 0.3240174796875 0.3765922859375 0.473672021875
0 1 0.2545891703125 0.8518902890625 0.23208509843749997 0.818218728125 0.3611305484375 0.8306121171875 0.3629459140625 0.8404861 0.3675570640625 0.8466827953125 0.3684647453125 0.858194684375 0.36909605 0.8716208546875001 0.37106269375 0.88562596875 0.37627896562499996 0.8941384296875 0.390185159375 0.90335493125 0.41368895625 1 0.43156519375 1 0.2545891703125
0 1 0.43360351250000007 0.9051179359375 0.41605707968749994 0.9059470781250001 0.43200265781249997 0.90813774375 0.43865319375 0.919472171875 0.44769803750000003 0.9396478 0.46120275 0.9826959234375 0.4770028453125 1 0.4812956453125 1 0.43360351250000007
0 0.053386706250000006 0.5771860546875 0.15652527656249998 0.5068433437500001 0.030625915625 0.47791080468749997 0.0433149625 0.6759206453125 0.056572376562500006 0.6778721546875001 0.053386706250000006 0.5771860546875
0 0.3774505875 0.647863140625 0.43106795625 0.5554974578125 0.1596236234375 0.5072971859375001 0.0511698640625 0.577916275 0.0571251375 0.6885025421875001 0.36882180625 0.7499835078125 0.3774505875 0.647863140625
0 0.7202820125 0.7128497375 0.7219576953125 0.6149856015624999 0.43313352031249996 0.5558000171875 0.376996746875 0.6509614890625001 0.37325549687500004 0.7485230640625 0.69527999375 0.8115168328125 0.7202820125 0.7128497375
0 0.6951287140625 0.8125496156249999 0.9786895984375 0.875690378125 0.9987312203125001 0.7388673531250001 0.9854161515625 0.667290825 0.7241745421875 0.614255378125 0.7244131453125 0.7134548578125 0.6951287140625 0.8125496156249999
0 0.6951287140625 0.8125496156249999 0.6742578234375001 0.9118218359375 0.8402862296875 0.95025863125 0.968974928125 0.942011884375 0.9786895984375 0.875690378125 0.6951287140625 0.8125496156249999
0 0.3713412140625 0.747187721875 0.36465289843750004 0.8432626703125001 0.6658442828125 0.9116443750000001 0.6920303671875 0.8120957750000001 0.3713412140625 0.747187721875
0 0.0608024265625 0.6922060109375 0.0650470578125 0.7856626343750001 0.3577259828125 0.8401381453125 0.3646906796875 0.7493783859375001 0.0608024265625 0.6922060109375
0 0.0590656015625 0.6824571265625 0.043518128125 0.6790909828125 0.0499637046875 0.7796728234375 0.06431683437499999 0.7834457875 0.0590656015625 0.6824571265625
0 0.0719885546875 0.8679099328125 0.34751165781250004 0.9314768453125 0.35769980156250003 0.847518903125 0.0702109671875 0.7864190359375 0.0719885546875 0.8679099328125
0 0.35815364375000003 0.8444205531250001 0.354741134375 0.93253580625 0.5465524953124999 0.96908194375 0.6489542421875 0.9625197421875 0.66229209375 0.9142888796875001 0.35815364375000003 0.8444205531250001
0 0.655706425 0.9620870421875001 0.8366508500000001 0.950491596875 0.669824134375 0.9132822781250001 0.655706425 0.9620870421875001