0 0.8924777390624999 0.1787087203125 0.94929460625 0.16434259843750001 0.9264195109375001 0.0498693609375 0.878654634375 0.063050409375 0.8924777390624999 0.1787087203125
0 0.8805590484374999 0.19840887499999998 0.895608940625 0.322262421875 0.9792109968749999 0.30903852187499997 0.9488364218750001 0.166438371875 0.886153690625 0.18242321875 0.8805590484374999 0.19840887499999998
0 0.8957355390625 0.3228839296875 0.9124221953125 0.448255134375 0.99417263125 0.43671993750000004 0.9947791421875 0.38459651875 0.9796299890625001 0.3089228984375 0.8957355390625 0.3228839296875
0 0.9327049578125 0.5673824109375001 0.9927257984375 0.561060465625 0.9941595828124999 0.43784137031250003 0.9128411875 0.44813950937499997 0.9327049578125 0.5673824109375001
0 0.9569334406250001 0.6906723953125 0.9912605781250001 0.6869811875 0.992674303125 0.565485984375 0.9389988265625 0.5722100203125 0.9569334406250001 0.6906723953125
0 0.9484513546875 0.6490313078125001 0.94771565625 0.6932161078125 0.9700541734374999 0.8137454171874999 0.9898102625 0.8116210390624999 0.9912518109375 0.6877346703125 0.9559688625 0.6902821343750001 0.9484513546875 0.6490313078125001
0 0.5266650328125 0 0.5323793265625001 0.03762415 0.572348546875 0.03826725625 0.6831308625 0.009884770312500001 0.6817864734375 0 0.5266650328125 0
0 0.57183933125 0.04059644375 0.5896844609375 0.145105290625 0.7203056796875 0.1127072375 0.7428949546875 0.110121346875 0.726825321875 0.0094998703125 0.7030133265625 0.0036685109374999998 0.57183933125 0.04059644375
0 0.5914163968749999 0.15119335 0.610052140625 0.25475446874999996 0.74258955625 0.2269345140625 0.7674770578125 0.2018277453125 0.7487642109375 0.109960796875 0.7267913046875 0.12040170624999999 0.5914163968749999 0.15119335
0 0.7460434171875 0.23181784374999997 0.6115026828125 0.2594610703125 0.628741459375 0.3634076890625 0.76412638125 0.33990883437499997 0.7898380359375 0.3043608578125 0.7745154578125 0.204992340625 0.7683648062499999 0.2037714328125 0.7460434171875 0.23181784374999997
0 0.7902126015625 0.4414139421875 0.8087987343749999 0.40710274531249996 0.7913757 0.3046660859375 0.763660725 0.3400373359375 0.6402957109375 0.3645965484375 0.6581844 0.4669047078125 0.7902126015625 0.4414139421875
0 0.8057294562499999 0.54656529375 0.8238634499999999 0.48830353593750003 0.8094050890625001 0.40766497343749997 0.7857503265625 0.44848178125000004 0.6540470828125 0.47315331875 0.6735169953125 0.5735660171875 0.8057294562499999 0.54656529375
0 0.8165462 0.6552023390625 0.84430823125 0.5862585484375 0.8254982484375001 0.49150018125 0.80615155 0.5486374796875 0.670538809375 0.5758469796875 0.6866955609375001 0.67206708125 0.8165462 0.6552023390625
0 0.8417546890625 0.7620565515625 0.8585152453125 0.6873940265625 0.8444053703125001 0.5891499625 0.8166868984375 0.65589306875 0.6907557734374999 0.6775126375 0.708547328125 0.7769293796875 0.8417546890625 0.7620565515625
0 0.8648191609375001 0.8680433078125 0.8702397718749999 0.812560340625 0.853995896875 0.7207416156249999 0.8416139906250001 0.761365821875 0.7150229343750001 0.7773310609374999 0.712888934375 0.78375639375 0.731189703125 0.8808439515625001 0.8648191609375001 0.8680433078125
0 0.39947490937499996 0 0.41347048593749997 0.071945803125 0.5351796890625 0.0460119640625 0.526800503125 0 0.39947490937499996 0
0 0.441169003125 0.0696002046875 0.46044151875 0.172007740625 0.586397271875 0.14549070625 0.5677194578125 0.038209721875000005 0.441169003125 0.0696002046875
0 0.608491796875 0.250062821875 0.590268090625 0.1450111921875 0.4599522625 0.171554090625 0.478665225 0.2770593703125 0.608491796875 0.250062821875
0 0.6269425562500001 0.3562291296875 0.6074429890624999 0.2527069140625 0.49640287499999997 0.274519209375 0.47863815781249996 0.284719503125 0.49771876875 0.38423667031250003 0.6269425562500001 0.3562291296875
0 0.5386046359375001 0.5966471062500001 0.668360909375 0.573201953125 0.6686501781249999 0.5648807984374999 0.6478125296874999 0.47232382968750003 0.519148296875 0.49723362499999996 0.5386046359375001 0.5966471062500001
0 0.556706734375 0.695256965625 0.682670565625 0.6746243640625 0.66456846875 0.5760145015625 0.539137121875 0.6012094921875 0.556706734375 0.695256965625
0 0.57894185 0.7927262921875 0.70855753125 0.776383928125 0.688838990625 0.6776314718750001 0.5614073875 0.69690311875 0.57894185 0.7927262921875
0 0.7293329640625 0.8783767296875 0.7107767593750001 0.7775375171875 0.58142328125 0.79321885625 0.5999362546875 0.8899493328125001 0.7293329640625 0.8783767296875
0 0.5827310890625 0.8970518843749999 0.5907106859375 0.8777785359375001 0.57599823125 0.78411994375 0.5660967609374999 0.7998029828125001 0.442046721875 0.8181414625000001 0.460070440625 0.9144182875 0.5827310890625 0.8970518843749999
0 0.57392768125 0.7817479953124999 0.5559904234374999 0.6936886390625 0.5465971921875 0.6962807671875 0.4261206203125 0.71657645625 0.4427198 0.8156010546875001 0.566621165625 0.798480934375 0.57392768125 0.7817479953124999
0 0.5449023703125 0.693805134375 0.554549721875 0.68466755 0.5364557046875 0.5919421203125 0.5284167171874999 0.5953378703125 0.4048207828125 0.6159057015625 0.424163596875 0.7147618421875 0.5449023703125 0.693805134375
0 0.5348311781249999 0.5859150921875 0.518283309375 0.49688365624999997 0.5138367734375 0.48869204999999993 0.3869025078125 0.51430178125 0.40515328281249996 0.6116932828125 0.529351996875 0.5921364421875001 0.5348311781249999 0.5859150921875
0 0.5143611796875 0.4873700046875 0.494564259375 0.386284509375 0.3718765421875 0.41131104374999994 0.388510871875 0.5085599453125 0.5143611796875 0.4873700046875
0 0.3677705875 0.40479145 0.3719468390625 0.40775965000000003 0.49264238281250006 0.3826942015625 0.49432912343749996 0.37928540312500003 0.475851296875 0.2807792265625 0.3520012453125 0.30789251093750003 0.3677705875 0.40479145
0 0.475651309375 0.2720044234375 0.45942785781250006 0.172876134375 0.331444784375 0.2011299578125 0.3504902453125 0.30242282187499997 0.475170134375 0.2774352015625 0.475651309375 0.2720044234375
0 0.3208221234375 0.10222209374999999 0.338880990625 0.19672322343749998 0.45946300781250005 0.1711004359375 0.4393255046875 0.06834293125 0.3208221234375 0.10222209374999999
0 0.345245146875 0 0.26797719375 0.022029751562499998 0.2833897921875 0.1054878109375 0.40002261250000004 0.0780115046875 0.41381106562500003 0.0736178171875 0.399477453125 0 0.345245146875 0
0 0.273620834375 0.108183621875 0.2833897921875 0.1054878109375 0.267750140625 0.020915076562500003 0.1432350890625 0.0564532015625 0.15603656875 0.127092490625 0.273620834375 0.108183621875
0 0.298948246875 0.213040934375 0.33054465 0.2025556890625 0.3320043359375 0.198032215625 0.3380160046875 0.196373253125 0.3209707984375 0.10100373437500001 0.28219230781250004 0.10935025937500001 0.1593126875 0.1314864234375 0.1781310953125 0.23166460937500002 0.298948246875 0.213040934375
0 0.2054187359375 0.2311983890625 0.22224496875000002 0.3313376671875 0.3468545640625 0.30990144375 0.331155515625 0.2094511109375 0.2054187359375 0.2311983890625
0 0.367141475 0.4160265765625 0.3484896140625 0.3088630734375 0.2230278640625 0.33366775625 0.2407741078125 0.43983701093749994 0.367141475 0.4160265765625
0 0.24656680312499998 0.44294780312500004 0.2614711625 0.539496771875 0.3833722703125 0.516453309375 0.3669649953125 0.42031908125 0.24656680312499998 0.44294780312500004
0 0.2619252703125 0.541726121875 0.2805517734375 0.6390139390625 0.4024177328125 0.617746171875 0.384996796875 0.5224803375 0.2619252703125 0.541726121875
0 0.282622325 0.6413858890624999 0.3018867578125 0.737908996875 0.42243362500000003 0.7140619078125 0.40159597812500003 0.6215049390625 0.282622325 0.6413858890624999
0 0.3013623515625 0.7392310421875 0.31881843593750003 0.832721178125 0.438621928125 0.8149658953125 0.4207117375 0.7192464078125 0.3013623515625 0.7392310421875
0 0.31363660625 0.8365058046874999 0.33297941875000003 0.9353619468750001 0.45510758124999995 0.913433159375 0.43745959062499995 0.8170526453125 0.31363660625 0.8365058046874999
0 0.1896649453125 0.8571773203124999 0.2025448015625 0.9301496484375 0.2327166671875 0.922412178125 0.23835786718750002 0.9520547578125 0.3286193421875 0.9353878078125 0.310482096875 0.8385536468750001 0.1896649453125 0.8571773203124999
0 0.174079425 0.7572843265625 0.1916490375 0.8513318015625 0.3119417828125 0.8340301703125 0.295648034375 0.7384532828125 0.174079425 0.7572843265625
0 0.2724073359375 0.6477367796875 0.1609050359375 0.66143529375 0.17922610625 0.7552753984375 0.295980534375 0.7342408609375 0.2801057453125 0.6426690203125001 0.2724073359375 0.6477367796875
0 0.25551080625 0.5511489 0.1356289375 0.5665711453125 0.1545879375 0.6596465453125 0.27112339375 0.6433817656249999 0.27934620625 0.636991959375 0.261819825 0.54705321875 0.25551080625 0.5511489
0 0.26098190625 0.53904311875 0.24555314374999998 0.44381619843750003 0.23860619375 0.448676590625 0.11707273124999999 0.4657319328125 0.13708862187499998 0.5620476734375 0.2542268609375 0.546793884375 0.26098190625 0.53904311875
0 0.114739978125 0.464021009375 0.23792503125 0.44533256093749995 0.23927119062500002 0.44025175 0.2226780578125 0.34500636875 0.100841196875 0.36071921875 0.095710678125 0.3744970109375 0.114739978125 0.464021009375
0 0.157501134375 0.23559159062499999 0.15360325 0.243731234375 0.13853893125 0.2496543375 0.1136272765625 0.2559402171875 0.088969740625 0.2556806390625 0.087266834375 0.2473205734375 0.076273325 0.2615389671875 0.09504850312499999 0.357608421875 0.2226368625 0.3430028484375 0.2057241671875 0.2346461046875 0.157501134375 0.23559159062499999
0 0 0.5404680546875 0.06478133124999999 0.51489341875 0.047468662499999995 0.3889870625 0 0.40243350937500005 0 0.5404680546875
0 0 0.3695821515625 0.0931698578125 0.35812684687499996 0.074167625 0.26094271875 0.0834311640625 0.24602438750000002 0 0.2690477953125 0 0.3695821515625
0 0.1160711171875 0.2016971921875 0.14219642187499998 0.2033177265625 0.143731665625 0.2264407140625 0.156173959375 0.2271278390625 0.156103665625 0.2306792390625 0.17530908437499998 0.22950003125000001 0.157774621875 0.1336768578125 0.1078810125 0.1498000125 0.1160711171875 0.2016971921875
0 0 0.3900503546875 0.0484823234375 0.3881186703125 0.057577823437499995 0.469787978125 0.11304515625 0.46154537656250005 0.094924071875 0.37648007968749997 0.0999410640625 0.3621449484375 0 0.37157462343750003 0 0.3900503546875
0 0.064370453125 0.5167728046875 0.076247553125 0.571184528125 0.132763696875 0.560297834375 0.1138749890625 0.46367104374999996 0.059045590625 0.47114893750000003 0.064370453125 0.5167728046875
0 0 0.573927221875 0.022191615625 0.682872484375 0.0868730375 0.6447789625 0.06489486093749999 0.515450759375 0 0.5420972046875 0 0.573927221875
0 0.08706494218750001 0.6476693375 0.0925845328125 0.670870153125 0.14722202812500002 0.6605018859375 0.1521768046875 0.6556025828125 0.1324311984375 0.564510253125 0.0758015265625 0.574839609375 0.08706494218750001 0.6476693375
0 0.093676571875 0.6723347953125 0.10752404062500001 0.765643421875 0.1681029046875 0.757167590625 0.178807146875 0.7512703484375 0.1583884609375 0.6627184265625 0.148952 0.661201821875 0.093676571875 0.6723347953125
0 0.0239728515625 0.6916171125 0.050097674999999994 0.8198716640624999 0.10772402656249999 0.7744182281249999 0.08657568593750001 0.6472156874999999 0.0246559203125 0.6919701875000001 0.0239728515625 0.6916171125
0 0.07740998906249999 0.9539559703125 0.1292832453125 0.899741384375 0.11118396875 0.7758180968749999 0.0513699046875 0.8211688515625 0.07740998906249999 0.9539559703125
0 0.125512609375 0.8636959453124999 0.1790661484375 0.8577474687500001 0.1908894953125 0.8456547390625 0.1727603328125 0.7547050093750001 0.167351446875 0.7573749609375 0.109891940625 0.7655786484375 0.125512609375 0.8636959453124999
0 0.1306374859375 0.9005450046875 0.0780037359375 0.95687084375 0.085520709375 0.9937739125 0.152142290625 0.98950460625 0.1380817734375 0.9020227015625 0.1306374859375 0.9005450046875
0 0.17981760468750002 0.857540096875 0.124726003125 0.8656790140625 0.1297725015625 0.900195040625 0.1375925171875 0.901569046875 0.14815860625 0.9592858859375 0.1707807375 0.955397815625 0.16887784687500002 0.9382629421875001 0.20092835937500003 0.9300070500000001 0.1889134859375 0.8573846890624999 0.18882702499999998 0.8491672234375001 0.17981760468750002 0.857540096875
0 0.654576621875 0.45401838281250007 0.6400979890625 0.3639815046875 0.6287619765625 0.3652004671875 0.6248868828125 0.3619739328125 0.5038663328124999 0.38868788906249996 0.49792871875 0.3927130234375 0.5155525703125 0.48713249843749995 0.51885339375 0.493858759375 0.6445709671875 0.46966719843750004 0.654576621875 0.45401838281250007