0 0.19358620625 0.0382567328125 0.1797931046875 0.2254045390625 0.4115172421875 0.2295404015625 0.41703448125 0.044460528124999996 0.19358620625 0.0382567328125
0 0.41703448125 0.044460528124999996 0.415655171875 0.2295404015625 0.6404827578125001 0.22850643593750003 0.636344828125 0.0465284609375 0.41703448125 0.044460528124999996
0 0.6377241375 0.0392907 0.646 0.2223026421875 0.8708275859375 0.2223026421875 0.8597931046875 0.0372227671875 0.6377241375 0.0392907
0 0.646 0.22437057343750003 0.647379309375 0.4197901046875 0.8832413796875 0.42392596875 0.8777241374999999 0.2223026421875 0.646 0.22437057343750003
0 0.6432413796875001 0.424959934375 0.64186206875 0.231608334375 0.41289655156249994 0.22850643593750003 0.407379309375 0.3081218 0.53703448125 0.307087834375 0.5494482765625001 0.42702786562500006 0.6432413796875001 0.424959934375
0 0.287379309375 0.31846145937500003 0.407379309375 0.3091557671875 0.41289655156249994 0.22850643593750003 0.1811724140625 0.22643850468750001 0.156344828125 0.42392596875 0.2928965515625 0.424959934375 0.287379309375 0.31846145937500003
0 0.4115172421875 0.3091557671875 0.287379309375 0.31742749375 0.29841379375 0.535594271875 0.5522068953125 0.5293904765625 0.5411724140625 0.30605387031250003 0.4115172421875 0.3091557671875
0 0.2997931046875 0.537662203125 0.29013793125 0.42599390000000004 0.1522068953125 0.42392596875 0.127379309375 0.640024815625 0.3797931046875 0.6420927468750001 0.388068965625 0.53869616875 0.2997931046875 0.537662203125
0 0.5563448281250001 0.4301297625 0.5604827578125 0.533526340625 0.3922068953125 0.53869616875 0.3908275859375 0.640024815625 0.6404827578125001 0.64105878125 0.6432413796875001 0.42702786562500006 0.5563448281250001 0.4301297625
0 0.646 0.4208240703125 0.6446206906249999 0.63278705625 0.8956551718749999 0.6379568828125 0.8832413796875 0.42392596875 0.646 0.4208240703125
0 0.6377241375 0.6420927468750001 0.6487586203125 0.878870909375 0.908068965625 0.8747350468749999 0.8915172421875001 0.6369229171875 0.6377241375 0.6420927468750001
0 0.3922068953125 0.63899085 0.3742758625 0.8716331484375001 0.636344828125 0.878870909375 0.6391034484375 0.6431267125 0.3922068953125 0.63899085
0 0.3825517234375 0.64105878125 0.127379309375 0.6420927468750001 0.103931034375 0.8757690124999999 0.3687586203125 0.8757690124999999 0.3825517234375 0.64105878125