0 0.9819061874999999 0.060802396875 0.9619537125000001 0.058626840624999996 0.9629907531249999 0.156009290625 0.9791686859375 0.1547695390625 0.9819061874999999 0.060802396875
0 0.8831902078124999 0.036169579687499995 0.8802190171875001 0.138158309375 0.9626817390625 0.15226663437500002 0.9622207859374999 0.049459317187500004 0.8831902078124999 0.036169579687499995
0 0.7918374140625 0.113701971875 0.793717609375 0.1375152 0.8145829390625 0.130519475 0.8808981828125001 0.137008615625 0.8830735609374999 0.0317966109375 0.8728739609374999 0.0253980390625 0.8009751203125001 0.0233059953125 0.7995969828125 0.1097011421875 0.7918374140625 0.113701971875
0 0.8002641 0.11227073125 0.8009733015625 0.0233059421875 0.6841511203125 0.0199067640625 0.6816738984375 0.1049395984375 0.8002641 0.11227073125
0 0.5761662546874999 0.091803715625 0.5914532375 0.076820178125 0.6803823343750001 0.104947103125 0.68286086875 0.019869221875000002 0.5805186140624999 0.0168913671875 0.5750405468750001 0.01962820625 0.5761662546874999 0.091803715625
0 0.41041377343749996 0.0686492359375 0.576221003125 0.09378623281250001 0.5755770046875 0.0167475796875 0.5295061249999999 0.0154070546875 0.414274209375 0.019416634375 0.41041377343749996 0.0686492359375
0 0.278634746875 0.0155301515625 0.277446671875 0.039689396875 0.4096765484375 0.066418965625 0.41205976875 0.014754853125 0.278634746875 0.0155301515625
0 0.036214634375 0.016938790625 0.0312788984375 0.1476651 0.2772370125 0.15770253437499998 0.28001831718750003 0.017905265625 0.036214634375 0.016938790625
0 0 0.1429211625 0.029814378125000002 0.146339959375 0.0372042765625 0.01931619375 0 0.0179004703125 0 0.1429211625
0 0.9597508359375 0.25287246093750004 0.9753414953125 0.2533469765625 0.977664165625 0.15680185 0.9632364359375 0.1550889359375 0.9597508359375 0.25287246093750004
0 0.877316609375 0.1419175234375 0.8720224171875 0.24716607031249999 0.9593993890625001 0.254004715625 0.9624290875 0.150007678125 0.877316609375 0.1419175234375
0 0.8149556015625 0.1326754171875 0.7931020796875 0.1396627359375 0.7976772125 0.24802945625 0.813833365625 0.2441135546875 0.8720059515624999 0.2477312703125 0.8789730640625001 0.1397556140625 0.8149556015625 0.1326754171875
0 0.6803800109375 0.10738812499999999 0.6776352421875 0.2281459828125 0.7959745171875 0.234045428125 0.790898340625 0.1131423234375 0.6803800109375 0.10738812499999999
0 0.5891916375 0.0791045828125 0.5763383921874999 0.095644078125 0.5830484296875 0.2188946234375 0.5814394 0.21946907656249998 0.6769018765625 0.22677817656250002 0.6819666796875 0.1060068359375 0.5891916375 0.0791045828125
0 0.410364709375 0.0703334234375 0.4093223359375 0.06917322031249999 0.4082579421875 0.21187438749999998 0.5830319640625 0.21945982343749998 0.5771517125 0.09426728437500001 0.410364709375 0.0703334234375
0 0.2778801015625 0.04249565625 0.279307903125 0.1552899875 0.2770293484375 0.20440452343749999 0.407404640625 0.21462348437499998 0.40928235625 0.0705455203125 0.2778801015625 0.04249565625
0 0.11341411718750001 0.1531892546875 0.11142884374999999 0.3151321546875 0.279244471875 0.314157021875 0.27633792968750004 0.159516996875 0.11341411718750001 0.1531892546875
0 0 0.311759903125 0.1113888640625 0.3165044546875 0.11272071718750001 0.1511928109375 0 0.1453975375 0 0.311759903125
0 0.8997844234375 0.3550220359375 0.9732413031249999 0.35265846875 0.974605675 0.2567418859375 0.9046810484375 0.2520622484375 0.8997844234375 0.3550220359375
0 0.7965019468750001 0.2487351109375 0.7967190015625001 0.3605445296875 0.8169458765625001 0.35631079374999997 0.8995040875000001 0.35324623593750004 0.9041968031250001 0.249513653125 0.8137839687499999 0.2458091609375 0.7965019468750001 0.2487351109375
0 0.71892734375 0.23336291875 0.7196431359375 0.35090072656250004 0.7963027921875 0.3568797875 0.7960074484375 0.232915025 0.71892734375 0.23336291875
0 0.6792219078125 0.22676469375 0.5827299171875 0.21889647499999998 0.5851648609375 0.35394256875 0.7193246234374999 0.35090257812500003 0.7183726453125 0.23054061250000002 0.6792219078125 0.22676469375
0 0.4714322703125 0.219739703125 0.473007734375 0.3514489953125 0.5848628109375 0.35337921875 0.5804838609375 0.2194746296875 0.4714322703125 0.219739703125
0 0.27688686093750003 0.20582107343749997 0.2825838296875 0.3522873203125 0.47451444374999996 0.3528123078125 0.47089879687499997 0.21151039843750002 0.27688686093750003 0.20582107343749997
0 0.0371878296875 0.3155635484375 0.035777378124999995 0.4966846078125 0.28206054687500004 0.482904915625 0.2807668765625 0.31693596562500004 0.0371878296875 0.3155635484375
0 0 0.49637330625000003 0.0355988546875 0.49635200468749996 0.038020921875 0.3130647015625 0 0.3130129953125 0 0.49637330625000003
0 0.9734352890625001 0.351573409375 0.9000890515625001 0.3555902 0.9039540390624999 0.46285086875000003 0.9701322593749999 0.46495278906250004 0.9734352890625001 0.351573409375
0 0.8162734453124999 0.3571205046875 0.7962537265625 0.358563975 0.8022273906249999 0.463417559375 0.8223743109375 0.46192842343749996 0.9023449984375 0.4655746578125 0.8994797953125 0.35445386874999996 0.8162734453124999 0.3571205046875
0 0.7204185390625 0.3520445890625 0.7232224171875 0.469344865625 0.80000803125 0.45997542031250005 0.7963480374999999 0.355326671875 0.7204185390625 0.3520445890625
0 0.5869937609375 0.353931940625 0.5848506484375 0.4797734171875 0.7236438187500001 0.468631515625 0.7193037515625 0.3500178328125 0.5869937609375 0.353931940625
0 0.4705277875 0.356951675 0.47051658749999997 0.49004225156250003 0.5852913109375 0.4783987890625 0.5864224453125 0.3545003671875 0.4705277875 0.356951675
0 0.28300931875 0.35396875156249996 0.28419443437499997 0.5158221281250001 0.47070500312499997 0.49095794687499994 0.472154434375 0.3541980859375 0.28300931875 0.35396875156249996
0 0.10232493281249999 0.4949258484375 0.09586088125 0.6637276703125 0.2854363203125 0.6324406203125 0.2854005171875 0.4836151984375 0.10232493281249999 0.4949258484375
0 0 0.673155309375 0.0959236484375 0.6703951421875 0.10399155625 0.49079996406250004 0 0.49593792499999995 0 0.673155309375
0 0.8705925375 0.46404935937499997 0.8712365953125 0.5632144046875001 0.9667169187500001 0.54847231875 0.9676776234375 0.5334807328125 0.9675630703125 0.4679451046875 0.8705925375 0.46404935937499997
0 0.799827403125 0.46617563906250004 0.79584824375 0.5842090062499999 0.8096593140625 0.5824448546875 0.8720032828125 0.5631730125 0.8708805578125001 0.4651875546875 0.8153342578125 0.46471346406249997 0.799827403125 0.46617563906250004
0 0.6759324624999999 0.4723838265625 0.67713436875 0.5903746187500001 0.7962982625 0.5850483453125 0.799138834375 0.4625056296875 0.6759324624999999 0.4723838265625
0 0.575624815625 0.48219854531250006 0.5802265109375 0.599170128125 0.58103905 0.60248385 0.67656398125 0.5907957890625 0.6753756453124999 0.46871990312499995 0.587571365625 0.4797576078125 0.575624815625 0.48219854531250006
0 0.4132375296875 0.635472253125 0.578242953125 0.5999186484375 0.5756617 0.479946378125 0.41651909531250003 0.49795334843749994 0.4132375296875 0.635472253125
0 0.2857811046875 0.51444084375 0.2852102015625 0.6667436140625 0.41338469375000003 0.6344225703124999 0.41532931875 0.4999673984375 0.2857811046875 0.51444084375
0 0.0390469671875 0.67640640625 0.0423565359375 0.8547559031249999 0.2834923984375 0.8053323750000001 0.2869430296875 0.6338039328125 0.0390469671875 0.67640640625
0 0 0.865007971875 0.04211561875 0.85310443125 0.0403578296875 0.6750048859375 0 0.6749237234375001 0 0.865007971875
0 0 1 0.091702459375 1 0.091357053125 0.8448667046875 0.041197209375 0.8535752734375001 0 0.863895540625 0 1
0 0.1325347578125 1 0.268187984375 0.9590928265625 0.30340834375000003 0.956686625 0.2970927578125 0.8162298828125 0.28606604999999996 0.82315429375 0.2845465796875 0.806087125 0.0914769875 0.8407498046875 0.0918633421875 1 0.1325347578125 1
0 0.2836424421875 1 0.284348246875 0.9617430562499999 0.2690013046875 0.9577160328125001 0.1346782765625 1 0.2836424421875 1
0 0.41238652656249997 0.6361122703125 0.411773775 0.7812618234375 0.582547540625 0.723528290625 0.5821684078125 0.6005720734375 0.41238652656249997 0.6361122703125
0 0.28513024531250003 0.6694882109375 0.28610602812499997 0.8217819953125 0.410307046875 0.7785262140625 0.4119365078125 0.635272934375 0.28513024531250003 0.6694882109375
0 0.47888103125 0.7602908765625 0.48061640937499994 0.88651096875 0.58529063125 0.8573824468750001 0.5827752140625 0.724013425 0.47888103125 0.7602908765625
0 0.299292853125 0.8203333015625001 0.3029828578125 0.9550051984374999 0.47984306718749997 0.8865154625 0.4774542796875 0.7561829640625 0.299292853125 0.8203333015625001
0 0.513802853125 1 0.5863628953125 0.9706638671875 0.58415676875 0.8589693140625 0.48028164375 0.88697730625 0.4826629578125 1 0.513802853125 1
0 0.4828136578125 1 0.47922811093749995 0.887194996875 0.3011331625 0.9581117328125 0.3038340765625 1 0.4828136578125 1
0 0.67698946875 0.5924772171875 0.6800921046874999 0.697702975 0.8000973265625 0.669240009375 0.7962737296875 0.5858904375 0.67698946875 0.5924772171875
0 0.5827752140625 0.724013425 0.6786193828125 0.699395434375 0.67758668125 0.5882639953125001 0.58352618125 0.60310446875 0.5827752140625 0.724013425
0 0.723971675 0.68987045 0.722991946875 0.8212203875 0.7996725859375 0.7899843843750001 0.800464228125 0.6700611140625 0.723971675 0.68987045
0 0.6795684890625 0.6993899203125 0.5826952546874999 0.726758028125 0.584791546875 0.8582272968750001 0.723125290625 0.8164984546875 0.7235461859375001 0.688189025 0.6795684890625 0.6993899203125
0 0.7220183109375 0.822067996875 0.7236737875 0.9303768421875 0.8032334156250001 0.900739403125 0.798859265625 0.7913611765625 0.7220183109375 0.822067996875
0 0.5840903421875 0.8612494390625001 0.58713925 0.9723322218750001 0.7243671765624999 0.9331169453125 0.7207652796875 0.817884234375 0.5840903421875 0.8612494390625001
0 0.8038990187499999 1 0.8032579468750001 0.8998973109374999 0.7244871125000001 0.9290000484375 0.6798468093750001 0.9484683796875 0.67991653125 1 0.8038990187499999 1
0 0.6785889078125 1 0.6813234140625 0.948597009375 0.5865844906250001 0.9740821921875 0.586148159375 1 0.6785889078125 1
0 0.5861501687499999 1 0.5866010968750001 0.9735121609374999 0.5149057015625 1 0.5861501687499999 1
0 0.8719693984375001 0.6703580359375 0.9607286937499999 0.6419172765625001 0.9669289593749999 0.545163478125 0.87022306875 0.564930103125 0.8719693984375001 0.6703580359375
0 0.8705277 0.5654982671875 0.7960181671875 0.583638084375 0.800266165625 0.6821215859375 0.870750884375 0.6680853765625 0.8705277 0.5654982671875
0 0.9027134671875 0.756456028125 0.9542496890625 0.7430207515625 0.9608572000000001 0.6399119718749999 0.90501769375 0.6604771 0.9027134671875 0.756456028125
0 0.9055478515625 0.660434678125 0.8002566359375001 0.6844531984375 0.8010962859375 0.7901843203125 0.9018733578125 0.75738441875 0.9055478515625 0.660434678125
0 0.897435021875 0.8580196687500001 0.94825899375 0.8365042468749999 0.9543825203124999 0.7409479578125 0.9024992218750001 0.7579507171875 0.897435021875 0.8580196687500001
0 0.801834290625 0.8999055828125 0.8976158562500001 0.8594276265625 0.9031582984375 0.7573769515625 0.8003270390624999 0.7887769046875001 0.801834290625 0.8999055828125
0 0.8729429109375 0.9555787546875001 0.94274179375 0.922598965625 0.9482240859375001 0.8370489828125001 0.8724988 0.8726820921874999 0.8729429109375 0.9555787546875001
0 0.8157721359375 1 0.8720348781249999 0.9547555140625 0.8724988 0.8726820921874999 0.8012861421874999 0.9024346218750001 0.8053516390625 1 0.8157721359375 1
0 0.9377817109375 1 0.9427693749999999 0.92216858125 0.8722896890625 0.9570337734375001 0.871728584375 1 0.9377817109375 1
0 0.8717346578124999 1 0.8723561140625 0.954753646875 0.8172496656250001 1 0.8717346578124999 1
0 0.303764115625 1 0.302604534375 0.9556136000000001 0.28434153906250004 0.9590538437499999 0.283629346875 1 0.303764115625 1