0 0.36245089375 0.46518186406249995 0.2855242296875 0.5053089640625 0.27636734375 0.6615062859374999 0.5363477234375 0.6962581859375 0.5517264984375 0.502689559375 0.36245089375 0.46518186406249995
0 0.5363477234375 0.6962581859375 0.79691886875 0.720932840625 0.8073405515625 0.5775412625 0.7582096953125 0.5217162375 0.551874190625 0.500170246875 0.5363477234375 0.6962581859375
0 1 0.5669408125000001 0.9805712609375 0.5449357 0.7543508734375 0.5187785546875 0.8093438093750001 0.5777504453125 0.7967711765625001 0.723452153125 1 0.7491129421875 1 0.5669408125000001
0 0.9385028578125001 0.540542828125 0.9431457265625 0.42696461875 0.7548395359375 0.407301290625 0.74633784375 0.51794181875 0.9385028578125001 0.540542828125
0 0.551874190625 0.500170246875 0.56467778125 0.38490946406250004 0.3705095109375 0.3620992703125 0.3604476375 0.4649726796875 0.551874190625 0.500170246875
0 0.3706572015625 0.359579959375 0.18420657812500002 0.342645125 0.17644334374999998 0.4406890953125 0.36245089375 0.46518186406249995 0.3706572015625 0.359579959375
0 0.041782028124999995 0.434231678125 0.176295653125 0.44320840625 0.18420657812500002 0.342645125 0.0461295140625 0.32569209374999997 0.041782028124999995 0.434231678125
0 0.5668287296875001 0.3825993359375 0.5714716 0.269021128125 0.39132613125 0.247675225 0.3805713859375 0.2592258609375 0.3705095109375 0.3620992703125 0.5668287296875001 0.3825993359375
0 0.192708271875 0.23200459843750001 0.1845019609375 0.337606503125 0.3705095109375 0.3620992703125 0.381162153125 0.24914861562500001 0.192708271875 0.23200459843750001
0 0.28337328125 0.507619090625 0.3644541515625 0.4653910484375 0.1782989109375 0.443417590625 0.04192971875 0.43171236718749995 0.038864871875 0.4761143296875 0.051328503125 0.6288000984375001 0.27636734375 0.6615062859374999 0.28337328125 0.507619090625
0 0.1993543984375 0.118635571875 0.1928559640625 0.22948528437500001 0.3791588953125 0.2489394296875 0.3872175140625 0.1458568375 0.1993543984375 0.118635571875
0 0.0544835140625 0.217570878125 0.1907050140625 0.2317954125 0.197351140625 0.1184263890625 0.0589786921875 0.10651197812499999 0.0544835140625 0.217570878125
0 0.048280462499999996 0.323381965625 0.1840588859375 0.3451644375 0.19055732187500002 0.234314725 0.054335821875 0.2200901875 0.048280462499999996 0.323381965625
0 0.56467778125 0.38490946406250004 0.7528362796875 0.4070921046875 0.759334715625 0.29624239375 0.5714716 0.269021128125 0.56467778125 0.38490946406250004
0 0.549723240625 0.5024803734375001 0.74633784375 0.51794181875 0.7528362796875 0.4070921046875 0.564825471875 0.382390153125 0.549723240625 0.5024803734375001
0 0.945296675 0.42465449218750007 0.9494964687499999 0.31863421718749996 0.7596300984375 0.2912037703125 0.754987228125 0.40478197812500005 0.945296675 0.42465449218750007
0 1 0.43660472656250005 0.9448536000000001 0.432212425 0.9405061140625 0.5407520140625001 1 0.5499845156250001 1 0.43660472656250005
0 0.377007946875 0.25124955781249997 0.56946834375 0.26881194375 0.5798256 0.1608999109375 0.3873652046875 0.1433375265625 0.377007946875 0.25124955781249997
0 0.5713239078125001 0.271540440625 0.7594824078125 0.29372308281250004 0.7659808406249999 0.18287336875 0.579677909375 0.16341922343749998 0.5713239078125001 0.271540440625
0 0.76583315 0.18539268125 0.770328328125 0.0743337828125 0.5861763453125 0.052569510937499994 0.5799732921875 0.1583806015625 0.76583315 0.18539268125
0 0.3994303375 0.0406733015625 0.387512896875 0.1408182140625 0.5798256 0.1608999109375 0.5841730859375 0.052360326562500004 0.3994303375 0.0406733015625
0 0.20741301562499997 0.0155529796875 0.1995020890625 0.1161162625 0.38521425468750004 0.145647653125 0.3974270796875 0.040464117187499996 0.20741301562499997 0.0155529796875
0 0.067185003125 0.0009100734375 0.06098194999999999 0.10672116406250001 0.197351140625 0.1184263890625 0.2075607078125 0.0130336671875 0.067185003125 0.0009100734375
0 0.7661285328125 0.18035405625 0.954139340625 0.20505600937500001 0.9642012140625 0.1021826015625 0.7723315859375 0.0745429671875 0.7661285328125 0.18035405625
0 0.7597777906250001 0.28868445781249996 0.9494964687499999 0.31863421718749996 0.9581458546875 0.2054743796875 0.7659808406249999 0.18287336875 0.7597777906250001 0.28868445781249996
0 1 0.3239079046875 0.951499728125 0.318843403125 0.9448536000000001 0.432212425 1 0.43660472656250005 1 0.3239079046875
0 1 0.2133622265625 0.962004678125 0.208412059375 0.951499728125 0.318843403125 1 0.3239079046875 1 0.2133622265625
0 1 0.10085131875 0.9644965984375 0.097143978125 0.9561425968749999 0.20526519531249998 1 0.21198529531250002 1 0.10085131875
0 0.75213248125 0.006530653124999999 0.7544499609375 0.070140996875 0.9182739874999999 0.09485205 0.92025840625 0.02662145 0.75213248125 0.006530653124999999
0 1 0.03357049375 0.9182551484375001 0.026412265624999997 0.916418421875 0.09212355312500001 1 0.09942360156249999 1 0.03357049375
0 0.58591580625 0 0.5861763453125 0.052569510937499994 0.7522990125 0.072451125 0.75213248125 0.006530653124999999 0.6895915828125 0 0.58591580625 0
0 0.41908027968750006 0 0.41560408750000005 0.039827465625 0.583877703125 0.0573989515625 0.5838619046875 0 0.41908027968750006 0
0 0.24979106406249998 0 0.2476258546875 0.0172173546875 0.4157517796875 0.0373081515625 0.41909058750000006 0 0.24979106406249998 0
0 0.06522283437500001 0 0.0651817453125 0.000700890625 0.2476258546875 0.0172173546875 0.24863520156250002 0 0.06522283437500001 0
0 0.27636734375 0.6615062859374999 0.051328503125 0.6288000984375001 0.0632947359375 0.7753924999999999 0.2639424 0.8046886796875 0.27636734375 0.6615062859374999
0 0.2637947078125 0.807207990625 0.5197685734374999 0.841541525 0.5320458234375 0.700878440625 0.27636734375 0.6615062859374999 0.2637947078125 0.807207990625
0 0.5177653171875 0.8413323406250001 0.784493925 0.8641152375000001 0.7927646609375001 0.723033784375 0.5321935171875001 0.6983591312499999 0.5177653171875 0.8413323406250001
0 1 0.7491236375 0.7927646609375001 0.723033784375 0.7846416171875 0.8615959234374999 0.7854633421874999 0.8819596015625001 1 0.9090080765625 1 0.7491236375
0 0.5176176234375001 0.8438516515625001 0.5099376546875 0.974855859375 0.583047121875 0.9824901031250001 0.7799730015625 0.9756133 0.7864971828125 0.864324421875 0.5176176234375001 0.8438516515625001
0 1 0.9087959953125001 0.7856110328125 0.8794402921875 0.7815428921875001 0.9755584781250001 1 0.9679297874999999 1 0.9087959953125001
0 0.253520715625 0.9480802609375001 0.5099376546875 0.974855859375 0.5177653171875 0.8413323406250001 0.2639424 0.8046886796875 0.253520715625 0.9480802609375001
0 0.2639424 0.8046886796875 0.063121728125 0.7732730812499999 0.07582295312500001 0.9288694984375001 0.25567166406249997 0.9457701343749999 0.2639424 0.8046886796875