0 0.0172696265625 0.237838490625 0.2587254625 0.26092401249999997 0.3074420671875 0.2716026875 0.3151097109375 0.21175441875 0.289241515625 0.11655939374999999 0.1903963765625 0.09058551875000001 0.0501560625 0.09060936562500001 0.0172696265625 0.237838490625
0 0.76497194375 0.1562339875 0.4219872921875 0.1281214859375 0.40480518437499996 0.2778700640625 0.7402252078125 0.302478528125 0.76497194375 0.1562339875
0 0.4193222 0.19583450468750002 0.317985078125 0.18931131875 0.3072503765625 0.27309889374999996 0.40461349531249996 0.2793662703125 0.4193222 0.19583450468750002
0 0.022080485937499998 0.24719945000000002 0.0018828296875 0.3892111828125 0.34864979375 0.41907570156249996 0.366477065625 0.2799284765625 0.022080485937499998 0.24719945000000002
0 0.3783990796875 0.2806959109375 0.35422741874999997 0.42245183124999997 0.58452800625 0.43878509218749995 0.6063292828125 0.2998936765625 0.3783990796875 0.2806959109375
0 0.6174845328125 0.3066459375 0.5996572609374999 0.44579316406249997 0.8337401609375 0.4638784421875 0.851950815625 0.3217388015625 0.6174845328125 0.3066459375
0 0 0.543107625 0.23211756718749998 0.562428996875 0.25289029687500003 0.41592864374999994 0.0108593859375 0.39733174375 0 0.482092521875 0 0.543107625
0 0.2705816265625 0.4185760015625 0.24602658437499997 0.5633243359375 0.4840834890625 0.581665425 0.5084468421875 0.438413296875 0.2705816265625 0.4185760015625
0 0.5243428609375 0.43943654218750006 0.5001712 0.5811924640624999 0.8272598296875 0.60828171875 0.8488694156250001 0.4708865140625 0.5243428609375 0.43943654218750006
0 0 0.697993171875 0.3166559640625 0.715708346875 0.3332629984375 0.570448390625 0 0.547557490625 0 0.697993171875
0 0.3628763421875 0.57386318125 0.3359509140625 0.7214760234375001 0.5720208171875 0.739689209375 0.5985628625 0.595068778125 0.3628763421875 0.57386318125
0 0.612663571875 0.5944679109375001 0.586121525 0.7390883406250001 0.81424341875 0.7567899015624999 0.8364280781250001 0.614906075 0.612663571875 0.5944679109375001
0 0 0.83894363125 0.19294249218749998 0.85256519375 0.2089744515625 0.7117938578125 0 0.699652084375 0 0.83894363125
0 0.2230751609375 0.7111929906250001 0.20108219218749998 0.8515806109374999 0.43913909687499997 0.8699217015625 0.45876168125000005 0.7323985875 0.2230751609375 0.7111929906250001
0 0.4688883828125 0.7315419078125001 0.4498408734375 0.8645764015624999 0.7792998890625 0.8888011484374999 0.8003344015625 0.7558945625 0.4688883828125 0.7315419078125001
0 0.8561021703125 0.44570681093750003 0.8452272859375001 0.4993144421875 0.9443857140624999 0.5072059296875 0.9512865937500001 0.4533424859375 0.8561021703125 0.44570681093750003
0 0.84939298125 0.4980740453125 0.8393549531250001 0.5607868203125 0.958575096875 0.5684611578125 0.9624604265625001 0.5068608734375 0.84939298125 0.4980740453125
0 0.8435392328125 0.6063125515625 0.8386768625000001 0.628627746875 0.8841862265625 0.6330657828125 0.9164646640624999 0.56876755625 0.834997565625 0.563523425 0.8316172171874999 0.60554511875 0.8435392328125 0.6063125515625
0 0.9278259468750001 0.4488152078125 0.973269575 0.4531258546875 0.9762310171875 0.4022798515625 0.896207015625 0.39850638437499997 0.9278259468750001 0.4488152078125
0 0.8575039984374999 0.7475062671875 0.9360957296875 0.7751934984375 0.9623574093749999 0.5702131796875001 0.9186433578125 0.5673992546875 0.8403176484375001 0.7252803171875 0.869739303125 0.7301913140625 0.8575039984374999 0.7475062671875