0 0.4273309296875 0.123621625 0.411191040625 0.3076249578125 0.562668578125 0.33872136406250003 0.5850980359375 0.15190195625 0.4273309296875 0.123621625
0 0.7511498359375001 0.1777492921875 0.583255003125 0.1495362296875 0.562668578125 0.33872136406250003 0.722278715625 0.36936741875 0.7511498359375001 0.1777492921875
0 0.9396043140625 0.2018625109375 0.7516061203125 0.17180134375 0.722126621875 0.37135006875 0.9013838375000001 0.4097921828125 0.9396043140625 0.2018625109375
0 1 0.211446975 0.941751534375 0.20026293593750003 0.9033789656250001 0.41017525781249997 1 0.43027544687499997 1 0.211446975
0 0.2099874296875 0.2649690140625 0.40904381875 0.309224534375 0.4271788359375 0.125604275 0.4156643578125 0.11735787187499999 0.22168078281249998 0.086147478125 0.2099874296875 0.2649690140625
0 0.0455012546875 0.0603674109375 0.0327253390625 0.2269099765625 0.20784020781249998 0.2665685875 0.2147828375 0.09689414843750001 0.1995822953125 0.08391629375000001 0.0455012546875 0.0603674109375
0 0.122049759375 0.2500963328125 0.11541131874999999 0.41580547343749996 0.24847643281249998 0.4494021453125 0.259561409375 0.2785112046875 0.122049759375 0.2500963328125
0 0.259713503125 0.27652855625 0.24847643281249998 0.4494021453125 0.3876790203125 0.4821653921875 0.40689659687499996 0.3108241078125 0.259713503125 0.27652855625
0 0.40889172343749997 0.3112071828125 0.3895220515625 0.4845311203125 0.5844360953125001 0.5300031374999999 0.6064092703124999 0.349131678125 0.40889172343749997 0.3112071828125
0 0.6084043968749999 0.34951475468750004 0.5862791281249999 0.5323688625 0.8108158812499999 0.587552315625 0.839534909375 0.3979168359375 0.6084043968749999 0.34951475468750004
0 1 0.432139059375 0.839534909375 0.3979168359375 0.8108158812499999 0.587552315625 1 0.64462053125 1 0.432139059375
0 0.0202536125 0.3894872421875 0.113416190625 0.4154223984375 0.12220185312500001 0.24811368281249999 0.0327253390625 0.2269099765625 0.0202536125 0.3894872421875
0 0.6552316593749999 0.16134430625 0.8955594328125001 0.1954174953125 0.9054813609375 0.1188603125 0.665914059375 0.0748738765625 0.6552316593749999 0.16134430625
0 1 0.1390202828125 0.9033341390625 0.12045988593750001 0.8955594328125001 0.1954174953125 0.9437466609375 0.20064601249999997 1 0.211446975 1 0.1390202828125
0 0.6552316593749999 0.16134430625 0.666066153125 0.0728912265625 0.5262038875 0.046036875 0.4561757421875 0.039910206250000003 0.45127245 0.1282185328125 0.6552316593749999 0.16134430625
0 0.4116741046875 0.11659172031250001 0.419582871875 0.0367087453125 0.1979473171875 0.017318146875000003 0.1957441359375 0.0811674921875 0.4116741046875 0.11659172031250001
0 0.19973438906250002 0.08193364375 0.1992808390625 0.0174348140625 0.049797978124999996 0.0043567578125 0.0455012546875 0.0603674109375 0.19973438906250002 0.08193364375
0 0.1786023125 0.5949222671875 0.188774725 0.4359272234375 0.0222487390625 0.3898703171875 0.018365896875000003 0.5460492859375 0.1786023125 0.5949222671875
0 1 0.6465331953125 0.86023776875 0.60307715625 0.82937151875 0.7943122093749999 0.99758844375 0.844717490625 1 0.8132812453125 1 0.6465331953125
0 0.685731275 0.555487946875 0.6579248125 0.733227528125 0.8315187406250001 0.7927126343750001 0.86023776875 0.60307715625 0.8126589140625 0.5899180390625001 0.685731275 0.555487946875
0 0.52488648125 0.514545565625 0.5019828390625001 0.6811554015625 0.6559296859375 0.7328444515625 0.6837361484375 0.555104871875 0.5842840015624999 0.5319857859375 0.52488648125 0.514545565625
0 0.50152655625 0.68710335 0.5225871671875 0.5181277890625 0.3775512921875 0.48223266562499995 0.3569469640625 0.6452602749999999 0.50152655625 0.68710335
0 0.3567948703125 0.6472429265625 0.3796985125 0.48063309062500004 0.18892681875 0.4339445765625 0.1786023125 0.5949222671875 0.3567948703125 0.6472429265625
0 0.9803595375 1 0.9866376578124999 0.9874682609375001 0.9974363500000001 0.8467001390625001 0.8315187406250001 0.7927126343750001 0.762449775 0.7693917375 0.736638440625 0.94751439375 0.8719912859375001 1 0.9803595375 1
0 0.7386335671875 0.9478974703124999 0.762449775 0.7693917375 0.5472623750000001 0.697896740625 0.5240545437499999 0.868471875 0.7386335671875 0.9478974703124999
0 0.358789996875 0.6476260015624999 0.3384898578125 0.8066883140625001 0.5260496703124999 0.8688549515625 0.5471102812499999 0.699879390625 0.358789996875 0.6476260015624999
0 0.7832390109375 1 0.7875991703125 0.969370259375 0.624589253125 0.9038699328125 0.6072054828125 1 0.7832390109375 1
0 0.6040376375000001 1 0.6222899390625 0.9074521578124999 0.474632659375 0.8529470328125001 0.4539709453125 1 0.6040376375000001 1
0 0.45586519843750006 1 0.474632659375 0.8529470328125001 0.336646825 0.8043225890624999 0.320793221875 0.9582031046875 0.4245270609375 1 0.45586519843750006 1
0 0.3383377625 0.8086709640624999 0.358789996875 0.6476260015624999 0.22019578593750003 0.6069321546875 0.20464637031250002 0.7568473734375 0.3383377625 0.8086709640624999
0 0.20449427656250002 0.7588300203125 0.22034787968749997 0.60494950625 0.09541536875 0.5709024874999999 0.086459709375 0.714036334375 0.20449427656250002 0.7588300203125
0 0.0974104953125 0.5712855625000001 0.0158993203125 0.5464242109375 0.0202187828125 0.6948744687499999 0.0861555203125 0.7180016328125001 0.0974104953125 0.5712855625000001
0 0.3200148484375 0.9419588328125 0.3363426359375 0.8082878890625 0.15737170625000002 0.7397229546874999 0.1439695125 0.8880385984375 0.3108175875 0.9562877265624999 0.3200148484375 0.9419588328125
0 0.1592147390625 0.74208868125 0.0201609734375 0.69288769375 0.024682559375 0.848284571875 0.1455083578125 0.8943696234375 0.1592147390625 0.74208868125
0 0.1949302421875 0.9098944640625 0.024713367187499998 0.84934334375 0.027603235937499998 0.948661671875 0.185464596875 0.980503696875 0.1949302421875 0.9098944640625
0 0.313686934375 1 0.31849390624999996 0.961785328125 0.19692536875 0.9102775390625 0.185464596875 0.980503696875 0.29607033125000004 1 0.313686934375 1
0 0.42514054687499997 1 0.320641128125 0.9601857546874999 0.31399125156249996 1 0.42514054687499997 1
0 0.4311690890625 0.1263704265625 0.4532675765625 0.12860160781250002 0.458142840625 0.0400823046875 0.419825025 0.0367299296875 0.41366923125 0.11697479531249999 0.4311690890625 0.1263704265625