0 0.126 0.52623688125 0.192 0.43328335781250005 0.002 0.42428785625 0.002 0.67466266875 0.094 0.815592203125 0.242 0.8170914546875 0.126 0.52623688125
0 0.366 0.5157421296875 0.398 0.43178410781250004 0.196 0.42728635625000005 0.128 0.5247376312500001 0.244 0.8170914546875 0.404 0.8140929531250001 0.366 0.5157421296875
0 0.596 0.5187406296875 0.596 0.42428785625 0.40599999999999997 0.42428785625 0.366 0.5172413796875001 0.404 0.8140929531250001 0.572 0.8140929531250001 0.596 0.5187406296875
0 0.826 0.5187406296875 0.784 0.4182908546875 0.716 0.412293853125 0.596 0.42128935468749995 0.596 0.5172413796875001 0.572 0.8005997 0.734 0.8080959515625 0.826 0.5187406296875
0 1 0.43178410781250004 0.9800000000000001 0.415292353125 0.786 0.415292353125 0.8300000000000001 0.5187406296875 0.738 0.8050974515625 0.914 0.8140929531250001 1 0.637181409375 1 0.43178410781250004
0 0.08199999999999999 0.3568215890625 0.002 0.42128935468749995 0.184 0.43328335781250005 0.242 0.36131934062500004 0.08199999999999999 0.3568215890625
0 0.244 0.35982009062500003 0.192 0.42278860625 0.376 0.43178410781250004 0.4 0.35982009062500003 0.244 0.35982009062500003
0 0.414 0.35982009062500003 0.394 0.42428785625 0.58 0.42428785625 0.5780000000000001 0.3568215890625 0.414 0.35982009062500003
0 0.744 0.3433283359375 0.584 0.3463268359375 0.58 0.42428785625 0.722 0.412293853125 0.776 0.4167916046875 0.744 0.3433283359375
0 0.744 0.3433283359375 0.78 0.4182908546875 0.966 0.413793103125 0.908 0.3418290859375 0.744 0.3433283359375
0 0.21000000000000002 0.2953523234375 0.124 0.30434782656250003 0.08199999999999999 0.3553223390625 0.23199999999999998 0.35982009062500003 0.268 0.3088455765625 0.21000000000000002 0.2953523234375
0 0.268 0.302848575 0.23199999999999998 0.3568215890625 0.40199999999999997 0.364317840625 0.418 0.3058470765625 0.268 0.302848575
0 0.42400000000000004 0.302848575 0.404 0.35982009062500003 0.58 0.3583208390625 0.5660000000000001 0.2953523234375 0.42400000000000004 0.302848575
0 0.5700000000000001 0.2953523234375 0.58 0.3523238375 0.736 0.3433283359375 0.708 0.2923538234375 0.5700000000000001 0.2953523234375
0 0.708 0.2908545734375 0.74 0.3418290859375 0.9039999999999999 0.3418290859375 0.8460000000000001 0.287856071875 0.708 0.2908545734375
0 0.6759999999999999 0.2488755625 0.708 0.2938530734375 0.8460000000000001 0.287856071875 0.79 0.2458770609375 0.6759999999999999 0.2488755625
0 0.646 0.21439280312500003 0.666 0.2518740625 0.79 0.24437781093750002 0.756 0.21289355312499997 0.646 0.21439280312500003
0 0.636 0.1919040484375 0.646 0.21439280312500003 0.758 0.21439280312500003 0.738 0.18590704687499998 0.636 0.1919040484375
0 0.648 0.1664167921875 0.622 0.1679160421875 0.634 0.1919040484375 0.734 0.184407796875 0.718 0.1664167921875 0.648 0.1664167921875
0 0.622 0.1409295359375 0.62 0.1679160421875 0.716 0.164917540625 0.704 0.1454272859375 0.622 0.1409295359375
0 0.55 0.2548725640625 0.564 0.298350825 0.712 0.2908545734375 0.6679999999999999 0.2488755625 0.55 0.2548725640625
0 0.534 0.21889055468750002 0.548 0.2563718140625 0.6679999999999999 0.2518740625 0.644 0.21439280312500003 0.534 0.21889055468750002
0 0.53 0.17541229375 0.53 0.2173913046875 0.648 0.21439280312500003 0.618 0.1679160421875 0.53 0.17541229375
0 0.5940000000000001 0.12143927968749998 0.526 0.12293853125000001 0.532 0.17691154375 0.624 0.1679160421875 0.61 0.1334332828125 0.5940000000000001 0.12143927968749998
0 0.42400000000000004 0.25787106406250004 0.41200000000000003 0.298350825 0.558 0.2968515734375 0.548 0.2548725640625 0.42400000000000004 0.25787106406250004
0 0.418 0.22488755624999998 0.40599999999999997 0.25787106406250004 0.538 0.2563718140625 0.53 0.21889055468750002 0.418 0.22488755624999998
0 0.42800000000000005 0.1964017984375 0.418 0.22338830625 0.534 0.21889055468750002 0.53 0.1949025484375 0.42800000000000005 0.1964017984375
0 0.43 0.17541229375 0.42800000000000005 0.1949025484375 0.53 0.1949025484375 0.532 0.17541229375 0.43 0.17541229375
0 0.45 0.12593703125 0.43 0.1574212890625 0.42800000000000005 0.1709145421875 0.526 0.17541229375 0.522 0.12443778125 0.45 0.12593703125
0 0.29 0.26236881562500003 0.258 0.3058470765625 0.40599999999999997 0.30434782656250003 0.422 0.25787106406250004 0.29 0.26236881562500003
0 0.288 0.260869565625 0.246 0.2518740625 0.162 0.263868065625 0.126 0.302848575 0.20600000000000002 0.2968515734375 0.262 0.3058470765625 0.288 0.260869565625
0 0.308 0.22788605624999997 0.282 0.25787106406250004 0.40800000000000003 0.25787106406250004 0.41600000000000004 0.22488755624999998 0.308 0.22788605624999997
0 0.298 0.2323838078125 0.27999999999999997 0.2203898046875 0.192 0.22338830625 0.156 0.263868065625 0.248 0.2518740625 0.282 0.25787106406250004 0.298 0.2323838078125
0 0.324 0.20089955 0.308 0.22638680625 0.41200000000000003 0.22788605624999997 0.42400000000000004 0.1994003 0.324 0.20089955
0 0.322 0.20389805156250002 0.21800000000000003 0.20389805156250002 0.196 0.21889055468750002 0.27799999999999997 0.22188905625 0.302 0.22788605624999997 0.322 0.20389805156250002
0 0.238 0.17841079531249998 0.22000000000000003 0.2053973015625 0.32 0.20389805156250002 0.33199999999999996 0.17841079531249998 0.238 0.17841079531249998
0 0.33399999999999996 0.17541229375 0.322 0.20239880000000002 0.42400000000000004 0.20089955 0.43 0.17541229375 0.33399999999999996 0.17541229375
0 0.26 0.1559220390625 0.242 0.17541229375 0.33399999999999996 0.17841079531249998 0.346 0.1589205390625 0.26 0.1559220390625
0 0.352 0.1559220390625 0.33399999999999996 0.17541229375 0.43200000000000005 0.17691154375 0.43200000000000005 0.1574212890625 0.352 0.1559220390625
0 0.366 0.1304347828125 0.354 0.1559220390625 0.43600000000000005 0.1589205390625 0.45 0.12443778125 0.366 0.1304347828125
0 0.29 0.1289355328125 0.262 0.1544227890625 0.346 0.1589205390625 0.366 0.1304347828125 0.29 0.1289355328125
0 0.062 0.1514242875 0.01 0.1319340328125 0 0.1484257875 0.004 0.18590704687499998 0.04 0.20089955 0.086 0.190404796875 0.062 0.1514242875
0 1 0.0029985000000000003 0.9339999999999999 0 0.9279999999999999 0.0584707640625 0.99 0.07196401875 1 0.0704647671875 1 0.0029985000000000003