0 0.18008022968749998 0.3910750265625 0.1856193484375 0.5348534265625 0.2731762390625 0.560270771875 0.4118678734375 0.5284115546875 0.4064683171875 0.3872929203125 0.3076256859375 0.3760813453125 0.18008022968749998 0.3910750265625
0 0.2733158015625 0.562930534375 0.1837616515625 0.5376643484375 0.1928766015625 0.673161140625 0.269706 0.723423309375 0.41313334843750005 0.6671727453125 0.40815248125 0.5340334015625 0.2733158015625 0.562930534375
0 0.411275653125 0.66998366875 0.5303266171875001 0.722391034375 0.5236709984375 0.5573345234375 0.41158874843750004 0.523092028125 0.411275653125 0.66998366875
0 0.5303266171875001 0.722391034375 0.6881628796875 0.7878849671875 0.7744109109374999 0.711928971875 0.7743053203125 0.5570580406250001 0.6785330640625 0.60436126875 0.5258078203125 0.559843128125 0.5303266171875001 0.722391034375
0 0.5322899046875 0.87445104375 0.689384971875 0.9640340078125 0.778790146875 0.8718171124999999 0.7785449921875001 0.71428641875 0.6883024421874999 0.79054473125 0.5284689203124999 0.7252019578125 0.5322899046875 0.87445104375
0 0.6763962421875 0.601852665625 0.7781602750000001 0.5540959609375 0.7816305140625001 0.3909434203125 0.6843230703125001 0.40898924687499993 0.52314671875 0.39448430156250003 0.5216737390625 0.5574856828125 0.6763962421875 0.601852665625
0 0.4161169578125 0.80046325 0.5340080390625 0.8689803578124999 0.5284689203124999 0.7252019578125 0.411275653125 0.66998366875 0.4161169578125 0.80046325
0 0.2233597671875 0.833743984375 0.27594293125 0.8805005296875 0.41625652031250004 0.8031230140625001 0.4132729109375 0.669832509375 0.269706 0.723423309375 0.2233597671875 0.833743984375
0 0.4142592625 0.8032741734375 0.4225368359375 0.92281238125 0.499784921875 0.9810538421875 0.5320201921875001 0.9839548312499999 0.5320107796875 0.8691315156250001 0.4142592625 0.8032741734375
0 0.530022934375 0.984105990625 0.7816775765624999 0.9650600031250001 0.7789297093750001 0.8744768765625001 0.687527275 0.96684493125 0.5344267265625 0.8769596484375001 0.530022934375 0.984105990625
0 0.779069271875 0.877136640625 0.84892054375 0.7944106234375 0.8500710140625 0.663477565625 0.7809609390625 0.7221145515625 0.779069271875 0.877136640625
0 0.8542050953125001 0.6658350125 0.854797315625 0.5242629 0.7743053203125 0.5570580406250001 0.7805422515625 0.7141352609375 0.8542050953125001 0.6658350125
0 0.4097310515625 0.5259029515625 0.5216737390625 0.5574856828125 0.521289021875 0.39729522500000003 0.4087447015625 0.3924612875 0.4097310515625 0.5259029515625
0 0.4142592625 0.8032741734375 0.27608249375 0.8831602937499999 0.2837159359375 0.9933964390625001 0.33193680937500003 0.9922740843750001 0.42095826406250003 0.9309428328125 0.4142592625 0.8032741734375
0 0.22549658749999998 0.8362525906249999 0.1787316671875 0.938593971875 0.031030675 0.989827325 0.03043909375 0.9992915218749999 0.28186903750000003 0.993439425 0.27608249375 0.8831602937499999 0.22549658749999998 0.8362525906249999
0 0.6861807671875 0.40617832500000006 0.7854854703124999 0.3879813390625 0.7864002 0.214340903125 0.6892757015625001 0.19765864375 0.52034605625 0.226465709375 0.52314671875 0.39448430156250003 0.6861807671875 0.40617832500000006
0 0.404610621875 0.3901038421875 0.52328628125 0.397144065625 0.52034605625 0.226465709375 0.39693468125 0.2438168359375 0.404610621875 0.3901038421875
0 0.7780207124999999 0.551436196875 0.8566550124999999 0.5214519765625 0.8592444921875 0.37972870625 0.7836277734375 0.39079226093749997 0.7780207124999999 0.551436196875
0 1 0.46363178437499997 0.9950581093749999 0.36944991875 0.8787983953125 0.370237828125 0.8592444921875 0.37972870625 0.8565154500000001 0.5187922125 1 0.5287964625 1 0.46363178437499997
0 0.8675466249999999 0.23223243125 0.784542503125 0.21715182500000002 0.7854854703124999 0.3879813390625 0.8669544046875 0.37380454375 0.8675466249999999 0.23223243125
0 0.98640523125 0.2045445671875 0.8789719296875 0.22068642343749997 0.8769406999999999 0.37304875000000004 0.9950581093749999 0.36944991875 0.98640523125 0.2045445671875
0 1 0.529084003125 0.8565154500000001 0.5187922125 0.855504540625 0.6523850359375001 1 0.6889173875 1 0.529084003125
0 1 0.690531590625 0.855364978125 0.6497252703124999 0.84892054375 0.7944106234375 0.866895875 0.7930501953125 1 0.8364058156249999 1 0.690531590625
0 1 0.8363796609374999 0.8607645343750001 0.79084390625 0.8558986703125001 0.9273988093750001 0.9454528203124999 0.95266499375 1 0.9503567531250001 1 0.8363796609374999
0 0.7789297093750001 0.8744768765625001 0.7838143984375 0.9675686078125001 0.8558986703125001 0.9273988093750001 0.8587672765625 0.790995065625 0.7789297093750001 0.8744768765625001
0 0.32911212968750003 0.9923398296875 0.4259311109375 0.99008634375 0.4192401296875 0.93641351875 0.32911212968750003 0.9923398296875
0 0.1299846328125 0.6592287125 0.0084743375 0.636381065625 0.02703615625 0.9901296421874999 0.1784525421875 0.93327444375 0.155949 0.6572636515625 0.1299846328125 0.6592287125
0 0.18176439375 0.5378155078125 0.0079594703125 0.588354159375 0.010471596875 0.63622990625 0.1301241953125 0.661888475 0.153951740625 0.657414809375 0.16161826875000002 0.6888784984375 0.18702438593749998 0.6762743812500001 0.18176439375 0.5378155078125
0 0 0.48289961875 0.0078199078125 0.5856943953125 0.1837616515625 0.5376643484375 0.1782225328125 0.3938859484375 0 0.41516220312499996 0 0.48289961875
0 0 0.41528737187500003 0.16637854218749998 0.3974526640625 0.1525712609375 0.2489593703125 0 0.2409765578125 0 0.41528737187500003
0 0.3014849328125 0.2590517421875 0.1525712609375 0.2489593703125 0.1642417203125 0.39494405781249997 0.3076256859375 0.3760813453125 0.3014849328125 0.2590517421875
0 0.40447105937499994 0.38744407812500004 0.398931940625 0.243665678125 0.297211290625 0.25403453125 0.30748612343750004 0.3734215828125 0.40447105937499994 0.38744407812500004
0 0.13834529375 0.09248678593750001 0.15656577968750002 0.248657053125 0.30520032656249996 0.253429896875 0.29422768125 0.12074402656250001 0.13834529375 0.09248678593750001
0 0 0.2407298109375 0.1544289578125 0.2461484484375 0.13820573125 0.0898270234375 0 0.067531946875 0 0.2407298109375
0 0.4009291984375 0.24351451875 0.388979615625 0.092210303125 0.29408811875 0.11808426406250001 0.3053398890625 0.25608966093749996 0.4009291984375 0.24351451875
0 0.518488359375 0.2292766328125 0.50871898125 0.0430931703125 0.3949713921875 0.091756828125 0.398792378125 0.2410059140625 0.518488359375 0.2292766328125
0 0.6230811453125 0 0.5085794171875 0.04043340625 0.5186279218750001 0.2319363953125 0.6931306562499999 0.1946965609375 0.7844029406249999 0.2144920609375 0.7887539375 0.029910253125 0.7256157062499999 0 0.6230811453125 0
0 0.8675466249999999 0.23223243125 0.8650250875 0.069533365625 0.7868962421875 0.032721175000000005 0.784263378125 0.211832296875 0.8675466249999999 0.23223243125
0 0.9347556203125 0.2137942203125 0.9384616015624999 0.0933490578125 0.8650250875 0.069533365625 0.8695438843750001 0.2320812734375 0.9347556203125 0.2137942203125
0 0.98640523125 0.2045445671875 0.9764095234375001 0.09047704375 0.9424561203125 0.093046740625 0.9367528796875 0.21364306093750002 0.98640523125 0.2045445671875
0 0.3900683203125 0 0.392695009375 0.08658845781249999 0.5085794171875 0.04043340625 0.508057371875 0 0.3900683203125 0
0 0.5064578046875 0 0.5084398546875 0.03777364375 0.619358865625 0 0.5064578046875 0
0 0.7232993624999999 0 0.7867566781249999 0.030061410937499998 0.78722900625 0 0.7232993624999999 0
0 0.37244862031250003 0 0.288226490625 0.0063741875000000005 0.2959458140625 0.11527334062500001 0.3949713921875 0.091756828125 0.39212998125 0 0.37244862031250003 0
0 0.29036331249999997 0.008882790625000001 0.146281534375 0.0144466859375 0.144476634375 0.0946930734375 0.29422768125 0.12074402656250001 0.29036331249999997 0.008882790625000001
0 0 0.0704759515625 0.14220025 0.08952470625 0.146421096875 0.017106450000000002 0 0.028188043750000003 0 0.0704759515625
0 0.78824110625 0 0.7868962421875 0.032721175000000005 0.863027828125 0.069684525 0.930193440625 0.08863416406249999 0.931202178125 0 0.78824110625 0