0 0.0299816515625 0.24045159531250002 0.0006238546874999999 0.24251555625000001 0.009798165624999999 0.3384897984375 0.0391559640625 0.3374578171875 0.0299816515625 0.24045159531250002
0 0.1272293578125 0.227035840625 0.0391559640625 0.2414835765625 0.0464954125 0.3364258375 0.14190825625 0.33539385625 0.1272293578125 0.227035840625
0 0.44466055000000004 0.3230100828125 0.44282568749999995 0.2394196140625 0.24282568750000003 0.2156840484375 0.1364036703125 0.229099803125 0.14190825625 0.33332989375 0.2464954125 0.32816998750000004 0.44466055000000004 0.3230100828125
0 0.090532109375 0.3374578171875 0.004293578125 0.3384897984375 0.006128440625 0.42620819218749995 0.10154128437500001 0.430336115625 0.090532109375 0.3374578171875
0 0.0886972484375 0.33332989375 0.10521100937500001 0.435496021875 0.2758532125 0.437559984375 0.2685137625 0.3261060265625 0.0886972484375 0.33332989375
0 0.05933945 0.42620819218749995 0.002458715625 0.4251762109375 0.0006238546874999999 0.5097986609375 0.0666789 0.514958565625 0.05933945 0.42620819218749995
0 0.06117431250000001 0.42724017343750004 0.0666789 0.5139265843749999 0.16576146875 0.5273423390625 0.16209174375 0.435496021875 0.06117431250000001 0.42724017343750004
0 0.15842201875 0.435496021875 0.16209174375 0.5273423390625 0.2795229359375 0.53869413125 0.2758532125 0.44065592656249997 0.15842201875 0.435496021875
0 0.1272293578125 0.6016449781250001 0.1198899078125 0.523214415625 0.004293578125 0.5128946046875 0.006128440625 0.5479819609375001 0.035486237500000004 0.554173846875 0.0336513765625 0.5944211109374999 0.1272293578125 0.6016449781250001
0 0.1198899078125 0.5242463953125001 0.12355963437499999 0.602676959375 0.290532109375 0.6367323359375 0.2868623859375 0.5438540374999999 0.1198899078125 0.5242463953125001
0 0.09970642187499999 0.6800755406250001 0.094201834375 0.6047409218750001 0.035486237500000004 0.595453090625 0.0391559640625 0.6666597859375 0.09970642187499999 0.6800755406250001
0 0.094201834375 0.6047409218750001 0.097871559375 0.6821395031249999 0.19511926562499998 0.7007151625 0.18777981562499999 0.6160927125 0.094201834375 0.6047409218750001
0 0.13823853125000002 0.6924593140625 0.0318165140625 0.6676917687499999 0.0409908265625 0.7502502546875001 0.14190825625 0.7719218578125 0.13823853125000002 0.6924593140625
0 0.13823853125000002 0.6914273328125 0.14007339375 0.7760497828124999 0.305211009375 0.8224889328125 0.307045871875 0.7296106328125 0.13823853125000002 0.6914273328125
0 0.3033761453125 0.731674596875 0.301541284375 0.6367323359375 0.189614678125 0.6222846 0.19511926562499998 0.7007151625 0.3033761453125 0.731674596875
0 0.49787155937499994 0.6759476171875 0.501541284375 0.565525640625 0.290532109375 0.5397261125 0.29603669843749997 0.6387962968750001 0.49787155937499994 0.6759476171875
0 0.4171376140625 0.556237809375 0.42080734062499997 0.44478385156250005 0.283192659375 0.43652800156250005 0.283192659375 0.53869413125 0.4171376140625 0.556237809375
0 0.2795229359375 0.434464040625 0.4868623859375 0.44787979531250005 0.6428256875 0.435496021875 0.6409908265625 0.32713800625 0.4868623859375 0.3230100828125 0.27218348593749997 0.32816998750000004 0.2795229359375 0.434464040625
0 0.6758532125000001 0.3261060265625 0.6795229359375 0.2177480109375 0.45933945 0.229099803125 0.4575045875 0.3209461203125 0.6758532125000001 0.3261060265625
0 0.9474128437499999 0.31888215937500003 0.998 0.32508436406249996 0.998 0.20247469062499998 0.96576146875 0.191948484375 0.6813577984375 0.2156840484375 0.6758532125000001 0.3261060265625 0.9474128437499999 0.31888215937500003
0 0.64466055 0.43859196562499997 0.8997064218749999 0.44581583281250003 0.9914495421874999 0.43859196562499997 0.9951192656250001 0.32816998750000004 0.9125504578125 0.3219781015625 0.6391559640625 0.33023395 0.64466055 0.43859196562499997
0 0.4795229359375 0.4468478125 0.42080734062499997 0.44375187031249996 0.418972478125 0.553141865625 0.580440365625 0.5717175265625001 0.5767706421875001 0.45303970156249995 0.6483302765625 0.44065592656249997 0.6354862375 0.43652800156250005 0.4795229359375 0.4468478125
0 0.5822752296875 0.5706855453124999 0.76576146875 0.5882292234375 0.9125504578125 0.5552058296875 0.9125504578125 0.44994375625 0.6501651374999999 0.43962394531250004 0.580440365625 0.45200771875 0.5822752296875 0.5706855453124999
0 0.93273394375 0.554173846875 0.9969541281250001 0.54075809375 0.998 0.5039370078125 0.9932844046874999 0.43859196562499997 0.9125504578125 0.44891177656250003 0.914385321875 0.553141865625 0.93273394375 0.554173846875
0 0.5033761453125 0.676979596875 0.7694311921875 0.720322803125 0.8721834859375001 0.6831714843750001 0.8740183484375 0.5675896015624999 0.7822752296875 0.5933891296875 0.505211009375 0.5675896015624999 0.5033761453125 0.676979596875
0 0.4263119265625 0.764697990625 0.4263119265625 0.6666597859375 0.3033761453125 0.640860259375 0.3033761453125 0.7327065765625 0.4263119265625 0.764697990625
0 0.501541284375 0.8823438359375 0.49970642187500003 0.78636959375 0.307045871875 0.7337385578125 0.307045871875 0.82455289375 0.501541284375 0.8823438359375
0 0.5841100921875 0.802881290625 0.5841100921875 0.6934912953125 0.418972478125 0.66356384375 0.42080734062499997 0.765729971875 0.5841100921875 0.802881290625
0 0.587779815625 0.6955552578125 0.5859449546875 0.802881290625 0.76576146875 0.8420965718750001 0.908880734375 0.7729538390624999 0.914385321875 0.6759476171875 0.8758532125 0.6790435609375 0.7694311921875 0.720322803125 0.587779815625 0.6955552578125
0 0.5107155953125 0.8854397781250001 0.7602568796875 0.9587104359374999 0.8611743125 0.8978235515625 0.8648440359375 0.7987533671875 0.76209174375 0.8420965718750001 0.508880734375 0.787401575 0.5107155953125 0.8854397781250001
0 0.8850275218749999 0.6800755406250001 0.96576146875 0.6501480890625 0.9675963296875001 0.553141865625 0.916220184375 0.553141865625 0.8758532125 0.5686215828125001 0.8850275218749999 0.6800755406250001
0 0.9786055046875 0.7296106328125 0.9786055046875 0.6491161078125 0.916220184375 0.6728516734375 0.9070458718750001 0.765729971875 0.9786055046875 0.7296106328125
0 0.94190825625 0.8451925156250001 0.94190825625 0.7492182749999999 0.8703486234375 0.7966894046874999 0.8666788999999999 0.8895677031250001 0.94190825625 0.8451925156250001