0 0.8979166671875 0.5578125 0.6791666671875001 0.5640625 0.7125 0.821875 0.975 0.8140625 0.9875 0.79375 0.8979166671875 0.5578125
0 0.8583333328125 0.35625 0.6625 0.3609375 0.68125 0.53125 0.6770833328125 0.5625 0.8979166671875 0.5578125 0.9166666671874999 0.53125 0.8583333328125 0.35625
0 0.6791666671875001 0.5296875 0.6604166671875 0.3609375 0.46875 0.36875 0.4625 0.5390625 0.47083333281249995 0.5640625 0.6770833328125 0.5625 0.6791666671875001 0.5296875
0 0.4625 0.5 0.46875 0.3484375 0.29375 0.3515625 0.25625 0.509375 0.26875 0.5421875 0.4583333328125 0.5328125 0.4625 0.5
0 0.25625 0.5125 0.2916666671875 0.353125 0.1145833328125 0.3625 0.05 0.5265625 0.0791666671875 0.55 0.26875 0.5421875 0.25625 0.5125
0 0.7104166671875001 0.8078125 0.6770833328125 0.5625 0.46458333281249997 0.565625 0.4479166671875 0.809375 0.45208333281249996 0.83125 0.7041666671875 0.8265625 0.7104166671875001 0.8078125
0 0.45 0.809375 0.46458333281249997 0.5625 0.25833333281250004 0.5640625 0.19583333281249998 0.7984375 0.2166666671875 0.8234375 0.4479166671875 0.825 0.45 0.809375
0 0 0.815625 0.20416666718749998 0.8203125 0.2104166671875 0.81875 0.19583333281249998 0.7984375 0.25833333281250004 0.5671875 0.0625 0.5625 0 0.7015625 0 0.815625
0 0.2708333328125 0.5421875 0.2666666671875 0.5625 0.46875 0.5625 0.4583333328125 0.5328125 0.2708333328125 0.5421875
0 0.25625 0.5671875 0.2645833328125 0.5625 0.26875 0.54375 0.0770833328125 0.55 0.07291666718749999 0.5625 0.25625 0.5671875
0 0.70625 0.359375 0.7395833328125 0.0375 0.7291666671875 0.0171875 0.3645833328125 0.0171875 0.3375 0.0421875 0.3770833328125 0.35 0.46875 0.3484375 0.46666666718750005 0.36875 0.70625 0.359375
0 0.9520833328125 0.815625 0.7354166671875 0.8203125 0.7020833328125 0.8265625 0.7020833328125 0.8453125 0.9416666671874999 0.8484375 0.9520833328125 0.828125 0.9520833328125 0.815625
0 0.7020833328125 0.8453125 0.7020833328125 0.859375 0.9520833328125 0.859375 0.9520833328125 0.8484375 0.7020833328125 0.8453125
0 0.925 0.859375 0.6958333328124999 0.8609375 0.6979166671875 0.875 0.9166666671874999 0.88125 0.925 0.865625 0.925 0.859375
0 0.45 0.834375 0.4604166671875 0.853125 0.69375 0.85 0.6979166671875 0.8265625 0.45 0.834375
0 0.47291666718750003 0.853125 0.48125 0.8640625 0.6958333328124999 0.8625 0.6958333328124999 0.8515625 0.47291666718750003 0.853125
0 0.47291666718750003 0.8640625 0.4791666671875 0.878125 0.69375 0.884375 0.6958333328124999 0.8671875 0.47291666718750003 0.8640625
0 0.45 0.8375 0.45 0.825 0.2166666671875 0.8234375 0.2125 0.8328125 0.24375 0.8515625 0.45 0.84375 0.45 0.8375
0 0.24583333281250003 0.853125 0.25625 0.86875 0.4625 0.8609375 0.45625 0.846875 0.24583333281250003 0.853125
0 0.2645833328125 0.8703125 0.28125 0.88125 0.4770833328125 0.88125 0.47083333281249995 0.8609375 0.2645833328125 0.8703125
0 0.2166666671875 0.8234375 0.2125 0.8203125 0.0020833328125000002 0.815625 0 0.8421875 0.0125 0.8515625 0.2375 0.8484375 0.2104166671875 0.834375 0.2166666671875 0.8234375
0 0.24375 0.8515625 0.2375 0.8484375 0.0270833328125 0.85 0.0229166671875 0.8578125 0.05208333281250001 0.875 0.2520833328125 0.8640625 0.24375 0.8515625
0 0.2541666671875 0.865625 0.2520833328125 0.8640625 0.0666666671875 0.8765625 0.0791666671875 0.8828125 0.27291666718749996 0.88125 0.2666666671875 0.8703125 0.2541666671875 0.865625