0 0 0.34770115 0.077420290625 0.5174496093750001 0.181043478125 0.50807929375 0.20930434843749998 0.2967266375 0.128144928125 0.0031234390625 0 0 0 0.34770115
0 0.1035072453125 0.715267365625 0.128144928125 0.64446943125 0 0.3563218390625 0.0006086953125 0.9287023156249999 0.0172753625 0.9380726296875 0.1035072453125 0.715267365625
0 0.0759710140625 0.5174496093750001 0.09481159375 0.562218890625 0.18828985625 0.5736714968750001 0.2535072453125 0.7517074796875 0.3172753625 0.5007912703125 0.2600289859375 0.273821421875 0.204231884375 0.265492253125 0.208579709375 0.28735632187500004 0.184666665625 0.5112027328125001 0.0759710140625 0.5174496093750001
0 0.29843478125 0.413335 0.33756521875 0.414376146875 0.3643768125 0.27173912968749997 0.3730724640625 0.27486256875000004 0.361478259375 0.192612028125 0.39843478125 0 0.131768115625 0.0041645828125 0.205681159375 0.265492253125 0.2701739140625 0.275903715625 0.29843478125 0.413335
0 0.702057971875 0.19781775937499999 0.6962608703125001 0.0062468765625 0.39843478125 0.0031234390625 0.3752463765625 0.193653171875 0.381768115625 0.27486256875000004 0.69336231875 0.3019323671875 0.702057971875 0.19781775937499999
0 0.998 0.3333333328125 0.998 0.0057471265625 0.7107536234375 0.0031234390625 0.7093043484375 0.2103115109375 0.7006086953125 0.3040146578125 0.707130434375 0.31026153437500004 0.998 0.3333333328125
0 0.707855071875 0.31130268125 0.7093043484375 0.631975678125 0.9962608703125 0.67778610625 0.99771014375 0.33316675 0.707855071875 0.31130268125
0 0.3107536234375 0.58824754375 0.6940869562499999 0.631975678125 0.7064057984375001 0.31130268125 0.69118840625 0.3040146578125 0.36510145 0.27486256875000004 0.304956521875 0.5674246203125 0.3107536234375 0.58824754375
0 0.69843478125 0.6350991171875 0.68828985625 0.9953356671875 0.998 0.9942528734374999 0.998 0.6810344828125 0.69843478125 0.6350991171875
0 0.6940869562499999 0.634057971875 0.28394202812499997 0.58616525 0.20600000000000002 0.9971264375000001 0.682 0.9971264375000001 0.6940869562499999 0.634057971875
0 0 0.9655172406249999 0.0006086953125 0.9932533734375 0.205681159375 0.9953356671875 0.2506086953125 0.76107779375 0.1861159421875 0.5913709796875 0.09843478125 0.5705480609375 0.131768115625 0.642387140625 0.018 0.9411960687500001 0 0.9655172406249999