0 0.19061014375000002 0.341072034375 0.149398465625 0.06602394843750001 0.19095401875 0.05613758125 0.13390675000000002 0.04215204375 0.005320528125 0.0702143828125 0.01509171875 0.1991636484375 0.044995574999999996 0.33713864375 0.19061014375000002 0.341072034375
0 0.2354135953125 0.5844361578124999 0.19471145 0.34558401562499996 0.044305271875 0.337355884375 0.031459749999999995 0.3387507515625 0.0746011078125 0.5585083953125001 0.2185029359375 0.5960966015625 0.2354135953125 0.5844361578124999
0 0.07157100625 0.55147438125 0.031531674999999995 0.3392284859375 0.043734821875 0.335852421875 0.0383008578125 0.31255107031249996 0.023634084375 0.3118962515625 0.0385490671875 0.508727534375 0.0416740046875 0.5369975453125 0.07157100625 0.55147438125
0 0.29687068125 1 0.22258406718749998 0.59631024375 0.21886592968750002 0.5962885250000001 0.0731439984375 0.557947353125 0.064182296875 0.5622041890625 0.1502196421875 0.973372309375 0.19552405781249999 1 0.29687068125 1
0 0.0869665 0.9445553890625 0.1484082796875 0.9699143781249999 0.13224945625 0.8935473765624999 0.064325315625 0.56091226875 0.0739543921875 0.5549356546875 0.042006223437500004 0.5400029890625 0.0869665 0.9445553890625
0 0.346608434375 0.0355015203125 0.190883725 0.0548791 0.14862727656250002 0.0645284796875 0.1906619109375 0.340878621875 0.3847016453125 0.35339277187499996 0.346608434375 0.0355015203125
0 0.42810453125 0.6450900500000001 0.3884236671875 0.35737300312500003 0.1969565703125 0.3414102046875 0.236364165625 0.5880563328124999 0.41617205 0.644030725 0.42810453125 0.6450900500000001
0 0.4830030390625 1 0.43735476718750005 0.6634520984375001 0.42744757812499995 0.6569616796875 0.42509401562500004 0.6475465218750001 0.2371304609375 0.58905043125 0.2239937125 0.594911425 0.2975072171875 1 0.4830030390625 1
0 0.73330776875 1 0.71426471875 0.7160352296875 0.70151115 0.71942440625 0.6965300703125 0.727807096875 0.4385042453125 0.6619743796875001 0.48586764687499995 1 0.73330776875 1
0 0.39001099375 0.35985633125 0.42804977187500004 0.6475637875 0.428487621875 0.651524834375 0.43855900468750003 0.6595006437500001 0.695818475 0.73027699375 0.7267998421875 0.6631636671875001 0.701733559375 0.3740475546875 0.6702054140625 0.3827699828125 0.39001099375 0.35985633125
0 0.346772628125 0.0369869125 0.38453742343749997 0.354876246875 0.38924469687499996 0.3588622328125 0.67080751875 0.3822786875 0.7018430812500001 0.36910008437499997 0.6740403546875 0.04335196875 0.656393465625 0.026745984374999997 0.50278474375 0.0204869078125 0.4686703328125 0.0203806 0.346772628125 0.0369869125
0 1 0.217472915625 0.9802209625 0.03994094375 0.6747746265625 0.027494959375 0.703758853125 0.3686164640625 1 0.3981270578125 1 0.217472915625
0 1 0.39944453125 0.7055104015625 0.36961631875 0.7310142984375 0.6864444062499999 0.734188796875 0.7062553953124999 1 0.7688205375 1 0.39944453125
0 1 1 1 0.7703201375 0.7334225015625 0.7052612953125 0.72970065625 0.6834678656250001 0.7155783890625 0.7160429046875 0.7336947375 1 1 1
0 0.1498640234375 1 0.1451601171875 0.970743659375 0.0876108265625 0.9481997609375 0.09292798125 1 0.1498640234375 1
0 0.19278650625 1 0.14669044375 0.9736650875 0.15025217500000002 1 0.19278650625 1
0 0.015764203125 0.20803834999999998 0.02341505625 0.3090057625 0.0370348734375 0.3093412953125 0.015764203125 0.20803834999999998