0 0.7417498 0.10503091875 0.6938570625 0.10279755156249999 0.6864725468749999 0.19337216875000002 0.7159711234375 0.20009594062499997 0.71909341875 0.21093789218749998 0.7143152015625 0.269544996875 0.7282839171875 0.27019639375 0.9737341953125 0.28164239687500003 0.9927522859375 0.12208401093750001 0.7417498 0.10503091875
0 0.699980553125 0.4453663109375 0.6911296625000001 0.4556499203125 0.7015825062500001 0.4748559765625 0.967639665625 0.47924066875 0.98713364375 0.28788189062499997 0.9873945828125 0.2822794171875 0.7143152015625 0.269544996875 0.699980553125 0.4453663109375
0 0.7015825062500001 0.4748559765625 0.6911296625000001 0.4556499203125 0.6719759921875 0.666009646875 0.6815192609375 0.67180285 0.9418070203125 0.6732444125 0.9616530734375001 0.4789614984375 0.7015825062500001 0.4748559765625
0 0.6755326703125 0.6715236796874999 0.6543834656249999 0.88179035 0.9135444625 0.87248301875 0.9336077062499999 0.6755361453125001 0.6755326703125 0.6715236796874999
0 0.504662059375 0.187567946875 0.48424604374999997 0.437980121875 0.49400650625000003 0.44110936718750005 0.6977678296875001 0.4479372125 0.71909341875 0.21093789218749998 0.7159711234375 0.20009594062499997 0.6864725468749999 0.19337216875000002 0.504662059375 0.187567946875
0 0.4822505125 0.4378870640625 0.47125535 0.6218863703124999 0.4775407453125 0.6676389609375 0.6717588 0.6686736062499999 0.6917812375 0.4476580421875 0.4822505125 0.4378870640625
0 0.47775793593750004 0.664975003125 0.46925982031249996 0.6217933125 0.45683908906250004 0.749570303125 0.4603957671875 0.755084334375 0.450839334375 0.87229854375 0.4652832375 0.8916907125 0.654166275 0.8844543093749999 0.6755326703125 0.6715236796874999 0.47775793593750004 0.664975003125
0 0.22572214375000002 0.16921206093750002 0.2196407765625 0.2438029203125 0.23117957812499998 0.24968917968749998 0.2290892734375 0.3244661546875 0.4924993265625 0.33674966875 0.5042276765625 0.19289586718750001 0.479371734375 0.1783663296875 0.22572214375000002 0.16921206093750002
0 0.2290892734375 0.3244661546875 0.21714373281250002 0.4709839140625 0.47899263750000004 0.477846453125 0.4924993265625 0.33674966875 0.2290892734375 0.3244661546875
0 0.21714373281250002 0.4709839140625 0.2071937203125 0.617594734375 0.46969420156249997 0.6164653953125 0.48098816875 0.4779395109375 0.21714373281250002 0.4709839140625
0 0.2071937203125 0.617594734375 0.20166915468750002 0.759063746875 0.45683908906250004 0.749570303125 0.4694770109375 0.6191293531250001 0.2071937203125 0.617594734375
0 0.20166915468750002 0.759063746875 0.1870357015625 0.8894116375 0.45174890625 0.8857113968749999 0.4623912984375 0.755177390625 0.45683908906250004 0.749570303125 0.20166915468750002 0.759063746875
0 0 0.53454730625 0.21193113125 0.5349189390625 0.23117957812499998 0.24968917968749998 0.19257211406250002 0.2318442859375 0 0.2255215046875 0 0.53454730625
0 0 0.6167871421875 0.20741091250000002 0.6149307734375 0.21193113125 0.5349189390625 0 0.53454730625 0 0.6167871421875
0 0 0.8983022374999999 0.1424824515625 0.8953562640625 0.1451295578125 0.88745744375 0.1770580484375 0.8889463546874999 0.183044640625 0.889225525 0.20541538125 0.6148377171875 0 0.6167717328125 0 0.8983022374999999