0 0.3886306640625 0.043240059375 0.23258286875 0.055529614062499996 0.257595415625 0.215631071875 0.40367078437500004 0.24377592343750001 0.7880073953125 0.190523671875 0.8005693984375 0.0105608546875 0.3886306640625 0.043240059375
0 0.5943850562499999 0.22267458593749997 0.6584374140625 0.2496968828125 0.634805290625 0.4607027 0.657852796875 0.4782382140625 0.9219057890625001 0.4378551375 0.99773679375 0.22431803593750002 0.793673015625 0.18510160312499999 0.5943850562499999 0.22267458593749997
0 0.17736946874999998 0.2119185421875 0.32658741406249997 0.28491469375 0.345757209375 0.5028173203125 0.3547292296875 0.507718459375 0.3817958078125 0.5057447921875 0.635628565625 0.4677462546875 0.6327338015625 0.46094482187499997 0.6584374140625 0.2496968828125 0.5739445843750001 0.2274436609375 0.4015992953125 0.244018046875 0.2553867125 0.21469926875 0.2534657421875 0.198264309375 0.1830350890625 0.20649647187500003 0.17736946874999998 0.2119185421875
0 0.3436724140625 0.5209104515625 0.32865890468750003 0.28467257031250004 0.15293653437500002 0.200494778125 0.0101157 0.21718814062499997 0.0241011046875 0.51746038125 0.030589726562500003 0.57297409375 0.3436724140625 0.5209104515625
0 0.17736946874999998 0.2119185421875 0.1830350890625 0.20649647187500003 0.1975355171875 0.20480161562500002 0.192020415625 0.19354659999999999 0.1229884984375 0.1778160046875 0.008811099999999999 0.189177865625 0.010156834375 0.2180713015625 0.1527993234375 0.199320853125 0.17736946874999998 0.2119185421875
0 0.1952029109375 0.18484487656249998 0.2049982046875 0.19678956875 0.20775575468750002 0.20241707656250002 0.25360295312500003 0.199438234375 0.250309859375 0.1712640171875 0.198522615625 0.177317078125 0.1952029109375 0.18484487656249998
0 0.9220430015625001 0.43902906249999996 0.693068121875 0.47412213124999997 0.6593795874999999 0.6529843984375 0.9023060484375 0.6115007671875 0.959878665625 0.4393665609375 0.92688535 0.42656343750000003 0.9220430015625001 0.43902906249999996
0 0.365223890625 0.507681771875 0.371013415625 0.5212846375 0.3757093953125 0.7051801046875 0.6469506484374999 0.65443713125 0.6662759687500001 0.4784436484375 0.657852796875 0.4782382140625 0.6419802453125001 0.46819381250000003 0.365223890625 0.507681771875
0 0.34160092343750004 0.5211525734375 0.0304525140625 0.5718001687500001 0.053229746875 0.766671840625 0.3225367234375 0.717344915625 0.342702771875 0.7102279874999999 0.3561055015625 0.6991417265625001 0.34160092343750004 0.5211525734375
0 0.6573080984375 0.6532265203125001 0.6760754125 0.6700723515625 0.6560773390625 0.822345196875 0.7705714312499999 0.7958731578125 0.8133866546874999 0.7849189578125 0.86808196875 0.767816321875 0.8774789328124999 0.7583882296875 0.9159698953125 0.6206133656249999 0.9042403234374999 0.61008471875 0.6573080984375 0.6532265203125001
0 0.3755721828125 0.704006178125 0.3570659875 0.70735920625 0.36409042343750003 0.7315274015625 0.3611424359375 0.796130003125 0.361788578125 0.8555526562500001 0.37530190937499996 0.8813423359374999 0.400297 0.8796107921875 0.49061927499999997 0.8619138515625 0.63108225 0.824076740625 0.6324676765625 0.8179649890625 0.6341541421875 0.778499071875 0.6337558109375 0.7571262875 0.6276918625000001 0.7411755734375001 0.6192953015625 0.7052681203125 0.6340834625 0.68807010625 0.638925809375 0.6756044812499999 0.6360310453125 0.6688030484375 0.6245758984374999 0.6606222546875 0.3755721828125 0.704006178125
0 0.3514178234375 0.8746142765625 0.36081478749999996 0.865186184375 0.3611158234375 0.8318320187499999 0.35754830625 0.8013099484374999 0.34307448906250004 0.7673027890624999 0.336187265625 0.7443085218750001 0.3448981671875 0.7290108 0.345734746875 0.7182033453125001 0.3447742609375 0.7099858671875 0.32046523125 0.7175870375 0.053229746875 0.766671840625 0.0721650359375 0.9286735921875 0.089148590625 0.9302583890625 0.18582254843749998 0.9130090046875001 0.294102171875 0.8872633328124999 0.3514178234375 0.8746142765625
0 0.866010478125 0.76805844375 0.8132494421875001 0.7837450328125 0.7705714312499999 0.7958731578125 0.6725120437500001 0.8192342921875 0.662884725 0.9524455171874999 0.6856711140625 0.9497821703125 0.8578924953125 0.9141828500000001 0.8627348421875001 0.901717225 0.8740926953124999 0.85517106875 0.8819936296875 0.8149787859375 0.8851894296875 0.788426053125 0.8933514828125 0.7684326296874999 0.8774789328124999 0.7583882296875 0.866010478125 0.76805844375
0 0.6723615265625 0.835911375 0.6511110859375 0.8157858859375 0.49061927499999997 0.8619138515625 0.3986371453125 0.883374690625 0.3953527140625 0.9837554515625 0.5640361296874999 0.9758988953125 0.6559708890625 0.9651532625 0.6723615265625 0.835911375
0 0.3838622921875 0.8827216968749999 0.3667548328125 0.862111965625 0.29838236406249996 0.8879530125 0.1920370171875 0.9122826375 0.101989165625 0.9323274312500001 0.1172995609375 0.9555271359375 0.1256918125 0.996315109375 0.39191649375000004 0.983915496875 0.4008458484375 0.8843064937499999 0.3838622921875 0.8827216968749999
0 0.0769940765625 0.9340589734375 0.08175217812499999 0.9983616312500001 0.1139427921875 0.9968623296875 0.101564221875 0.9466566609375 0.0769940765625 0.9340589734375