0 0.07731305468750001 0.08777777656249999 0.07731305468750001 0.0166666671875 0.025982256250000002 0.02555555625 0.0253485421875 0.1066666671875 0.07731305468750001 0.08777777656249999
0 0.0640050703125 0.1777777765625 0.06653992343750001 0.0966666671875 0.0234474015625 0.10777777656250001 0.0234474015625 0.19 0.0640050703125 0.1777777765625
0 0.0564005078125 0.268888890625 0.069074778125 0.26555555625 0.07097591875 0.1833333328125 0.06337135625 0.181111109375 0.0234474015625 0.1933333328125 0.024714828124999998 0.2722222234375 0.0564005078125 0.268888890625
0 0.09949302812500001 0.3522222234375 0.09949302812500001 0.2622222234375 0.0272496828125 0.2766666671875 0.0272496828125 0.3533333328125 0.09949302812500001 0.3522222234375
0 0.0602027890625 0.4422222234375 0.0602027890625 0.36 0.0253485421875 0.35555555625 0.0272496828125 0.44555555625 0.0602027890625 0.4422222234375
0 0.084283903125 0.44777777656250006 0.0272496828125 0.44666666718750003 0.025982256250000002 0.5266666671875 0.083650190625 0.5355555562500001 0.084283903125 0.44777777656250006
0 0.0487959453125 0.62 0.0494296578125 0.538888890625 0.025982256250000002 0.5333333328125 0.024081115625 0.6088888906250001 0.0487959453125 0.62
0 0.079847909375 0.6244444437500001 0.026615970312499997 0.61 0.0272496828125 0.6922222234375 0.07858048125 0.7166666671875 0.079847909375 0.6244444437500001
0 0.0487959453125 0.70555555625 0.0494296578125 0.7933333328125001 0.1197718625 0.82444444375 0.1197718625 0.7333333328125 0.0487959453125 0.70555555625
0 0.0792141953125 0.8966666671875 0.079847909375 0.8066666671875 0.025982256250000002 0.7811111093750001 0.026615970312499997 0.8699999999999999 0.0792141953125 0.8966666671875
0 0.079847909375 0.8066666671875 0.079847909375 0.89555555625 0.12040557656249999 0.918888890625 0.121039290625 0.8266666671875 0.079847909375 0.8066666671875
0 0.0500633703125 0.8855555562499999 0.0500633703125 0.93555555625 0.11723700937499999 0.971111109375 0.11913815000000001 0.9199999999999999 0.0500633703125 0.8855555562499999
0 0.1197718625 0.07111110937500001 0.12040557656249999 0.018888890624999998 0.079847909375 0.01555555625 0.07858048125 0.08555555625 0.1197718625 0.07111110937500001
0 0.12040557656249999 0.0733333328125 0.06780735156249999 0.0922222234375 0.06717363750000001 0.18 0.117870721875 0.16555555625 0.12040557656249999 0.0733333328125
0 0.07034220468749999 0.18 0.07097591875 0.2633333328125 0.11913815000000001 0.2577777765625 0.1185044359375 0.16777777656249998 0.07034220468749999 0.18
0 0.1185044359375 0.36 0.0602027890625 0.35888889062499996 0.06337135625 0.44555555625 0.11533586874999999 0.44777777656250006 0.1185044359375 0.36
0 0.1166032953125 0.44666666718750003 0.084283903125 0.44666666718750003 0.083650190625 0.5366666671875 0.11280101406250001 0.541111109375 0.11089987187499999 0.47111110937499995 0.1166032953125 0.44666666718750003
0 0.0500633703125 0.53444444375 0.0500633703125 0.6177777765625 0.1115335875 0.63555555625 0.1115335875 0.5422222234375 0.0500633703125 0.53444444375
0 0.1121673 0.6722222234374999 0.11089987187499999 0.6366666671875 0.07794676874999999 0.6288888906250001 0.07794676874999999 0.7133333328125 0.11723700937499999 0.7277777765625 0.1185044359375 0.6766666671875 0.1121673 0.6722222234374999
0 0.22116603281249997 0.8388888906249999 0.20468948125000003 0.8322222234375 0.121039290625 0.7866666671875 0.12040557656249999 0.8755555562499999 0.2015209125 0.9211111093750001 0.21799746562500003 0.9111111093750001 0.22116603281249997 0.8388888906249999
0 0.21799746562500003 0.9166666671874999 0.20025348437499998 0.92444444375 0.1267427125 0.881111109375 0.1267427125 0.9477777765625 0.16476552656250001 0.96444444375 0.2167300375 0.9633333328125 0.21799746562500003 0.9166666671874999
0 0.2604562734375 0.738888890625 0.24461343593749998 0.7288888906250001 0.11913815000000001 0.6777777765625 0.121673003125 0.791111109375 0.2395437265625 0.85 0.25855513281250003 0.8288888906249999 0.2604562734375 0.738888890625
0 0.21039290312499997 0.5977777765625001 0.19328263750000002 0.5966666671875 0.113434728125 0.568888890625 0.11280101406250001 0.671111109375 0.19074778125 0.7022222234375 0.20785804687499998 0.6977777765625001 0.21039290312499997 0.5977777765625001
0 0.11026615937499999 0.47111110937499995 0.1115335875 0.5666666671875 0.15779467656249999 0.58555555625 0.1596958171875 0.47444444375000006 0.11026615937499999 0.47111110937499995
0 0.21799746562500003 0.3722222234375 0.19708491875 0.36444444374999996 0.1185044359375 0.36 0.11406844062499999 0.47000000000000003 0.19328263750000002 0.47777777656250003 0.21546261093750002 0.48 0.21799746562500003 0.3722222234375
0 0.098859315625 0.26 0.098859315625 0.3566666671875 0.1558935359375 0.3566666671875 0.1571609640625 0.25555555625 0.098859315625 0.26
0 0.21166032812500002 0.13 0.198986059375 0.1266666671875 0.1197718625 0.14444444375 0.12040557656249999 0.2577777765625 0.198986059375 0.24555555624999997 0.21039290312499997 0.24666666718750002 0.21166032812500002 0.13
0 0.117870721875 0.04 0.11723700937499999 0.1477777765625 0.15906210468749998 0.13999999999999999 0.1603295296875 0.02555555625 0.117870721875 0.04
0 0.1641318125 0.0233333328125 0.1603295296875 0.13111110937499998 0.25285171093750003 0.108888890625 0.2541191390625 0.013333332812500001 0.1641318125 0.0233333328125
0 0.3852978453125 0.12555555625 0.308618503125 0.08444444375 0.2097591875 0.13111110937499998 0.21102661562499997 0.24444444375000002 0.30671736250000003 0.21555555625 0.38403041875 0.2477777765625 0.3852978453125 0.12555555625
0 0.25538656406250004 0.24 0.24461343593749998 0.24111110937500002 0.15906210468749998 0.2533333328125 0.15779467656249999 0.35555555625 0.24461343593749998 0.3622222234375 0.2541191390625 0.35888889062499996 0.25538656406250004 0.24
0 0.39036755312500004 0.37555555625000003 0.321292775 0.35555555625 0.21736375156249998 0.3677777765625 0.21736375156249998 0.48222222343750004 0.31875792187499996 0.4877777765625 0.38466413125 0.4966666671875 0.39036755312500004 0.37555555625000003
0 0.1603295296875 0.47777777656250003 0.15906210468749998 0.5833333328125 0.2604562734375 0.6066666671875 0.2642585546875 0.488888890625 0.1603295296875 0.47777777656250003
0 0.385931559375 0.6211111093749999 0.323193915625 0.6266666671875 0.21102661562499997 0.5977777765625001 0.21039290312499997 0.7144444437499999 0.319391634375 0.75 0.38212927812499997 0.73555555625 0.385931559375 0.6211111093749999
0 0.3884664125 0.7533333328125 0.38466413125 0.73444444375 0.31875792187499996 0.75555555625 0.2598225609375 0.74 0.25855513281250003 0.8455555562500001 0.3200253484375 0.8777777765625 0.386565271875 0.8577777765624999 0.3884664125 0.7533333328125
0 0.38086185 0.95555555625 0.385931559375 0.86 0.32446134375 0.881111109375 0.2572877046875 0.8455555562500001 0.2598225609375 0.831111109375 0.2433460078125 0.8488888906250001 0.21989860625 0.8466666671875 0.2192648921875 0.941111109375 0.2642585546875 0.9666666671874999 0.32572877031249997 0.9666666671874999 0.38086185 0.95555555625
0 0.3871989859375 0.25 0.31622306718750004 0.221111109375 0.2566539921875 0.23555555625000002 0.2579214203125 0.35888889062499996 0.31685678125 0.3533333328125 0.38276299062499997 0.37333333281250003 0.3871989859375 0.25
0 0.3871989859375 0.108888890625 0.394169834375 0.11000000000000001 0.396070975 0.014444443749999999 0.2541191390625 0.0177777765625 0.2547528515625 0.1066666671875 0.30925221875000003 0.08333333281250001 0.3871989859375 0.1222222234375 0.3871989859375 0.108888890625
0 0.4594423328125 0.0977777765625 0.393536121875 0.11111110937499999 0.3852978453125 0.11888889062500001 0.3852978453125 0.24333333281249997 0.46387832656250005 0.23555555625000002 0.4670468953125 0.10555555624999999 0.4594423328125 0.0977777765625
0 0.5468948046875 0.23888889062500002 0.5342205328125 0.23222222343749999 0.3884664125 0.24888889062500003 0.386565271875 0.37666666718749997 0.5329531046875 0.38444444375 0.5430925234374999 0.38 0.5468948046875 0.23888889062500002
0 0.396070975 0.38333333281250004 0.39480355 0.5022222234375 0.46641318125 0.51444444375 0.4670468953125 0.3877777765625 0.396070975 0.38333333281250004
0 0.386565271875 0.501111109375 0.266793409375 0.4922222234375 0.2642585546875 0.6066666671875 0.3238276296875 0.6244444437500001 0.38466413125 0.618888890625 0.386565271875 0.501111109375
0 0.39670469062499997 0.013333332812500001 0.39480355 0.1066666671875 0.5399239546875 0.08 0.5411913828125 0.0177777765625 0.39670469062499997 0.013333332812500001
0 0.3884664125 0.5033333328125 0.38783270000000003 0.6255555562499999 0.5304182515625 0.66444444375 0.5361216734375 0.5277777765625 0.3884664125 0.5033333328125
0 0.4733840296875 0.6522222234374999 0.389733840625 0.63 0.3871989859375 0.751111109375 0.4613434734375 0.778888890625 0.4708491765625 0.7722222234375 0.4733840296875 0.6522222234374999
0 0.393536121875 0.7566666671875 0.389733840625 0.8677777765625001 0.5310519640625 0.93444444375 0.5348542453125 0.801111109375 0.393536121875 0.7566666671875
0 0.3852978453125 0.871111109375 0.38086185 0.9622222234375 0.4613434734375 0.9677777765625001 0.4651457546875 0.9055555562500001 0.3852978453125 0.871111109375
0 0.5487959453125 0.07666666718750001 0.4676806078125 0.1 0.46641318125 0.23555555625000002 0.56337135625 0.23222222343749999 0.5709759187500001 0.0866666671875 0.5487959453125 0.07666666718750001
0 0.5583016484375001 0.38444444375 0.4714828890625 0.38444444375 0.46894803593749995 0.5211111093749999 0.5595690734375001 0.5333333328125 0.5646387828125 0.388888890625 0.5583016484375001 0.38444444375
0 0.5405576671875 0.53444444375 0.5354879593749999 0.66444444375 0.6337135609375 0.6866666671874999 0.6394169828125 0.54444444375 0.5405576671875 0.53444444375
0 0.4733840296875 0.6577777765625 0.4708491765625 0.778888890625 0.5525982265625 0.8066666671875 0.5576679328124999 0.6766666671875 0.4733840296875 0.6577777765625
0 0.6299112796874999 0.8433333328125 0.53358681875 0.8077777765624999 0.5297845375 0.93555555625 0.58618504375 0.9688888906249999 0.624841571875 0.9677777765625001 0.6299112796874999 0.8433333328125
0 0.46641318125 0.908888890625 0.4619771859375 0.97 0.5551330796875 0.9733333328124999 0.5589353609375001 0.951111109375 0.46641318125 0.908888890625
0 0.790874525 0.7244444437500001 0.790874525 0.691111109375 0.7439797203125 0.7233333328125 0.5589353609375001 0.671111109375 0.5532319390625 0.8066666671875 0.7389100140625 0.88444444375 0.7858048156249999 0.8522222234375001 0.790874525 0.7244444437500001
0 0.7984790875 0.3866666671875 0.7617237015625 0.3922222234375 0.5659062109375 0.39111110937500004 0.5608365015625 0.53 0.7566539921875 0.5566666671875 0.790874525 0.54555555625 0.7984790875 0.3866666671875
0 0.5487959453125 0.2366666671875 0.5456273765625 0.37555555625000003 0.6394169828125 0.38333333281250004 0.6476552609375 0.2266666671875 0.5487959453125 0.2366666671875
0 0.8174904937499999 0.0722222234375 0.7655259828125 0.0266666671875 0.5722433453125 0.0866666671875 0.565272496875 0.23444444375 0.762991128125 0.2066666671875 0.8073510781250001 0.24333333281249997 0.8174904937499999 0.0722222234375
0 0.6438529796875 0.0166666671875 0.5430925234374999 0.0177777765625 0.5411913828125 0.07666666718750001 0.5684410640625 0.08777777656249999 0.6406844109375001 0.06555555625000001 0.6438529796875 0.0166666671875
0 0.8168567812499999 0.018888890624999998 0.6508238265624999 0.01555555625 0.6470215453125 0.0622222234375 0.7648922687499999 0.021111109375 0.8155893531249999 0.06555555625000001 0.8168567812499999 0.018888890624999998
0 0.811153359375 0.24555555624999997 0.7604562734375 0.21222222343750002 0.6470215453125 0.22999999999999998 0.6419518390625 0.38555555625000004 0.7623574140625 0.3877777765625 0.7984790875 0.38333333281250004 0.811153359375 0.24555555624999997
0 0.800380228125 0.5599999999999999 0.792775665625 0.5577777765625 0.7902408125 0.54555555625 0.7579214203125 0.5566666671875 0.6387832703125 0.5433333328125001 0.6349809890625 0.691111109375 0.7439797203125 0.7244444437500001 0.792141953125 0.691111109375 0.800380228125 0.5599999999999999
0 0.790874525 0.7322222234375 0.7832699625 0.8877777765625 0.9188846640625 0.9400000000000001 0.92902408125 0.76 0.790874525 0.7322222234375
0 0.7718631171875 0.89 0.7712294046875 0.9688888906249999 0.9657794671875 0.9622222234375 0.7826362484375 0.8855555562499999 0.7718631171875 0.89
0 0.7807351078125 0.88444444375 0.7832699625 0.8522222234375001 0.7363751578125 0.8822222234374999 0.628643853125 0.8466666671875 0.6254752859375 0.97 0.7680608359375001 0.96555555625 0.7699619765625 0.89 0.7807351078125 0.88444444375
0 0.822560203125 0.013333332812500001 0.8219264890625 0.027777776562500002 0.8143219265624999 0.20777777656250002 0.972116603125 0.1933333328125 0.9790874531249999 0.01555555625 0.822560203125 0.013333332812500001
0 0.8124207859375 0.21000000000000002 0.8041825093750001 0.3866666671875 0.975285171875 0.3866666671875 0.977820025 0.19555555625 0.8124207859375 0.21000000000000002
0 0.7991128 0.3877777765625 0.7915082375 0.5566666671875 0.9359949296875 0.57444444375 0.9442332078125 0.388888890625 0.7991128 0.3877777765625
0 0.8048162218750001 0.56555555625 0.796577946875 0.7288888906250001 0.9733840296875 0.7666666671875 0.9771863125 0.58 0.8048162218750001 0.56555555625
0 0.9467680609375 0.39111110937500004 0.9385297859374999 0.5766666671875 0.9784537390624999 0.57555555625 0.977820025 0.388888890625 0.9467680609375 0.39111110937500004
0 0.9315589359375 0.76444444375 0.9214195187499999 0.9422222234375001 0.9771863125 0.96555555625 0.9765525984375 0.77444444375 0.9315589359375 0.76444444375