0 0.37575376562499996 0.5381675796875001 0.3160268859375 0.23781205 0.009482501562499999 0.27154330625 0.017182428125 0.49204036406249996 0.0229806578125 0.54948919375 0.37575376562499996 0.5381675796875001
0 0.773023790625 0.1802387375 0.3251929078125 0.24185712812500001 0.3783675015625 0.5358917984375 0.8365926234375 0.5121242734375 0.773023790625 0.1802387375
0 0.845845675 0.8371858640625 0.8462748156250001 0.6864881046875 0.8191879484375001 0.5116448109375 0.0232456203125 0.5516636765625 0.058335190625 0.8277723765625 0.845845675 0.8371858640625
0 0.4343100796875 1 0.410216815625 0.83286068125 0.059907021875 0.8288089703124999 0.07731572187499999 1 0.4343100796875 1
0 0.8932581328125 1 0.8776797328124999 0.8611794500000001 0.850857825 0.6885106421875 0.842702015625 0.8351126765625001 0.409819371875 0.8295989578125 0.43427947656250004 1 0.8932581328125 1
0 0.948783109375 1 0.8902364359374999 0.857461890625 0.8830396875 0.85771513125 0.89100735 1 0.948783109375 1
0 0.9630759421875 0.3875641609375 0.9132286359374999 0.3936858203125 0.9187749000000001 0.427339659375 0.9777882296874999 0.42526307656249995 0.9630759421875 0.3875641609375
0 0.94716445 0.42306496875 0.913017503125 0.4275422546875 0.925893 0.462030090625 0.951403846875 0.45785669687499997 0.94716445 0.42306496875
0 0.9542825453124999 0.4577553984375 0.925893 0.462030090625 0.9348478890624999 0.49993160000000003 0.9734453625 0.4963896109375 0.9542825453124999 0.4577553984375
0 0.9747522312499999 0.4952517203125 0.9364197187500001 0.50096819375 0.943025834375 0.5433199625 0.9801839609374999 0.5398286234375 0.9747522312499999 0.4952517203125
0 0.9756009484374999 0.5378060859375 0.9456395703125 0.5410441859375 0.9480601203125 0.5846351421875 0.9841763390624999 0.584456175 0.9756009484374999 0.5378060859375
0 1 0.4099114015625 0.9953212609375001 0.3715141 0.9684358984375001 0.38409984375 0.9821062796875 0.4251111296875 1 0.453848403125 1 0.4099114015625