0 0.7390571640625 0.511237375 0.666432353125 0.838864434375 0.9334411062499999 0.90823921875 0.9967853453125001 0.6224789281249999 0.9971060140624999 0.5673607406250001 0.7700112156250001 0.4933676125 0.7390571640625 0.511237375
0 0.7522376046875 0.4330434140625 0.7165843015625 0.472112575 0.9971184203125001 0.5652281828125 0.9994109906249999 0.17116884062499998 0.8058137703125 0.11641313125 0.7522376046875 0.4330434140625
0 0.3935854078125 0.393046059375 0.432235721875 0.40602569375 0.45317533593750003 0.377131334375 0.70290716875 0.468244228125 0.7513831953125 0.43689785 0.8058137703125 0.11641313125 0.5236937078125 0.03662023125 0.4892399515625 0.034210990625 0.408047459375 0.30907044375 0.3935854078125 0.393046059375
0 0.7469919078125 0.48480894374999994 0.455556415625 0.3757567375 0.432235721875 0.40602569375 0.3534347375 0.6397438734375 0.3248683484375 0.7217783609375 0.3422710828125 0.736940659375 0.666432353125 0.838864434375 0.66966784375 0.8336354015625 0.7441836234375 0.48811075937500004 0.7469919078125 0.48480894374999994
0 0.805061203125 1 0.8251235156250001 0.88169950625 0.6660051484375 0.840791653125 0.388309696875 0.7540579953125001 0.3657805046875 0.7620223140625 0.32720625625 0.8985715265625001 0.32892165625 0.9564019765625 0.4906680703125 1 0.805061203125 1
0 0.488578234375 1 0.3269677796875 0.9558493546875001 0.311154621875 0.9616171 0.30279267499999996 0.9899727484374999 0.3382455640625 1 0.488578234375 1
0 0.913100571875 1 0.9330139015625001 0.9101664359375 0.8255507203124999 0.8797722890624999 0.8038749421875 1 0.913100571875 1
0 0 0.7619037453125 0.2729812640625 0.8340818046875 0.2965470140625 0.8120743421875 0.342019446875 0.66313984375 0.31893723125 0.636130971875 0 0.5459249578125001 0 0.7619037453125
0 0 0.9043329484375 0.3008388 0.989420128125 0.34582111875 0.8239626453125 0.29892809374999996 0.8106997453125 0.2710273875 0.8335291843749999 0.0552466171875 0.776595325 0 0.7629183359375 0 0.9043329484375
0 0 0.5438769125 0.3486725765625 0.6424930671875 0.3555707609375 0.6301077828125 0.3994536140625 0.4602432453125 0.0294987859375 0.3494636265625 0 0.4825393625 0 0.5438769125
0 0.0294987859375 0.3494636265625 0.370572678125 0.4500267125 0.41470058906249996 0.2884236671875 0.06837442031249999 0.1740867875 0.0294987859375 0.3494636265625
0 0.453456984375 0.14168574218750002 0.10340521250000001 0.016054912499999997 0.068801625 0.17215956875 0.4112200421875 0.28539120625000003 0.44234966093750006 0.19179341249999998 0.453456984375 0.14168574218750002
0 0.44759535625 0.14002788125 0.46078237343749995 0.127373240625 0.4871415453125 0.034064254687500004 0.10347053125000001 0.007235364062500001 0.1014513359375 0.015502290625000002 0.44759535625 0.14002788125