0 0.616211240625 0.2720395015625 0.9193688984374999 0.22821437968749997 0.8518594203125 0.0595678140625 0.7068506828125 0.0494278140625 0.5657481296875 0.0736083890625 0.616211240625 0.2720395015625
0 0.319346025 0.3096695171875 0.616211240625 0.2720395015625 0.5657481296875 0.0736083890625 0.28445818749999996 0.1154919875 0.319346025 0.3096695171875
0 0.03606249375 0.34045725625 0.319346025 0.3096695171875 0.28445818749999996 0.1154919875 0.0303316125 0.1436910265625 0.03606249375 0.34045725625
0 0.6623754984375 0.4877615765625 0.9883976703125 0.4475428625 0.9193688984374999 0.22821437968749997 0.616211240625 0.2720395015625 0.6623754984375 0.4877615765625
0 0.3582210453125 0.5260387671875 0.6633722953125 0.49330950468749996 0.616211240625 0.2720395015625 0.326635265625 0.3090223421875 0.3582210453125 0.5260387671875
0 0.0530697953125 0.558768028125 0.3582210453125 0.5260387671875 0.319346025 0.3096695171875 0.03606249375 0.34045725625 0.0530697953125 0.558768028125
0 1 0.5121187078125 0.9883976703125 0.4475428625 0.6696647390625 0.4871144015625 0.7281022125 0.7299289484375 1 0.7057885234375 1 0.5121187078125
0 0.38650476718750004 0.7658940828125 0.7281022125 0.7299289484375 0.6633722953125 0.49330950468749996 0.365510284375 0.5253915921875 0.38650476718750004 0.7658940828125
0 0.0647814484375 0.7888218359375 0.38650476718750004 0.7658940828125 0.365510284375 0.5253915921875 0.0530697953125 0.558768028125 0.0647814484375 0.7888218359375
0 1 0.706574571875 0.7436774875000001 0.7341825296875 0.798695359375 1 0.877254165625 1 1 0.9914667765624999 1 0.706574571875
0 0.7982559546875 1 0.736388246875 0.7348297046875001 0.38650476718750004 0.7658940828125 0.428566528125 1 0.7982559546875 1
0 0.42220431875 1 0.38650476718750004 0.7658940828125 0.0647814484375 0.7888218359375 0.0664633671875 0.839400375 0.0953182703125 1 0.42220431875 1