0 0.495286515625 0 0.514941365625 0.0920357609375 0.5281323390625 0.0944960578125 0.5745625484375 0.0895060734375 0.627581303125 0.0784650203125 0.7171335671875 0.056948153125 0.8657417781250001 0.01641635 0.8637059140625001 0 0.495286515625 0
0 0.40919346250000005 0 0.0849395984375 0.0946436671875 0.1191238375 0.213858275 0.13754577968749998 0.2273041078125 0.2713228171875 0.1931059921875 0.5056376593749999 0.132160040625 0.513569909375 0.0945099359375 0.4947941046875 0 0.40919346250000005 0
0 0.046821406249999996 0.1721631890625 0.0272551125 0.11118442656250001 0.002066803125 0.11840705781250001 0.0033712203125 0.193137046875 0.0243128484375 0.1952647390625 0.046821406249999996 0.1721631890625
0 0.6645639703125 0.250981003125 0.9414633890624999 0.1861477828125 0.8962519765625 0.028476849999999998 0.880304209375 0.016402473437500002 0.8465136140625 0.0219299375 0.6223642140625001 0.0820419140625 0.6645639703125 0.250981003125
0 0.5740111890625 0.08758325624999999 0.53170923125 0.0997131484375 0.511647090625 0.09506129375 0.4984977546875 0.136288290625 0.254017471875 0.1980682203125 0.30389461562500003 0.35023944375 0.6538610499999999 0.26445459531250004 0.6598982390625 0.25648071093749997 0.6221093515625 0.10292415156250001 0.6127501328125 0.08479870625 0.5740111890625 0.08758325624999999
0 0.254017471875 0.1980682203125 0.134520246875 0.2240098359375 0.1196751953125 0.215781090625 0.1100194796875 0.174850590625 0.0048020671875 0.19253570312499999 0.0033744250000000003 0.1933206953125 0.007168693750000001 0.4106941671875 0.29840878437499996 0.36013614375 0.254017471875 0.1980682203125
0 0.9855720828125 0.33997308125000003 0.9425661046875 0.189993415625 0.9420147468750001 0.1880706 0.6664867875 0.25042964218749997 0.6777827000000001 0.2825661609375 0.704006934375 0.41030601093749997 0.9855720828125 0.33997308125000003
0 0.30389461562500003 0.35023944375 0.29785742656249997 0.358213328125 0.313819071875 0.3848501359375 0.3325652671875 0.4502258890625 0.3463492328125 0.49829629531249997 0.35652855156249996 0.5120247484375 0.4276727546875 0.491624478125 0.456514996875 0.483354096875 0.5740894062499999 0.457963840625 0.616942721875 0.44775676718749996 0.7048409109375 0.42047144999999997 0.6777827000000001 0.2825661609375 0.6673207640625 0.2605950828125 0.30389461562500003 0.35023944375
0 1 0.39028920624999996 0.9861234421875 0.3418958984375 0.7718568609375 0.392931271875 0.7218636390625 0.4072665984375 0.7023528578125 0.40453756093750004 0.7045721703125001 0.42679125781250005 0.7310651453125 0.5482113 0.7343732968750001 0.559748196875 0.7514099015625 0.5611057765624999 1 0.5009774859375 1 0.39028920624999996
0 0.6139171890624999 0.44446249218749995 0.576012221875 0.4574124828125 0.4545921796875 0.48390545625000003 0.430146928125 0.4929959359375 0.3463631125 0.5128587265625 0.38744627343750004 0.6633897531249999 0.7302728015625 0.581733153125 0.69688090625 0.42899669218750003 0.6139171890624999 0.44446249218749995
0 1 0.5028322046875 0.7475642703125 0.56220849375 0.7853392796875001 0.7012026234375 1 0.6490854765625 1 0.5028322046875
0 1 0.6509938265625 0.844126484375 0.6885074953125 0.7916590875 0.7014713625 0.8195373953124999 0.834979659375 1 0.7897675359375 1 0.6509938265625
0 1 0.7917757187500001 0.8239343874999999 0.835799759375 0.8134863296875 0.8283911125 0.80771788125 0.8300451890625 0.8330803796874999 0.9184947375 1 0.8706313046874999 1 0.7917757187500001
0 0.795360884375 0.8377503328125 0.49702786874999993 0.900405875 0.48188632187499997 0.869372075 0.4745193109375 0.923507425 0.500461246875 0.9915690953125 0.5832813156250001 0.9901234656250001 0.8196206671875 0.9223542468750001 0.795360884375 0.8377503328125
0 0.4739124390625 0.8633348859375 0.4516587421875 0.8655541984375 0.44892970625000006 0.8850649796875001 0.44676590625 0.9210610078125001 0.4360629859375 0.9345345999999999 0.16298144375 0.9691402390625001 0.1538983515625 0.9976183734375 0.49948347968749995 0.9915861625 0.470673678125 0.9246101421875 0.4739124390625 0.8633348859375
0 0.7258619328125 0.5663506234375 0.731644259375 0.579258978125 0.42013415 0.654016653125 0.4534982890625 0.7776282515624999 0.7853392796875001 0.7012026234375 0.7475642703125 0.56220849375 0.7258619328125 0.5663506234375
0 0.795360884375 0.8377503328125 0.811012153125 0.8270196546875 0.78204500625 0.70422815625 0.4559724640625 0.7789997109375 0.49510505312499997 0.9009572328125 0.795360884375 0.8377503328125
0 0.44594580625 0.9254580000000001 0.4503011640625 0.882590803125 0.4530302 0.863080021875 0.460438846875 0.8526319640625 0.435641584375 0.780667665625 0.121078184375 0.8230062046875 0.11145022499999999 0.8112005671875 0.0903270015625 0.846390375 0.10025145937499999 0.8810010671875 0.1109960140625 0.9112147687500001 0.134407940625 0.9710908125 0.4360629859375 0.9345345999999999 0.44594580625 0.9254580000000001
0 0.3731525828125 0.6570838234374999 0.0822282140625 0.7092913046875 0.12080944375 0.8293260124999999 0.43124459374999996 0.779847565625 0.441678775 0.77269378125 0.4047516203125 0.6584275234375 0.3731525828125 0.6570838234374999
0 0.15351625 0.551509346875 0.0120340703125 0.57335046875 0.0517318953125 0.7117932375 0.3827666640625 0.6543270296875 0.34554301249999997 0.5172557171875 0.2900500828125 0.5269253125 0.15351625 0.551509346875
0 0.1510420765625 0.5501378906250001 0.28812726718750004 0.5274766703125 0.33427485625000003 0.5142440625 0.3408634046875 0.50819299375 0.297037328125 0.36261031875 0.0072042718749999995 0.4127324859375 0.009876534374999999 0.565826246875 0.0120340703125 0.57335046875 0.1510420765625 0.5501378906250001
0 0.1261653171875 0.97137343125 0.133791571875 0.9979693390625 0.150378503125 0.9976798125 0.15447008125 0.9757426656250001 0.1261653171875 0.97137343125