0 0.728 0.614617940625 0.746 0.9136212625000001 0.984 0.916943521875 0.954 0.614617940625 0.728 0.614617940625
0 0.726 0.61129568125 0.944 0.61129568125 0.914 0.3504983390625 0.712 0.35215946875 0.726 0.61129568125
0 0.6940000000000001 0.132890365625 0.706 0.3504983390625 0.914 0.3504983390625 0.884 0.1212624578125 0.706 0.12292358750000001 0.6940000000000001 0.132890365625
0 0.496 0.35215946875 0.71 0.35215946875 0.696 0.1245847171875 0.502 0.1279069765625 0.496 0.35215946875
0 0.502 0.35215946875 0.5 0.6162790703125001 0.726 0.614617940625 0.71 0.35215946875 0.502 0.35215946875
0 0.504 0.619601328125 0.506 0.9152823921875 0.746 0.916943521875 0.726 0.614617940625 0.504 0.619601328125
0 0.27999999999999997 0.619601328125 0.268 0.9235880406250001 0.504 0.9186046515624999 0.502 0.6162790703125001 0.27999999999999997 0.619601328125
0 0.05600000000000001 0.6212624578125 0.028000000000000004 0.9219269109375 0.266 0.9219269109375 0.27799999999999997 0.6162790703125001 0.05600000000000001 0.6212624578125
0 0.29 0.355481728125 0.282 0.619601328125 0.5 0.6162790703125001 0.5 0.35215946875 0.29 0.355481728125
0 0.308 0.126245846875 0.296 0.35880398593749996 0.49800000000000005 0.35382059843749997 0.5 0.1279069765625 0.308 0.126245846875
0 0.3 0.126245846875 0.11399999999999999 0.12956810624999998 0.092 0.3571428578125 0.294 0.35382059843749997 0.306 0.1345514953125 0.3 0.126245846875
0 0.086 0.3571428578125 0.062 0.6212624578125 0.282 0.6162790703125001 0.288 0.355481728125 0.086 0.3571428578125