0 0.140723465625 0.026550403125 0.1067461984375 0.030693420312500004 0.11566939843749999 0.0816369046875 0.1455282453125 0.062068046875000005 0.140723465625 0.026550403125
0 0.1384735734375 0.024936978125000002 0.14724427499999998 0.059735067187500004 0.182518140625 0.03514046875 0.178132790625 0.017741424999999998 0.1384735734375 0.024936978125000002
0 0.164290125 0.0505774609375 0.117385425 0.0793039265625 0.12245713750000001 0.1167947703125 0.17851390625000002 0.11066740156249999 0.164290125 0.0505774609375
0 0.164290125 0.0505774609375 0.18076379843749998 0.1122808265625 0.198877378125 0.11101602968749999 0.20536012499999998 0.11388310312500001 0.2377357984375 0.0979008703125 0.22587634687499997 0.025252159375 0.20669503906250003 0.0186241453125 0.164290125 0.0505774609375
0 0.275916940625 0 0.22374089062500002 0.0094665390625 0.239451828125 0.095567890625 0.31213501875 0.062164315625 0.3018328625 0 0.275916940625 0
0 0.303880015625 0 0.313851046875 0.059831335937499994 0.4117788640625 0.0178042453125 0.4099103390625 0.0039918296875 0.4128465375 0 0.303880015625 0
0 0.411401959375 0 0.418032740625 0.04901570625 0.5043677859375 0.041438078125 0.5162655515625 0.039279410937499995 0.5119339218750001 0 0.411401959375 0
0 0.511958359375 0 0.5162655515625 0.039279410937499995 0.6043166265625 0.0293688015625 0.6424123109375001 0.040651625000000004 0.6377000296875 0 0.511958359375 0
0 0.867485846875 0 0.7677202125 0.0057866421875 0.6667417046875 0.0402806984375 0.68996480625 0.21194930781250002 0.7908288781249999 0.19162744375000001 0.91918746875 0.1642954921875 0.898971246875 0 0.867485846875 0
0 0.9009984765624999 0 0.9211704296875001 0.163935715625 0.9296361375 0.166443009375 0.9809261875 0.1551155875 0.95994235625 0 0.9009984765624999 0
0 0.0871449578125 0.2161967453125 0.087526325 0.203997753125 0.12360098906250001 0.18532276406249998 0.17462410625 0.17202214062500001 0.17328944531249998 0.1621561265625 0.206198984375 0.1501203 0.19662748593749999 0.1094026046875 0.035588228124999996 0.120425996875 0.0041890125 0.1439669984375 0.007073706250000001 0.243107534375 0.0494687015625 0.2230325203125 0.0871449578125 0.2161967453125
0 0.017093028125 0.23901475312499998 0.0071182921875 0.24463982187500002 0.009582503124999999 0.3293292796875 0.032803965625 0.325116103125 0.017093028125 0.23901475312499998
0 0.032803965625 0.325116103125 0.062548378125 0.3197194375 0.1004915671875 0.31485686562500004 0.0876788234375 0.22014315 0.051718595312500004 0.224645946875 0.017093028125 0.23901475312499998 0.032803965625 0.325116103125
0 0.12558395 0.1849629859375 0.0855433640625 0.20435753124999997 0.0999577015625 0.3109104609375 0.14159988125 0.3033551296875 0.12558395 0.1849629859375
0 0.1925085640625 0.30422669999999996 0.194605959375 0.289694728125 0.1748910390625 0.17399534218749999 0.12585088125 0.18693618750000002 0.1438497734375 0.30496855625 0.1925085640625 0.30422669999999996
0 0.2489467 0.28590034062499997 0.22999451406250002 0.14580296875 0.22099494062499997 0.13934926875 0.17328944531249998 0.1621561265625 0.1973897171875 0.2952545578125 0.2489467 0.28590034062499997
0 0.291695171875 0.10630547187499999 0.23090974531250003 0.13755038125000002 0.2509296609375 0.2855405609375 0.32456614375 0.274201990625 0.34016289843749997 0.2693505671875 0.32136321093750003 0.14539859375 0.3155287625 0.13230573125 0.31575763437500004 0.10396134374999999 0.291695171875 0.10630547187499999
0 0.6043166265625 0.0293688015625 0.5182485109375 0.038919634375 0.5043677859375 0.041438078125 0.418032740625 0.04901570625 0.3631581359375 0.0488636921875 0.356027090625 0.0562224078125 0.34756138281250004 0.0537151140625 0.31682536250000004 0.111854153125 0.32136321093750003 0.14539859375 0.34096369531250004 0.275270175 0.4528103 0.26104223437499996 0.6877149124999999 0.2103358828125 0.663042715625 0.04297345625 0.6466451656250001 0.0419052734375 0.6043166265625 0.0293688015625
0 0.0467988765625 0.413550434375 0.033070896875 0.32708930625 0.0096410171875 0.33134029531250003 0.010178621875 0.349816525 0.02048651875 0.41428113906249997 0.0467988765625 0.413550434375
0 0.049315700000000004 0.41713706093749997 0.079860909375 0.41766000468750003 0.112122146875 0.415849965625 0.09850860624999999 0.31521664375 0.0645313390625 0.3193596609375 0.032803965625 0.325116103125 0.049315700000000004 0.41713706093749997
0 0.1438497734375 0.30496855625 0.098241675 0.3132434421875 0.1146389734375 0.41943659375 0.1595987734375 0.421387496875 0.1438497734375 0.30496855625
0 0.149302853125 0.3302604078125 0.161848665625 0.42300092187500005 0.20192731249999998 0.43392396875 0.216341903125 0.43535192968749997 0.1927754953125 0.306199903125 0.14411670625 0.3069417578125 0.149302853125 0.3302604078125
0 0.280597446875 0.42975865156250004 0.257145475 0.28643443125 0.1973897171875 0.2952545578125 0.1925085640625 0.30422669999999996 0.2158080375 0.431405525 0.280597446875 0.42975865156250004
0 0.28284733906250004 0.4313720765625 0.36880101718749997 0.4359934390625 0.343747453125 0.280830003125 0.34016289843749997 0.2693505671875 0.3268160375 0.275815415625 0.257145475 0.28643443125 0.28284733906250004 0.4313720765625
0 0.372385571875 0.447472875 0.48518546875 0.45530993906250006 0.722835778125 0.3798458265625 0.69816358125 0.2124834 0.4528103 0.26104223437499996 0.3429466546875 0.274910396875 0.372385571875 0.447472875
0 1 0.29611204999999996 0.9814600515624999 0.1590619921875 0.9279201078125 0.16877599062499998 0.9194544 0.1662686953125 0.791095809375 0.1936006484375 0.69816358125 0.2124834 0.722568846875 0.377872625 0.811153784375 0.3719084203125 1 0.311641259375 1 0.29611204999999996
0 0.0470658078125 0.41552363750000004 0.02048651875 0.41428113906249997 0.0265495859375 0.5041545796875 0.0593446890625 0.506290946875 0.0470658078125 0.41552363750000004
0 0.079860909375 0.41766000468750003 0.0495826328125 0.4191102625 0.0596116203125 0.50826415 0.0929405875 0.514346921875 0.079860909375 0.41766000468750003
0 0.0954574125 0.5179335484375 0.12905331250000002 0.5259895234374999 0.1160116953125 0.459620196875 0.11490590625 0.421409796875 0.112122146875 0.415849965625 0.08211080312499999 0.419273428125 0.0954574125 0.5179335484375
0 0.11318987656249999 0.423742775 0.11627862656250001 0.4615933984375 0.12932024375 0.527962725 0.1654329671875 0.5396053265625 0.1795806265625 0.5390600859375 0.168369475 0.456185584375 0.161848665625 0.42300092187500005 0.11318987656249999 0.423742775
0 0.1798475578125 0.5410332890625 0.2291927078125 0.5603832359375 0.235141590625 0.559303903125 0.2185917953125 0.436965353125 0.20417720468749997 0.4355373921875 0.1621155984375 0.424974125 0.1798475578125 0.5410332890625
0 0.2811313109375 0.43370505625 0.2183248640625 0.4349921515625 0.23739148437500002 0.5609173281250001 0.3008842921875 0.579722034375 0.2811313109375 0.43370505625
0 0.30313418593749997 0.581335459375 0.3875243328125 0.6044351984375 0.3974391359375 0.6026363109374999 0.372385571875 0.447472875 0.370783978125 0.4356336609375 0.28284733906250004 0.4313720765625 0.30313418593749997 0.581335459375
0 0.39995596093749997 0.6062229375 0.5145099484375 0.6420446125 0.7444572843749999 0.5396752218749999 0.7191367890625 0.382538584375 0.48545239999999995 0.457283140625 0.372385571875 0.447472875 0.39995596093749997 0.6062229375
0 0.7444572843749999 0.5396752218749999 0.8421942937500001 0.5563101125000001 0.9662819703125001 0.49740692031249994 0.9458426265625001 0.3312981421875 0.811153784375 0.3719084203125 0.7208528171874999 0.38020560312499996 0.7444572843749999 0.5396752218749999
0 1 0.3137012875 0.9438596640625001 0.33165791875 0.9662819703125001 0.49740692031249994 1 0.4805426296875 1 0.3137012875
0 0.0892415984375 0.5170396796875 0.05591263125 0.5109569078125 0.0611749 0.5949107406249999 0.1015204796875 0.6078069890625 0.0892415984375 0.5170396796875
0 0.1338200296875 0.531189575 0.0897754625 0.5209860843749999 0.09980445 0.6101399703125 0.1417516203125 0.6348754328124999 0.1338200296875 0.531189575
0 0.17813152968749998 0.5433662671875 0.1340869609375 0.5331627765625 0.1440015140625 0.63648885625 0.1854148203125 0.6572779171875001 0.17813152968749998 0.5433662671875
0 0.2294596421875 0.5623564375 0.1783984609375 0.5453394703125001 0.1879316453125 0.6608645421875 0.24482727343750002 0.690974371875 0.2294596421875 0.5623564375
0 0.2991682640625 0.5820550140625 0.231442603125 0.5619966609375 0.247077165625 0.692587796875 0.3189212453125 0.7280719921875 0.2991682640625 0.5820550140625
0 0.40254865625 0.775569715625 0.41246346093749997 0.773770828125 0.3875243328125 0.6044351984375 0.2991682640625 0.5820550140625 0.319188178125 0.73004519375 0.40254865625 0.775569715625
0 0.3875243328125 0.6044351984375 0.41578108281250004 0.7832770609375 0.5355212171875 0.8424173859374999 0.76596435625 0.7136768109375 0.7407582968749999 0.5423679796875 0.510810959375 0.64473736875 0.40022289375 0.6081961390624999 0.3875243328125 0.6044351984375
0 1 0.4803272859375 0.8404782640624999 0.5586430921875001 0.7407582968749999 0.5423679796875 0.7679473171875 0.7133170328125 0.8627861328125 0.7385642890625 1 0.6574207125 1 0.4803272859375
0 0.10205434218750001 0.61175339375 0.0611749 0.5949107406249999 0.07067002343749999 0.680118221875 0.1172314171875 0.6939083390625 0.10205434218750001 0.61175339375
0 0.1465183390625 0.640075484375 0.09980445 0.6101399703125 0.11974824218749999 0.6974949671874999 0.151780609375 0.72402931875 0.1465183390625 0.640075484375
0 0.190448471875 0.6644511703125 0.1442684453125 0.638462059375 0.15483129843750001 0.73156235 0.200096090625 0.7658040484375 0.190448471875 0.6644511703125
0 0.2428443125 0.69133415 0.192698365625 0.66606459375 0.19971472343750002 0.778003040625 0.259927971875 0.8176191046874999 0.2428443125 0.69133415
0 0.3172052171875 0.730404971875 0.24761102968749998 0.6965342015625 0.259927971875 0.8176191046874999 0.3254418015625 0.866381625 0.3172052171875 0.730404971875
0 0.327958628125 0.86996825 0.4207381078125 0.9400650703125001 0.435152696875 0.9414930328125 0.4180309765625 0.7848904875 0.40056569687500004 0.77592949375 0.31972204375 0.7339915984375 0.327958628125 0.86996825
0 0.778204925 0.8792514984375 0.76226536875 0.7163695671875 0.5377711093750001 0.8440308125 0.41631494687500004 0.787223465625 0.4376695234375 0.9450796578125 0.46417058593749994 0.9670320968749999 0.5213227203125 0.9627013671875 0.6999922796875 0.9318530062500001 0.778204925 0.8792514984375
0 1 0.6597568 0.865036025 0.7401777140625 0.7639813953125 0.7140365875 0.776755828125 0.8835576796875 0.8328506578124999 0.907747903125 0.937947584375 0.8886796875 1 0.85666038125 1 0.6597568
0 0.32650953125000004 0.874274434375 0.340327159375 0.976416390625 0.4274025359375 0.9698182140625 0.42523789375 0.9432919203125 0.32650953125000004 0.874274434375
0 0.2564959140625 0.8222850625 0.2743803703125 0.9544896250000001 0.30099193281250003 0.9793970359375 0.340631103125 0.976393359375 0.3284924921875 0.8739146546875001 0.2564959140625 0.8222850625
0 0.2579450109375 0.81797888125 0.19998165625 0.77997624375 0.2027651609375 0.890661040625 0.2741134390625 0.952516421875 0.2579450109375 0.81797888125
0 0.164631415625 0.8490606250000001 0.1311499515625 0.82683245625 0.1313785703125 0.9036130359375001 0.1827447421875 0.9529207968750001 0.164631415625 0.8490606250000001