0 0.86976083125 0.2727400390625 0.82008658125 0.3417758015625 0.8569136828125 0.3481674203125 0.8257619828125 0.4562596484375 0.830859021875 0.46013108750000004 0.9481605999999999 0.49243689375 0.9873615640625 0.48475540156249997 0.9919312140625 0.2884245703125 0.8762934046874999 0.2708870046875 0.86976083125 0.2727400390625
0 0.7119647171875 0.06315785 0.6099542515625 0.0424663640625 0.6012683765625 0.052906112500000005 0.588133528125 0.113349503125 0.5833241890624999 0.12446205156250001 0.6930877296875 0.146499140625 0.7136879515625 0.072417365625 0.7119647171875 0.06315785
0 0.58884833125 0.029842840625 0.5345768125 0.0204236140625 0.5072260187500001 0.024637115625 0.4976073421875 0.046862214062500004 0.48059595625 0.10663280312500001 0.4837547265625 0.1101678421875 0.543123284375 0.123458509375 0.557911665625 0.12901195468749999 0.5622909359375 0.13574563125 0.5608554015625 0.14147010625 0.5755711140625 0.12311645 0.58669799375 0.11907397812500001 0.6048572125 0.038594925 0.58884833125 0.029842840625
0 0.35247728437500003 0 0.34982643593749996 0.0105707765625 0.32585240937500004 0.0900406265625 0.3282934125 0.09643790468749999 0.42786287500000003 0.1107321125 0.442148521875 0.1102246828125 0.44796332968749997 0.11123388593750001 0.45521366875 0.10651861250000001 0.46878154843750003 0.1088734203125 0.4818466953125 0.1051673484375 0.5029496499999999 0.0371464484375 0.4730423390625 0 0.35247728437500003 0
0 0.2643003140625 0.0900007671875 0.294092109375 0.092184540625 0.3095982578125 0.09487574843749999 0.31275702656250004 0.0984107890625 0.31325976093749996 0.10447166562500002 0.3180691 0.093359115625 0.32388390624999996 0.09436831875 0.331779346875 0.0628837046875 0.349293465625 0.0091739921875 0.289709875 0.0048064390625 0.2643003140625 0.0900007671875
0 0.2302363421875 0 0.20572219062500002 0.097754965625 0.2117520296875 0.089841053125 0.22675544531249997 0.0864713859375 0.24613813125 0.08983539375 0.2655208140625 0.0931994046875 0.28777160625 0.0044700390625 0.303995521875 0.004299009375 0.305073590625 0 0.2302363421875 0
0 0.1392180703125 0 0.13285545468749999 0.025372170312499998 0.1168495359375 0.0972645125 0.176433128125 0.1016320640625 0.20550715625 0.10667807968750001 0.21361763125 0.066270353125 0.2301262828125 0.00043888750000000006 0.23018564531250002 0 0.1392180703125 0
0 0.9520371375 0.49310969687500006 0.9023599234375 0.481501034375 0.8269824828125 0.45945828593750004 0.82360868125 0.4648463609375 0.7787467328125001 0.6034139984375 0.8023663203125 0.646341903125 0.9424243890625 0.67662364375 0.9870364296874999 0.4987244390625 0.9872981484375 0.4874799375 0.962446246875 0.4919294625 0.9520371375 0.49310969687500006
0 0.794825315625 0.5554287609374999 0.825044215625 0.459121884375 0.8279152859375 0.447672934375 0.78599114375 0.437409878125 0.7942469515624999 0.44481635624999993 0.7892225796875 0.4648520203125 0.7496727046875 0.598367984375 0.778028965625 0.606276234375 0.794825315625 0.5554287609374999
0 0.782762671875 0.4906121578125 0.793529184375 0.44767859374999996 0.7704849968749999 0.4347186703125 0.65368615 0.40847373749999993 0.6139212406250001 0.550912815625 0.6127734046875 0.5716212796875 0.74701666875 0.6008938203125 0.782762671875 0.4906121578125
0 0.7577861453125 0.63860468125 0.753479540625 0.65577810625 0.7302232828124999 0.73238571875 0.7096230593749999 0.806467496875 0.724411440625 0.8120209421875 0.731446746875 0.8162287828125001 0.7450146281250001 0.8185835890625001 0.8972050406250001 0.8569446140625001 0.8979228078125001 0.854082375 0.9417066234375 0.67948588125 0.8023663203125 0.646341903125 0.778028965625 0.606276234375 0.7535492406250001 0.5990407859375 0.7577861453125 0.63860468125
0 0.8610957062500001 0.8476907578124999 0.737261553125 0.8172379843750001 0.694872059375 0.95817268125 0.865386259375 0.9482413609375 0.895266771875 0.8566082125 0.8610957062500001 0.8476907578124999
0 0.7346055171875 0.8197638218750001 0.720534903125 0.8113481390624999 0.7038082546875 0.8054582937499999 0.56784175625 0.7669262390625 0.5608064500000001 0.762718396875 0.5643952859375 0.748407209375 0.567481390625 0.728035146875 0.5482440359375 0.77248534375 0.5056080578125 0.926373371875 0.6202536015625 0.9612050171875 0.6250082109374999 0.9622417875 0.6932641359375 0.9582663328125 0.7034538171875 0.9278560484374999 0.7346055171875 0.8197638218750001
0 0.6127734046875 0.5716212796875 0.597915321875 0.6228051578125 0.56008868125 0.7655806359375 0.7108435609375 0.8096661359375 0.7590066453125 0.6418033203125 0.7508932046875 0.6015666234375 0.6127734046875 0.5716212796875
0 0.5709768109375 0.1253058828125 0.5635114375 0.13894426875000002 0.537384109375 0.227000834375 0.5309242015625 0.252760971875 0.56509526875 0.2616784265625 0.6050811406250001 0.2716050828125 0.6717000390625001 0.2801804765625 0.6852679171875 0.2825352828125 0.713978615625 0.1680457796875 0.7078761109375 0.1520525875 0.6678902390625 0.14212592968749999 0.5709768109375 0.1253058828125
0 0.5486533546875 0.1901281453125 0.5635114375 0.13894426875000002 0.5598499328125001 0.1293483546875 0.500481375 0.1160576875 0.45202466250000006 0.10764766562500001 0.4185046265625 0.23324971875 0.4785909515625 0.243678146875 0.5289859328125 0.2524245703125 0.5486533546875 0.1901281453125
0 0.4247495 0.21641269375 0.44987136093749996 0.116234378125 0.44018001875 0.1145523734375 0.3212278703125 0.09689415312500001 0.3154130625 0.0958849515625 0.2833285609375 0.2157625296875 0.41319255468750005 0.2383013921875 0.4247495 0.21641269375
0 0.212469796875 0.0869788171875 0.1837590984375 0.2014683203125 0.1907944046875 0.2056761625 0.2826107953125 0.21862476718749999 0.303928784375 0.14168075468750002 0.3113214921875 0.1041352640625 0.3108187578125 0.0980743875 0.212469796875 0.0869788171875
0 0.175142925 0.15517074687500002 0.1591370078125 0.2270630875 0.16035750937499998 0.2302617265625 0.1758636578125 0.232952934375 0.18304133281249998 0.204330559375 0.198832215625 0.14136133125 0.20672765625 0.10987671875 0.189283240625 0.106849109375 0.175142925 0.15517074687500002
0 0.0991203859375 0.1598973390625 0.10357232187500001 0.19053812187500002 0.1057982890625 0.2058585125 0.12180717187500001 0.2146105953125 0.14628689374999998 0.22184604531250002 0.1487278984375 0.2282433203125 0.156480971875 0.229588925 0.1780139953125 0.1437217984375 0.18734497187500002 0.10651270937499999 0.11491126874999999 0.0969281125 0.0991203859375 0.1598973390625
0 0.14944566406249998 0.22538108281250002 0.14628689374999998 0.22184604531250002 0.123745440625 0.2149469953125 0.1045777890625 0.20265987343749997 0.0991203859375 0.1598973390625 0.094023346875 0.1560259 0.05296230625 0.1907148109375 0.01492063125 0.342413403125 0.0369593515625 0.343251575 0.11929943125 0.3455950625 0.14707732812500002 0.2428909109375 0.14944566406249998 0.22538108281250002
0 0.14678962812500002 0.2279069203125 0.12195546718750001 0.3430692265625 0.14062038593749998 0.349295471875 0.144926990625 0.332122046875 0.15023906250000002 0.327070375 0.1528950984375 0.3245445375 0.1751458890625 0.23581517343749997 0.152604434375 0.22891612343749998 0.14678962812500002 0.2279069203125
0 0 0.4951380140625 0.0066707515625000005 0.496295771875 0.06410104062500001 0.5092500359375001 0.0958311046875 0.5117702140625 0.101645909375 0.5127794171875 0.11600125937500001 0.455534665625 0.121528365625 0.4415598765625 0.141338153125 0.346433234375 0.1173611640625 0.3452586609375 0.018797167187499998 0.34308620625 0 0.4250148078125 0 0.4951380140625
0 0 0.4314943875 0.010686692187500001 0.3834939328125 0.0120495609375 0.3538623546875 0 0.40191232499999996 0 0.4314943875
0 0 0.6470613390625 0.057789429687500005 0.6634688078125001 0.0722901109375 0.6540382625000001 0.092602634375 0.5649724953125 0.101645909375 0.5127794171875 0.0757306515625 0.5112684421875 0.007891253125 0.499494409375 0 0.535030046875 0 0.6470613390625
0 0.6842654140625 0.3510579546875 0.6957496937500001 0.305262153125 0.692088190625 0.2956662375 0.672202771875 0.2862413515625 0.55734219375 0.260332821875 0.5259754609375 0.37734816250000003 0.6253298890625001 0.4005654859375 0.6335856984375 0.407971965625 0.647153578125 0.410326771875 0.6720633671875 0.3997159953125 0.6842654140625 0.3510579546875
0 0.53817750625 0.32869012343750004 0.5554039265624999 0.259996421875 0.41972512812499996 0.23644835625 0.38835839375000003 0.353463696875 0.5266932265625 0.374485925 0.53817750625 0.32869012343750004
0 0.386420125 0.353127296875 0.398622171875 0.3044692578125 0.41154198593749997 0.2529489796875 0.41319255468750005 0.2383013921875 0.3058700171875 0.222661578125 0.27522104999999997 0.33681468125 0.2946037359375 0.340178690625 0.3798875515625 0.35498033125 0.386420125 0.353127296875
0 0.18304133281249998 0.204330559375 0.164379378125 0.2787487359375 0.15217733125 0.327406775 0.22461103593749998 0.336991371875 0.2529672953125 0.3448996234375 0.271847246875 0.34220275624999996 0.2814659234375 0.31997765624999996 0.30321398125 0.2251874171875 0.2748577203125 0.21727916406249997 0.18304133281249998 0.204330559375
0 0.6488768109375 0.41958628750000004 0.6476563109375 0.4163876484375 0.6457180421875 0.41605124687500006 0.6365294328125 0.42043011874999997 0.6314323953125001 0.4165586796875 0.622961553125 0.41807531249999996 0.59159481875 0.5350906531249999 0.6039421984375 0.5342468218749999 0.6304298921875 0.48508135 0.6488768109375 0.41958628750000004
0 0.6028640656250001 0.498217965625 0.62152601875 0.42379978906250004 0.623391621875 0.400229084375 0.47242170781250004 0.36506669999999997 0.44291761249999995 0.3778669140625 0.3971955296875 0.55212700625 0.5496009765625 0.5815649171875 0.5896565515625001 0.534754253125 0.6028640656250001 0.498217965625
0 0.40458823906249997 0.514581515625 0.42540349375000003 0.4315766265625 0.4402615765625 0.38039275 0.4620125984375 0.36624693124999996 0.4096793484375 0.35716410781249996 0.34112218125 0.3482523125 0.27837982031249997 0.340349721875 0.265817409375 0.350116665625 0.22949896875000003 0.5110747734375 0.39597502812499996 0.5489283687500001 0.40458823906249997 0.514581515625
0 0.6108351359374999 0.5712848796875 0.616792309375 0.5394638656249999 0.6287793234375 0.49972893906250004 0.6263383218749999 0.49333166406249995 0.60803376875 0.525996509375 0.5680538265624999 0.6773587015625 0.5859283109375 0.66254008125 0.6108351359374999 0.5712848796875
0 0.5951139546875 0.5775167859375 0.6025066625 0.539971296875 0.59159481875 0.5350906531249999 0.5783146390625 0.5477198375000001 0.5488832109375 0.5844271546875001 0.43789916875 0.5591914250000001 0.3681215015625 0.5470809921875001 0.32649098906249996 0.7130907734374999 0.49784905625000003 0.76373891875 0.5212506453125 0.7349455140625001 0.56396225625 0.6856090125 0.5951139546875 0.5775167859375
0 0.3331659296875 0.6784075203125 0.3468035125 0.6240250078125 0.3695570359375 0.5413565171875 0.236534275 0.515282615625 0.2261251640625 0.5164628484375 0.18715068906250001 0.67994679375 0.3245527203125 0.712754371875 0.3331659296875 0.6784075203125
0 0.5099116984375 0.8285555234374999 0.5170893734375 0.7999331468750001 0.5318747890625 0.7248421671874999 0.4997873234375 0.7640753203124999 0.35606775156250003 0.7241976640625001 0.3163755078125 0.8905438453125001 0.46009508125 0.9304215015624999 0.49763698593749994 0.8533064578125 0.5099116984375 0.8285555234374999
0 0.3273570546875 0.8386871656249999 0.3467367734375 0.7614067515625 0.3541294828125 0.7238612609375 0.337402834375 0.717971415625 0.28384908124999997 0.7056899515625 0.18715068906250001 0.67994679375 0.14745844531250002 0.8462929750000001 0.3163755078125 0.8905438453125001 0.3273570546875 0.8386871656249999
0 0.2457169546875 0.349614896875 0.2170062578125 0.4641043984375 0.2383272125 0.467804809375 0.2691912109375 0.34472859375 0.251029028125 0.344563221875 0.2457169546875 0.349614896875
0 0.1415531875 0.33751012187499996 0.11621629375 0.4466115515625 0.21435022187500002 0.46663023593749997 0.2162884890625 0.4669666375 0.2471524890625 0.3438904203125 0.1475830265625 0.3295962109375 0.1415531875 0.33751012187499996
0 0.2050222078125 0.5844837484375 0.208898746875 0.58515655 0.2232540953125 0.5279118 0.228063434375 0.51679925 0.2395477125 0.47100344843749997 0.22791809999999998 0.46898504374999994 0.2050222078125 0.5844837484375
0 0.11621629375 0.4466115515625 0.10257871249999999 0.5009940671875001 0.0920999 0.5589116203125 0.1371828109375 0.5727097171875 0.1837012546875 0.5807833390625 0.202366171875 0.5870095875 0.2050222078125 0.5844837484375 0.2272003328125 0.4718472796875 0.1336607109375 0.44963915937500004 0.11621629375 0.4466115515625
0 0.1834862203125 0.5897064546874999 0.1608053625 0.6962820453125 0.17947028125 0.7025082921875 0.1857151546875 0.68567126875 0.19719943281250002 0.6398754656250001 0.208180978125 0.5880187890624999 0.1887982921875 0.5846547796875 0.1834862203125 0.5897064546874999
0 0.06798350625 0.6712116875 0.124633140625 0.6903432015625001 0.1600875953125 0.6991442828125 0.1732224421875 0.63870089375 0.17968235 0.6129407546875 0.1817629859375 0.5804469375 0.0913821328125 0.5617738578125 0.06798350625 0.6712116875
0 0.95920591875 0.2225540484375 0.9616469203125 0.228951325 0.9930002296874999 0.242495275 0.9942604796875001 0.18834984375 0.9719106984374999 0.179956884375 0.95920591875 0.2225540484375
0 0.9051494343750001 0.2042117078125 0.9526733453125 0.22440708125 0.955832115625 0.2279421234375 0.97478176875 0.168507934375 0.9253195890624999 0.147976159375 0.9051494343750001 0.2042117078125
0 0.8109617453125001 0.1281285046875 0.7895710890625 0.181165415625 0.8113221093749999 0.1670195984375 0.8166341828125001 0.1619679234375 0.866599096875 0.1885605765625 0.9051494343750001 0.2042117078125 0.9253195890624999 0.147976159375 0.8322100328125 0.1079218109375 0.8109617453125001 0.1281285046875
0 0.939035765625 0.278789596875 0.987492478125 0.2871996203125 0.9923332046875 0.2711534296875 0.9929544265624999 0.24446317031250003 0.957770384375 0.2282785234375 0.939035765625 0.278789596875
0 0.9522432796875 0.24225331093750002 0.956549884375 0.225079884375 0.9063699359375 0.207410346875 0.88354374375 0.2661717328125 0.9378152625 0.275590959375 0.9522432796875 0.24225331093750002
0 0.9063699359375 0.207410346875 0.8178546828125001 0.16516656406250002 0.813260378125 0.1673559984375 0.7922271234375 0.178639578125 0.774497971875 0.24127240468750003 0.792875190625 0.2325146625 0.8854820125 0.266508134375 0.9063699359375 0.207410346875
0 0.7808155109375 0.248342484375 0.7679654 0.243125440625 0.7566234890625 0.256091021875 0.720159715625 0.369234925 0.7345180296875 0.3926345953125 0.7730683671875 0.40828572812499997 0.833442390625 0.433698146875 0.858134184375 0.3513660578125 0.8193688124999999 0.3446380390625 0.8796672078125001 0.26549893125 0.7902191546874999 0.2350404984375 0.7808155109375 0.248342484375
0 0.746650375 0.40071387812500003 0.726262221875 0.38522811562500003 0.7108287390625 0.40644401406249997 0.7103986703125 0.424290240625 0.824756515625 0.4441378953125 0.8200895453125 0.4224202265625 0.746650375 0.40071387812500003
0 0.0773663984375 0.09339873125 0.1168495359375 0.0972645125 0.13285545468749999 0.025372170312499998 0.095310584375 0.021842792187499998 0.0773663984375 0.09339873125
0 0.11419350156250001 0.0997903484375 0.08389897187499999 0.091545696875 0.0780841671875 0.09053649375 0.062293282812499996 0.153505721875 0.0894290421875 0.158215334375 0.097182115625 0.1595609375 0.1091691296875 0.1198260140625 0.11419350156250001 0.0997903484375