0 0.04046585 0.338856184375 0.10047863125 0.48293067343749996 0.1984719296875 0.4762719890625 0.1705814171875 0.3946491328125 0.23716987343749998 0.2769605625 0.228964834375 0.247473103125 0.1253150078125 0.23976232187500002 0.04046585 0.338856184375
0 0.23858045625000002 0.27057015156249997 0.1712030203125 0.394499428125 0.2271466953125 0.5383437765625 0.35277738125 0.5371302984375 0.30011383281250004 0.399756784375 0.3529743765625 0.29626565781249997 0.3403607453125 0.2654196859375 0.23858045625000002 0.27057015156249997
0 0.2600787203125 0.1758424203125 0.19351453125 0.20276489999999997 0.16815299374999998 0.2403365 0.22986855312499999 0.2460453140625 0.2600787203125 0.1758424203125
0 0.2632393796875 0.16418998125 0.228964834375 0.247473103125 0.23925943125 0.27282690625 0.3435835015625 0.269484065625 0.33741065 0.23345649218750003 0.3748600375 0.178452028125 0.35902838125000003 0.156852040625 0.2632393796875 0.16418998125
0 0.46021543749999994 0.2317134625 0.4779456296875 0.188718971875 0.4678184109375 0.1572741703125 0.37542427031250003 0.17589586562499998 0.3347521296875 0.22683595156249997 0.340810240625 0.258050609375 0.35353860937500003 0.2937094953125 0.455146790625 0.281339659375 0.48314731406250006 0.3544650609375 0.49557937656249995 0.3514709359375 0.46021543749999994 0.2317134625
0 0.4573895390625 0.2311839140625 0.50151329375 0.35125195468750003 0.5972928359375 0.317293284375 0.5437876640625 0.1970643765625 0.54818206875 0.15849179687499998 0.4779409 0.1754086046875 0.4573895390625 0.2311839140625
0 0.5402254234375 0.1918716203125 0.5950838093749999 0.3033036609375 0.6937898078125 0.234756359375 0.646620134375 0.13115366875 0.6308843000000001 0.0611251359375 0.55274858125 0.1271385859375 0.5402254234375 0.1918716203125
0 0.6554325890625 0.1205603328125 0.7464918093749999 0.321294871875 0.8183588546875 0.267682390625 0.779437403125 0.156042525 0.739784340625 0.053049815624999996 0.70818376875 0.0082404640625 0.6931656890625 0.008065712499999999 0.6363639890624999 0.05496486406249999 0.6554325890625 0.1205603328125
0 0.6997189921875 0.2212270171875 0.5972881078125 0.30398291718750003 0.660628921875 0.43031397499999996 0.7571258921874999 0.34777705000000003 0.6997189921875 0.2212270171875
0 0.4881201375 0.35326741093749997 0.47607957812499996 0.50380391875 0.5183432531250001 0.6376314468750001 0.6646015859375 0.6362905703124999 0.6386527890625 0.452548596875 0.6464946968749999 0.4143558609375 0.6041878421875 0.31805296875 0.4881201375 0.35326741093749997
0 0.29841640156250004 0.3941149078125 0.3507978328125 0.532766503125 0.46088844062499995 0.53529568125 0.4869437578125 0.382594009375 0.4513024296875 0.27742498125 0.3528596390625 0.29145274374999997 0.29841640156250004 0.3941149078125
0 0.260861115625 0.62824510625 0.20135519687499998 0.47920799374999995 0.100311253125 0.48902167343749997 0.09760482031249999 0.506615396875 0.15670915000000002 0.6388073109375 0.260861115625 0.62824510625
0 0.27901653125000003 0.6686476296875 0.3848132875 0.6746312062500001 0.39593531875 0.6429093078125 0.35170155468750003 0.5313387171875 0.234720675 0.5413602187500001 0.23546174375 0.5593337875 0.27901653125000003 0.6686476296875
0 0.64626995 0.41804040000000003 0.639556509375 0.451120809375 0.7440337718750001 0.401755884375 0.732663346875 0.3706105 0.66859975625 0.43686524687499995 0.64626995 0.41804040000000003
0 0.6754125046875 0.6833024875 0.7290229609375001 0.781723578125 0.8631218859375 0.75547801875 0.8182665203124999 0.644057134375 0.7475386421875 0.404542184375 0.638255934375 0.44901376718749997 0.6754125046875 0.6833024875
0 0.2618222046875 0.6292237765625 0.1576128703125 0.637379525 0.2155360953125 0.785587671875 0.3192959296875 0.7848009953124999 0.2618222046875 0.6292237765625
0 0.3900682296875 0.6721554750000001 0.28003499062500004 0.6720327546875 0.31765586875 0.7815655765625 0.4305150015625 0.782217846875 0.3900682296875 0.6721554750000001
0 0.514054128125 0.6543962140625 0.39469211249999997 0.64320871875 0.38842816875 0.66892005625 0.42995076875000005 0.784774009375 0.5597126625 0.799507490625 0.561854859375 0.7844699234375 0.5248555875 0.6747873953125 0.528685759375 0.6387709781249999 0.5161389546875 0.636952190625 0.514054128125 0.6543962140625
0 0.5677361375000001 0.7951548515625 0.705354125 0.811626684375 0.6984881140625 0.7334112703125 0.66595953125 0.640804071875 0.527385184375 0.6366639328125 0.5219723187499999 0.6718513875000001 0.5677361375000001 0.7951548515625
0 0.27278034375 0.93153906875 0.391578125 0.9452827171875 0.35678315 0.836279446875 0.363434490625 0.787482215625 0.23921911875 0.795615653125 0.2291681828125 0.8198187703125001 0.27278034375 0.93153906875
0 0.35011289375 0.8318352203125 0.39915683125 0.9616095234375001 0.5221911 0.9694923171875001 0.524381209375 0.9302404828125 0.49157050937499996 0.838911371875 0.4934785 0.8009376125 0.3630950046875 0.786353840625 0.35011289375 0.8318352203125
0 0.530716709375 0.9468666984375 0.66454770625 0.9618303125000001 0.6622718546875 0.9188135093750001 0.61820546875 0.8011519187499999 0.4931390140625 0.7998092375 0.48987780625 0.8465798578125 0.530716709375 0.9468666984375
0 0.665666715625 0.9300972578125 0.86036219375 0.9412935687499999 0.8131688765625 0.7711390578125 0.728061871875 0.780744909375 0.6996739515625 0.7307054 0.7069941875 0.8148621078125 0.6181481 0.7987454625 0.665666715625 0.9300972578125