0 0.5554578046875001 0.347201284375 0.53333473125 0.481374353125 0.7308796828124999 0.5340668140625 0.7496419078125001 0.407049996875 0.5554578046875001 0.347201284375
0 0.5534869890625 0.3466486625 0.3353071890625 0.293569240625 0.31863321875 0.43196979375 0.53333473125 0.481374353125 0.5534869890625 0.3466486625
0 0.9482309875 0.465434328125 0.7511493796875001 0.41017224218750004 0.728445521875 0.5360838203125 0.92309296875 0.5933629078125 0.9482309875 0.465434328125
0 1 0.48180499374999997 0.9486943312499999 0.46286470468749996 0.92749794375 0.5918985265625001 1 0.6080441328124999 1 0.48180499374999997
0 1 0.354110121875 0.9133178375 0.326066371875 0.89351148125 0.4473913203125 1 0.4796915453125 1 0.354110121875
0 0.9128544921874999 0.328635996875 0.7926347125000001 0.2949261234375 0.7654084375 0.41147096562499996 0.8969897703124999 0.45106618593750003 0.9128544921874999 0.328635996875
0 1 0.218685365625 0.9468024640625 0.197778653125 0.9192302859374999 0.3277242359375 1 0.357619915625 1 0.218685365625
0 0.7935614 0.289786875 0.916796125 0.32974123906249997 0.9472658078125 0.19520902812500002 0.823104396875 0.1603939140625 0.7935614 0.289786875
0 0.7911272390625 0.29180387812499997 0.6600092515625 0.2496390328125 0.6342904500000001 0.3693061171875 0.767379253125 0.4120235859375 0.7911272390625 0.29180387812499997
0 0.6580384359375 0.2490864125 0.5244862859375 0.2089385671875 0.5096656921875 0.33706062812500004 0.6323196328125 0.36875349687500003 0.6580384359375 0.2490864125
0 0.526457103125 0.20949118906250003 0.388963321875 0.1682381046875 0.37078187812499996 0.303516415625 0.506187403125 0.33338576249999996 0.526457103125 0.20949118906250003
0 0.2323421625 0.1297203046875 0.2157856328125 0.27895197656250004 0.33484384375 0.2961388640625 0.37124522187500003 0.30094679062499996 0.389890009375 0.16309885625 0.3657768734375 0.15903703125 0.2323421625 0.1297203046875
0 0.21624897656250003 0.2763823515625 0.2128817125 0.23764451250000002 0.181700975 0.261295928125 0.103449115625 0.2474525859375 0.08723848906250001 0.38328351875 0.321530721875 0.42738316875000004 0.33484384375 0.2961388640625 0.21624897656250003 0.2763823515625
0 0.40575473281249996 0.0406686671875 0.38791919375 0.1625462359375 0.527964575 0.21261343593749998 0.551941025 0.06816186875 0.40575473281249996 0.0406686671875
0 0.3918608265625 0.163651478125 0.4051739484375 0.0324071734375 0.37908704375 0.026508348437500003 0.252548434375 0.01765990625 0.233268853125 0.1245810546875 0.3918608265625 0.163651478125
0 0.6673117328125 0.2435880234375 0.690478934375 0.11510682187500001 0.5505509953125001 0.075870740625 0.5303987359375 0.21059643125 0.6604725953125 0.24706940781250003 0.6673117328125 0.2435880234375
0 0.690478934375 0.11510682187500001 0.6610533796875 0.2553309015625 0.79402474375 0.287217253125 0.8270460296875 0.16149915625 0.690478934375 0.11510682187500001
0 0.20788312343749998 0.13905921875 0.2367471390625 0.12825592187499998 0.250972240625 0.017549689062500002 0.095107984375 0.0066505984374999995 0.07873595 0.09744699375 0.20788312343749998 0.13905921875
0 0.2182133765625 0.23104088125 0.23582045312500002 0.13339516875 0.2098539375 0.139611840625 0.07919929375 0.09487736875 0.053715370312499996 0.2362066890625 0.10541993281249999 0.2480052078125 0.18123763125 0.263865553125 0.21091089687500003 0.2370918921875 0.2182133765625 0.23104088125
0 0.0541787140625 0.23363706562500003 0.0302022625 0.3780886296875 0.084804328125 0.38530052187499997 0.10391246093749999 0.24488296250000002 0.0541787140625 0.23363706562500003
0 0.72647470625 0.5355311984375 0.7080583828125 0.6491472734375 0.905139990625 0.7044093625000001 0.921122153125 0.5928102859375 0.72647470625 0.5355311984375
0 0.727982178125 0.5386534421875 0.5303197859375001 0.47512986250000006 0.5164258796875 0.598112675 0.7060875671875 0.648594653125 0.727982178125 0.5386534421875
0 1 0.605745496875 0.9215854968749999 0.5902406640625 0.905139990625 0.7044093625000001 0.9988124734375001 0.736074409375 1 0.7288309187500001 1 0.605745496875
0 0.9983491296875 0.7386440359375 0.9007350140625 0.70587374375 0.8812745640624999 0.8137979515625 0.9802787109375 0.8388593703125 0.9983491296875 0.7386440359375
0 0.9011983578124999 0.7033041203125 0.7085217265625 0.64657765 0.6911495328124999 0.765885596875 0.879303746875 0.8132453312499999 0.9011983578124999 0.7033041203125
0 0.7060875671875 0.648594653125 0.511557559375 0.6021466796875 0.4967369640625 0.7302687406249999 0.6896420609375 0.7627633515625 0.7060875671875 0.648594653125
0 0.511094215625 0.6047163046875 0.30323184062499997 0.5518303609374999 0.2869037734375 0.676830175 0.49812699687500006 0.7225598671875 0.511094215625 0.6047163046875
0 0.5289297546875 0.482838734375 0.31515493125 0.42829492968749994 0.30323184062499997 0.5518303609374999 0.513528375 0.6026993 0.5289297546875 0.482838734375
0 0.316662403125 0.43141717343749997 0.0867751453125 0.3858531421875 0.0748520546875 0.5093885734375 0.303695184375 0.5492607375 0.316662403125 0.43141717343749997
0 0.0867751453125 0.3858531421875 0.030665606249999998 0.3755190046875 0.01596114375 0.4570673515625 0.017456584375 0.49989118125000004 0.0733445828125 0.5062663296875 0.0867751453125 0.3858531421875
0 0.028498401562499998 0.6286687 0.0545823546875 0.6332831453125001 0.07509976406249999 0.622838990625 0.0871402953125 0.510134675 0.0173899078125 0.49798181562500005 0.021032053125 0.6022792 0.0306976828125 0.6049894625000001 0.028498401562499998 0.6286687
0 0.1524377671875 0.7336097640625 0.16541140000000001 0.6616602921875 0.1353858140625 0.6559406015625 0.0753346453125 0.6445012250000001 0.0706947890625 0.6243033734375001 0.057016515625 0.63126614375 0.032440034374999996 0.6297739421874999 0.024111134375000003 0.6904525359375 0.025435287499999997 0.728371325 0.11789617968749999 0.76441743125 0.1524377671875 0.7336097640625
0 0.20591034062500002 0.9537691265625 0.22410461406249998 0.9102789984375 0.24101346562499998 0.7935406765625 0.1582391890625 0.7703306015625 0.1544085828125 0.734162384375 0.1159253625 0.763864809375 0.025428331250000002 0.7281721250000001 0.0315717765625 0.9040973937500001 0.06992403124999999 0.9156382875 0.20591034062500002 0.9537691265625
0 0.151511078125 0.7387490125 0.162180821875 0.77143584375 0.2922546828125 0.80790881875 0.31588523125 0.6768579953125 0.1801338 0.6603893890625 0.1634405828125 0.6611076703125 0.151511078125 0.7387490125
0 0.0738271734375 0.6413789796875 0.28783046093750003 0.6716909281250001 0.30323184062499997 0.5518303609374999 0.08273531875 0.5115990578125 0.0738271734375 0.6413789796875
0 0.4499007234375 0.7144362156249999 0.31495854218749997 0.6819972437499999 0.2912105546875 0.8022169515625001 0.42905024062499997 0.8300692937499999 0.4499007234375 0.7144362156249999
0 0.28021415312500003 0.9206131359375 0.2922546828125 0.80790881875 0.24101346562499998 0.7935406765625 0.22410461406249998 0.9102789984375 0.28021415312500003 0.9206131359375
0 0.4285868953125 0.8326389203125 0.2927180265625 0.8053391953125001 0.2777799921875 0.9226301390625 0.4110972609375 0.9411157484375 0.4285868953125 0.8326389203125
0 0.4499007234375 0.7144362156249999 0.42905024062499997 0.8300692937499999 0.557616628125 0.8634200265624999 0.57893045625 0.745217325 0.4499007234375 0.7144362156249999
0 0.5595874453125 0.8639726484375 0.42905024062499997 0.8300692937499999 0.4106339171875 0.9436853718749999 0.5396636499999999 0.9744664796875 0.5595874453125 0.8639726484375
0 0.5354915640625 1 0.541634465625 0.9750191015624999 0.4097072296875 0.9488246203124999 0.42176700624999997 0.973802578125 0.48332564843750003 0.9883642015625 0.48188707500000005 1 0.5354915640625 1
0 0.7069160609375 0.7703065640625 0.580901271875 0.7457699453125 0.557616628125 0.8634200265624999 0.6822413859375 0.8956655187499999 0.7069160609375 0.7703065640625
0 0.661414953125 1 0.6827047296875 0.89309589375 0.5591241 0.866542271875 0.541634465625 0.9750191015624999 0.6478916765625 1 0.661414953125 1
0 0.6584731421875001 1 0.541634465625 0.9750191015624999 0.5355556406249999 1 0.6584731421875001 1
0 0.827135840625 0.8040164359374999 0.7069160609375 0.7703065640625 0.6822413859375 0.8956655187499999 0.8023437265625001 0.9185442734375 0.827135840625 0.8040164359374999
0 0.9463114921875 0.832034440625 0.8286433140625 0.80713868125 0.8003729093749999 0.9179916531250001 0.917577746875 0.9454570375 0.9463114921875 0.832034440625
0 0.9802787109375 0.8388593703125 0.94584815 0.8346040640625001 0.917114403125 0.9480266593750001 0.95699406875 0.9565094546875 0.9802787109375 0.8388593703125
0 0.9488671421875001 1 0.9545599078125001 0.9585264562500001 0.917114403125 0.9480266593750001 0.9066344781250001 1 0.9488671421875001 1
0 0.9067515625 1 0.9151435859375001 0.9474740390624999 0.7979387499999999 0.9200086578125 0.7865531 1 0.9067515625 1
0 0.7897264265625 1 0.803387853125 0.92423614375 0.6787630984375 0.8919906515625 0.659302646875 0.999914859375 0.6597399109375 1 0.7897264265625 1
0 0.549970209375 0.0676092484375 0.56097944375 0.0410012484375 0.552552115625 0.0386382078125 0.40694971874999997 0.028456696875 0.40621807656250003 0.0380990421875 0.549970209375 0.0676092484375
0 0.56097944375 0.0410012484375 0.554492625 0.0769759828125 0.693493878125 0.1213513140625 0.700907384375 0.0802373296875 0.56097944375 0.0410012484375
0 0.7028782015624999 0.08078995 0.6924497515625 0.11565944218749999 0.8191627640625001 0.159288671875 0.8270396124999999 0.11560506562499999 0.7028782015624999 0.08078995