0 0.0495451359375 0 0.0422615015625 0.0417406484375 0.269465225 0.0697626203125 0.2829911546875 0 0.0495451359375 0
0 0.2949822734375 0 0.2901384234375 0.0774169890625 0.668588771875 0.12157347968750001 0.6878488171875 0 0.2949822734375 0
0 0.69983831875 0 0.679912584375 0.1254762578125 0.6649579015625 0.16531328750000002 0.7475657765625 0.1276207484375 0.8119376968750001 0.1371032703125 0.916204325 0.1587476671875 0.9859867156250001 0.1713022796875 0.9965177859375001 0.020700950000000003 0.7261643921875 0 0.69983831875 0
0 0.047806875 0.055825960937499995 0.037610145312499996 0.21745578281250003 0.4485519375 0.24740372812500003 0.462580984375 0.098210190625 0.2881639984375 0.07726580937500001 0.269465225 0.0697626203125 0.0417387609375 0.044736334375 0.047806875 0.055825960937499995
0 0.4662684640625 0.1000103984375 0.45078773125 0.246057065625 0.634409265625 0.2601169609375 0.656742221875 0.120666390625 0.4662684640625 0.1000103984375
0 0.6417842281249999 0.2637173734375 0.711150475 0.26751088749999996 0.8754339671875 0.28919720625 0.9144912703125 0.157098640625 0.8079888453124999 0.13680090625000002 0.7475657765625 0.1276207484375 0.6649579015625 0.16531328750000002 0.6417842281249999 0.2637173734375
0 0.8737209125 0.28754818125 0.9766825546875 0.3043579765625 0.9860210437499999 0.1708113703125 0.9164656953125 0.1572498234375 0.8737209125 0.28754818125
0 0.2464297640625 0.385230690625 0.2626946078125 0.23469049375 0.033399925000000004 0.21865126406250002 0.0185334703125 0.2235843640625 0.011879384375 0.3763783125 0.2464297640625 0.385230690625
0 0.6203269203125 0.26055653125 0.4482905671875 0.24890156874999997 0.2644076625 0.23633951875 0.245907025 0.3882263765625 0.605485459375 0.391473590625 0.6203269203125 0.26055653125
0 0.618613865625 0.25890750625000003 0.607459884375 0.391624771875 0.6639341015625 0.40050256875 0.935620659375 0.42585916562500004 0.9765358531249999 0.30604570937500003 0.8709623765625001 0.291890528125 0.7089146796875 0.26885755 0.618613865625 0.25890750625000003
0 0.9680457328125 0.4278702890625 0.976159340625 0.3118402921875 0.9328621234375 0.43020151249999994 0.9680457328125 0.4278702890625
0 0.4076650453125 0.389987190625 0.2464297640625 0.385230690625 0.01530549375 0.3796763609375 0.0202082828125 0.512105234375 0.3924173765625 0.5117660093749999 0.4076650453125 0.389987190625
0 0.407926415625 0.3884893484375 0.3943918015625 0.5119171921875 0.575109965625 0.5196833515625 0.5970650187500001 0.39386455 0.407926415625 0.3884893484375
0 0.6017064390625 0.527791265625 0.7632030890625 0.5310499234375 0.7974109015625 0.41527645 0.665908528125 0.40065375000000003 0.5968036484375 0.39536239218749997 0.575109965625 0.5196833515625 0.6017064390625 0.527791265625
0 0.795697846875 0.41362742499999994 0.7646547765625 0.534196790625 0.9537933796875 0.5395719921875 0.965425 0.465348496875 0.9681184999999999 0.42682966875000006 0.933907603125 0.4242101421875 0.795697846875 0.41362742499999994
0 0 0.64117064375 0.193576478125 0.642254940625 0.20618214531249998 0.51268454375 0.0221827078125 0.512256415625 0.0174214453125 0.4936775765625 0 0.5041708390624999 0 0.64117064375
0 0.3791441328125 0.6336960109375 0.5436606890625 0.631114478125 0.5612889890625 0.5186250796875 0.3924173765625 0.5117660093749999 0.22816219218749997 0.5128496984375001 0.21779231875 0.6410734359375 0.3791441328125 0.6336960109375
0 0.8458642609375 0.6421113484375 0.8779811171875 0.5383206171875 0.7629417203125 0.5325477656250001 0.6056552890625 0.5280936296875 0.5570787687500001 0.519820559375 0.5453737453125 0.6327635015624999 0.8458642609375 0.6421113484375
0 0.9364264484374999 0.6505635468750001 0.955506434375 0.5412210171875 0.877719746875 0.539818459375 0.84560289375 0.6436091921875 0.8828556000000001 0.6479794859375 0.9364264484374999 0.6505635468750001
0 0 0.7770052749999999 0.3504816953125 0.763554796875 0.3732208578125 0.633242465625 0.21779231875 0.6410734359375 0.193576478125 0.642254940625 0 0.645185940625 0 0.7770052749999999
0 0.5552458703125 0.6335194093750001 0.3791441328125 0.6336960109375 0.352717490625 0.7622081359374999 0.54156641875 0.746311171875 0.5552458703125 0.6335194093750001
0 0.5568390812499999 0.7505163109375 0.7124124562499999 0.753321425 0.7443844734375 0.6388946125 0.5552458703125 0.6335194093750001 0.5413050484374999 0.7478090140625 0.5568390812499999 0.7505163109375
0 0.7163613062499999 0.7536237875 0.91943741875 0.7479233359374999 0.9344520234375 0.650412365625 0.8803584359375 0.650823990625 0.84757731875 0.6437603734375 0.7424100484375 0.63874343125 0.7163613062499999 0.7536237875
0 0.9032324984375 0.84078959375 0.91943741875 0.7479233359374999 0.8141536171875 0.75504031875 0.786741415625 0.8318698765624999 0.814789575 0.8431246578125 0.9032324984375 0.84078959375
0 0.5488531531249999 0.784815515625 0.5375859515625 0.8264527546875 0.5293103484375 0.8394797953124999 0.790167528125 0.835167925 0.8109888749999999 0.750244425 0.7163613062499999 0.7536237875 0.546444215625 0.7527560890625 0.5488531531249999 0.784815515625
0 0.351265803125 0.75906126875 0.1913656765625 0.7695855593750001 0.1867742421875 0.887626759375 0.5120915671875 0.85789348125 0.5277737484375 0.7680229062499999 0.524725540625 0.751093090625 0.351265803125 0.75906126875
0 0 0.879396884375 0.0356724546875 0.8821283234375 0.1683368375 0.8786257281250001 0.1809708109375 0.7718253374999999 0 0.7801722468750001 0 0.879396884375
0 0 0.9552896828125 0.2891513609375 0.9774299921875 0.3029756484375 0.8752743140625 0.18822592656249998 0.8907736265624999 0.1683368375 0.8786257281250001 0.0336980296875 0.8819771421875 0 0.8824330421875001 0 0.9552896828125
0 0.48694346875 0.956146384375 0.4977478515625 0.8598308937500001 0.318509678125 0.877981609375 0.307443925 0.975794940625 0.471292903125 0.9655730140625 0.48694346875 0.956146384375
0 0.656977090625 0.9448801578125 0.68067350625 0.8434803859375 0.679744559375 0.8373378328125 0.5310234031250001 0.84112881875 0.5120915671875 0.85789348125 0.49681559374999995 0.9569022921875 0.656977090625 0.9448801578125
0 0.6816024515625 0.849622940625 0.656977090625 0.9448801578125 0.8872889484375 0.932158009375 0.9034938671875 0.8392917515624999 0.8150509453125 0.841626815625 0.7909516359375 0.830674396875 0.683693409375 0.837640196875 0.6816024515625 0.849622940625
0 0.7847636796875 0.9349326453125 0.7746183015625 0.9754262468749999 0.8802752093749999 0.9723519453125 0.8878116859375 0.9291623234375 0.7847636796875 0.9349326453125
0 0.653028240625 0.9445777953125001 0.5089235140625 0.956311540625 0.5012841171875 0.9833794593749999 0.7716496390625001 0.9755126265625 0.780553459375 0.936128125 0.653028240625 0.9445777953125001
0 0.469057109375 0.9669196734375 0.3054695 0.975643759375 0.3108700359375 0.979092990625 0.40386929531250004 0.986213940625 0.48779445312499997 0.98377196875 0.4960314828125 0.961395821875 0.469057109375 0.9669196734375
0 0 0.43335712656250003 0.001947334375 0.4332963421875 0.015362103125000002 0.42521637500000004 0.0135924390625 0.37802733593750004 0.0108056 0.35959967656249997 0 0.3564219203125 0 0.43335712656250003
0 0 0.49182293125000004 0.0176828140625 0.4921797328125 0.015506942187500001 0.43585245468749995 0.0016859671875 0.43479418281250004 0 0.4347568 0 0.49182293125000004