0 0 0.4862005640625 0.0420865421875 0.472236228125 0 0.385252178125 0 0.4862005640625
0 0 0.3763925921875 0.0430743015625 0.4765485 0.1829135421875 0.4306486984375 0.13402399375000001 0.28102732812500003 0.192869815625 0.25531557656250004 0.1089372796875 0.271788921875 0 0.322113559375 0 0.3763925921875
0 0.3663894734375 0.3929214546875 0.31154921562500004 0.2082043421875 0.292035640625 0.21418003125 0.13402399375000001 0.28102732812500003 0.186864575 0.4478977859375 0.34396093906249997 0.404404553125 0.3663894734375 0.3929214546875
0 0.5888925546875 0.3432428359375 0.5525056390625 0.1205714265625 0.514112834375 0.1261755375 0.3147934265625 0.20413435781249997 0.3702921875 0.39172631875 0.5758915578125 0.3503006640625 0.5888925546875 0.3432428359375
0 0.8724678515625 0 0.554456996875 0.1199738578125 0.5882582078125 0.3495901 0.901206403125 0.28452027343749997 0.90703631875 0.27350545625 0.897871771875 0.0055796359375 0.8851653531249999 0 0.8724678515625 0
0 0.8992924359375 0 0.9099512750000001 0.2679980484375 0.9707726125 0.2509108375 0.9132995968750001 0 0.8992924359375 0
0 0.90703631875 0.27350545625 0.9151406281250001 0.5094526703125 0.9966245125000001 0.5044214765625 0.9974225140625 0.367256728125 0.9714311171875 0.2537856875 0.90703631875 0.27350545625
0 0.8940532640625 0.5359075734375 0.9090056203125 0.528252175 0.914811375 0.5080152453125 0.905767625 0.286199984375 0.5830626421875 0.3542576546875 0.575939875 0.36874488906249997 0.6154985234375 0.5596799765625 0.8940532640625 0.5359075734375
0 0.9254289124999999 0.7093512875 0.9954320015624999 0.7093967984375 0.99661265625 0.5064593671875001 0.9200311015624999 0.5125698015625 0.9254289124999999 0.7093512875
0 0.9259997546875001 0.8030098328124999 0.9150467499999999 0.8463585421875001 0.9947772296874999 0.8219424890625 0.99541718125 0.71194421875 0.9280387749999999 0.7116285671875 0.9259997546875001 0.8030098328124999
0 0.8940532640625 0.5359075734375 0.6158277765625 0.5611174015625 0.6439108953125 0.7201868765625 0.8639490703125 0.72356365 0.91179356875 0.72275638125 0.9230999859375 0.690067209375 0.9187382484375 0.51604221875 0.9093348734375001 0.5296895984375001 0.8940532640625 0.5359075734375
0 0.669994340625 0.8614096984374999 0.8337240796875 0.865109165625 0.9130953937499999 0.846956109375 0.926416671875 0.713663559375 0.9078908531250001 0.7239515203125 0.6445694015625001 0.7230617234375 0.669994340625 0.8614096984374999
0 0.67032359375 0.8628471203125001 0.6691756953125 0.9216522109374999 0.8447978781250001 0.8678710171875 0.67032359375 0.8628471203125001
0 0 0.5711142234375 0.0105687 0.6172541625 0.08573220625 0.60808093125 0.1039287703125 0.5963555484375 0.038842332812500005 0.4763062140625 0 0.48715126093750005 0 0.5711142234375
0 0.17609586875 0.43735124531249997 0.045025657812499995 0.47595093281249995 0.105575034375 0.6035426671875 0.217814334375 0.583015628125 0.2291932265625 0.5779927921875 0.17609586875 0.43735124531249997
0 0.340058225 0.405599690625 0.18524246875 0.449932778125 0.23347351249999998 0.5966793015625 0.402984846875 0.570919728125 0.366084378125 0.4007061453125 0.340058225 0.405599690625
0 0.575939875 0.36874488906249997 0.582404134375 0.35138280625 0.37323130312499997 0.3954410203125 0.3683649890625 0.401546 0.4042776984375 0.5674473109375 0.6102546390625 0.5459033062499999 0.575939875 0.36874488906249997
0 0.0636087671875 0.611779340625 0.0105687 0.6172541625 0.036908921875 0.732248071875 0.1085231234375 0.7349295140625001 0.12410982500000001 0.7209268515625 0.0792437859375 0.6162209015625 0.0636087671875 0.611779340625
0 0.129658803125 0.7269188328125 0.25494741875 0.7177781890625 0.2184728390625 0.5858904765624999 0.0841101 0.6101159234375 0.129658803125 0.7269188328125
0 0.3873739859375 0.5757002796874999 0.2259973359375 0.6005070015625 0.258545040625 0.724367740625 0.4265067453125 0.7283094953125 0.386081134375 0.5791726953125 0.3873739859375 0.5757002796874999
0 0.62571433125 0.731912259375 0.64424015 0.7216243015625 0.6158277765625 0.5611174015625 0.6105838921875 0.54734073125 0.406558309375 0.5682871671874999 0.3864103859375 0.5806101203125 0.429116609375 0.730586775 0.62571433125 0.731912259375
0 0.6283241937499999 0.7341895390625 0.44604447968749994 0.73155591875 0.4687870796875 0.839960278125 0.6621405921875 0.8453557500000001 0.6452279078125 0.7259365734375 0.6283241937499999 0.7341895390625
0 0.664943728125 0.9214099250000001 0.667031065625 0.848472884375 0.4626037546875 0.8403155609375 0.483419153125 0.9585395999999999 0.5107124765625 0.9608596734375 0.5511499765625001 0.957795503125 0.663321621875 0.9234449171874999 0.664943728125 0.9214099250000001
0 0.1286952046875 0.731828675 0.12867104375 0.7226065609375001 0.1085231234375 0.7349295140625001 0.0372381734375 0.7336854953125 0.074579715625 0.8237749203125 0.1637561359375 0.8210782421875 0.1286952046875 0.731828675
0 0.25755728125 0.72005546875 0.13325642499999998 0.7335083828125 0.1699636203125 0.829945071875 0.2848611015625 0.8301395359375 0.25755728125 0.72005546875
0 0.44832509062500003 0.732395775 0.26409401875 0.730359721875 0.2878002171875 0.8338542390624999 0.466835721875 0.8405578453125001 0.44832509062500003 0.732395775
0 0.4564204296875 0.8406708421875001 0.309289309375 0.8365030953125 0.33233700312500003 0.9371227640625 0.4798456921875 0.961172159375 0.4564204296875 0.8406708421875001
0 0.305057340625 0.8362608078125 0.1764761984375 0.8310272140625001 0.2128541421875 0.9260264781249999 0.3297271375 0.9348454875 0.305057340625 0.8362608078125
0 0.169305115625 0.8270702249999999 0.0736161171875 0.828684759375 0.11255560625000001 0.9075170796875 0.20469529999999997 0.9177572187499999 0.169305115625 0.8270702249999999