0 0 0.37394455937500004 0.0613947 0.38330271875 0.07476566875 0.3807275546875 0.09046975625 0.1755250765625 0.1039510109375 0.053022257812499994 0.10600020624999999 0.008652720312499999 0.0337424578125 0.0027543734375 0 0.224123575 0 0.37394455937500004
0 0.09046975625 0.1755250765625 0.07476566875 0.3807275546875 0.1349604953125 0.39451606875 0.2016032515625 0.4000609203125 0.21175025781249998 0.40160758906250005 0.22042101875000003 0.310664265625 0.22935479218750002 0.2520537734375 0.2345894875 0.1836529453125 0.24510978749999998 0.0976047890625 0.249445165625 0.052133128125 0.2526119234375 0.020620531249999997 0.10600020624999999 0.008652720312499999 0.1039510109375 0.053022257812499994 0.09046975625 0.1755250765625
0 0.3480476296875 0.42699612187499997 0.35423255 0.38641962812499997 0.36454075 0.3187921359375 0.37574826093749997 0.2282354796875 0.384206921875 0.155712821875 0.3965767609375 0.07455983125 0.4029282203125 0.0328907421875 0.2601522328125 0.021236040625 0.2186732984375 0.40727609062500003 0.3480476296875 0.42699612187499997
0 0.3867436734375 0.1560994875 0.3782850140625 0.228622146875 0.3670775 0.319178803125 0.35676930156250003 0.3868062953125 0.353121134375 0.4277694578125 0.414003171875 0.4370494734375 0.478109175 0.44220765625 0.5014744265625 0.2889186734375 0.5129449515625 0.2306948484375 0.5411206953125001 0.0458463703125 0.5174603953125 0.042239921875 0.40549200937499996 0.0331000234375 0.3991135125 0.0749464984375 0.3867436734375 0.1560994875
0 0.627777521875 0.4650210265625 0.6849180390625 0.19232256406249998 0.7005118421875001 0.107047740625 0.7060095484375 0.0709797453125 0.566488209375 0.049713043750000005 0.54460766875 0.07405736874999999 0.493490878125 0.3753534984375 0.511774159375 0.4427258296875 0.627777521875 0.4650210265625
0 0.8379206312499999 0.0910864453125 0.7085462984374999 0.0713664125 0.6316887 0.45639069374999996 0.637924528125 0.4665676953125 0.7495415999999999 0.48358105625 0.8379206312499999 0.0910864453125
0 0.8404573843750001 0.0914731125 0.7546151015625 0.48435439062499996 0.8662321734375 0.5013677515625 0.9647582124999999 0.110419809375 0.8404573843750001 0.0914731125
0 0.868768925 0.5017544203125001 0.96451418125 0.5163485 0.9972456265625 0.11537174218749999 0.9672949624999999 0.110806478125 0.868768925 0.5017544203125001
0 0 0.7649011265625 0.11343631875 0.774134865625 0.15271775625 0.397222740625 0.1349604953125 0.39451606875 0.07476566875 0.3807275546875 0.0613947 0.38330271875 0 0.37394455937500004 0 0.7649011265625
0 0.1577912609375 0.3979960765625 0.116660284375 0.7700130328125 0.23588760937500003 0.788186396875 0.28716559375 0.41771610781249996 0.2186732984375 0.40727609062500003 0.21175025781249998 0.40160758906250005 0.20414000312499997 0.4004475875 0.1577912609375 0.3979960765625
0 0.35819463749999997 0.42854279218749997 0.3480476296875 0.42699612187499997 0.2915518828125 0.4229979421875 0.24418507812499998 0.7848379015625 0.441576590625 0.8010857828125 0.5034766921875 0.44607432812500003 0.4928036640625 0.379861996875 0.478109175 0.44220765625 0.4165399234375 0.4374361390625 0.35819463749999997 0.42854279218749997
0 0.627777521875 0.4650210265625 0.511774159375 0.4427258296875 0.5034766921875 0.44607432812500003 0.44548776874999996 0.7924554515625 0.6274466734375 0.824803996875 0.6308827390625 0.8022614984375 0.70134331875 0.476234378125 0.637924528125 0.4665676953125 0.6316887 0.45639069374999996 0.627777521875 0.4650210265625
0 0.6382808921875001 0.8218421656249999 0.743662134375 0.8286785265625 0.82057064375 0.494407740625 0.70134331875 0.476234378125 0.6301955265625 0.8067699984375001 0.6382808921875001 0.8218421656249999
0 0.7468860984375 0.82455669375 0.7563458921875 0.8306118625 0.91499891875 0.8455682359375001 0.92900619375 0.787731078125 0.9577600796875 0.5990896625000001 0.96451418125 0.5163485 0.82057064375 0.494407740625 0.7468860984375 0.82455669375
0 0 0.9782801421875 0.019568045312499997 0.981262825 0.0384960953125 0.7719385125 0 0.7675516890625 0 0.9782801421875
0 0.1516398578125 1 0.17754232187500002 0.7792930484375 0.116660284375 0.7700130328125 0.1108995671875 0.7737481984375 0.048643103124999997 0.7734851828125 0.02971505 0.9828094937499999 0.1424942953125 1 0.1516398578125 1
0 0.276051903125 1 0.305067115625 0.794117915625 0.24418507812499998 0.7848379015625 0.23588760937500003 0.788186396875 0.182615825 0.780066384375 0.1568041203125 1 0.276051903125 1
0 0.3938569578125 1 0.40917575 0.9114782671875 0.42566886875 0.8032742781250001 0.30829108125000004 0.7899960828125 0.2810065140625 1 0.3938569578125 1
0 0.5337657265625 1 0.5716381359375 0.8162973171875001 0.4498740578125 0.7977372859375 0.41471725312499996 1 0.5337657265625 1
0 0.652936840625 1 0.6922398890625 0.8254536796874999 0.6382808921875001 0.8218421656249999 0.6327322765625001 0.8071566656250001 0.6274466734375 0.824803996875 0.5741748890625 0.8166839828124999 0.53638219375 1 0.652936840625 1
0 0.7622808796875 1 0.8020074203125 0.8375718734375001 0.7563458921875 0.8306118625 0.7468860984375 0.82455669375 0.743662134375 0.8286785265625 0.694776640625 0.825840346875 0.6555606593750001 1 0.7622808796875 1
0 0.8636731624999999 1 0.8901574234374999 0.9063672265625 0.9048519109375001 0.8440215671875 0.8045441734375001 0.8379585421875 0.764912203125 1 0.8636731624999999 1