0 0.4347222234375 0.14375 0.41527777656250003 0.1041666671875 0.0013888890625 0.1270833328125 0 0.4265625 0.4625 0.3885416671875 0.4347222234375 0.14375
0 0.4847222234375 0.5791666671875 0.4625 0.3895833328125 0.0013888890625 0.4291666671875 0 0.5416666671875 0.0416666671875 0.6145833328125 0.4847222234375 0.5791666671875
0 0.4861111109375 0.6125 0.4763888890625 0.5833333328125 0.0416666671875 0.6166666671875001 0.0958333328125 0.7458333328125 0.4916666671875 0.7208333328125 0.4861111109375 0.6125
0 0.1041666671875 0.746875 0.15555555625 0.8666666671875 0.51944444375 0.8447916671875 0.4972222234375 0.721875 0.1041666671875 0.746875
0 0.98055555625 0.36666666718749996 0.95 0.3385416671875 0.4888888890625 0.375 0.48194444374999995 0.396875 0.5 0.5791666671875 0.9333333328125001 0.553125 0.98055555625 0.36666666718749996
0 0.9333333328125001 0.55625 0.5041666671875 0.5791666671875 0.4972222234375 0.5520833328125 0.4916666671875 0.590625 0.50555555625 0.71875 0.8972222234375 0.7072916671875 0.9333333328125001 0.55625
0 0.9069444437499999 0.7083333328125 0.5152777765625001 0.7177083328125 0.5041666671875 0.7291666671875 0.5319444437499999 0.8520833328125 0.8791666671874999 0.8270833328125 0.9069444437499999 0.7083333328125
0 0.46666666718750005 0.1822916671875 0.725 0.1760416671875 0.7277777765625 0.10729166718750001 0.66944444375 0.0875 0.45 0.09895833281250001 0.4402777765625 0.1041666671875 0.4388888890625 0.1302083328125 0.44166666718750003 0.14791666718750002 0.46666666718750005 0.1822916671875
0 0.7236111109375 0.178125 0.46805555625000006 0.1895833328125 0.4513888890625 0.1604166671875 0.4527777765625 0.2166666671875 0.48333333281249996 0.2510416671875 0.7236111109375 0.2427083328125 0.7236111109375 0.178125
0 0.7222222234375 0.246875 0.4847222234375 0.2552083328125 0.4513888890625 0.2208333328125 0.4583333328125 0.2708333328125 0.48333333281249996 0.315625 0.7180555562500001 0.3010416671875 0.7222222234375 0.246875
0 0.7180555562500001 0.3010416671875 0.4875 0.321875 0.4583333328125 0.278125 0.4583333328125 0.3260416671875 0.48055555625 0.375 0.7138888890625 0.3583333328125 0.7180555562500001 0.3010416671875
0 0.9958333328125001 0.165625 0.9861111109375 0.1541666671875 0.7375 0.1666666671875 0.7361111109375 0.23854166718749997 0.98194444375 0.22291666718749997 0.9958333328125001 0.165625
0 0.9680555562500001 0.2864583328125 0.98055555625 0.22395833281250002 0.7333333328125 0.23854166718749997 0.7291666671875 0.23333333281250002 0.7208333328125 0.296875 0.7361111109375 0.30416666718749996 0.9680555562500001 0.2864583328125
0 0.9708333328125001 0.284375 0.73055555625 0.30416666718749996 0.7208333328125 0.2958333328125 0.7152777765625 0.3572916671875 0.95 0.3375 0.9708333328125001 0.284375
0 0.9138888890624999 0.06979166718749999 0.9152777765625 0.0427083328125 0.8777777765625 0.0354166671875 0.75555555625 0.0427083328125 0.7513888890625 0.05208333281250001 0.7513888890625 0.07291666718749999 0.7736111109375 0.0791666671875 0.9138888890624999 0.06979166718749999
0 0.9979166671874999 0.0703125 0.93194444375 0.060416667187499995 0.9152777765625 0.060416667187499995 0.9097222234375 0.071875 0.8708333328125001 0.07291666718749999 0.8652777765625 0.103125 0.9958333328125001 0.0927083328125 0.9979166671874999 0.0703125
0 0.8652777765625 0.103125 0.8625 0.128125 0.9847222234374999 0.1208333328125 0.9916666671875 0.09895833281250001 0.8652777765625 0.103125
0 0.85694444375 0.1291666671875 0.8597222234374999 0.1572916671875 0.9763888890624999 0.1520833328125 0.9875 0.12291666718750001 0.85694444375 0.1291666671875
0 0.8611111109375 0.10625 0.73194444375 0.1135416671875 0.7347222234374999 0.1385416671875 0.8583333328125 0.13229166718750002 0.8611111109375 0.10625
0 0.8583333328125 0.1364583328125 0.7333333328125 0.1375 0.7291666671875 0.165625 0.8583333328125 0.159375 0.8583333328125 0.1364583328125
0 0.6638888890625 0.0822916671875 0.7333333328125 0.10729166718750001 0.7333333328125 0.1145833328125 0.8652777765625 0.10625 0.8625 0.0770833328125 0.775 0.08125 0.7388888890625 0.0625 0.6736111109375 0.07291666718749999 0.6638888890625 0.0822916671875