0 0.6435233140625 0.01839894375 0.6520342296875 0.1985644265625 0.99879343125 0.256280484375 0.998048321875 0.07643130625 0.8259817515625001 0.0280101578125 0.6435233140625 0.01839894375
0 0.1498257640625 0.142145546875 0.6616654203125 0.203315953125 0.6434662624999999 0.0216660546875 0.3450529515625 0.008031196875 0.0106516734375 0.0002479203125 0.0076876484375 0.169987784375 0.1498257640625 0.142145546875
0 1 0.2573291296875 0.681079940625 0.20410671093750002 0.6789898046875 0.435061528125 1 0.4461399703125 1 0.2573291296875
0 0.0076092984375 0.1744746140625 0.0032413 0.42461541406250003 0.175925575 0.4276492921875 0.6848331765625 0.43420972031250005 0.683040409375 0.2030967515625 0.159590075 0.1392738171875 0.0076092984375 0.1744746140625
0 0.6110009562500001 0.43447194375000003 0.6289148609375 0.6324573906250001 0.661881509375 0.635979753125 0.9829817390625 0.605465828125 0.9974449546875 0.44476287656249996 0.6110009562500001 0.43447194375000003
0 0 0.6638091546875 0.116810690625 0.6976942968750001 0.6307612296875 0.63798165 0.6129994578125 0.431283909375 0.187593303125 0.42703471249999997 0.00316295 0.42910224531249996 0 0.61023395 0 0.6638091546875
0 0.626897340625 0.6367344593750001 0.635408259375 0.816899940625 0.9452211 0.765219865625 0.9498439390625 0.6117447890625 0.626897340625 0.6367344593750001
0 0.9474668234375001 0.74787435625 0.9901026953125 0.7539701734375 0.9887870781249999 0.6067920921875001 0.94986295625 0.61065575625 0.9474668234375001 0.74787435625
0 0 0.8722836812500001 0.1493243828125 0.949675140625 0.6194963062500001 0.8380480640625001 0.6353512078125 0.8201670515625 0.62883879375 0.6368135359375 0.1148312078125 0.69979329375 0 0.661592346875 0 0.8722836812500001
0 0.9370386453125 0.900023165625 0.9891916078125 0.917404728125 0.993947565625 0.7563063984375 0.9513687421875 0.746943471875 0.9370386453125 0.900023165625
0 0.656315503125 1 0.9367153578125 0.9185367859375001 0.9452401171875 0.764130828125 0.6296219375 0.8144846390625 0.6253586953125 0.8361072203125 0.633710971875 1 0.656315503125 1
0 0.63738013125 1 0.6312210859375 0.834166375 0.1531502359375 0.9531004015625 0 0.8734245078124999 0 0.9868508296874999 0.33249911718749997 1 0.63738013125 1
0 0.9900627906249999 1 0.987212121875 0.919503725 0.9351162109375 0.898855053125 0.944538215625 0.9155859796874999 0.9133418671875001 0.92194401875 0.9090427484375001 1 0.9900627906249999 1
0 0.909294978125 1 0.9153023375 0.920934059375 0.6727737874999999 1 0.909294978125 1