0 0.166625 0.1010416671875 0.16584375 0.22291666718749997 0.27599999999999997 0.2260416671875 0.27599999999999997 0.1020833328125 0.166625 0.1010416671875
0 0.39709374999999997 0.1166666671875 0.38771875 0.0927083328125 0.27599999999999997 0.09895833281250001 0.2775625 0.2260416671875 0.38615625 0.21875 0.39396875 0.23020833281250003 0.39709374999999997 0.1166666671875
0 0.5041249999999999 0.11145833281249999 0.40178125 0.1135416671875 0.39553125 0.2322916671875 0.5056875 0.23125 0.5041249999999999 0.11145833281249999
0 0.62365625 0.10729166718750001 0.616625 0.0802083328125 0.50490625 0.0822916671875 0.50725 0.20625 0.52209375 0.21458333281250003 0.62209375 0.20729166718749997 0.62365625 0.10729166718750001
0 0.81428125 0.0958333328125 0.6431875 0.0947916671875 0.63771875 0.23020833281250003 0.81584375 0.22395833281250002 0.81428125 0.0958333328125
0 0.6330312499999999 0.23958333281250002 0.63225 0.3583333328125 0.81584375 0.359375 0.8205312499999999 0.225 0.6330312499999999 0.23958333281250002
0 0.62209375 0.20729166718749997 0.5088125 0.2125 0.50646875 0.34375 0.626 0.34375 0.62209375 0.20729166718749997
0 0.50490625 0.23125 0.39475 0.2375 0.397875 0.3552083328125 0.50725 0.35208333281250004 0.50490625 0.23125
0 0.39631249999999996 0.3572916671875 0.39084375 0.2260416671875 0.272875 0.22395833281250002 0.272875 0.35 0.3869375 0.3489583328125 0.39631249999999996 0.3572916671875
0 0.27131249999999996 0.225 0.16271875 0.228125 0.16115625 0.3458333328125 0.26975 0.35104166718749996 0.27131249999999996 0.225
0 0.26975 0.35104166718749996 0.15490625 0.35104166718749996 0.15334375 0.47291666718750003 0.26896875 0.4791666671875 0.26975 0.35104166718749996
0 0.39865625 0.48229166718750005 0.39553125 0.3604166671875 0.3838125 0.35104166718749996 0.26896875 0.353125 0.27053125 0.4791666671875 0.38615625 0.475 0.39865625 0.48229166718750005
0 0.50725 0.3572916671875 0.39396875 0.3604166671875 0.397875 0.484375 0.51115625 0.48125 0.50725 0.3572916671875
0 0.6330312499999999 0.3583333328125 0.62834375 0.346875 0.510375 0.3479166671875 0.5119374999999999 0.48020833281249997 0.626 0.47083333281249995 0.6330312499999999 0.3583333328125
0 0.6338125 0.3572916671875 0.63225 0.48333333281249996 0.8166249999999999 0.4947916671875 0.82365625 0.3572916671875 0.6338125 0.3572916671875
0 0.6330312499999999 0.4875 0.6330312499999999 0.6114583328125 0.8244374999999999 0.6208333328125 0.8244374999999999 0.4947916671875 0.6330312499999999 0.4875
0 0.6275625 0.478125 0.510375 0.48229166718750005 0.50959375 0.60625 0.6275625 0.6135416671875 0.6275625 0.478125
0 0.50959375 0.48125 0.39553125 0.48229166718750005 0.39709374999999997 0.60625 0.5041249999999999 0.609375 0.50959375 0.48125
0 0.39553125 0.478125 0.272875 0.48333333281249996 0.26896875 0.6135416671875 0.38849999999999996 0.6145833328125 0.39553125 0.478125
0 0.2650625 0.48229166718750005 0.147875 0.48020833281249997 0.1431875 0.6177083328124999 0.26349999999999996 0.6135416671875 0.2650625 0.48229166718750005
0 0.2650625 0.6166666671875001 0.141625 0.61875 0.13459375 0.7458333328125 0.26037499999999997 0.7541666671875 0.2650625 0.6166666671875001
0 0.26896875 0.6197916671875 0.26428124999999997 0.7510416671875 0.38537499999999997 0.7520833328125 0.391625 0.6125 0.26896875 0.6197916671875
0 0.391625 0.6125 0.38771875 0.7489583328125 0.5119374999999999 0.753125 0.5158437499999999 0.609375 0.391625 0.6125
0 0.5150625 0.6135416671875 0.5181875 0.7489583328125 0.6369374999999999 0.7489583328125 0.6338125 0.6125 0.5150625 0.6135416671875
0 0.63459375 0.6239583328125 0.63771875 0.753125 0.826 0.7583333328124999 0.8275625 0.625 0.63459375 0.6239583328125
0 0.63615625 0.7552083328125 0.63928125 0.8916666671875 0.83303125 0.8989583328125 0.8322499999999999 0.759375 0.63615625 0.7552083328125
0 0.63459375 0.7479166671875 0.510375 0.7541666671875 0.5119374999999999 0.8927083328125001 0.63146875 0.890625 0.63459375 0.7479166671875
0 0.510375 0.753125 0.38537499999999997 0.7552083328125 0.38146874999999997 0.8979166671875 0.5088125 0.9 0.510375 0.753125
0 0.3838125 0.7520833328125 0.26115625 0.7572916671875001 0.25646874999999997 0.8979166671875 0.379125 0.8989583328125 0.3838125 0.7520833328125
0 0.25959374999999996 0.7541666671875 0.1385 0.7510416671875 0.13303125 0.89375 0.25646874999999997 0.9020833328125001 0.25959374999999996 0.7541666671875