0 0.5020981625000001 0 0.48839478593749996 0.0975796890625 0.7823202015625 0.10446624374999999 0.7852001484375 0 0.5020981625000001 0
0 0.2674020140625 0 0.24286707968750001 0.093902715625 0.4412337953125 0.097512546875 0.44800589999999996 0.07587693749999999 0.44506632812499997 0 0.2674020140625 0
0 0.035052809375 0.0863561296875 0.01530330625 0.28671210625 0.168190975 0.2945285203125 0.22491941875000002 0.09555785624999999 0.035052809375 0.0863561296875
0 0.225690878125 0.09557593125 0.1712768046875 0.29460081875 0.37869688749999997 0.3004984140625 0.417987996875 0.0980057296875 0.225690878125 0.09557593125
0 0 0.5357949328125 0.10579197031250001 0.54318181875 0.17019915624999998 0.2976890390625 0.015039978125 0.28938351875 0 0.441962028125 0 0.5357949328125
0 0.17271765625 0.29567240156249996 0.105894034375 0.5421463875 0.33363315312499997 0.5537091609375 0.38358676875 0.3058020953125 0.17271765625 0.29567240156249996
0 0.6118280296874999 0.1004716796875 0.4202003046875 0.0990953859375 0.3824521109375 0.3016242203125 0.59650911875 0.31079078125000004 0.6118280296874999 0.1004716796875
0 0.38486854843749996 0.30064301250000003 0.33440461093749996 0.5537272359375 0.5722747453125 0.5644895515624999 0.5972805765625 0.31080885625 0.38486854843749996 0.30064301250000003
0 0.8097864890625001 0.1082232375 0.6140403390625 0.10156133593750001 0.592958021875 0.3075941125 0.8083538156250001 0.31886768593750003 0.8097864890625001 0.1082232375
0 0.5971785109375001 0.3118442875 0.5761320328124999 0.5645799265625 0.8168838703124999 0.5774854046875 0.81221110625 0.318958059375 0.5971785109375001 0.3118442875
0 0.3311146515625 0.555725796875 0.2751272765625 0.8491556984375 0.544014790625 0.866871675 0.5741238515625 0.5614194078125 0.3311146515625 0.555725796875
0 0.09673860625 0.5408940546875 0.0032109343749999997 0.8386335140625001 0.26915974375 0.8469402359375 0.3311146515625 0.555725796875 0.09673860625 0.5408940546875
0 0 0.8374214515625 0.0017700843750000001 0.83756193125 0.09596714687499999 0.5408759796875 0 0.535653428125 0 0.8374214515625
0 0.5439127265625 0.8679071078125 0.8211842140625001 0.8868573390625001 0.8176102671875001 0.5858050109375 0.5762340984375001 0.56354449375 0.5439127265625 0.8679071078125
0 0.981107515625 0.587809115625 0.8174512 0.5795743437499999 0.8225230015625 0.8889643515625 0.9513515968749999 0.8896787890625 0.981107515625 0.587809115625
0 0.8174512 0.5795743437499999 0.9813708421875 0.585137703125 0.9939279531249999 0.4577475546875 0.9955518703124999 0.318188459375 0.8135498906249999 0.32106507500000003 0.8174512 0.5795743437499999
0 0.80876584375 0.11857755156250001 0.8128804984375 0.3200115671875 0.99561074375 0.3131288921875 0.9979066578125 0.11581853125 0.8101496875 0.11238303593750001 0.80876584375 0.11857755156250001