0 0.036536190625 0.305306625 0.012219098437500001 0.299878159375 0.016708031249999998 0.410044440625 0.052758703124999994 0.40642608124999996 0.036536190625 0.305306625
0 0.052279975 0.4037702453125 0.0166724578125 0.409171409375 0.020993153125 0.515208884375 0.06993867499999999 0.5128572140625 0.052279975 0.4037702453125
0 0.10558174218750001 0.6661051875 0.07041740468749999 0.5155130515625 0.0458296125 0.5125731234375001 0.020882384375 0.512490428125 0.0217980890625 0.5349634062499999 0.0522506625 0.7039046015625 0.10558174218750001 0.6661051875
0 0.0522506625 0.7039046015625 0.0857617015625 0.8898132015625 0.11743164531250001 0.8541878890625 0.07444480625 0.6935653421875 0.05421985625 0.7037069546875 0.0522506625 0.7039046015625
0 0.11791037499999998 0.8568437281250001 0.13419693593749998 0.8470974078125 0.1160052296875 0.7461755953125 0.120476625 0.737615146875 0.10558174218750001 0.6661051875 0.075935271875 0.690711859375 0.11791037499999998 0.8568437281250001
0 0.149356221875 1 0.16404097812500001 0.979296328125 0.153987665625 0.923523746875 0.1361661328125 0.8468997609375 0.121370034375 0.8537925984375001 0.0872521671875 0.8869597203125 0.086719159375 0.8951248765625 0.105623475 1 0.149356221875 1
0 0.771894603125 0.2585385015625 0.7770520671875001 0.3093946984375 0.7871053796874999 0.36516727968749996 0.80876651875 0.36299317656249996 0.791586546875 0.256562046875 0.771894603125 0.2585385015625
0 0.8092452484375 0.36564901562499996 0.7851361859375 0.3653649234375 0.7954511156249999 0.46707731875 0.8230198375000001 0.46431028124999996 0.8092452484375 0.36564901562499996
0 0.8210506437499999 0.464507928125 0.79938950625 0.466682028125 0.8025777765625 0.5177358703125 0.7912413390624999 0.5215775812500001 0.782352825 0.5278774828125 0.787618846875 0.55709169375 0.8116736296875 0.568196778125 0.8342922265625001 0.57133435 0.8210506437499999 0.464507928125
0 0.8289078796875 0.663806915625 0.8422677890625 0.648946565625 0.831844303125 0.568876159375 0.807735240625 0.56859206875 0.788097575 0.5597475296875001 0.7932550390625 0.6106037265625 0.7994242421875 0.655950603125 0.8289078796875 0.663806915625
0 0.8046902625 0.6851648140625 0.8114467484375 0.7115255375 0.8539646281250001 0.7694474671875 0.8507763578124999 0.7183936234375 0.8464677953124999 0.6944910875 0.84407415 0.681211903125 0.8357729218750001 0.668525653125 0.822521565625 0.6617440140624999 0.8028296234375001 0.66372046875 0.8046902625 0.6851648140625
0 0.80642715 0.33889299687499996 0.8517728999999999 0.32352615625 0.8318291078125 0.1795180125 0.7867992546875 0.230003675 0.80642715 0.33889299687499996
0 0.8981303859375 0.30264999531250003 0.9817940078125 0.2996605578125 0.945889321875 0.10047276875 0.8798941703125 0.1125043921875 0.8323078374999999 0.18217385 0.850282434375 0.3263796390625 0.8981303859375 0.30264999531250003
0 0.8254677609375 0.46676847343750005 0.8745890656249999 0.4834693234375 0.8522516296875 0.32618199375 0.8069058796874999 0.34154883593749996 0.8254677609375 0.46676847343750005
0 1 0.40066161093749997 0.9822727375 0.3023163953125 0.900578309375 0.3051081859375 0.8522516296875 0.32618199375 0.8750677953125001 0.48612515937499995 0.9178027875 0.500763109375 1 0.4991875859375 1 0.40066161093749997
0 0.836152865625 0.5927786937499999 0.8851113359375 0.6419425265625 0.87751571875 0.48858335156250005 0.8230198375000001 0.46431028124999996 0.836152865625 0.5927786937499999
0 0.894893259375 0.751820078125 0.8459890671875 0.6918352515625 0.857740184375 0.8015151578124999 0.9173935296875 0.876644425 0.9017040234374999 0.767359809375 0.894893259375 0.751820078125
0 0.895381759375 0.6544311296875 0.8341836718750001 0.5929763390625 0.8432795234375 0.6434372453125 0.8363059265624999 0.6603604953125 0.84066876875 0.6734420359375 0.9012795718750001 0.7538829781249999 0.895381759375 0.6544311296875
0 1 0.49966202343750005 0.9182815156249999 0.503418946875 0.8819328375 0.4908438984375 0.8792135249999999 0.5424906765624999 0.8865475249999999 0.6499100375 0.8983084124999999 0.659545159375 0.936572009375 0.6827435546875 1 0.685316253125 1 0.49966202343750005
0 1 0.6861382765624999 0.9444487859375 0.6819529734375 0.8943700234374999 0.65994045 0.9040976703125001 0.7806389968749999 0.97205224375 0.8684545109374999 1 0.8690029656249999 1 0.6861382765624999
0 1 0.870855525 0.97450016875 0.8709127046875 0.9065455921875 0.7830971859375 0.917872259375 0.8793002609375 0.9744361187499999 0.9817784843749999 1 0.9792126703124999 1 0.870855525
0 0.26848644843749997 0.168462834375 0.2351186984375 0.15018082187499998 0.126867284375 0.15023033125000002 0.028886293750000003 0.1627684453125 0.00866134375 0.1729100578125 0.0149391 0.196614946875 0.0450990375 0.3639326890625 0.27836715624999997 0.3567431828125 0.3034879546875 0.351517953125 0.29450065468750003 0.279415059375 0.26848644843749997 0.168462834375
0 0.26662581093750004 0.14701849218750002 0.27667912031249997 0.20279107187499998 0.30247621874999997 0.357027271875 0.5451658578125 0.33537270937499997 0.51452719375 0.16539912968749998 0.4935076171875 0.1377660859375 0.38036035625000003 0.1328992140625 0.26662581093750004 0.14701849218750002
0 0.6402940171875 0.1068100015625 0.60138885625 0.1134187515625 0.5117090953125001 0.1386431125 0.5155389296874999 0.15988981093750002 0.544154121875 0.340882028125 0.6864148484375 0.3293073875 0.77848825625 0.31736220937500004 0.7781180812499999 0.293064384375 0.7504060703125 0.12820483437500002 0.7391781875000001 0.11040455625000001 0.6402940171875 0.1068100015625
0 0.4225970765625 0.34497089375 0.45259417968750004 0.54475161875 0.5535018234375 0.5373275343749999 0.779426171875 0.5227634546875 0.805504428125 0.5228499 0.7780095265625 0.3147063734375 0.5431966640625 0.33557035625 0.4225970765625 0.34497089375
0 0.0780770703125 0.5580064453125 0.4147007578125 0.5458510484375 0.449667528125 0.539637590625 0.4416919640625 0.4620253765625 0.42355453593750003 0.3502825703125 0.3895995 0.35098670625 0.303966684375 0.3541737921875 0.279857621875 0.3538897 0.0450990375 0.3639326890625 0.0780770703125 0.5580064453125
0 0.3207124328125 0.5471728765625 0.08004626406250001 0.5578088 0.12143408281250001 0.7429268203125 0.348315890625 0.7336744140625 0.35672567499999996 0.724718675 0.3207124328125 0.5471728765625
0 0.580147821875 0.718517396875 0.549563434375 0.537722825 0.41076236875000005 0.5462463390625001 0.3207124328125 0.5471728765625 0.354223475 0.733081478125 0.4851477625 0.7253485484375 0.580147821875 0.718517396875
0 0.5796690921875001 0.7158615625 0.80953183125 0.700902190625 0.7769782484375 0.5203052625 0.551532628125 0.5375251796875 0.5796690921875001 0.7158615625
0 0.1544663953125 0.9261795859375 0.47342161093749996 0.904982003125 0.496844603125 0.8458494468750001 0.47727098593750006 0.7261391296874999 0.44576387500000003 0.7293014578125 0.1174956953125 0.7433221109375 0.1544663953125 0.9261795859375
0 0.8060721703124999 0.70395331875 0.4792401796875 0.7259414843750001 0.506897915625 0.901622028125 0.8356991015625 0.8794362171874999 0.8060721703124999 0.70395331875
0 0.4057464109375 1 0.388267521875 0.910824921875 0.1544663953125 0.9261795859375 0.16886717499999998 1 0.4057464109375 1
0 0.6251435187500001 1 0.6078055578125 0.8941979421875 0.50737664375 0.904277865625 0.496844603125 0.8458494468750001 0.4919487546875 0.8409330640625001 0.475869534375 0.90744019375 0.3907154453125 0.9132831156250001 0.4049560671875 1 0.6251435187500001 1
0 0.7928903703125 1 0.8503768718750001 0.994230153125 0.8361778296875 0.8820920546875 0.6102534828125 0.8966561343749999 0.6254260281249999 1 0.7928903703125 1