0 0.39949614843750003 0 0.513399375 0.025309953125 0.519368528125 0 0.39949614843750003 0
0 0.5241137124999999 0 0.5187719484375 0.0205970328125 0.6643058171875 0.05093263906249999 0.681826509375 0 0.5241137124999999 0
0 0.6890710921875 0 0.6746717390625 0.0497394921875 0.8355569484375 0.06858362812499999 0.8554115937500001 0 0.6890710921875 0
0 0.8374768593749999 0.06887445625000001 0.9872297671875 0.091559028125 0.9892429093749999 0.08623280312500001 0.9934454687500001 0.02065275625 0.8574026703125 0.0000449921875 0.8374768593749999 0.06887445625000001
0 0.1000738953125 0 0.097956428125 0.0065926984375 0.1620798046875 0.01354273125 0.165401153125 0 0.1000738953125 0
0 0.1762669484375 0 0.1743656375 0.012640410937499999 0.3533043375 0.0452728015625 0.3751976453125 0.05964271249999999 0.37176084375 0.0922826421875 0.3890400265625 0.0949000921875 0.407417221875 0.00372901875 0.3827999875 0 0.1762669484375 0
0 0.42584993437499996 0.009284585937500001 0.403632921875 0.099874003125 0.617129984375 0.13774129375 0.6451067265625 0.048024359375 0.42584993437499996 0.009284585937500001
0 0.6643058171875 0.05093263906249999 0.6382489859375 0.14094040000000002 0.85749784375 0.16586208593750001 0.8854745859375001 0.0761451515625 0.6643058171875 0.05093263906249999
0 0.8820298531249999 0.094966990625 0.8858617390625 0.08173055625 0.8594177546875 0.1661529140625 0.88898276875 0.16786804375 0.9829926421874999 0.1837668671875 0.9883593671875 0.10002027499999999 0.9158139078125 0.0890310875 0.8820298531249999 0.094966990625
0 0.37711755625 0.059933540625000004 0.3533043375 0.0452728015625 0.1762855453125 0.012931239062499999 0.0971900515625 0.0092399859375 0.0673013328125 0.11248418125 0.3249483734375 0.143222425 0.32572268125 0.1543932296875 0.35720760625 0.15639918749999998 0.37711755625 0.059933540625000004
0 0.47121689375000003 0.115638378125 0.370228090625 0.0975772140625 0.357586828125 0.14816649843750002 0.46087476406250005 0.1582858 0.47121689375000003 0.115638378125
0 0.624809621875 0.13890460625 0.47390317968750006 0.11328191875 0.46279467343749997 0.1585766265625 0.611014828125 0.18655577343750002 0.624809621875 0.13890460625
0 0.794528 0.16185016875 0.634796321875 0.14594414687499999 0.6244541921875 0.18859156875 0.7784340734375 0.217443196875 0.794528 0.16185016875
0 0.9354794656250001 0.23570567968749997 0.951573390625 0.18011265 0.8041275453125 0.1633043078125 0.7964479078125 0.162140996875 0.7822738921875 0.21802485312500003 0.9354794656250001 0.23570567968749997
0 0.937399375 0.2359965078125 0.9792394609375 0.24233444375 0.98286613125 0.1857410359375 0.9534932984375001 0.18040347968749998 0.937399375 0.2359965078125
0 0.020939465625 0.279554096875 0.25708035156250003 0.30150783125 0.3031423078125 0.2808515171875 0.328796121875 0.157622171875 0.3249483734375 0.143222425 0.068067709375 0.1098368953125 0.020939465625 0.279554096875
0 0.352601409375 0.15846481875 0.31352409375 0.30729455156249996 0.6617940156250001 0.357287103125 0.70855096875 0.20962068281250001 0.607175009375 0.18597411875 0.45895485625 0.1579949734375 0.362580178125 0.15168626875 0.352601409375 0.15846481875
0 0.6637139249999999 0.35757793125 0.688680675 0.37517678593750003 0.9683493578125001 0.4122721625 0.9793307640625001 0.240909684375 0.71123725625 0.2072642234375 0.6637139249999999 0.35757793125
0 0 0.43896937343750003 0.13392212187500002 0.45694463281250003 0.164932646875 0.301366184375 0.0201730875 0.28220138437500003 0 0.34887328125 0 0.43896937343750003
0 0.26360645625 0.2997330265625 0.1733786609375 0.29988220781249997 0.1389075390625 0.44664631093749996 0.389641321875 0.473573953125 0.42910579374999996 0.3303296234375 0.312757715625 0.3099418390625 0.3192679578125 0.2805308515625 0.3012223984375 0.2805606890625 0.26360645625 0.2997330265625
0 0.63500253125 0.505214515625 0.6783147515625 0.37636993125 0.6667873671875 0.3608068734375 0.4360190515625 0.3341402234375 0.39156123125 0.4738647828125 0.63500253125 0.505214515625
0 0.6315498671875 0.5102182625 0.641923721875 0.5228432062499999 0.875378321875 0.5471534 0.9248294937500001 0.4109486109375 0.6883014515625 0.383409475 0.6794682828124999 0.3793080484375 0.6315498671875 0.5102182625
0 0.875378321875 0.5471534 0.8922782828125 0.5580035390625 0.9383561 0.56498340625 0.9643078812500001 0.4753385203125 0.9681068140625 0.41605698437500005 0.9259830250000001 0.4138867234375 0.875378321875 0.5471534
0 0 0.5833571703125 0.21501683906250002 0.5991076234375 0.24450254062500001 0.4626418421875 0 0.4479735171875 0 0.5833571703125
0 0.2894268265625 0.46668359531250003 0.2572548390625 0.6055058359375 0.58785049375 0.6334774453125 0.6273228953125 0.50405120625 0.2894268265625 0.46668359531250003
0 0.59899865625 0.6572731921875 0.9031027390625 0.6867586140624999 0.9391224765624999 0.5623361203125 0.6373175265625 0.5249088375000001 0.6269436734375 0.5122838953125 0.58785049375 0.6334774453125 0.59899865625 0.6572731921875
0 0 0.7310787375000001 0.07226443125000001 0.7322326515625 0.099451 0.6037087328124999 0.10712270625 0.5910539531250001 0 0.5833932125 0 0.7310787375000001
0 0.2242212984375 0.58115826875 0.21501683906250002 0.5991076234375 0.1090426140625 0.59134478125 0.099451 0.6037087328124999 0.071498053125 0.7348799390625 0.3233774375 0.75092760625 0.3536374484375 0.6256326296875 0.35670295625000004 0.6150434828125 0.2553349296875 0.6052150078125 0.2587796625 0.5863931703125 0.2242212984375 0.58115826875
0 0.327604409375 0.757094665625 0.5633581421875 0.7734629953125001 0.5951588390625 0.6566915375 0.5897704015625 0.6337682734375 0.3624626828125 0.615915965625 0.3609378609375 0.6350286296875 0.327604409375 0.757094665625
0 0.5851959328125 0.69110626875 0.5610590109375 0.7814048578125 0.7891410375000001 0.81042796875 0.8267014609375 0.6945289921875 0.8266935296875 0.6807109015624999 0.597845125 0.6543350765625 0.5851959328125 0.69110626875
0 0.793368009375 0.8165950265624999 0.8632511140625001 0.8244175421875 0.9023363625 0.6894059015625 0.8278470609375 0.6836490171875 0.8267014609375 0.6945289921875 0.7891410375000001 0.81042796875 0.793368009375 0.8165950265624999
0 0 0.8597062765624999 0.1518184625 0.8658721281249999 0.17939218437499999 0.742933609375 0.068811765625 0.7372363984375 0 0.7352246484375 0 0.8597062765624999
0 0.19597637031249998 0.8725611687500001 0.356474425 0.8858199015625001 0.520045921875 0.9023075796875 0.5599054765625 0.7784667437499999 0.3260716546875 0.7623892375 0.3233774375 0.75092760625 0.22623638124999998 0.747266190625 0.19597637031249998 0.8725611687500001
0 0.793368009375 0.8165950265624999 0.7891410375000001 0.81042796875 0.558372721875 0.7837613171875 0.520045921875 0.9023075796875 0.526192803125 0.908765465625 0.7451943546875001 0.933939275 0.8336350453125 0.9267199250000001 0.8632511140625001 0.8244175421875 0.793368009375 0.8165950265624999
0 0 0.9064323578125 0.0362764171875 0.911927509375 0.0473849234375 0.866632803125 0 0.863490778125 0 0.9064323578125
0 0.15640879531250002 0.8361703125 0.1518184625 0.8658721281249999 0.055830939062499994 0.8651488265625 0.047772078125 0.8722182046875 0.0381963265625 0.9122183390625 0.2743451453125 0.9479901640625 0.292738203125 0.8844552734375 0.19520999375 0.8752084546875001 0.20401936874999999 0.8378556078124999 0.15640879531250002 0.8361703125
0 0.520045921875 0.9023075796875 0.3050240359375 0.8835529531249999 0.298893015625 0.90473125 0.28586459999999997 0.9497351296875 0.37894928125 0.9638355984375 0.5238143109375 0.9520103703125 0.5323396859375 0.9152233531249999 0.520045921875 0.9023075796875
0 0.535033903125 0.9266849828125 0.5269083265625001 0.9517578078125 0.7294953421875 0.935220775 0.535025971875 0.9128668921875001 0.535033903125 0.9266849828125