0 0.7726118625 0.0757487609375 0.8040860296875 0.06260797500000001 0.8005675125 0.027956432812499998 0.644687140625 0.0225129703125 0.6544797234375 0.11009994375000001 0.7726118625 0.0757487609375
0 0.681016175 0.28675218125 0.9613239765625 0.2273168015625 0.9172723812499999 0.032031857812499995 0.908964665625 0.0317417453125 0.655858346875 0.1137533671875 0.681016175 0.28675218125
0 0.421738809375 0.202884834375 0.6263195968749999 0.12287822343749999 0.6268311734374999 0.1240519453125 0.6637956593750001 0.1495814953125 0.6540375265625 0.11324297812499999 0.6439199375 0.0224861796875 0.46825951562499996 0.0163519828125 0.3999163203125 0.050237032812500006 0.421738809375 0.202884834375
0 0.247750778125 0.1105604921875 0.26329877343749997 0.24571465468749998 0.418265790625 0.1835984453125 0.4006245625 0.0498243890625 0.39837993437499997 0.036082825 0.247750778125 0.1105604921875
0 0.0914631078125 0.1847632703125 0.112518221875 0.3050706515625 0.11809843906249999 0.3086016859375 0.2153136484375 0.260127865625 0.24957272343749998 0.2703865609375 0.2467117140625 0.25400709374999997 0.2635310671875 0.2467631984375 0.2498388125 0.1308143453125 0.2140319828125 0.1099597171875 0.0914631078125 0.1847632703125
0 0.037709976562500004 0.3319615125 0.113990271875 0.3081057546875 0.0951797875 0.201539934375 0.039208025 0.22682680624999998 0.037709976562500004 0.3319615125
0 0.037999996875 0.3306299890625 0.038761990625 0.261008334375 0.012538898437500001 0.24360914375 0.0113894578125 0.24453623593749998 0.017132425 0.367840034375 0.03847995 0.353484953125 0.037999996875 0.3306299890625
0 0.661201921875 0.150721296875 0.6266658140625 0.123305525 0.5126830906250001 0.1658100515625 0.5434304953125 0.3359324390625 0.6477260234375 0.307400821875 0.6842347109375 0.3197901734375 0.6818696453124999 0.283385515625 0.661201921875 0.150721296875
0 0.5124507984375 0.1647615109375 0.42089670312500005 0.2026932359375 0.446749059375 0.3590931140625 0.54361729375 0.33460471406250003 0.5124507984375 0.1647615109375
0 0.3314410359375 0.21761088750000002 0.34869077656249997 0.367665678125 0.4425586609375 0.3395284078125 0.418730375 0.185695525 0.3314410359375 0.21761088750000002
0 0.24608833749999998 0.2546584375 0.26137471093750003 0.39469574375 0.3480739765625 0.36675849375 0.3298906890625 0.21783193125000003 0.24608833749999998 0.2546584375
0 0.153991359375 0.2937492265625 0.178379465625 0.41466306093750005 0.2612474453125 0.395276353125 0.24841930781250002 0.2703779421875 0.2158565296875 0.2589688015625 0.153991359375 0.2937492265625
0 0.0822838140625 0.32019799843749996 0.07909701875 0.35634717656250003 0.12560749375 0.3497158453125 0.1613256234375 0.41709454843750005 0.18093728125 0.41538003437500004 0.153991359375 0.2937492265625 0.0822838140625 0.32019799843749996
0 0.080501171875 0.3193705015625 0.0390196015625 0.3315793109375 0.03847995 0.353484953125 0.04109266875 0.4482986125 0.10117000000000001 0.4343246515625 0.078041940625 0.356119675 0.080501171875 0.3193705015625
0 0.041476359375 0.464468821875 0.038229825 0.353585775 0.0171307734375 0.3678045859375 0.0224130875 0.48121796562499997 0.042945809375 0.47832090625 0.041476359375 0.464468821875
0 1 0.40550551874999996 0.9605488031249999 0.22742732187499998 0.81364535 0.2592287 0.845384690625 0.4547709953125 1 0.42853309062499995 1 0.40550551874999996
0 0.7012022203125 0.4753281203125 0.845927571875 0.453611934375 0.81343616875 0.2596753140625 0.6807033812500001 0.285000121875 0.7012022203125 0.4753281203125
0 0.4466951078125 0.35910946093749996 0.47632069687499995 0.5214526796875 0.5745770265625 0.4982372265625 0.7010590421875 0.475937334375 0.6844103234375 0.320582871875 0.6487981625 0.30789850625000004 0.4466951078125 0.35910946093749996
0 0.16124732656250002 0.4203506953125 0.2730212609375 0.43037415 0.275552728125 0.3897797578125 0.2615261140625 0.3955957328125 0.16124732656250002 0.4203506953125
0 0.0417983421875 0.44709470468749996 0.04109130625 0.4630050703125 0.1040703390625 0.4534805421875 0.1024339046875 0.435178515625 0.0417983421875 0.44709470468749996
0 1 0.4315636546875 0.7204275890625 0.4682603796875 0.7468839953125 0.6562280281249999 1 0.6545677265625 1 0.4315636546875
0 0.701602378125 0.47680796562500005 0.5731418203125 0.5000765734375 0.6052712734375 0.6631531078124999 0.7359183296875 0.6558702890625 0.7454099765625 0.6552953031250001 0.7192635265625 0.47383465312500006 0.701602378125 0.47680796562500005
0 0.4760877484375 0.5203383921875 0.47354376875000004 0.5041093625 0.4889193875 0.6721705984375 0.6052712734375 0.6631531078124999 0.5721343531249999 0.4991385515625 0.4760877484375 0.5203383921875
0 0.4505463015625 0.4983813296875 0.4157578578125 0.5042894671875 0.43475106406249997 0.611749115625 0.42527444531249997 0.6123098234375 0.43566983593749997 0.659211209375 0.4701767890625 0.6475089984375 0.48598656093750003 0.6489586203125 0.4728299984375 0.50563328125 0.4505463015625 0.4983813296875
0 0.273253553125 0.43142269375 0.161015034375 0.419302153125 0.1238248515625 0.3488883484375 0.0775321359375 0.35564501718749997 0.10307501875 0.4343766859375 0.10405060937499999 0.45430109218750003 0.1227497984375 0.629191840625 0.20485102500000002 0.6359881765625001 0.43498761874999997 0.6124226296875 0.415010909375 0.502499765625 0.394373178125 0.431490478125 0.273253553125 0.43142269375
0 0.041130112499999996 0.46408984999999997 0.0427086640625 0.4794017640625 0.058708609375 0.63439838125 0.12100659531249999 0.627220128125 0.10403320468749999 0.4544679828125 0.041130112499999996 0.46408984999999997
0 0.0583567265625 0.6355388671875 0.0423179765625 0.4794574671875 0.0223419203125 0.47968997812499997 0.0247888609375 0.532226790625 0.0482961828125 0.6383361625 0.0583567265625 0.6355388671875
0 1 0.6557543484374999 0.8697326578125001 0.6548589390624999 0.9027168109374999 0.86226275 1 0.8703128281250001 1 0.6557543484374999
0 0.7359254625 0.65605998125 0.7661179203125 0.8455754093750001 0.90182014375 0.863432959375 0.8699402375 0.6557959328125 0.7359254625 0.65605998125
0 0.5042725 0.6713444140625 0.530583228125 0.8349694124999999 0.7520569796875 0.837246009375 0.765046071875 0.8457282312500001 0.7351662515624999 0.655847165625 0.71837683125 0.6567358328124999 0.5042725 0.6713444140625
0 0.4889193875 0.6721705984375 0.48526197968749996 0.64943635 0.47002272968750003 0.6478379234375 0.43572760468749994 0.6594941890625 0.45858588749999996 0.777089940625 0.450212965625 0.782610375 0.4580518109375 0.8151496968749999 0.49544335000000006 0.8102829249999999 0.5253970984375 0.804340665625 0.5043781625 0.6718213656249999 0.4889193875 0.6721705984375
0 0.20542220625000002 0.6359067390625001 0.1204354140625 0.6273015640625 0.1580874078125 0.81321646875 0.23796291093750002 0.8249956359375 0.4506366 0.78349750625 0.45781071406249996 0.7772004625 0.43620995 0.6591049671875 0.42454986562499997 0.6127875515625 0.20542220625000002 0.6359067390625001
0 0.05823965156250001 0.6350104015625 0.085424128125 0.8000077640625 0.1585176328125 0.8123011874999999 0.12111741875 0.6279178125 0.05823965156250001 0.6350104015625
0 1 0.8693322562500001 0.7810353484375 0.850425509375 0.7926427390625 0.9874155984374999 1 0.95785119375 1 0.8693322562500001
0 0.659256853125 1 0.6386428468750001 0.8357458953125001 0.5311953421875 0.8342136984374999 0.5569659140625001 1 0.659256853125 1
0 0.4569185546875 0.8164015890625 0.4865610046875 0.9508923312500001 0.4898992796875 0.9748595218749999 0.5506229640625 0.9713061828124999 0.5273840515625 0.8052517953124999 0.4569185546875 0.8164015890625
0 0.5550297390625001 1 0.5506229640625 0.9713061828124999 0.48938689843749994 0.97595346875 0.49221767656250004 1 0.5550297390625001 1
0 0.45010910624999995 0.78384529375 0.35350986406249996 0.8044326015625 0.34100785 0.806215103125 0.3728951046875 0.98533775 0.3907071359375 0.9800944671874999 0.4852455578125 0.949667559375 0.45010910624999995 0.78384529375
0 0.3278913046875 1 0.372602784375 0.9859618625 0.3405198171875 0.8049217921875 0.23729861093750002 0.82563550625 0.085396946875 0.7990651609375 0.12320772499999999 0.9744517140625 0.19771034062499998 1 0.3278913046875 1
0 0.49085765312499996 1 0.485808803125 0.94787860625 0.3249815671875 1 0.49085765312499996 1
0 0.18734744375 1 0.1869461484375 0.997289 0.12322442656249999 0.9765536953125 0.12841868750000002 1 0.18734744375 1
0 0.2756309984375 0.3892234421875 0.27446919062499997 0.4288282453125 0.3950500328125 0.43161914843750004 0.4148206265625 0.5026691125 0.450353503125 0.49842067187500005 0.4736750859375 0.5054535328124999 0.446448621875 0.3601192796875 0.4421127703125 0.33939925 0.2756309984375 0.3892234421875
0 0.7043789281249999 1 0.7926427390625 0.9874155984374999 0.7809237796875 0.85129328125 0.7652533125 0.8453815046875001 0.7507062640625 0.8361764671874999 0.6385158890625 0.8360622624999999 0.65901425 1 0.7043789281249999 1
0 0.0482961828125 0.6383361625 0.0841245875 0.7986620859375 0.0599720484375 0.635413396875 0.0482961828125 0.6383361625