0 0.6536620531249999 0.2554186625 0.8894418703125 0.2326883359375 0.8701085703125001 0.079054875 0.6278529765624999 0.0997525765625 0.6536620531249999 0.2554186625
0 0.7066766921875 0.4081467703125 0.9107288734375001 0.3697191 0.891385125 0.23247848124999998 0.6795703734375 0.2553527296875 0.7066766921875 0.4081467703125
0 0.7066766921875 0.4081467703125 0.7008417062500001 0.416972759375 0.724077184375 0.54559724375 0.9313646421874999 0.5122840937500001 0.913958925 0.38303004375 0.8977721015625001 0.3738502765625 0.7066766921875 0.4081467703125
0 0.724077184375 0.54559724375 0.748609909375 0.6713496828125 0.946827103125 0.6417480015625 0.9332974500000001 0.5284670828125 0.9261808890625 0.5155758515625 0.724077184375 0.54559724375
0 0.748609909375 0.6713496828125 0.75313720625 0.681788584375 0.7259264187500001 0.692922984375 0.7349914578125001 0.6974079390625 0.75436654375 0.785470025 0.9525837390625 0.7558683421875 0.940997340625 0.64237756875 0.748609909375 0.6713496828125
0 0.75436654375 0.785470025 0.7860732890625 0.8339530578125001 0.797050240625 0.8874066890625001 0.9706511359375 0.8631953187500001 0.95452699375 0.7556584875000001 0.75436654375 0.785470025
0 0.457508253125 0.0962927828125 0.6259201703125 0.0835695890625 0.6414714296875 0.0736943234375 0.6384690015625 0.0558588 0.45185547968749995 0.03953223125 0.4458852875 0.0401769640625 0.457508253125 0.0962927828125
0 0.457508253125 0.0962927828125 0.42965145312499997 0.10476499218749999 0.4722881390625 0.2804694546875 0.6536620531249999 0.2554186625 0.623976915625 0.08377944375 0.457508253125 0.0962927828125
0 0.4722881390625 0.2804694546875 0.46841207812499996 0.264496321875 0.4554553046875 0.2686275 0.48581779375 0.39375037343749997 0.5479653765625 0.4444099515625 0.7008417062500001 0.416972759375 0.7066766921875 0.4081467703125 0.6795703734375 0.2553527296875 0.6536620531249999 0.2554186625 0.4722881390625 0.2804694546875
0 0.4968208640625 0.406221896875 0.5181444296875 0.48587770625 0.5712008578125001 0.5730344374999999 0.7247231937499999 0.5482594328125 0.7008417062500001 0.416972759375 0.5466681328125 0.447281996875 0.4968208640625 0.406221896875
0 0.5362588390624999 0.5194368828125 0.56208880625 0.6423172796875 0.5976716125 0.706773446875 0.7259264187500001 0.692922984375 0.75313720625 0.681788584375 0.748609909375 0.6713496828125 0.72666645 0.5480495765625 0.5712008578125001 0.5730344374999999 0.5362588390624999 0.5194368828125
0 0.5957283578125 0.7069833015625 0.559499540625 0.6398649453125 0.5510752890624999 0.6462386015625 0.5917843921875 0.797563653125 0.6137748609375 0.8470959625000001 0.762113446875 0.8256127125000001 0.7349914578125001 0.6974079390625 0.7278696734375 0.6927131281250001 0.5957283578125 0.7069833015625
0 0.6817845578124999 1 0.8131900546875 0.9703542546874999 0.785427278125 0.8312908703125 0.75436654375 0.785470025 0.762113446875 0.8256127125000001 0.6118316078125 0.84730581875 0.5904871468749999 0.800435696875 0.6053401625 0.8698624625000001 0.648270771875 1 0.6817845578124999 1
0 0.11799590625 0.2750188578125 0.1703540875 0.44147761875 0.4274992609375 0.4328317265625 0.46444199218750004 0.396058784375 0.43020344218749995 0.254962778125 0.255966984375 0.2601191171875 0.11799590625 0.2750188578125
0 0.4274992609375 0.4328317265625 0.18460288125 0.44267081875000003 0.1755273953125 0.4545787078125 0.227901246875 0.5964482046875 0.46042489687500004 0.6013890453124999 0.50904805 0.5305712812500001 0.4741530421875 0.40320592812499995 0.466385246875 0.39584892968749996 0.4274992609375 0.4328317265625
0 0.22207148437500002 0.597077771875 0.21753374062500003 0.603031715625 0.2724916359375 0.7555499671875 0.51537234375 0.7703001406250001 0.5510752890624999 0.6462386015625 0.51358579375 0.5246173375 0.46042489687500004 0.6013890453124999 0.22207148437500002 0.597077771875
0 0.51537234375 0.7703001406250001 0.2724916359375 0.7555499671875 0.306751078125 0.8638602859375 0.528896775 0.8917774812499999 0.5600672015625 0.765473465625 0.5426301437500001 0.68539794375 0.51537234375 0.7703001406250001
0 0.5742282265624999 1 0.5871996359375 0.8772853953125 0.5607132109374999 0.768135653125 0.528896775 0.8917774812499999 0.3041618140625 0.8614079546875001 0.2957375625 0.8677816093749999 0.337759578125 0.99164535 0.38005728437499997 1 0.5742282265624999 1
0 0.21977518906250001 1 0.2127609421875 0.977824646875 0.13697401250000002 0.9860090109374999 0.1401075921875 1 0.21977518906250001 1