0 0.19005480156250001 0.0176834265625 0.205264459375 0.136802853125 0.33511264218750003 0.137989725 0.35133247500000003 0.12793778125 0.3402948953125 0.0096571515625 0.19005480156250001 0.0176834265625
0 0.50036593125 0.0063382453125 0.34033093124999997 0.010688468750000001 0.35419794531250004 0.130903384375 0.50585275625 0.123844253125 0.5312734734375 0.021427496875 0.50036593125 0.0063382453125
0 0.675718696875 0.12420139999999999 0.6908402953125 0.004019190625 0.5319719187499999 0.003094921875 0.532408040625 0.132938121875 0.675718696875 0.12420139999999999
0 0.681305490625 0.12600733749999998 0.7338394765625 0.1276939984375 0.843917665625 0.11637218125 0.8694712843750001 0.0050584359374999995 0.695806103125 0.00404808125 0.6936694343750001 0.005604434375 0.681305490625 0.12600733749999998
0 0.9533739406249999 0.1267721984375 0.94135291875 0.177948490625 0.98048895 0.177573003125 0.9744822828125 0.005669371875 0.8735598375 0.005082221875 0.8439897390625 0.11843481250000001 0.9533739406249999 0.1267721984375
0 0.84540445625 0.11940195625000001 0.743598346875 0.13033873125 0.70900348125 0.365405853125 0.7120491312499999 0.37352804375000004 0.8914216890625 0.3693107015625 0.9534099765624999 0.127803515625 0.84540445625 0.11940195625000001
0 0.6647613296875 0.126777425 0.53810294375 0.1378380140625 0.5380471499999999 0.37336342031249997 0.70497555 0.36869232812499997 0.739390234375 0.1284686203125 0.6647613296875 0.126777425
0 0.5114755843750001 0.126681509375 0.35002586875 0.1300645890625 0.3436730109375 0.14585521875000002 0.35598930625 0.3797717453125 0.5297029984375 0.37168582968749997 0.5352374734375 0.134872409375 0.5114755843750001 0.126681509375
0 0.20112842031249997 0.136995375 0.20084012968749998 0.128744834375 0.137745171875 0.14097869062499999 0.17357109843750002 0.37586689375 0.3393730734375 0.378479196875 0.354394409375 0.3736480140625 0.34215018750000004 0.141794125 0.20112842031249997 0.136995375
0 0.17781524843750002 0.378768325 0.20374745781249998 0.5676322890625001 0.356997165625 0.5666968859375 0.350474584375 0.38002844062499996 0.17781524843750002 0.378768325
0 0.3532679828125 0.3809314078125 0.36809868125 0.568246128125 0.522618959375 0.5641526015625 0.53115375 0.3736842890625 0.3532679828125 0.3809314078125
0 0.531261859375 0.37677824375 0.524069709375 0.5661510625 0.6842128187500001 0.564894790625 0.713319703125 0.37036991874999997 0.531261859375 0.37677824375
0 0.7108506328125 0.3787488046875 0.6828701765625 0.5659902828125001 0.8501229015625 0.570601046875 0.8944673406250001 0.3774328953125 0.7108506328125 0.3787488046875
0 0.6636046890625 0.5679200343749999 0.6538446640625 0.7233235546875 0.7906943546874999 0.7272835078125001 0.8252706249999999 0.5707248578125 0.6636046890625 0.5679200343749999
0 0.48546666875 0.56794793125 0.4966030609375 0.7285767484375001 0.6347233218749999 0.7293785765624999 0.65257525 0.568433425 0.48546666875 0.56794793125
0 0.33087431875 0.5699788265625 0.32557581406249997 0.576423425 0.342010709375 0.7306076406249999 0.48716851875 0.73521386875 0.48673723750000003 0.5647898062500001 0.33087431875 0.5699788265625
0 0.1996474546875 0.568856128125 0.19188918125 0.5444253796875 0.169568746875 0.577487175 0.1956544015625 0.7312221734375 0.339289384375 0.73176730625 0.325503740625 0.574360790625 0.33083828125000003 0.56894750625 0.1996474546875 0.568856128125
0 0.9030730453125001 0.3470754734375 0.845292871875 0.5904527703125 0.9898228546875 0.5888660906250001 0.99150100625 0.49272487187499997 0.9865502656249999 0.3510405875 0.9030730453125001 0.3470754734375
0 0.9873862687500001 0.728457965625 0.9895173046875 0.6063710765625 0.9371948078125 0.7307942453125 0.9873862687500001 0.728457965625
0 0.8397781515625 0.590709465625 0.82584720625 0.5872259359374999 0.7961370015625 0.7249641796875 0.9344014125 0.729891278125 0.9833770984375001 0.5902232828125 0.8397781515625 0.590709465625
0 0.9081425578125 0.8478419671875 0.937122734375 0.7287316125000001 0.7947583218750001 0.725028353125 0.7715811578125 0.8521325531249999 0.9081425578125 0.8478419671875
0 0.9190999234375001 0.8452659421875 0.985337071875 0.8458563781249999 0.98738990625 0.7282496453125 0.9385374499999999 0.72969875625 0.9190999234375001 0.8452659421875
0 0.653952771875 0.7264175078124999 0.6322182187500001 0.7367261468749999 0.6227557796875 0.8611259718750001 0.6355242640625 0.8708615796875 0.7637054765625 0.8638620859374999 0.7907303921875 0.7283148265625 0.653952771875 0.7264175078124999
0 0.49536852500000006 0.7327661921875 0.494386246875 0.74417485625 0.5071361328124999 0.8324189359374999 0.5067304359375 0.8603286765625 0.621268990625 0.85809619375 0.63062331875 0.7306024156250001 0.49536852500000006 0.7327661921875
0 0.3379827765625 0.733894115625 0.33714464375 0.74942805 0.488943596875 0.7464941875 0.4899619140625 0.736116840625 0.3379827765625 0.733894115625
0 0.1915543984375 0.7324460125 0.19118473593750002 0.761387071875 0.33710860781249996 0.7483967328125 0.3379827765625 0.733894115625 0.1915543984375 0.7324460125
0 0.34128068125 0.749235528125 0.1883913390625 0.7604841046875 0.157131571875 0.8538756984375 0.1906244375 0.9824740375 0.5034406687499999 0.9637812859375 0.5084427390624999 0.830292125 0.48756491874999996 0.7465583609374999 0.34128068125 0.749235528125
0 0.0365958578125 0.2892732015625 0.049967662499999996 0.355795440625 0.122019390625 0.36277156875 0.1655605703125 0.344216925 0.15324311875000002 0.26834865625000004 0.0746943921875 0.2730378875 0.0365958578125 0.2892732015625
0 0 0.3580399328125 0.045831621875 0.35598796250000003 0.035217178125 0.28933737656249997 0.0719370328125 0.2731662359375 0 0.2803041109375 0 0.3580399328125
0 0.980645709375 0.182059234375 0.9400102765625 0.1790439828125 0.9002075765625 0.3441098671875 0.98639350625 0.3465543578125 0.980645709375 0.182059234375