0 0.7789225984375 0.26956634375 0.9832666718749999 0.2581932796875 0.9412651500000001 0.0680594828125 0.626545903125 0.08594720156249999 0.636203459375 0.2562064359375 0.6740161828125 0.2755289171875 0.7789225984375 0.26956634375
0 1 0.33394222500000004 0.984266709375 0.26272027656249997 0.7187662734375 0.27563925 0.67501621875 0.2800559109375 0.6501410812499999 0.26868325625 0.660267215625 0.41575543281250005 0.7209550015625 0.4373965765625 1 0.41791358437500004 1 0.33394222500000004
0 1 0.42249916093750006 0.72742379375 0.44137149062500003 0.6612672515625 0.420282428125 0.672861996875 0.5486945390625 0.723612303125 0.5759668453125 1 0.5611685671875 1 0.42249916093750006
0 1 0.5652088375 0.712674790625 0.5770710109375 0.7228009234375 0.7241431859375 1 0.7090605421875 1 0.5652088375
0 1 0.7133634515625 0.7347384734375 0.7275660171875 0.755270659375 0.8458199734375 1 0.8253249046875 1 0.7133634515625
0 1 0.8298520828125 0.7562706953125 0.85034696875 0.7703340890625 0.9646260124999999 0.7897404671875 0.9765507515625 1 0.9476936234375 1 0.8298520828125
0 0.2509218375 0.3089852796875 0.5144221984375 0.2870123140625 0.600922271875 0.2736519984375 0.566389578125 0.092020109375 0.1870452875 0.1210598125 0.2509218375 0.3089852796875
0 0.5964535515625 0.2787310765625 0.515422234375 0.291539309375 0.2673281078125 0.3073290328125 0.30879816875 0.46974877499999995 0.6324548546875 0.4417029015625 0.5964535515625 0.2787310765625
0 0.6738620328125 0.553221534375 0.6607986765625 0.443469484375 0.34261074687500004 0.470963275 0.37561194375 0.620354115625 0.6808622859375 0.5849104984375 0.6738620328125 0.553221534375
0 0.3875494921875 0.6237769453124999 0.4185506171875 0.7641137953125 0.7193322390625 0.7337492578125 0.6927998359374999 0.5883333296875 0.3875494921875 0.6237769453124999
0 0.4359569234375 0.7669845421875 0.464957975 0.8982674046874999 0.7538020484375 0.8644800375000001 0.7312697890625001 0.7371720890625 0.4359569234375 0.7669845421875
0 0.5105348765625 1 0.76586536875 0.969705090625 0.754802084375 0.8690070328124999 0.48136424375000003 0.8966111578125 0.504203365625 1 0.5105348765625 1
0 0.1552327828125 0.1288993015625 0.142295196875 0.12094947656249999 0.1194201328125 0.1186308125 0.0110816140625 0.1357553640625 0.027020525 0.3310150875 0.222578015625 0.30721869687500003 0.1552327828125 0.1288993015625
0 0.229046809375 0.31119360937499996 0.027066956250000003 0.3315839 0.040917046875 0.5012545109375 0.2913918625 0.46687802968750003 0.229046809375 0.31119360937499996
0 0.347268121875 0.61858753125 0.3532054546875 0.59484839375 0.3033294125 0.47030085625 0.041294042187500005 0.5058728875 0.0436686796875 0.5349634062499999 0.070361596875 0.6557977312500001 0.347268121875 0.61858753125
0 0.352736878125 0.61803545 0.07136163281249999 0.6603247265625 0.10336279374999999 0.8051885734375 0.4001442734375 0.7567160546875 0.409081715625 0.7465578984375 0.359674246875 0.5988233046875 0.352736878125 0.61803545
0 0.44902027968749997 0.8767365921874999 0.40561302968749996 0.7561639703124999 0.10436282968749999 0.8097155671875 0.15870759375000001 0.929184025 0.44902027968749997 0.8767365921874999
0 0.4986126515625 1 0.4768955234375 0.9016902343750001 0.4604892546875 0.90334648125 0.45548907187500004 0.8807115062499999 0.18605137656249998 0.9264236125 0.1880514484375 0.935477603125 0.3938641359375 0.9054444765625 0.41087524062499997 1 0.4986126515625 1
0 0.405366796875 1 0.389395415625 0.9105235546875001 0.13436391718750001 0.945525421875 0.14639762812499998 1 0.405366796875 1
0 1 0.9478921015624999 0.795209225 0.9759986671875 0.7956694875 1 0.8325177453125001 1 1 0.9830923125 1 0.9478921015624999
0 0.7901901437500001 1 0.7897404671875 0.9765507515625 0.771334125 0.9691530078125 0.54657599375 1 0.7901901437500001 1