0 0.8576931765625 0.47714919218749996 0.9688724390625 0.4982754421875 0.995465396875 0.147331296875 0.9045869953125001 0.1476638125 0.8576931765625 0.47714919218749996
0 0.6367080031250001 0.4521598125 0.8580238781249999 0.47969712812500004 0.905990371875 0.14289469375 0.683798240625 0.15015715937500002 0.6367080031250001 0.4521598125
0 0.455874396875 0.4222943703125 0.634464440625 0.45305256250000003 0.6822698 0.1461718703125 0.49382926562499996 0.1537844578125 0.455874396875 0.4222943703125
0 0.300935328125 0.412748259375 0.453809615625 0.42196760937500005 0.494186825 0.151345440625 0.333687959375 0.1509018859375 0.300935328125 0.412748259375
0 0.2273115046875 0.14155419687499998 0.1972137 0.3900948859375 0.29907618125 0.406215034375 0.33577959687500003 0.146241690625 0.2362857390625 0.1379831984375 0.2273115046875 0.14155419687499998
0 0.11135997812500001 0.3752603859375 0.1977500375 0.386436359375 0.223995271875 0.149764 0.1441033984375 0.1471032078125 0.11135997812500001 0.3752603859375
0 0.1096258984375 0.3774815640625 0.07358389062500001 0.6425507859375 0.17210328125000002 0.6718677 0.18092559375 0.6645292515625 0.2149028265625 0.39913326875 0.1096258984375 0.3774815640625
0 0 0.6165403031250001 0.071519109375 0.642224028125 0.10926834062499999 0.379920584375 0.0184717328125 0.3555692390625 0 0.49464939062499996 0 0.6165403031250001
0 0.179674140625 0.6730658203125001 0.33421958281249997 0.7237270953125 0.3723355890625 0.4252954421875 0.2178615015625 0.393362484375 0.179674140625 0.6730658203125001
0 0.333683246875 0.727385621875 0.52776335625 0.791790234375 0.5361030437500001 0.7781364 0.5757567046875 0.4500008390625 0.45365769375 0.4182001609375 0.3773321890625 0.42483837031249994 0.333683246875 0.727385621875
0 0.5329387328124999 0.7901136515625 0.7729534828125 0.8630354078125 0.8273828796875 0.4773436734375 0.5755779265625 0.4512203453125 0.5329387328124999 0.7901136515625
0 0.7719076640625 0.865365503125 0.9160041390625 0.9056385796875001 0.9621444203125 0.5870643171875 0.968330796875 0.5054234234375 0.8275885125 0.47113720625 0.7719076640625 0.865365503125