0 0.42800000000000005 0.0509745125 0.42400000000000004 0 0.308 0.0014992500000000001 0.312 0.0554722640625 0.348 0.0584707640625 0.356 0.0509745125 0.42800000000000005 0.0509745125
0 0.23199999999999998 0.0509745125 0.23399999999999999 0.1544227890625 0.356 0.1574212890625 0.354 0.0584707640625 0.23199999999999998 0.0509745125
0 0.356 0.053973014062500005 0.362 0.1589205390625 0.48600000000000004 0.160419790625 0.47800000000000004 0.0524737625 0.356 0.053973014062500005
0 0.44800000000000006 0.028485757812500002 0.42800000000000005 0.028485757812500002 0.426 0.0509745125 0.44800000000000006 0.0524737625 0.44800000000000006 0.028485757812500002
0 0.362 0.1589205390625 0.22799999999999998 0.1559220390625 0.23199999999999998 0.289355321875 0.254 0.284857571875 0.366 0.2818590703125 0.362 0.1589205390625
0 0.49000000000000005 0.2953523234375 0.504 0.28335832031249997 0.5 0.1574212890625 0.37 0.161919040625 0.378 0.2818590703125 0.472 0.2788605703125 0.472 0.2953523234375 0.49000000000000005 0.2953523234375
0 0.26 0.284857571875 0.27 0.4077961015625 0.48200000000000004 0.4047976015625 0.472 0.2788605703125 0.26 0.284857571875
0 0.22799999999999998 0.4077961015625 0.23199999999999998 0.5307346328125 0.368 0.5307346328125 0.368 0.4077961015625 0.22799999999999998 0.4077961015625
0 0.5 0.4017991 0.38 0.4077961015625 0.388 0.52773613125 0.52 0.5247376312500001 0.512 0.4062968515625 0.5 0.4017991
0 0.48200000000000004 0.5247376312500001 0.27599999999999997 0.52773613125 0.272 0.6461769109375 0.284 0.6506746625 0.49000000000000005 0.6446776609375 0.48200000000000004 0.5247376312500001
0 0.386 0.6491754125 0.286 0.6506746625 0.272 0.6476761625 0.268 0.6191904046875 0.25 0.6476761625 0.252 0.761619190625 0.384 0.761619190625 0.386 0.6491754125
0 0.508 0.610194903125 0.488 0.6086956515625 0.49000000000000005 0.640179909375 0.396 0.6476761625 0.4 0.761619190625 0.53 0.7541229390625 0.524 0.6431784109375001 0.508 0.610194903125
0 0.374 0.884557721875 0.40199999999999997 0.8800599703125 0.414 0.8320839578125 0.506 0.8305847078124999 0.506 0.764617690625 0.506 0.7571214390625001 0.398 0.761619190625 0.384 0.760119940625 0.298 0.761619190625 0.298 0.7676161921875 0.3 0.8680659671875001 0.372 0.865067465625 0.374 0.884557721875
0 0.258 0.298350825 0.244 0.298350825 0.254 0.4047976015625 0.27 0.4047976015625 0.258 0.298350825
0 0.472 0.2938530734375 0.48 0.4047976015625 0.49400000000000005 0.4017991 0.49400000000000005 0.2953523234375 0.472 0.2938530734375
0 0.258 0.5292353828125 0.264 0.6176911546875 0.27599999999999997 0.6176911546875 0.282 0.52623688125 0.258 0.5292353828125
0 0.484 0.5247376312500001 0.488 0.610194903125 0.504 0.6086956515625 0.5 0.5247376312500001 0.484 0.5247376312500001
0 0.22999999999999998 0.08545727187499999 0.22400000000000003 0.0809595203125 0.144 0.0809595203125 0.146 0.1319340328125 0.22400000000000003 0.137931034375 0.22799999999999998 0.1409295359375 0.22999999999999998 0.08545727187499999
0 0.032 0.134932534375 0 0.134932534375 0.002 0.1919040484375 0.036 0.190404796875 0.032 0.134932534375
0 0.128 0.134932534375 0.032 0.1319340328125 0.032 0.190404796875 0.13 0.1919040484375 0.128 0.134932534375
0 0.22599999999999998 0.137931034375 0.126 0.1319340328125 0.13 0.19340329843749998 0.20600000000000002 0.1919040484375 0.22599999999999998 0.20089955 0.22599999999999998 0.137931034375
0 0.11599999999999999 0.260869565625 0.11200000000000002 0.19340329843749998 0.012 0.188905546875 0.014000000000000002 0.260869565625 0.034 0.265367315625 0.036 0.260869565625 0.11599999999999999 0.260869565625
0 0.22400000000000003 0.20089955 0.20600000000000002 0.1919040484375 0.11200000000000002 0.19340329843749998 0.11599999999999999 0.260869565625 0.21200000000000002 0.260869565625 0.22799999999999998 0.260869565625 0.22400000000000003 0.20089955
0 0.198 0.260869565625 0.038 0.260869565625 0.041999999999999996 0.33433283281250004 0.196 0.338830584375 0.202 0.33433283281250004 0.198 0.260869565625
0 0.23199999999999998 0.287856071875 0.22799999999999998 0.25787106406250004 0.198 0.263868065625 0.202 0.337331334375 0.246 0.340329834375 0.242 0.2968515734375 0.23199999999999998 0.287856071875
0 0.041999999999999996 0.33283358281250003 0.032 0.2668665671875 0.004 0.265367315625 0.002 0.3313343328125 0.041999999999999996 0.33283358281250003
0 0.142 0.337331334375 0 0.3313343328125 0.002 0.412293853125 0.092 0.412293853125 0.146 0.4017991 0.142 0.337331334375
0 0.246 0.338830584375 0.13999999999999999 0.337331334375 0.148 0.4047976015625 0.22999999999999998 0.4047976015625 0.25 0.4017991 0.246 0.338830584375
0 0.064 0.410794603125 0.002 0.410794603125 0 0.5157421296875 0.028000000000000004 0.5157421296875 0.072 0.497751125 0.064 0.410794603125
0 0.094 0.413793103125 0.064 0.410794603125 0.072 0.499250375 0.10800000000000001 0.4782608703125 0.10200000000000001 0.412293853125 0.094 0.413793103125
0 0.10400000000000001 0.410794603125 0.10600000000000001 0.4812593703125 0.13799999999999998 0.47526236875 0.13 0.4077961015625 0.10400000000000001 0.410794603125
0 0.13 0.4062968515625 0.13799999999999998 0.4797601203125 0.22799999999999998 0.4812593703125 0.22999999999999998 0.4047976015625 0.13 0.4062968515625
0 0 0.6041979015625001 0.038 0.6041979015625001 0.094 0.565217390625 0.076 0.499250375 0.03 0.5172413796875001 0 0.5172413796875001 0 0.6041979015625001
0 0.142 0.47526236875 0.072 0.4962518734375 0.092 0.5667166421875 0.11599999999999999 0.560719640625 0.11000000000000001 0.4917541234375 0.142 0.47526236875
0 0.24 0.5472263875000001 0.23199999999999998 0.5307346328125 0.22799999999999998 0.48275862031249994 0.13999999999999999 0.4782608703125 0.10800000000000001 0.4917541234375 0.118 0.5682158921875 0.21400000000000002 0.5682158921875 0.24 0.5472263875000001
0 0 0.7091454265625 0.044 0.7046476765625 0.06 0.6836581703125 0.05600000000000001 0.614692653125 0.088 0.584707646875 0.11399999999999999 0.5682158921875 0.118 0.5592203890625 0.094 0.5667166421875 0.036 0.6011993999999999 0 0.60269865 0 0.7091454265625
0 0.22599999999999998 0.6491754125 0.242 0.6176911546875 0.236 0.5517241375 0.21800000000000003 0.5667166421875 0.11599999999999999 0.5682158921875 0.11399999999999999 0.5817091453125001 0.20800000000000002 0.5787106453125 0.21000000000000002 0.6506746625 0.22599999999999998 0.6491754125
0 0.21400000000000002 0.6551724140624999 0.20800000000000002 0.5772113937500001 0.086 0.5802098953125 0.057999999999999996 0.614692653125 0.057999999999999996 0.7076461765625 0.184 0.698650675 0.21400000000000002 0.6551724140624999
0 0.09 0.7061469265625 0.05600000000000001 0.7076461765625 0.06 0.685157421875 0.046 0.701649175 0.002 0.7076461765625 0.002 0.7841079453125 0.066 0.77511244375 0.088 0.7586206890625 0.09 0.7061469265625
0 0.22799999999999998 0.6521739125 0.198 0.6821589203125 0.18 0.698650675 0.09 0.7061469265625 0.088 0.77211394375 0.20800000000000002 0.7706146921875 0.236 0.72713643125 0.22799999999999998 0.6521739125
0 0.072 0.7976012 0.09 0.77211394375 0.09 0.7571214390625001 0.066 0.7766116937499999 0.002 0.7841079453125 0 0.890554721875 0.054000000000000006 0.889055471875 0.072 0.8575712140625 0.072 0.7976012
0 0.246 0.7841079453125 0.238 0.7286356828125 0.20800000000000002 0.7691154421874999 0.09 0.7706146921875 0.068 0.8020989500000001 0.076 0.884557721875 0.20600000000000002 0.884557721875 0.246 0.7841079453125
0 0.38 1 0.374 0.865067465625 0.20800000000000002 0.87256371875 0.16599999999999998 1 0.38 1
0 0.5740000000000001 1 0.5740000000000001 0.9340329828125 0.562 0.82758620625 0.41200000000000003 0.8320839578125 0.38 0.9505247375 0.388 1 0.5740000000000001 1
0 0.502 0.17541229375 0.516 0.17691154375 0.514 0.1424287859375 0.532 0.1409295359375 0.53 0.12143927968749998 0.484 0.12593703125 0.48600000000000004 0.1589205390625 0.502 0.1589205390625 0.502 0.17541229375
0 0.678 0.0704647671875 0.5940000000000001 0.0689655171875 0.5740000000000001 0.1079460265625 0.5780000000000001 0.1424287859375 0.678 0.1439280359375 0.678 0.0704647671875
0 0.516 0.1439280359375 0.514 0.211394303125 0.602 0.21889055468750002 0.61 0.1454272859375 0.516 0.1439280359375
0 0.62 0.1409295359375 0.614 0.21889055468750002 0.706 0.2203898046875 0.71 0.1484257875 0.62 0.1409295359375
0 0.786 0.23988005937499998 0.78 0.17241379375000002 0.708 0.17991004531250002 0.706 0.21889055468750002 0.712 0.22188905625 0.716 0.24287856093750002 0.786 0.23988005937499998
0 0.606 0.2953523234375 0.616 0.21889055468750002 0.514 0.211394303125 0.508 0.30434782656250003 0.534 0.301349325 0.5599999999999999 0.2923538234375 0.606 0.2953523234375
0 0.62 0.22188905625 0.618 0.2923538234375 0.708 0.298350825 0.716 0.22188905625 0.62 0.22188905625
0 0.718 0.24287856093750002 0.722 0.2968515734375 0.8039999999999999 0.298350825 0.8019999999999999 0.24137931093749998 0.718 0.24287856093750002
0 0.686 0.299850075 0.5660000000000001 0.2938530734375 0.534 0.301349325 0.524 0.3988006 0.548 0.412293853125 0.6759999999999999 0.415292353125 0.686 0.299850075
0 0.686 0.2953523234375 0.6759999999999999 0.413793103125 0.806 0.4182908546875 0.8099999999999999 0.298350825 0.686 0.2953523234375
0 0.534 0.4092953515625 0.526 0.5187406296875 0.5519999999999999 0.5187406296875 0.5700000000000001 0.415292353125 0.534 0.4092953515625
0 0.786 0.415292353125 0.5700000000000001 0.415292353125 0.5519999999999999 0.5187406296875 0.5740000000000001 0.5307346328125 0.778 0.535232384375 0.786 0.415292353125
0 0.6599999999999999 0.5322338828125 0.568 0.5307346328125 0.5519999999999999 0.5187406296875 0.514 0.52773613125 0.504 0.6041979015625001 0.524 0.6431784109375001 0.65 0.6461769109375 0.6599999999999999 0.5322338828125
0 0.78 0.5217391296875 0.78 0.5322338828125 0.6599999999999999 0.5337331328125 0.65 0.6476761625 0.796 0.6476761625 0.8019999999999999 0.538230884375 0.78 0.5217391296875
0 0.774 0.6476761625 0.588 0.6461769109375 0.554 0.6491754125 0.548 0.7121439281249999 0.5740000000000001 0.760119940625 0.766 0.7541229390625 0.774 0.6476761625
0 0.562 0.82758620625 0.5660000000000001 0.8695652171875 0.6639999999999999 0.8680659671875001 0.674 0.7571214390625001 0.5740000000000001 0.761619190625 0.5519999999999999 0.7121439281249999 0.526 0.715142428125 0.532 0.7526236875000001 0.518 0.8080959515625 0.546 0.82758620625 0.562 0.82758620625
0 0.806 0.7541229390625 0.77 0.72713643125 0.766 0.7541229390625 0.674 0.7586206890625 0.666 0.8440779609375 0.6799999999999999 0.8635682156250001 0.798 0.8605697156250001 0.806 0.7541229390625
0 0.836 0.3163418296875 0.8099999999999999 0.314842578125 0.8019999999999999 0.3988006 0.8320000000000001 0.3988006 0.836 0.3163418296875
0 0.786 0.48425787031249995 0.8560000000000001 0.48275862031249994 0.858 0.3988006 0.8019999999999999 0.3988006 0.806 0.4182908546875 0.786 0.4182908546875 0.786 0.48425787031249995
0 0.8 0.57571214375 0.882 0.57271364375 0.882 0.48725637187500004 0.86 0.4812593703125 0.782 0.48575712187500003 0.78 0.5217391296875 0.8019999999999999 0.5367316343749999 0.8 0.57571214375
0 0.774 0.6476761625 0.774 0.686656671875 0.836 0.6836581703125 0.8400000000000001 0.5907046484375 0.8140000000000001 0.5742128937500001 0.798 0.589205396875 0.798 0.6476761625 0.774 0.6476761625
0 0.952 0.5967016484375 0.8960000000000001 0.565217390625 0.882 0.563718140625 0.882 0.5742128937500001 0.8160000000000001 0.5742128937500001 0.8380000000000001 0.5907046484375 0.8400000000000001 0.6836581703125 0.944 0.688155921875 0.952 0.5967016484375
0 0.874 0.8020989500000001 0.876 0.7076461765625 0.8480000000000001 0.6806596703125 0.774 0.685157421875 0.77 0.7286356828125 0.806 0.7541229390625 0.8039999999999999 0.8020989500000001 0.874 0.8020989500000001
0 0.976 0.701649175 0.9480000000000001 0.67466266875 0.9460000000000001 0.688155921875 0.85 0.6806596703125 0.8720000000000001 0.7046476765625 0.876 0.7931034484375 0.97 0.7946026984375 0.976 0.701649175
0 1 0.3313343328125 0.958 0.33433283281250004 0.9039999999999999 0.3313343328125 0.8960000000000001 0.38830584687499997 0.944 0.3943028484375 1 0.3958020984375 1 0.3313343328125
0 1 0.3928035984375 0.9 0.38830584687499997 0.9 0.44377811093749997 1 0.463268365625 1 0.3928035984375
0 0.942 0.45427286406249995 0.8859999999999999 0.4467766109375 0.8859999999999999 0.4812593703125 0.8859999999999999 0.509745128125 0.944 0.5187406296875 0.942 0.45427286406249995
0 0.998 0.463268365625 0.942 0.45427286406249995 0.9460000000000001 0.5217391296875 0.9720000000000001 0.5307346328125 1 0.5322338828125 0.998 0.463268365625
0 1 0.5307346328125 0.974 0.52773613125 0.9460000000000001 0.5187406296875 0.898 0.5157421296875 0.9 0.565217390625 0.95 0.5982008999999999 0.9960000000000001 0.5952023984375 1 0.5307346328125
0 1 0.5952023984375 0.952 0.5982008999999999 0.95 0.6566716640625 0.968 0.6596701656249999 1 0.662668665625 1 0.5952023984375