0 0 0.3066666671875 0.092 0.304 0.08399999999999999 0.0933333328125 0 0.11200000000000002 0 0.3066666671875
0 0.322 0.05600000000000001 0.394 0.04 0.312 0.0426666671875 0.08399999999999999 0.0933333328125 0.094 0.3066666671875 0.32999999999999996 0.2986666671875 0.322 0.05600000000000001
0 0.9019999999999999 0.288 0.9019999999999999 0.0026666671875 0.618 0.0026666671875 0.324 0.05600000000000001 0.33199999999999996 0.3173333328125 0.6679999999999999 0.3093333328125 0.9019999999999999 0.288
0 0.08 0.3066666671875 0 0.3093333328125 0.002 0.5093333328125 0.088 0.5173333328124999 0.08 0.3066666671875
0 0.32 0.3253333328125 0.32799999999999996 0.31466666718749997 0.32799999999999996 0.304 0.08199999999999999 0.3093333328125 0.088 0.5306666671875 0.33199999999999996 0.5573333328125 0.32 0.3253333328125
0 0.906 0.5413333328125 0.9 0.288 0.6679999999999999 0.312 0.32 0.31466666718749997 0.33399999999999996 0.576 0.67 0.6213333328124999 0.906 0.5413333328125
0 0.088 0.52 0.002 0.512 0 0.7066666671874999 0.096 0.736 0.088 0.52
0 0.33199999999999996 0.576 0.33199999999999996 0.5573333328125 0.088 0.5306666671875 0.094 0.744 0.33799999999999997 0.8106666671875 0.33199999999999996 0.576
0 0.666 0.9386666671875 0.906 0.8186666671875 0.8960000000000001 0.5573333328125 0.884 0.5493333328125 0.67 0.6213333328124999 0.33399999999999996 0.576 0.33399999999999996 0.8213333328125 0.358 0.8346666671875 0.666 0.9386666671875
0 0.10400000000000001 0.7626666671875 0.096 0.7493333328125 0.094 0.736 0.002 0.7093333328125 0.002 0.8960000000000001 0.11599999999999999 0.9413333328125001 0.10400000000000001 0.7626666671875
0 0.358 1 0.352 0.8320000000000001 0.33399999999999996 0.8266666671875 0.33199999999999996 0.8133333328125 0.098 0.7466666671875 0.11200000000000002 0.952 0.22799999999999998 1 0.358 1
0 0.9179999999999999 1 0.908 0.8213333328125 0.666 0.9386666671875 0.354 0.8346666671875 0.356 1 0.544 1 0.9179999999999999 1
0 1 0.037333332812499995 0.944 0.032 0.906 0.037333332812499995 0.9019999999999999 0.2906666671875 0.9460000000000001 0.29333333281249996 1 0.29333333281249996 1 0.037333332812499995
0 0.8960000000000001 0.5599999999999999 0.966 0.5626666671875 0.998 0.5573333328125 1 0.29333333281249996 0.974 0.2986666671875 0.9039999999999999 0.2986666671875 0.908 0.544 0.8939999999999999 0.5493333328125 0.8960000000000001 0.5599999999999999
0 1 0.8186666671875 0.998 0.5573333328125 0.966 0.5626666671875 0.898 0.5653333328125 0.908 0.8240000000000001 0.97 0.8266666671875 1 0.8186666671875
0 1 0.8186666671875 0.9720000000000001 0.8266666671875 0.9099999999999999 0.8240000000000001 0.9199999999999999 1 1 1 1 0.8186666671875