0 0 0.3421052625 0.19243374062500002 0.32069790781249996 0.21665716875 0.283575315625 0.1988458265625 0.0041247296875 0 0 0 0.3421052625
0 0.20739526874999997 0.0072182828125 0.2223567953125 0.2784194015625 0.49023938593749994 0.2598581125 0.48952693125 0.0041247296875 0.20739526874999997 0.0072182828125
0 0.48952693125 0.0041247296875 0.4930892 0.0670268953125 0.66336563125 0.0659957109375 0.6662154453125 0.0030935453125000003 0.48952693125 0.0041247296875
0 0.6234682234375 0.256764559375 0.7046879453125 0.2505774609375 0.7125249359375 0.1062118484375 0.6740524359375 0.070120440625 0.491664290625 0.071151625 0.48881447656250004 0.25573337500000004 0.5301367906250001 0.3041989796875 0.6199059546875 0.3072925265625 0.6234682234375 0.256764559375
0 0.8550156734375 0.0010311843750000001 0.6719150765624999 0.0051559140625 0.6662154453125 0.0670268953125 0.71537475 0.1082742109375 0.839341690625 0.1082742109375 0.8550156734375 0.0010311843750000001
0 0.71537475 0.11033657968749999 0.70896266875 0.2464527296875 0.8293673406250001 0.24026563125 0.839341690625 0.1175548625 0.71537475 0.11033657968749999
0 0.5215873453125 0.2959495125 0.51873753125 0.42690975 0.617056140625 0.4165979203125 0.620618409375 0.3093548953125 0.5215873453125 0.2959495125
0 0.5194499859375 0.4341280328125 0.5166001734375001 0.2928559671875 0.49237674531250003 0.258826928125 0.22021943593749999 0.28151295468750004 0.21594471406250001 0.3237914546875 0.224494159375 0.4588764203125 0.5194499859375 0.4341280328125
0 0.010045595312499999 0.6176785984375 0.052080364062499995 0.4898119140625 0.2031205453125 0.4650635203125 0.221644340625 0.45681405937499997 0.21594471406250001 0.28563768437500003 0.1910088359375 0.31863553906250003 0.0014961546875 0.3464774796875 0.0007837 0.6063355859375 0.0022086046875 0.62695925 0.010045595312499999 0.6176785984375
0 0.3990453140625 0.5650882703125 0.359860359375 0.44959577656249994 0.21594471406250001 0.46196997343749996 0.0542177265625 0.48465600000000003 0.00719578125 0.6352087109375 0.06363636406249999 0.9934210531250001 0.4045454546875 0.9934210531250001 0.3990453140625 0.5650882703125
0 0.7317611859375 0.514560303125 0.6256055859375 0.41144200625 0.5173126234375001 0.439283946875 0.36413508125 0.44650222968750003 0.39975776406249997 0.5599323546874999 0.4111570234375 0.9899356515625 0.7018381312499999 0.912596934375 0.7317611859375 0.514560303125
0 0.734611 0.666144196875 0.9804075234375 0.6187097828125 0.9954545453125 0.4736842109375 0.9954545453125 0.3157894734375 0.842191509375 0.23820327031250002 0.6213308640624999 0.254702196875 0.6191935046875 0.4062860921875 0.7317611859375 0.5083732046875 0.7260615546875 0.6496452765625 0.734611 0.666144196875
0 0.9804075234375 0.6197409671874999 0.734611 0.6723312953125 0.7253491046875 0.652738821875 0.7025505859375001 0.912596934375 0.7160872046875 0.9321894078125 0.9469222 0.866193696875 0.9804075234375 0.6197409671874999