0 0.1797925078125 0 0.16427897656249998 0.089887390625 0.2550488984375 0.0922306765625 0.27005150312500004 0 0.1797925078125 0
0 0.2740955921875 0 0.2592803734375 0.09144772343749999 0.4056957828125 0.0898743828125 0.4248806 0.0948306125 0.441930565625 0 0.2740955921875 0
0 0.161998859375 0.09101811562499999 0.147735034375 0.20990622343749998 0.23881251875 0.2199897828125 0.256671496875 0.0940569484375 0.161998859375 0.09101811562499999
0 0.4206491265625 0.095613565625 0.41479505312500003 0.094570246875 0.2550488984375 0.0922306765625 0.242715234375 0.220685328125 0.393319725 0.2367665765625 0.4206491265625 0.095613565625
0 0.1451261578125 0.21251545 0.12500825937499999 0.3303602390625 0.25412661875000003 0.35183475625 0.27360819687500004 0.22772819531250002 0.1451261578125 0.21251545
0 0.27588831406250003 0.22659746875 0.2599806921875 0.352878075 0.40762634999999997 0.3822658203125 0.4346269921875 0.2425913078125 0.27588831406250003 0.22659746875
0 0.12695961718749998 0.33070801250000004 0.10620539843750001 0.4422910296875 0.2343162828125 0.47741981562499997 0.2534691015625 0.3547917546875 0.12695961718749998 0.33070801250000004
0 0.255420459375 0.35513952656250003 0.2343162828125 0.47741981562499997 0.3780380296875 0.5153307859375 0.407297590625 0.3837443203125 0.255420459375 0.35513952656250003
0 0.18976381874999998 0.46794253750000003 0.10359652187499999 0.44490025781250003 0.08935389375 0.5545695937499999 0.1686808390625 0.5810040562500001 0.18976381874999998 0.46794253750000003
0 0.1936665328125 0.46863808437500004 0.172254796875 0.5831781015625 0.306834878125 0.6348307484375 0.335436921875 0.50620128125 0.1936665328125 0.46863808437500004
0 0.08935389375 0.5545695937499999 0.0663195578125 0.6672833375 0.182679903125 0.7187630265625 0.204749159375 0.6012660125 0.08935389375 0.5545695937499999
0 0.350708628125 0.6564837953125 0.2070292765625 0.6001352843750001 0.18397374375 0.7220678015625001 0.323400421875 0.7884180359374999 0.350708628125 0.6564837953125
0 0.1547245765625 0.707632434375 0.0659907984375 0.6687618390625001 0.04784545625 0.7777356296875 0.1261649265625 0.8178243609375 0.1547245765625 0.707632434375
0 0.15439581875 0.7091109343750001 0.12517865 0.8222598609375 0.25905881875 0.8953070484375001 0.286345825 0.772591578125 0.15439581875 0.7091109343750001
0 0.286345825 0.772591578125 0.2587300609375 0.8967855468750001 0.3718028140625 0.9630502328125001 0.45213723437500003 0.9758304250000001 0.5254085296875 0.9473874421874999 0.55335305625 0.8217149750000001 0.5439250265625 0.818497609375 0.44820252031249996 0.8475505890624999 0.286345825 0.772591578125
0 0.4446285625 0.8453765421874999 0.5846171703125 0.8088418015625001 0.6102815796875001 0.684300059375 0.472286725 0.7027450328125 0.352659984375 0.6568315703125001 0.325023021875 0.79024430625 0.4446285625 0.8453765421874999
0 0.4667614109375 0.7002232140625 0.57546470625 0.685780415625 0.6021153921875 0.5568031765625 0.49897980468750003 0.5553302515625 0.33738827968749996 0.5065490546875 0.3087862359375 0.635178521875 0.4667614109375 0.7002232140625
0 0.4993085625 0.5538517515625 0.6414925 0.553061365625 0.6652055515625 0.42817185156250004 0.5181962140625 0.405045878125 0.40957770781249997 0.3826135921875 0.3780380296875 0.5153307859375 0.4993085625 0.5538517515625
0 0.532184475 0.40600178906249995 0.6720459 0.424779671875 0.7013054624999999 0.293193203125 0.5582412359375 0.2523252359375 0.43657835 0.24293908281249998 0.4102352265625 0.37965659375 0.532184475 0.40600178906249995
0 0.575803453125 0.25545519375 0.671398778125 0.2817148375 0.7032884140625 0.13830037343749998 0.609686840625 0.093950959375 0.4248806 0.0948306125 0.39527108125 0.2371143484375 0.575803453125 0.25545519375
0 0.441909584375 0 0.425209359375 0.0933521125 0.6119669578125 0.092820234375 0.7075198874999999 0.1375174203125 0.737108209375 0.0044524546875 0.7121254421875001 0 0.441909584375 0
0 0.8173790375 0.044888957812500005 0.770610046875 0.008886096875 0.7410109234375 0.005148 0.7091424875000001 0.1393436921875 0.7861681171875 0.176127653125 0.8173790375 0.044888957812500005
0 0.8190016359375001 0.0467152328125 0.7897420734375 0.1783016984375 0.8479116484375 0.20865092812500002 0.876821253125 0.08776173125 0.8190016359375001 0.0467152328125
0 0.7065336109375 0.1419529203125 0.6753014937499999 0.2824103828125 0.6850582828125 0.2841492484375 0.701634221875 0.2917147046875 0.7002979890625001 0.3068474734375 0.7338210234375 0.30206234374999996 0.7627626281250001 0.3087574375 0.7897420734375 0.1783016984375 0.7065336109375 0.1419529203125
0 0.791364671875 0.18012797187500001 0.7647139859375 0.3091052125 0.823233515625 0.32875717031249996 0.8475828890624999 0.210129428125 0.791364671875 0.18012797187500001
0 0.676606134375 0.42251821874999995 0.7097792140625 0.4284303578125 0.7933588312500001 0.44486309375 0.8229047578124999 0.3302356703125 0.7351148625 0.305367115625 0.6999692296875 0.3083259734375 0.676606134375 0.42251821874999995
0 0.6658950671875 0.5527991421875 0.7690306546875 0.5542720671875 0.793030071875 0.44634159531249995 0.7013162656249999 0.429996265625 0.6697657859375 0.425910396875 0.6424787765625 0.5486258671875001 0.6658950671875 0.5527991421875
0 0.57969618125 0.6849974640625 0.6672421046875 0.674469434375 0.691591475 0.5558416921875 0.6597122359375 0.553234321875 0.6460527328125 0.5507999125 0.6411637406249999 0.554539865625 0.6086269828125 0.5548894953125 0.57969618125 0.6849974640625
0 0.6938715921874999 0.5547109640625 0.6695222203125 0.6733387093750001 0.7440449609375 0.6666380390625 0.7664217796874999 0.55688129375 0.6938715921874999 0.5547109640625
0 0.5898561203125 0.794404578125 0.6103347765625 0.802665578125 0.718730509375 0.7804825109375 0.7453388015625 0.6699428109375 0.6350129078125 0.6825593375000001 0.6122329375 0.6846478328125001 0.5898561203125 0.794404578125
0 0.5579132890625 0.8194535203125 0.5299687640624999 0.945125990625 0.5342002375 0.9443430359375 0.6169207609375 0.9098986484375 0.6396263375 0.7986634031250001 0.608054659375 0.80379630625 0.5895273609375 0.7958830765625 0.5846171703125 0.8088418015625001 0.5579132890625 0.8194535203125
0 0.6419064546875 0.797532675 0.619200878125 0.9087679218750001 0.690520815625 0.879977165625 0.711890159375 0.783874690625 0.6419064546875 0.797532675
0 0.9073006671874999 0.13315818125 0.873512465625 0.11176549843750001 0.8459178953125001 0.226740696875 0.8810211359375 0.24221937968749999 0.9073006671874999 0.13315818125
0 0.9511532203125 0.16403 0.9066431500000001 0.1361151796875 0.88297249375 0.24256715468749998 0.9252236453125 0.262393928125 0.9511532203125 0.16403
0 0.9940406921875 0.1901185453125 0.9527758203125 0.16585627187500002 0.9268462421875 0.264220203125 0.9668172765625 0.28517770468750003 0.9940406921875 0.1901185453125
0 0.8696417484375001 0.23865424375000002 0.8452603765625 0.2296976953125 0.8219184796875 0.33467116875 0.8404457781250001 0.34258439687500003 0.8696417484375001 0.23865424375000002
0 0.9131867390625 0.26178579062499996 0.8712643484375 0.2404805140625 0.8423971359375001 0.3429321703125 0.888243440625 0.355714221875 0.9131867390625 0.26178579062499996
0 0.9154668562499999 0.2606550640625 0.8921461562499999 0.3564097671875 0.93571234375 0.37032254375 0.9609632046875 0.28413438593749996 0.9154668562499999 0.2606550640625
0 0.8381656625 0.3437151234375 0.8212609625 0.33762816875 0.7940163484375 0.44190609687500004 0.813858684375 0.4439053265625 0.8381656625 0.3437151234375
0 0.8953913531250001 0.36006231093749996 0.8375081421875 0.3466721234375 0.8174326390625 0.44607937187499996 0.8759733671875001 0.45651256093750003 0.8953913531250001 0.36006231093749996
0 0.89506259375 0.36154081250000003 0.877924725 0.45686033437500007 0.9133779203125 0.4616417484375 0.9350548265624999 0.37327954218750004 0.89506259375 0.36154081250000003
0 0.8346660984375 0.45068782812499997 0.7953101890625 0.4452108671875 0.770016934375 0.54983656875 0.8113453984375001 0.5464425312500001 0.8346660984375 0.45068782812499997
0 0.8398626531250001 0.454688146875 0.81590563125 0.5441810765625 0.8877983 0.54930840625 0.9091464453125001 0.46242470156250004 0.8398626531250001 0.454688146875
0 0.7778223625 0.5512276593750001 0.7683731375 0.55722906875 0.748647590625 0.64593904375 0.7587331359375 0.646199409375 0.7778223625 0.5512276593750001
0 0.7797737203125 0.5515754328125 0.7626358515625 0.6468949562499999 0.82317033125 0.6392383749999999 0.845175996875 0.549397671875 0.7797737203125 0.5515754328125
0 0.8471273531250001 0.54974544375 0.8251216890625 0.63958615 0.8612536000000001 0.63219179375 0.8790065921875 0.5523528125 0.8471273531250001 0.54974544375
0 0.7792329890625 0.645241640625 0.7496126703125 0.6507223171875001 0.7253056921875001 0.75091251875 0.7598150046875001 0.7416918906250001 0.7792329890625 0.645241640625
0 0.7643964343749999 0.730211665625 0.7734957046875001 0.734907528125 0.8356739796875001 0.7198584515625 0.8586447250000001 0.6348010171875 0.7977814859375 0.6439360984375 0.7831357062500001 0.6459371859374999 0.7643964343749999 0.730211665625
0 0.740746975 0.8274448671875 0.751797603125 0.832488503125 0.8240826234374999 0.8084810203125 0.837296578125 0.7216847234375 0.7708868296875 0.7375167546875 0.7634101578125 0.7346471625000001 0.740746975 0.8274448671875
0 0.7206818671875 0.7808302828125 0.7141702765625 0.7827439625 0.699376115625 0.8492764453125 0.7364943046875 0.8374465921875001 0.7594862453125 0.7431703875 0.7253056921875001 0.75091251875 0.7206818671875 0.7808302828125
0 0.83957669375 0.720553996875 0.8263627375 0.8073502937500001 0.87089400625 0.8260463437500001 0.9327435218750001 0.8124757656250001 0.9573792593749999 0.7108070640624999 0.8504257453124999 0.6717635093750001 0.83957669375 0.720553996875
0 0.0530204078125 0.5081298265624999 0.002851978125 0.490213446875 0.0031610109375 0.5433317546875001 0.047739064062499996 0.541004590625 0.0530204078125 0.5081298265624999
0 0.05989275625 0.6323219375 0.0697555296875 0.5879669484375001 0.0759383609375 0.5875317671875 0.0805621859375 0.5576140015625 0.051970537500000004 0.5402216375 0.0031605124999999996 0.5432460359375 0.0035994390625 0.6186909390625 0.029636115624999997 0.631540840625 0.05989275625 0.6323219375
0 0.050708290625 0.3816762625 0.068270509375 0.38480621875 0.068620465625 0.37410895 0.075810771875 0.3600194984375 0.07745456875 0.35262699999999997 0.099926975 0.342798234375 0.1003405234375 0.30444465 0.0356169640625 0.2944466421875 0.0155626578125 0.38463511875 0.0275995625 0.3852432578125 0.0360625109375 0.38367735000000003 0.0406227453125 0.381415896875 0.050708290625 0.3816762625
0 0.0788755890625 0.3006191484375 0.10229188125 0.304792425 0.101920728125 0.3247084640625 0.1233856609375 0.3285339671875 0.13228335468750002 0.2793957078125 0.0847932546875 0.274006153125 0.0788755890625 0.3006191484375
0 0.065820409375 0.17686221875000002 0.0543350375 0.219390934375 0.088165634375 0.222346075 0.1037764953125 0.225128259375 0.1324105375 0.22408308125 0.1390069171875 0.18529431875 0.11039407187500001 0.177120725 0.065820409375 0.17686221875000002
0 0.0975936640625 0.225563440625 0.053677520312500004 0.22234793281249998 0.0471023375 0.251917925 0.084506890625 0.2570471125 0.0847932546875 0.274006153125 0.1287093984375 0.2772216609375 0.13922969062499999 0.229909671875 0.0975936640625 0.225563440625