0 0.8804136 0.144240315625 0.8467561437500001 0.2923099421875 0.9931888796875 0.3027201859375 0.9960153249999999 0.14079318125 0.8960256796875001 0.134711459375 0.8804136 0.144240315625
0 0.8083777109374999 0.44460341249999996 0.973329853125 0.4593698875 0.9914790078125 0.40067868281249996 0.9931428671875 0.3053561890625 0.844786228125 0.292169896875 0.8083777109374999 0.44460341249999996
0 0.8123175421875001 0.4448835046875 0.8078569484375 0.44760603593750004 0.777210934375 0.5898104625 0.7825999171875 0.5932332234375 0.9371817171875 0.6103020906250001 0.973329853125 0.4593698875 0.8123175421875001 0.4448835046875
0 0.8470165250000001 0.29080863125 0.88498733125 0.12936725 0.8219500359374999 0.12488578125000001 0.7845216390624999 0.12222491093750001 0.7212239609375 0.119244753125 0.7121896328124999 0.13684035 0.6835135359375 0.279184825 0.8470165250000001 0.29080863125
0 0.8078569484375 0.44760603593750004 0.8430766937499999 0.290528540625 0.6835135359375 0.279184825 0.6787925593749999 0.28340866875000004 0.6485541718750001 0.434761009375 0.8078569484375 0.44760603593750004
0 0.8368973734375 0.6366087375 0.7961755046875 0.80241400625 0.7995945734375 0.805696721875 0.9271183187500001 0.8178023234375 0.9609679484375 0.6226318656250001 0.9413819296874999 0.609080871875 0.7825999171875 0.5932332234375 0.785758603125 0.5980172484375 0.8368973734375 0.6366087375
0 0.7936848265625 0.805276584375 0.7605386843749999 0.9319343671875 0.9095852765625001 0.9188944796875 0.9268579375 0.8193036359375 0.7936848265625 0.805276584375
0 0.8346670765624999 0.637970003125 0.831508390625 0.6331859765625001 0.7806300015625001 0.5930931765625 0.62526705625 0.5805282421875 0.6244859109374999 0.5850321765625 0.6335884484375 0.6130361 0.6043915890625 0.7583831953125 0.613494125 0.78638711875 0.6228229390625 0.7900899703125 0.7922356749999999 0.8021339140625001 0.7969566515625 0.797910071875 0.8346670765624999 0.637970003125
0 0.6228229390625 0.7900899703125 0.613494125 0.78638711875 0.6088862859375 0.778460425 0.5755003859375 0.9481231203125 0.7605119296875 0.9319367078124999 0.7939452078125 0.803775271875 0.6228229390625 0.7900899703125
0 0.6603736640625 0.435601284375 0.6255274375 0.57902693125 0.776950553125 0.591311775 0.8078569484375 0.44760603593750004 0.6603736640625 0.435601284375
0 0.60074624375 0.779401553125 0.5997047156249999 0.785406796875 0.42687291250000003 0.7700801390625001 0.39730253125 0.9290790828125 0.3987516828125 0.9322217500000001 0.567383275 0.9487696296875001 0.5677846234375 0.9487981624999999 0.573480596875 0.9482998281249999 0.6070636140625 0.788969603125 0.60074624375 0.779401553125
0 0.4217443109375 0.76515606875 0.42713329375000003 0.768578828125 0.5957648859375 0.78512670625 0.6330676859375 0.6160387218750001 0.6219952328125 0.5878947515624999 0.6138892921875 0.6116356406250001 0.45536766249999994 0.5942866796875 0.4217443109375 0.76515606875
0 0.48044334375000003 0.41521050937500004 0.43566850781250005 0.592886221875 0.6158592078125 0.6117756875 0.6606340453125 0.4340999734375 0.48044334375000003 0.41521050937500004
0 0.5194897828125 0.270563640625 0.490032540625 0.4174120484375 0.648814553125 0.4332596984375 0.679313321875 0.28040604375 0.5194897828125 0.270563640625
0 0.67734340625 0.2802659984375 0.682324765625 0.274540846875 0.712563153125 0.1231885046875 0.7094044671875 0.11840447812499999 0.5493205453125001 0.11006338593750001 0.5217200796875 0.269202375 0.67734340625 0.2802659984375
0 0.39001777031249996 0.097218359375 0.366357134375 0.256637440625 0.512391265625 0.26549952499999996 0.5225012265625 0.2646984421875 0.5461618609375 0.10527936093750001 0.4895550734375 0.09821540937499999 0.4518662953125 0.09705584843750001 0.39001777031249996 0.097218359375
0 0.2188955 0.083533059375 0.21246498906250003 0.0861155453125 0.2011446109375 0.243372278125 0.3651683640625 0.25199346093749997 0.387006328125 0.1030835578125 0.37529997187499997 0.09009275 0.2188955 0.083533059375
0 0.3525677265625 0.2556571203125 0.3321789171875 0.40770969062500007 0.48412279218750004 0.4169919109375 0.5101609687499999 0.266860790625 0.3525677265625 0.2556571203125
0 0.336118746875 0.4079897828125 0.31335239531250003 0.55075439375 0.4433668203125 0.559997421875 0.477952665625 0.418073084375 0.336118746875 0.4079897828125
0 0.4433668203125 0.559997421875 0.315061928125 0.5523957515625 0.278856409375 0.57717861875 0.275584584375 0.5845451296874999 0.245753821875 0.745045384375 0.2514031875 0.746966834375 0.416355328125 0.7617333078125 0.45116744999999997 0.5955079 0.43566850781250005 0.592886221875 0.4433668203125 0.559997421875
0 0.2514031875 0.746966834375 0.23979914687499998 0.8023753015624999 0.2262592953125 0.8804434859375 0.22183280625 0.9059657765625 0.22722178906249998 0.9093885359374999 0.395332615625 0.9289390359375 0.42687291250000003 0.7700801390625001 0.41832524375 0.7618733546875001 0.2514031875 0.746966834375
0 0.155759153125 0.539550725 0.095654265625 0.564154353125 0.06872180624999999 0.7309399437499999 0.24378390625000002 0.7449053375 0.27216551718750004 0.581262415625 0.27517695937500003 0.575397215625 0.31283163125 0.553757015625 0.3136127765625 0.5492530828125 0.155759153125 0.539550725
0 0.212390853125 0.914413459375 0.21960250937499998 0.9073270421874999 0.25114280624999996 0.74846814375 0.243523525 0.7464066500000001 0.070691721875 0.7310799921875 0.05972158281249999 0.771335303125 0.055408231249999995 0.7847070578124999 0.053993184375 0.8043641484374999 0.0481175421875 0.8267437703124999 0.0426495265625 0.85827130625 0.0404533328125 0.8824323312500001 0.0386306609375 0.8929415109375001 0.212390853125 0.914413459375
0 0.33388845 0.4093510484375 0.3273106953125 0.401284309375 0.1711666046875 0.3932233078125 0.15352885624999998 0.5409119890625 0.3113824796875 0.5506143484375 0.33388845 0.4093510484375
0 0.194974484375 0.2444534515625 0.17904626875000001 0.393783490625 0.33296006093749997 0.40320575625000005 0.353348871875 0.25115318593749997 0.194974484375 0.2444534515625
0 0.0718525890625 0 0.05412470781249999 0.10221556875 0.088394415625 0.1000924125 0.153922390625 0.10171130625 0.19034336406250002 0.13317718125 0.19651349375 0.1320960078125 0.1939995328125 0.0316090078125 0.1682250234375 0 0.0718525890625 0
0 0.1903666453125 0.23652675781250002 0.1881130671875 0.134538446875 0.153922390625 0.10171130625 0.092073865625 0.1018738171875 0.053864325000000005 0.103716878125 0.0353772203125 0.210309975 0.13517490625 0.2098057125 0.14279418593749998 0.21186720625 0.1805170671875 0.2358265296875 0.1903666453125 0.23652675781250002
0 0.14279418593749998 0.21186720625 0.13517490625 0.2098057125 0.0351168390625 0.2118112890625 0.01558820625 0.3244096296875 0.1336358953125 0.32216315624999997 0.18184225781250002 0.33166954843749996 0.1805170671875 0.2358265296875 0.14279418593749998 0.21186720625
0 0.1345875640625 0.431658021875 0.1666269765625 0.430896134375 0.1714269859375 0.3917219953125 0.177076353125 0.3936434453125 0.18184225781250002 0.33166954843749996 0.1336358953125 0.32216315624999997 0.015327825 0.325910940625 0.009339043750000001 0.360441096875 0.005761909375000001 0.427058975 0.11986976875 0.4245324109375 0.12224730937499999 0.4338203703125 0.1345875640625 0.431658021875
0 0 0.5551202625 0.075547484375 0.5536059828125001 0.122791353125 0.5341673218749999 0.12421722500000001 0.433960415625 0.11986976875 0.4245324109375 0.007731825 0.4271990203125 0 0.427811665625 0 0.5551202625
0 0 0.6704141875 0.07846906875000001 0.6632408937500001 0.095654265625 0.564154353125 0.12806719687499998 0.54974061875 0.1267311828125 0.5344474140625 0.075547484375 0.5536059828125001 0 0.5552585375 0 0.6704141875
0 0 0.8454154656249999 0.011244015625000001 0.8438800375 0.05109488125 0.7980788125 0.052917553125 0.7875696328124999 0.05749128437499999 0.7726965671875 0.0512978765625 0.670428165625 0 0.67323529375 0 0.8454154656249999