0 0.3550262015625 0.2864418515625 0.2907817328125 0.3157871359375 0.292789371875 0.44618555156250006 0.4232859515625 0.4541044875 0.4634387453125 0.41217507500000006 0.4634387453125 0.297886609375 0.3550262015625 0.2864418515625
0 1 0.08033995625 0.979402140625 0.065944925 0.7384853812500001 0.0597078703125 0.7465159390625 0.18527870468750002 1 0.1954980984375 1 0.08033995625
0 1 0.18825106875 0.7465159390625 0.1826208328125 0.74049301875 0.3043947546875 0.7625770562499999 0.31947403125 1 0.33871726875 1 0.18825106875
0 1 0.33833980937499997 0.760569415625 0.3166534390625 0.7404930203125 0.3017368828125 0.7344701015624999 0.4235108046875 0.758561778125 0.4440685453125 1 0.4684437625 1 0.33833980937499997
0 1 0.457671115625 0.7445082984375 0.4322980203125 0.7384853812500001 0.55141406875 0.7485235796875 0.5655170265625 0.903111834375 0.5886779609375 0.9091347531249999 0.4855091390625 1 0.4909942046875 1 0.457671115625
0 1 0.4928738078125 0.9031118328125001 0.485020978125 0.9071271125000001 0.6155821140625 0.9272035093750001 0.643788028125 1 0.6496882171875 1 0.4928738078125
0 1 0.6506955624999999 0.92519586875 0.6462831812500001 0.9051194734375001 0.6127615234375 0.9191729515624999 0.762741359375 1 0.7743879140625001 1 0.6506955624999999
0 1 0.7754020796875001 0.9191729515624999 0.7653992296875 0.9171653109375001 0.8954722046875 1 0.8970455375 1 0.7754020796875001
0 1 0.8942123796875 0.9191729515624999 0.8876613109375 0.913345578125 0.9951953046875 1 0.9946911640625 1 0.8942123796875
0 0.7625770562499999 0.5985505234375 0.7625770562499999 0.6968917640625001 0.776630534375 0.7458724890624999 0.9171653109375001 0.7625786375 0.9151576718750001 0.6401538359375001 0.8870507156249999 0.60066555625 0.7625770562499999 0.5985505234375
0 0.7685999765625 0.7372479937499999 0.768599975 0.8568522046875 0.782653453125 0.87659634375 0.9191729499999999 0.8903191828124999 0.9171653109375001 0.7625786375 0.78666873125 0.749343959375 0.7685999765625 0.7372479937499999
0 0.7846610921875 0.8741011953125 0.768599975 0.8568522046875 0.7665923359375 0.9337677546875 0.7786381734375001 0.99321724375 0.810430740625 0.9957940453124999 0.9173247203124999 0.9951721546875 0.9191729515624999 0.8876613109375 0.7846610921875 0.8741011953125
0 0.55980545 0.5236426234375 0.5557901703125 0.5366065421874999 0.5557901703125 0.6508950078125 0.7304548203125 0.6650516578125 0.720416621875 0.5472917171875 0.55980545 0.5236426234375
0 0.55378253125 0.6507322875 0.55378253125 0.7597050140625 0.7164013437500001 0.7728853421874999 0.7244319015625 0.7682204796875001 0.7244319031249999 0.669879240625 0.55378253125 0.6507322875
0 0.5537825296875 0.762362884375 0.557797809375 0.8743189203125 0.7224242624999999 0.8770304859375001 0.7204166234375 0.7785265234375001 0.5537825296875 0.762362884375
0 0.7465159390625 0.67432703125 0.7605694171875 0.69672904375 0.7625770562499999 0.5985505234375 0.8870507156249999 0.60066555625 0.9071271125000001 0.6288714718749999 0.9071271125000001 0.5863455296875 0.7404930203125 0.564866146875 0.7465159390625 0.67432703125
0 0.742500659375 0.8042372875 0.7545464984375 0.81052935 0.7645846953125 0.8086850796875 0.7665923359375 0.737085275 0.7625770562499999 0.70220750625 0.7465159390625 0.6849585171875 0.742500659375 0.8042372875
0 0.7445083 0.80971575 0.7384853796875 0.880990115625 0.748523578125 0.9163560453124999 0.7585617765625 0.9278011312500001 0.7665923359375 0.9098469109374999 0.7685999765625 0.8196420062499999 0.7565541375 0.810692071875 0.7445083 0.80971575
0 0.46343874375 0.5025427015624999 0.42730123124999997 0.5820077515625 0.30684285 0.5775602875 0.31487340937499997 0.7111047359375 0.5276832140625001 0.720379453125 0.5397290531250001 0.6628826046875 0.5397290515625001 0.5220154234375001 0.46343874375 0.5025427015624999
0 0.5236679359374999 0.722711884375 0.3188886875 0.70877230625 0.32491160625000004 0.836838290625 0.5397290531250001 0.8489335984374999 0.5477596109375 0.7964270515625 0.5477596109375 0.67416496875 0.5236679359374999 0.722711884375
0 0.5377214125 0.8487708765624999 0.3289268875 0.8345058578125 0.33494980625 0.9705454578125 0.54374433125 0.9794947359374999 0.55378253125 0.89259858125 0.551774890625 0.8100418484375 0.5377214125 0.8487708765624999
0 0.30684285 0.58287603125 0.0482537875 0.551543315625 0.059722071875000005 0.68262640625 0.31286576875 0.7056262734375001 0.30684285 0.58287603125
0 0.3188886890625 0.7140880484375 0.05976725000000001 0.68314279375 0.0708096328125 0.8093578140625001 0.3249116078125 0.8394961609375 0.3188886890625 0.7140880484375
0 0.3249116078125 0.8394961609375 0.0708096328125 0.8093578140625001 0.083093078125 0.9497582375 0.3349498046875 0.9678875859374999 0.3249116078125 0.8394961609375
0 0.041834414062500005 0 0.0418344125 0.133479690625 0.3188886875 0.14796145 0.3088504890625 0.0115964109375 0.280705234375 0 0.041834414062500005 0
0 0.0418344125 0.13082181875 0.0418344125 0.2743468703125 0.28475881406250003 0.2940360046875 0.32290396875 0.2811804578125 0.3188886875 0.1506193234375 0.0418344125 0.13082181875
0 0.3188886890625 0.2861707609375 0.041834414062500005 0.2690311296875 0.041834414062500005 0.41787192500000003 0.2927893734375 0.44352768124999997 0.2947970109375 0.3161125765625 0.320896328125 0.302280709375 0.3188886890625 0.2861707609375
0 0.2947970125 0.44103252968750006 0.0418344125 0.415214053125 0.0418344125 0.47816952187500006 0.04778984375 0.54624041875 0.2988122921875 0.57956728125 0.2947970125 0.44103252968750006
0 0.4212783125 0.4565996375 0.292789371875 0.4515012953125 0.29881229062500003 0.5742515359375 0.42730123124999997 0.5820077515625 0.4634387453125 0.5052005734375 0.46343874375 0.42014868906249997 0.4212783125 0.4565996375
0 0.5557901703125 0.172478165625 0.742500659375 0.19026900625 0.7404930203125 0.0705020765625 0.55378253125 0.052711234375000006 0.5557901703125 0.172478165625
0 0.5537825296875 0.2892617859375 0.7445083 0.307378065625 0.7465159390625 0.187936575 0.557797809375 0.17529875781249998 0.5537825296875 0.2892617859375
0 0.551774890625 0.4140190171875 0.7384853796875 0.4238362453125 0.7445083 0.3047201953125 0.54976725 0.2942520875 0.551774890625 0.4140190171875
0 0.5537825296875 0.5258123359375 0.7384853812500001 0.540782584375 0.7465159390625 0.42714499687499996 0.55378253125 0.411523865625 0.5537825296875 0.5258123359375
0 0.35904148125 0.02098015625 0.3570338421875 0.1483952609375 0.54374433125 0.1688439734375 0.5477596109375 0.0575388171875 0.5417366921875 0.043761299999999996 0.35904148125 0.02098015625
0 0.355026203125 0.15620615468750002 0.3530185625 0.270331903125 0.5377214125 0.28264428124999996 0.5437443328125 0.27781669999999997 0.545751971875 0.1716645640625 0.355026203125 0.15620615468750002
0 0.3510109234375 0.2728270546875 0.3510109234375 0.2887742828125 0.46343874375 0.3032023515625 0.46343874375 0.39622784843750003 0.5377214125 0.4022484921875 0.5417366921875 0.3839688328125 0.5377214125 0.287960025 0.3510109234375 0.2728270546875
0 0.46343874375 0.39622784843750003 0.459423465625 0.51550661875 0.5477596124999999 0.525324175 0.54374433125 0.402736653125 0.46343874375 0.39622784843750003
0 0.3188886875 0.14530357968750002 0.3510109234375 0.150564971875 0.34699564375 0.0226617078125 0.30684285 0.014091562499999998 0.3188886875 0.14530357968750002
0 0.3188886875 0.30477586093750003 0.3530185640625 0.2915948734375 0.3550262015625 0.153548284375 0.31286576875 0.1554469046875 0.3188886875 0.30477586093750003