0 0.197891471875 0.00413436875 0.1878139546875 0.22739018125000002 0.43820154999999994 0.23875969062500002 0.4459534875 0.014470285937499999 0.197891471875 0.00413436875
0 0.690914728125 0.2439276484375 0.687038759375 0.020671834375 0.4459534875 0.014470285937499999 0.43820154999999994 0.23875969062500002 0.4506046515625 0.2666666671875 0.6878139546875001 0.2625322984375 0.690914728125 0.2439276484375
0 0.690914728125 0.013436693750000001 0.6955658921875 0.2418604640625 0.9413023265625 0.2439276484375 0.93122480625 0.009302325 0.690914728125 0.013436693750000001
0 0.73432558125 0.4826873390625 0.9451782937500001 0.4806201546875 0.9374263562499999 0.2490956078125 0.7009922484375 0.2397932828125 0.7002170546875 0.25426356562499997 0.7242480625 0.2625322984375 0.7288992234375 0.284237725 0.73432558125 0.4826873390625
0 0.73587596875 0.49612403125000004 0.7288992234375 0.5147286828125 0.6932403093749999 0.5198966406250001 0.7017674421875 0.7421188640625 0.9560310078124999 0.7286821703124999 0.9482790703124999 0.49405684843750003 0.73587596875 0.49612403125000004
0 0.6971162796875 0.7452196375 0.6971162796875 0.9736434109375001 0.94362790625 0.9674418609375 0.9382015499999999 0.7307493546875 0.6971162796875 0.7452196375
0 0.6893643421875 0.7669250640625 0.44517829375 0.763824290625 0.4490542640625 0.9943152453125 0.6932403093749999 0.9963824296875 0.6893643421875 0.7669250640625
0 0.687038759375 0.7607235140624999 0.6878139546875001 0.5260981921875 0.44285271406250004 0.5281653765625001 0.43897674374999995 0.7576227390625 0.687038759375 0.7607235140624999
0 0.4149457359375 0.9870801046875 0.4420775203125 0.8485788109374999 0.4273488375 0.7400516796875001 0.22347286875 0.7121447046875 0.1878139546875 0.7307493546875 0.1754108515625 0.9581395359375 0.4149457359375 0.9870801046875
0 0.40331782968749996 0.48888888750000004 0.19091472812500002 0.47648578906249994 0.1816124046875 0.7111111125 0.43122480625000004 0.7338501281250001 0.43897674374999995 0.5271317843750001 0.4141705421875 0.5157622749999999 0.40331782968749996 0.48888888750000004
0 0.41804651249999997 0.26873385 0.4366511625 0.2645994828125 0.4351007765625 0.244961240625 0.1940155046875 0.229457365625 0.183937984375 0.47441860468749997 0.40874418593749995 0.48785529531250005 0.40719379843750003 0.28837209375 0.41804651249999997 0.26873385