0 0.7823861953125 0.107497925 0.7965528609375 0.1273436359375 0.7987579296875 0.145726028125 0.7558657281250001 0.39405565625 0.854654625 0.415197328125 0.9012370031250001 0.1703379078125 0.837909953125 0.117309203125 0.7823861953125 0.107497925
0 0.67731948125 0.088607028125 0.6849113046874999 0.11368595156250001 0.6448182140625 0.3744330984375 0.7555687062499999 0.39703809218749997 0.7987579296875 0.145726028125 0.798546459375 0.12758752499999998 0.773309265625 0.0973311796875 0.67731948125 0.088607028125
0 0.6377445171875 0.08074684843749999 0.6158149265625 0.0780640875 0.59218875625 0.0721550046875 0.5838317875000001 0.095282828125 0.54403571875 0.353047540625 0.6451152359375001 0.3714506625 0.6849113046874999 0.11368595156250001 0.67731948125 0.088607028125 0.6377445171875 0.08074684843749999
0 0.507652078125 0.0497381078125 0.47019663125 0.08138125625 0.441259625 0.331418096875 0.54403571875 0.353047540625 0.583534765625 0.0982652640625 0.59218875625 0.0721550046875 0.507652078125 0.0497381078125
0 0.5056584765625 0.0494942203125 0.4102627375 0.034805196875 0.35974316093750003 0.0557938265625 0.3358958875 0.3155096359375 0.440962603125 0.33440053281250004 0.47019663125 0.08138125625 0.5056584765625 0.0494942203125
0 0.4102627375 0.034805196875 0.323943928125 0.0302829171875 0.24721054062499997 0.05108344687500001 0.239906103125 0.30678548437500003 0.3355988671875 0.318492071875 0.35974316093750003 0.0557938265625 0.4102627375 0.034805196875
0 0.7558657281250001 0.39405565625 0.7470002671875 0.4020274171875 0.71475565625 0.6244906718750001 0.811847975 0.64240601875 0.858344803125 0.4186675375 0.7558657281250001 0.39405565625
0 0.6485083921875 0.377903309375 0.616772271875 0.6155226328125 0.714458634375 0.62747310625 0.749587909375 0.39630643125 0.6485083921875 0.377903309375
0 0.5480229171875 0.3535353140625 0.515395734375 0.6001019453125 0.6164752499999999 0.61850506875 0.6485083921875 0.377903309375 0.5480229171875 0.3535353140625
0 0.44694340156249995 0.3351321953125 0.418897459375 0.5762217265625 0.515395734375 0.6001019453125 0.5460293187499999 0.3532914265625 0.44694340156249995 0.3351321953125
0 0.3478574828125 0.31697295937500003 0.32778593749999996 0.5590380406250001 0.418897459375 0.5762217265625 0.44694340156249995 0.3351321953125 0.3478574828125 0.31697295937500003
0 0.239906103125 0.30678548437500003 0.22959108281249999 0.5319315 0.3292710453125 0.5441258625 0.3475604609375 0.3199553953125 0.239906103125 0.30678548437500003
0 0.71475565625 0.6244906718750001 0.6751306921875 0.84001350625 0.7682358125000001 0.857441078125 0.811550953125 0.6453884546875 0.71475565625 0.6244906718750001
0 0.616772271875 0.6155226328125 0.6104944531250001 0.61777340625 0.580031971875 0.822342046875 0.67682726875 0.8432398296875 0.71475565625 0.6244906718750001 0.616772271875 0.6155226328125
0 0.5156927546875 0.5971195093749999 0.4872238734375 0.8019320375 0.57973495 0.82532448125 0.6104944531250001 0.61777340625 0.5156927546875 0.5971195093749999
0 0.41860043750000003 0.5792041609374999 0.3984029734375 0.782009803125 0.48692685156250004 0.8049144734375 0.515395734375 0.6001019453125 0.41860043750000003 0.5792041609374999
0 0.32778593749999996 0.5590380406250001 0.32727744531249997 0.5438819734375 0.3221021609375 0.5553239421875 0.297026434375 0.7665891171875 0.385847334375 0.7865113515625 0.400396571875 0.7822536906249999 0.41860043750000003 0.5792041609374999 0.32778593749999996 0.5590380406250001
0 0.22959108281249999 0.5319315 0.22967663593749998 0.5108105593750001 0.21733246718750002 0.5334506109375 0.20023113593750003 0.745691334375 0.297026434375 0.7665891171875 0.3221021609375 0.5553239421875 0.3289740234375 0.5471082984375 0.22959108281249999 0.5319315
0 0.6685558515625 0.8452467171875 0.642805096875 0.9795866546875001 0.7407170875 0.9761674921875001 0.7682358125000001 0.857441078125 0.6685558515625 0.8452467171875
0 0.5757477515625 0.8248367062499999 0.550224159375 0.9828196515625001 0.642805096875 0.9795866546875001 0.6685558515625 0.8452467171875 0.5757477515625 0.8248367062499999
0 0.4872238734375 0.8019320375 0.45773800624999994 0.9764324328124999 0.5188925125 0.983913778125 0.550224159375 0.9828196515625001 0.5757477515625 0.8248367062499999 0.4872238734375 0.8019320375
0 0.3984029734375 0.782009803125 0.387840934375 0.786755240625 0.36603244375 0.9652136171875 0.458035028125 0.9734499953125001 0.48692685156250004 0.8049144734375 0.3984029734375 0.782009803125
0 0.36603244375 0.9652136171875 0.387840934375 0.786755240625 0.297026434375 0.7665891171875 0.276320478125 0.954238690625 0.36603244375 0.9652136171875
0 0.1982375375 0.745447446875 0.1846149140625 0.9430198781250001 0.2766174984375 0.9512562546875 0.297026434375 0.7665891171875 0.1982375375 0.745447446875
0 0.1460617515625 0.8235901328124999 0.1291363421875 0.8517072812500001 0.1316384328125 0.8671072359374999 0.11310199531250001 0.8708771203125 0.10716156562500001 0.9305258375 0.182621315625 0.942775990625 0.19191453281249998 0.8291995406250001 0.1460617515625 0.8235901328124999
0 0.1128049734375 0.87385955625 0.049960459375 0.8577879656249999 0.053993951562499996 0.9270403421875001 0.1048709453125 0.9332643875000001 0.1128049734375 0.87385955625