0 0.374015509375 0.37601429999999997 0.3380649265625 0.3772724078125 0.337540978125 0.3832739796875 0.3234292078125 0.3852636375 0.324967403125 0.43606732499999995 0.334429725 0.44171942499999994 0.3987348359375 0.43498161093750004 0.40132213749999995 0.382537740625 0.374015509375 0.37601429999999997
0 0.3324324703125 0.44178931875 0.3227081734375 0.43913800781249995 0.322118125 0.4915119828125 0.3881585140625 0.4877050625 0.39261208281250004 0.436691690625 0.3324324703125 0.44178931875
0 0.32398439218749997 0.49294248124999995 0.32175760625 0.5184491671875 0.3919234921875 0.5130020640625 0.3921530234375 0.487565271875 0.32398439218749997 0.49294248124999995
0 0.392807959375 0.48006330625000004 0.39791525625 0.5127923796875 0.42201329843749996 0.5104532484375001 0.425058453125 0.4983802078125 0.46500354374999997 0.49698231249999997 0.4681796859375 0.483408878125 0.44126601875000004 0.4723842578125 0.392807959375 0.48006330625000004
0 0.3155038671875 0.5216596390625 0.3149462625 0.59646961875 0.42518822968750003 0.5881242265625 0.42921639375 0.5191760296875 0.42361759218749995 0.5148845343749999 0.3155038671875 0.5216596390625
0 0.46487255781250003 0.49848270625 0.43491373749999995 0.499531128125 0.42934738125000005 0.5176756375 0.42888831875 0.5685492187500001 0.4909342 0.5648820875 0.49722159374999997 0.49286320781250004 0.469260028125 0.493841734375 0.46487255781250003 0.49848270625
0 0.30401305624999997 0.4023970171875 0.321988346875 0.40176796406250004 0.3234292078125 0.3852636375 0.3356747109375 0.38184348125 0.3379339390625 0.3787728 0.33652673437499997 0.32646871875 0.3105624234375 0.3273773515625 0.30401305624999997 0.4023970171875
0 0.1485240375 0.24479520156249998 0.1261612734375 0.250065225 0.120693459375 0.2442733359375 0.020961715625 0.24626768124999998 0.0249550140625 0.33737230625 0.17301383125 0.3291993046875 0.1719671421875 0.24995803749999998 0.1485240375 0.24479520156249998
0 0.312821653125 0.3243066703125 0.3208443265625 0.2552186828125 0.31416518125000004 0.240494328125 0.1743573578125 0.2453869640625 0.176877353125 0.3305599078125 0.312821653125 0.3243066703125
0 0.0109742328125 0.33786156875 0.0174887359375 0.4228947234375 0.1635502953125 0.4147916171875 0.16089931562499998 0.3311190671875 0.0109742328125 0.33786156875
0 0.16676009218750001 0.3324097765625 0.16754480624999998 0.41465182812499995 0.30362009375 0.40689819531250004 0.30869615625 0.32594685156250003 0.16676009218750001 0.3324097765625
0 0.01549148125 0.4229646171875 0.0201397171875 0.5065672765625 0.16259973125 0.4941027796875 0.1595557875 0.41493140781250004 0.01549148125 0.4229646171875
0 0.180444034375 0.4949741203125 0.31678129843749997 0.48421970156249994 0.3195981296875 0.4063390375 0.18352284218749998 0.4140926703125 0.1771044625 0.4876119421875 0.180444034375 0.4949741203125
0 0.020008729687499997 0.5080676671875 0.0250499265625 0.587169146875 0.16990015625 0.5701335734375 0.1667252265625 0.49246259531250003 0.020008729687499997 0.5080676671875
0 0.3086276359375 0.55480808125 0.31265580000000004 0.48585988281250003 0.176449525 0.49511390781250003 0.1776272015625 0.57285478125 0.3086276359375 0.55480808125
0 0.183618965625 0.572645096875 0.1793288265625 0.64459408125 0.3119335546875 0.630978665625 0.3144884140625 0.5560987890625 0.183618965625 0.572645096875
0 0.033169932812500004 0.585389171875 0.0380801421875 0.6659910421874999 0.17520332968750002 0.6462342640625 0.17962445625 0.5727848875 0.033169932812500004 0.585389171875
0 0.5294781375000001 0.054958046875 0.508618703125 0.27108457812500003 0.8635736296875001 0.24220887656249998 0.882403365625 0.003716234375 0.5294781375000001 0.054958046875
0 0.9608158781249999 0 0.8893444859375 0.0154398015625 0.8686484828125 0.25250194531250003 0.9794559203125001 0.24138624062499997 0.996335290625 0 0.9608158781249999 0
0 0.841404321875 0.47333933906250003 0.9629748781249999 0.4720765453125 0.9661534125 0.4316209671875 0.9792557687500001 0.2442485375 0.8643919984374999 0.25564251875 0.841404321875 0.47333933906250003
0 0.5107469453125 0.2695142890625 0.4953228828125 0.4689967046875 0.8199584703125 0.46810660937500004 0.840716940625 0.4584053015625 0.865701871875 0.24063858749999997 0.5107469453125 0.2695142890625
0 0.850473684375 0.48349261875 0.8343622390625001 0.6680409953125 0.9447676359375 0.6806312140624999 0.9609776234374999 0.472146440625 0.8492623531250001 0.474560153125 0.850473684375 0.48349261875
0 0.8275845515625001 0.6772530406249999 0.8072166218750001 0.8649419953124999 0.9270843421875 0.8831843109375 0.9446366484375 0.6821316078125 0.8304987171875 0.6666803921875 0.8311536546875 0.6591784265625 0.8181222265624999 0.6716009406250001 0.8275845515625001 0.6772530406249999
0 0.8157019875 0.47124718593750003 0.49732013750000004 0.4689268109375 0.4850722140625 0.654835790625 0.7936312234375 0.6784412515625 0.79775671875 0.6768010671875 0.8222152796875 0.6475247546875 0.8363294703124999 0.46304627031249995 0.8157019875 0.47124718593750003
0 0.7954974906250001 0.67987175 0.500788275 0.6572774203125 0.49397572187499994 0.8265422843750001 0.7925809015625 0.8729332234375 0.8072166218750001 0.8649419953124999 0.8275845515625001 0.6772530406249999 0.8179912390625 0.673101334375 0.8267661828125 0.6638193953125 0.820218025 0.6475946484375 0.7954974906250001 0.67987175
0 0.8110801421874999 0.8663025984375 0.8015424484375 0.9543282312500001 0.9214218187500001 0.9480456203125 0.9269533546875 0.884684703125 0.8110801421874999 0.8663025984375
0 0.4978392453125 0.8279028875 0.48336908437500004 0.971002990625 0.7936832484375 0.9547401140625 0.8048264046875 0.8695130671875001 0.4978392453125 0.8279028875