0 0.7792313265625 0 0.8006217578125 0.2580122671875 0.9847563171875 0.2161770953125 0.9246579453124999 0 0.7792313265625 0
0 1 0.26830691562500003 0.9868297734375 0.2201083484375 0.797443515625 0.26205335625 0.8116773234375 0.491764571875 1 0.45291514218750006 1 0.26830691562500003
0 1 0.45567325625 0.822898753125 0.49103818437499996 0.841293546875 0.6680635500000001 1 0.634165221875 1 0.45567325625
0 0.6077507828125001 0 0.47289471875 0.035553921875 0.543154821875 0.32402685625 0.7939906624999999 0.2650894578125 0.773186753125 0 0.6077507828125001 0
0 0.8116773234375 0.491764571875 0.794814496875 0.26810441093750004 0.545038071875 0.32569478281249997 0.595251540625 0.5408038281249999 0.8116773234375 0.491764571875
0 0.8408614203125 0.6821544875 0.821407209375 0.50647615 0.8116773234375 0.491764571875 0.599528228125 0.540782678125 0.641464321875 0.7203752125 0.8408614203125 0.6821544875
0 0.3534071171875 0 0.162383184375 0.0484946546875 0.1865503796875 0.10036952343750001 0.3194427453125 0.06952207187500001 0.5905893890625 0 0.3534071171875 0
0 0.5418598265625 0.3297358703125 0.47026569843750005 0.041604978125 0.182900978125 0.11313457812500001 0.30091138906250003 0.38828892656249997 0.5418598265625 0.3297358703125
0 0.28066542656250004 0.397781578125 0.299028140625 0.3866210015625 0.1748968234375 0.11518684531250001 0.143193853125 0.1297678671875 0.012730315624999999 0.1680004921875 0.0321894796875 0.42480079374999996 0.0503891953125 0.45359827968750005 0.28066542656250004 0.397781578125
0 0.3828668609375 0.5941839203125 0.5971347890625001 0.5424717515624999 0.5424090515625 0.3317458390625 0.3001265875 0.390640940625 0.3828668609375 0.5941839203125
0 0.371684465625 0.600277275 0.44202819375 0.75322896875 0.62914445 0.717081659375 0.636521315625 0.702285484375 0.5976449781250001 0.5391147546874999 0.5808518703125001 0.5455713015625 0.38259224999999997 0.593178934375 0.371684465625 0.600277275
0 0.2846675015625 0.39675544375 0.0600019828125 0.452208953125 0.05580335937499999 0.46296403750000004 0.1790355609375 0.6475217140625 0.3809836140625 0.5925159953125 0.2993027546875 0.38762598593750003 0.2846675015625 0.39675544375
0 0.2501640890625 0.7981213921875 0.4361428671875 0.752587175 0.3663873953125 0.6070124203125 0.3705860203125 0.5962573359375 0.18036958593750002 0.6471796703125 0.16903106406249999 0.6318051515625001 0.15875056406250002 0.651647396875 0.2501640890625 0.7981213921875
0 0.08570360625 0.70220835625 0.123240675 0.69408939375 0.2053174125 0.8063939078125 0.24478895781249999 0.7941226015625 0.155846934375 0.6566934703125 0.1674224265625 0.631142209375 0.10449181562500001 0.5418889015625 0.04588495 0.556485559375 0.08570360625 0.70220835625
0 0.12029801250000001 0.6937684984375 0.0853054203125 0.7007511265625 0.165644709375 0.9947657124999999 0.21049245781249998 0.9921536281250001 0.2293675140625 0.8421678703125 0.12029801250000001 0.6937684984375
0 1 0.6510037546875 0.8667961609375 0.6830325796875 0.9748438875 0.8747097421875001 1 0.8686466265625 1 0.6510037546875
0 0.716509765625 0.9427748515625 0.9751184984375 0.8757147265624999 0.8665215484375001 0.68202759375 0.6645344640624999 0.7316663453125 0.716509765625 0.9427748515625
0 0.66155276875 0.7259784796875 0.5745274625000001 0.7418394203124999 0.4721211375 0.7745488 0.469318421875 0.9770787328124999 0.6160508578125 0.9685325421875 0.7145754281250001 0.9432708156249999 0.66155276875 0.7259784796875
0 0.3640650640625 0.8022544046875 0.2747243828125 0.8305383562499999 0.2377792796875 0.990564353125 0.46874828125 0.977111940625 0.46764789999999995 0.7842989031250001 0.3640650640625 0.8022544046875