0 0.07256056875 0 0.05068483593749999 0.1629564421875 0.547914028125 0.239400009375 0.5566449359375001 0.23436812968749998 0.5936035484375 0.004061221875 0.5971246328125 0 0.07256056875 0
0 0.5977812390625 0 0.5936035484375 0.004061221875 0.5558446625 0.24032952187499998 1 0.2909919875 1 0.0351428625 0.628986715625 0 0.5977812390625 0
0 1 0.2939348421875 0.9817161640625001 0.2932715984375 0.5356179375 0.2409864375 0.5034429453125 0.450660840625 1 0.517766996875 1 0.2939348421875
0 0.0526674953125 0.163188821875 0.03247859375 0.298578171875 0.0286412359375 0.35716652656250003 0.4865993609375 0.44111769062499995 0.5026606984375 0.44148637031250004 0.533635278125 0.24075405781249998 0.26895934375 0.20216359687500002 0.0526674953125 0.163188821875
0 0.48461670156250003 0.44088531093750005 0.0405371875 0.3585607984375 0.037956090625 0.5278036312500001 0.47747008125 0.6141344359375001 0.49362155625000004 0.5388237890625 0.5054256046875001 0.45089321875 0.48461670156250003 0.44088531093750005
0 0.28793687968750004 0.7508688734375 0.307399384375 0.725901625 0.3222405171875 0.5853440921875 0.0357733640625 0.5290616046875 0.012593823437500002 0.54108201875 0.016076521875 0.690712959375 0.2756407890625 0.7524553 0.28793687968750004 0.7508688734375
0 0.5880825765625 0.8102683624999999 0.5918658515625 0.7970876015624999 0.6182027999999999 0.6609050390625 0.4845824140625 0.636161209375 0.4840182640625 0.610360525 0.4794527390625 0.6143668140625 0.330371221875 0.584783259375 0.3234229015625 0.591537865625 0.3079635375 0.7517023093749999 0.5880825765625 0.8102683624999999
0 0.6092916171875 0.817295571875 0.6344659765625 0.8247875375 0.921733403125 0.8751086328125 0.9792287406250001 0.71684344375 0.6425949109375 0.659222534375 0.6092916171875 0.817295571875
0 1 0.51776630625 0.5054256046875001 0.45089321875 0.48656507343750005 0.6363935875 0.9812114 0.717075821875 1 0.5869740343750001 1 0.51776630625
0 0.921933471875 0.8736182859375001 0.6346660453124999 0.8232971890625 0.6188047734375 0.8214381609375 0.5861197125000001 0.9599042859375 0.657542721875 0.97415558125 0.8998913375 0.96428063125 0.928463628125 0.8849802390624999 0.921933471875 0.8736182859375001
0 0.5976876375 0.9037357937499999 0.59193973125 0.9015483078125 0.566275096875 0.9727163640625 0.421158896875 0.9435975671874999 0.4173575921875 0.9719141921875 0.4935082875 0.980839471875 0.6511740453125 0.9744150843750001 0.5859196437499999 0.961394634375 0.5976876375 0.9037357937499999
0 0.5660750296875 0.9742067140625 0.6025253390625 0.8376956953124999 0.6133110171875 0.77235273125 0.607363040625 0.771655596875 0.590065234375 0.810500740625 0.31371144375000004 0.7538897921875 0.3031799171875 0.7723348109375 0.2944868296875 0.91209913125 0.5660750296875 0.9742067140625
0 0.027844495312500002 0.6931362562500001 0.0219343421875 0.8271715593750001 0.029064703125 0.8340624671875 0.291339815625 0.8905371125 0.30139732656249996 0.770612084375 0.313511375 0.7553801421874999 0.3079635375 0.7517023093749999 0.30759945312500003 0.7244112765625 0.2901196078125 0.749610903125 0.2734580625 0.7537132703125 0.027844495312500002 0.6931362562500001
0 0.42135896562499997 0.94210721875 0.29646948906250004 0.912331509375 0.2953051328125 0.8910018703125001 0.029264771875 0.8325721187499999 0.023134754687500002 0.8182294656250001 0.019142604687500002 0.8224443703125001 0.0215436765625 0.92560418125 0.4171575234375 0.973404540625 0.42135896562499997 0.94210721875