0 0.3915284796875 0.0405347078125 0.364665146875 0.20871848437499999 0.361335221875 0.2140512609375 0.397754071875 0.22383245000000002 0.51672588125 0.2993407484375 0.5163584703125 0.305130859375 0.527829653125 0.30055940312499996 0.5612487625 0.1544512328125 0.43940811562500004 0.0446711171875 0.3915284796875 0.0405347078125
0 0.14961854375 0.0968600421875 0.1679850375 0.09903229999999999 0.365096753125 0.20920704843750002 0.3939880515625 0.027550328125000002 0.12606735468750002 0.0088154875 0.10944363125 0.09523912031250001 0.14961854375 0.0968600421875
0 0.13023731562500002 0.2958549390625 0.164881934375 0.3073513625 0.335324175 0.37658005625 0.360205671875 0.2148413140625 0.36547509218749996 0.21004905 0.16669021875 0.0975666046875 0.107935740625 0.095187171875 0.072430725 0.2804815390625 0.13023731562500002 0.2958549390625
0 0.397754071875 0.22383245000000002 0.36278984687500004 0.2144566453125 0.36004586875 0.21590162343750002 0.335217640625 0.3772869296875 0.3589232203125 0.38426165624999997 0.4335460734375 0.4087409109375 0.4870953296875 0.4221912828125 0.5173705578125001 0.29841556874999997 0.397754071875 0.22383245000000002
0 0.037955575000000005 0.502522778125 0.119383065625 0.538842 0.30199359062500003 0.574265415625 0.3371571375 0.3778274421875 0.1653135390625 0.3078399265625 0.0745354921875 0.28327779999999997 0.037955575000000005 0.502522778125
0 0.301508715625 0.5741302859374999 0.4032039453125 0.5899498859375 0.4329546640625 0.40931265625 0.3366189953125 0.37804575156250003 0.301508715625 0.5741302859374999
0 0.40428569531249997 0.5928293265625 0.56161446875 0.64514533125 0.640621671875 0.650590971875 0.66261578125 0.5013056828125 0.70398444375 0.5084152265624999 0.7063814921875 0.49251059062499997 0.5975879625 0.450037925 0.43365261093749996 0.4080340390625 0.40428569531249997 0.5928293265625
0 0.1812762578125 0.550566625 0.1199212078125 0.5386236921875 0.037523965625 0.5020342125 0.0321268359375 0.501332340625 0.0493152453125 0.7695537453125 0.13295281718750002 0.7672753953125 0.1812762578125 0.550566625
0 0.3261268046875 0.8734064968749999 0.5310920578125 0.8476643890625001 0.5225527125 0.632786190625 0.3994369515625 0.59147804375 0.18169285 0.57462101875 0.16064939375 0.7779403312500001 0.3261268046875 0.8734064968749999
0 0.6629941203125 0.502147684375 0.6437330593749999 0.6433558828125 0.6513421765625 0.6532103593749999 0.8842266828125 0.74057748125 0.9254778781249999 0.7417617875 0.9558049937499999 0.5841186390625001 0.9409814921875 0.575199859375 0.7045225859375 0.5081969187500001 0.6629941203125 0.502147684375
0 0.8838483421875001 0.73973548125 0.6481078609375001 0.65120415 0.606750125 0.65072671875 0.5728595375000001 0.8353661609374999 0.637428425 0.869565075 0.6740016140625 0.8749698984375 0.6882500984375 0.8944085906250001 0.8319231765625 0.960228153125 0.8843141749999999 0.9243743046875 0.9258029515624999 0.7429572249999999 0.8838483421875001 0.73973548125
0 0.8979967546875001 1 0.9143927828124999 0.942700428125 0.8828650187499999 0.9272849750000001 0.8324080515625001 0.9603632828125 0.6867422078125001 0.8943566421875 0.6744332203125001 0.8754584624999999 0.6585976328125 0.873254975 0.6209809500000001 0.888183103125 0.5989193296875001 1 0.8979967546875001 1
0 0.5974859328125001 1 0.6185142421875 0.8944930093749999 0.532115075 0.8475812078124999 0.3337727953125 0.8729593687499999 0.3168172609375 0.9754039750000001 0.40550707187499996 1 0.5974859328125001 1
0 0.5622231765625 0.6447718640625 0.553205646875 0.643479709375 0.522257828125 0.6321078828125 0.53063020625 0.8377239140625001 0.5709170343750001 0.828806203125 0.605968278125 0.649027103125 0.5622231765625 0.6447718640625
0 0.331252925 0.8791732640625 0.1602670953125 0.7767550437499999 0.14652262031250002 0.76674794375 0.049288325 0.7691336765625 0.0577919296875 0.9018305734375 0.3174413 0.9745629375 0.331252925 0.8791732640625
0 0.5718380125 0.83456131875 0.5704075890625 0.8288868 0.5305514359375 0.8380498671875 0.532636828125 0.8469613718750001 0.61334396875 0.8902792546875 0.612845534375 0.8834760812500001 0.6386487375 0.8715073468750001 0.5718380125 0.83456131875