0 0.312030684375 0.8554701937500001 0.278547165625 0.760576653125 0.2413711796875 0.4676280859375 0.110256590625 0.5034036171875 0.12449129218749999 0.7909820921875 0.166478815625 0.8817632281250001 0.312030684375 0.8554701937500001
0 0.43396675937499996 0.7170216984375 0.383807484375 0.432433328125 0.2463403265625 0.4621971953125 0.2788097359375 0.7615851359375 0.3109804015625 0.8514362625 0.46781870468750003 0.822523928125 0.43396675937499996 0.7170216984375
0 0.59442606875 0.6744359875 0.5274155078125 0.389480703125 0.3849792046875 0.424675465625 0.431901475 0.712153903125 0.4666625671875 0.8088897890625001 0.619668159375 0.77445041875 0.59442606875 0.6744359875
0 0.77718831875 0.7389633265625 0.7505628062499999 0.6275063453125 0.6651099515625 0.3575252484375 0.5261379374999999 0.387638359375 0.5943555 0.6680358515625 0.623167728125 0.772568834375 0.77718831875 0.7389633265625
0 0.9080124015625 0.5856191171875 0.80957625625 0.3239982140625 0.6673672390625 0.3570013890625 0.7538350921875 0.6278163484375 0.781021028125 0.7444903640625 0.9369304828124999 0.69975230625 0.9080124015625 0.5856191171875
0 1 0.3989626609375 0.944382425 0.2809494484375 0.8092784015625 0.3197896640625 0.909517259375 0.585269875 0.9418996281249999 0.6943214171875 1 0.6783468187499999 1 0.3989626609375
0 0.0996667140625 0.2727278984375 0.11127158906250001 0.5042374796875 0.23979575468749997 0.4615771890625 0.219757446875 0.2405801484375 0.0996667140625 0.2727278984375
0 0.3503313140625 0.224179653125 0.3474430328125 0.213086340625 0.2225045890625 0.2388731859375 0.24126532812499998 0.45802788124999994 0.384226775 0.42485008437499994 0.3503313140625 0.224179653125
0 0.385994203125 0.42550932656249996 0.5245625125 0.381587459375 0.473709909375 0.1709499109375 0.3500490390625 0.198579103125 0.385994203125 0.42550932656249996
0 0.6041779265625 0.1449492078125 0.47423505156249995 0.1729668765625 0.522567796875 0.383119803125 0.6670341015625 0.3495927671875 0.6041779265625 0.1449492078125
0 0.6698518140624999 0.3542859453125 0.810293403125 0.32062352656250004 0.7306565078125 0.1220131890625 0.6045463484375 0.1555578984375 0.6698518140624999 0.3542859453125
0 0.8495049531250001 0.091223165625 0.7347517906250001 0.1285487125 0.8117629734375 0.3170742171875 0.9405497125 0.2754224078125 0.8495049531250001 0.091223165625