0 0.5143565609375 0.42097398124999996 0.5173644484375 0.41560419375 0.9738845375 0.288268578125 0.9226471328124999 0.0428856578125 0.4296813765625 0.1934277875 0.47096166406249995 0.4306746765625 0.5228216875 0.44173965312499996 0.5143565609375 0.42097398124999996
0 0 0.41308292343749997 0.0275902125 0.46278106562500004 0.033490265625 0.4811497359375 0.05172505468750001 0.47949122187500004 0.0898501671875 0.47421528437499993 0.3120466140625 0.3815080796875 0.3459511171875 0.37579405 0.4545660390625 0.3323788109375 0.441529303125 0.269944103125 0.4134292109375 0.21446885 0 0.35071571874999996 0 0.41308292343749997
0 0.3459511171875 0.37579405 0.3123497921875 0.3829600484375 0.1300736296875 0.45921364843749995 0.159549984375 0.5311675124999999 0.352995984375 0.4688578234375 0.3692720609375 0.46770624843749997 0.43377 0.46019601093749996 0.45802056875 0.4477979203125 0.4300362 0.3632144203125 0.380601615625 0.363765203125 0.3459511171875 0.37579405
0 0.15789445156249998 0.533126421875 0.1473070640625 0.5021969609375 0.039577771875 0.5300786234375 0.0011972999999999999 0.5736815640625 0.0105958765625 0.618692634375 0.11471091874999999 0.593276821875 0.14947714375 0.552139728125 0.148100878125 0.53566111875 0.15789445156249998 0.533126421875
0 0.35269280468750003 0.4674058546875 0.148404059375 0.5371130875000001 0.155540740625 0.5811791281249999 0.37400721406250004 0.520046015625 0.44874153906250003 0.5022342921875 0.437687428125 0.45918213281250003 0.35269280468750003 0.4674058546875
0 0.392756546875 0.5702891765625 0.446994190625 0.5531909359375 0.4356369 0.5086868078125 0.37596592812499996 0.5195390765625 0.10883477500000001 0.5947976390624999 0.11779053749999999 0.6475754953124999 0.392756546875 0.5702891765625
0 0.0218135328125 0.672415521875 0.11779053749999999 0.6475754953124999 0.10883477500000001 0.5947976390624999 0.0105958765625 0.618692634375 0.0218135328125 0.672415521875
0 0.032728009375 0.724686440625 0.12509076562500002 0.7023122625 0.11779053749999999 0.6475754953124999 0.0215103515625 0.6709635515625 0.032728009375 0.724686440625
0 0.392756546875 0.5702891765625 0.119446071875 0.6456165875 0.1244844046875 0.699408325 0.404277384375 0.6254640359375 0.4560895875 0.5967500343750001 0.4489529046875 0.552683996875 0.392756546875 0.5702891765625
0 0.5157089140625 0.4175631015625 0.5687414859375 0.6517683546875 0.9965480156250001 0.546770040625 0.997396825 0.40087213281249995 0.9741877171875 0.2897205484375 0.5157089140625 0.4175631015625
0 0.630682003125 0.89897249375 0.9949681765625 0.8183213234375 0.9965480156250001 0.546770040625 0.5687414859375 0.6517683546875 0.630682003125 0.89897249375
0 0.5038963734374999 0.7466033359375001 0.564987603125 0.6634529640625 0.53984758125 0.5628289453125 0.5173921828125 0.56404936875 0.4045805640625 0.6269160046875 0.26189759375 0.6653745421874999 0.293707571875 0.7979419 0.5038963734374999 0.7466033359375001
0 0.12478758593749999 0.70086029375 0.032728009375 0.724686440625 0.059711020312499995 0.8539117656249999 0.2688506453125 0.8074360515624999 0.2918884921875 0.78923008125 0.2599388796875 0.66588148125 0.12478758593749999 0.70086029375
0 0.5022408375 0.74856224375 0.48822665625 0.75065885 0.2920520390625 0.7999008078125 0.2896265984375 0.78828505 0.27050618125 0.805477140625 0.11124395312499999 0.8436352859375 0.1398825 0.9709017 0.5143240375 0.895417753125 0.55009161875 0.8096388343750001 0.5248119609375 0.718233575 0.5022408375 0.74856224375
0 0.0869972109375 0.9845890609374999 0.14018568125 0.9723536718749999 0.11094077499999999 0.8421833140625001 0.0600142 0.8553637359374999 0.0869972109375 0.9845890609374999