0 0 0 0.002 0.24624624687500002 0.308 0.2447447453125 0.32599999999999996 0.24174174218750002 0.304 0.0045045046875 0.29 0 0 0
0 0.314 0 0.33799999999999997 0.240240240625 0.708 0.24174174218750002 0.73 0 0.314 0
0 0.742 0 0.72 0.2267267265625 0.724 0.24324324375 0.748 0.25075075 1 0.24924925 1 0 0.742 0
0 0 0.44744744687500004 0.33599999999999997 0.453453453125 0.352 0.43843843906249996 0.33199999999999996 0.24324324375 0 0.2477477484375 0 0.44744744687500004
0 0.34199999999999997 0.240240240625 0.36 0.43993994062499997 0.6940000000000001 0.4459459453125 0.702 0.43093093125 0.712 0.2447447453125 0.34199999999999997 0.240240240625
0 1 0.24174174218750002 0.744 0.240240240625 0.716 0.2522522515625 0.704 0.44744744687500004 0.734 0.45045045000000006 0.818 0.44444444375 0.884 0.44894894843750005 1 0.45795795781250004 1 0.24174174218750002
0 0 0.560060059375 0.016 0.609609609375 0.32 0.615615615625 0.322 0.5495495499999999 0.3 0.45045045000000006 0 0.44894894843750005 0 0.560060059375
0 0 0.6636636640625 0.022 0.7387387390625 0.03 0.759759759375 0.32 0.7702702703125001 0.32999999999999996 0.734234234375 0.316 0.615615615625 0.014000000000000002 0.6051051046875 0 0.6171171171875 0 0.6636636640625
0 0.028000000000000004 0.777777778125 0.06 0.8858858859375 0.064 0.8948948953125001 0.33999999999999997 0.9009009015625 0.354 0.8543543546875 0.33399999999999996 0.7417417421875 0.318 0.7702702703125001 0.044 0.7627627625 0.028000000000000004 0.777777778125
0 0.098 0.8978978984375001 0.08399999999999999 0.909909909375 0.092 0.9354354359375 0.10200000000000001 0.95645645625 0.10800000000000001 0.9834834828125001 0.11599999999999999 0.9984984984375 0.384 0.9984984984375 0.386 0.996996996875 0.364 0.858858859375 0.348 0.8738738734375 0.34199999999999997 0.9024024031250001 0.098 0.8978978984375001
0 0.384 0.98198198125 0.636 0.9774774781250001 0.64 0.8798798796874999 0.636 0.8693693687499999 0.376 0.875375375 0.374 0.8903903906249999 0.384 0.98198198125
0 0.37 0.875375375 0.64 0.8708708703125 0.644 0.8378378375000001 0.64 0.75075075 0.354 0.74924925 0.37 0.875375375
0 0.32799999999999996 0.6126126125 0.34199999999999997 0.7417417421875 0.352 0.74924925 0.63 0.7477477484375 0.634 0.7132132125 0.636 0.6801801796875 0.634 0.6171171171875 0.32799999999999996 0.6126126125
0 0.64 0.44744744687500004 0.352 0.43843843906249996 0.35 0.43843843906249996 0.33599999999999997 0.4549549546875 0.316 0.45645645625000003 0.32599999999999996 0.6126126125 0.5660000000000001 0.615615615625 0.636 0.615615615625 0.642 0.6216216218749999 0.65 0.6081081078125 0.658 0.4519519515625 0.64 0.44744744687500004
0 0.82 0.44444444375 0.756 0.4519519515625 0.692 0.44744744687500004 0.6799999999999999 0.597597596875 0.706 0.6276276281250001 0.998 0.6231231234375 0.998 0.45795795781250004 0.82 0.44444444375
0 0.654 0.603603603125 0.636 0.6261261265625 0.638 0.7417417421875 0.924 0.746246246875 0.9560000000000001 0.6216216218749999 0.708 0.6276276281250001 0.682 0.603603603125 0.654 0.603603603125
0 0.646 0.85585585625 0.9 0.8618618625 0.916 0.8573573578125 0.9359999999999999 0.746246246875 0.93 0.7357357359375001 0.924 0.7477477484375 0.642 0.7417417421875 0.646 0.85585585625
0 0.642 0.9894894890625 0.8939999999999999 0.9834834828125001 0.9179999999999999 0.8798798796874999 0.908 0.8603603609375 0.648 0.85585585625 0.636 0.9804804812500001 0.642 0.9894894890625