0 0.008647854687500001 0 0.0034003046875 0.1503465109375 0.157057978125 0.1471076375 0.2015036515625 0.14013310625 0.1972514734375 0 0.008647854687500001 0
0 0 0.4186301265625 0.1552556296875 0.420927 0.15617448125 0.1502024546875 0.0034003046875 0.1503465109375 0 0.247767959375 0 0.4186301265625
0 0 0.6820351421875 0.16403726875 0.6803414796875 0.164523415625 0.4220142671875 0 0.41866334531250005 0 0.6820351421875
0 0 0.9244197765625 0.15545530000000002 0.9262217312500001 0.1577265265625 0.6834047125 0 0.682298078125 0 0.9244197765625
0 0 0.9853826515625 0.16340700156250001 0.987233909375 0.15623061875 0.9262262453125001 0 0.9274698125 0 0.9853826515625
0 0.2471199703125 0.988341178125 0.4449817359375 0.9894928875 0.44764279843750004 0.8865896843750001 0.4374916328125 0.9330300078124999 0.1605580140625 0.9355513171875 0.1641823203125 0.987238421875 0.2471199703125 0.988341178125
0 0.436788428125 0.9309592765625 0.44326078906250005 0.6788668203125 0.163189828125 0.682403190625 0.16066618906250002 0.9324519875 0.436788428125 0.9309592765625
0 0.166885434375 0.42099469375 0.16632716875 0.6813881312500001 0.442557584375 0.6767960890625 0.4438551125 0.41744027343749995 0.166885434375 0.42099469375
0 0.4439632890625 0.4143409421875 0.4541859875 0.143670553125 0.1608985234375 0.1481633140625 0.160015728125 0.4178547453125 0.4439632890625 0.4143409421875
0 0.198896303125 0 0.20442463906250002 0.1453167109375 0.44104159843749996 0.142560725 0.43986012187499995 0 0.198896303125 0
0 0.4452064359375 0.04545286875 0.441961153125 0.138432796875 0.4551416 0.13850951875 0.45332080937499997 0.2573307375 0.6913802359375001 0.2576831140625 0.6972216234374999 0.0458864765625 0.4452064359375 0.04545286875
0 0.6979248265625 0.047957209375 0.6929308734374999 0.257692140625 0.9317295578125 0.2590821375 0.9449635671875001 0.05766173125 0.6979248265625 0.047957209375
0 0.9316934984374999 0.26011524375 0.9952465343749999 0.2606897890625 0.998825025 0.055678212500000004 0.951418540625 0.0504660625 0.9316934984374999 0.26011524375
0 0.9176120546875 0.463597359375 0.9885845390625001 0.4697970671875 0.9946097921874999 0.29716875625 0.9953241671875 0.2562422453125 0.93309990625 0.2642567109375 0.9176120546875 0.463597359375
0 0.9278168984375 0.26009267812500003 0.6927866390624999 0.26182458125 0.6871976609375 0.46638944687499995 0.916025353125 0.46462144062500005 0.9278168984375 0.26009267812500003
0 0.44600089687500005 0.46705213125 0.685610959375 0.467413528125 0.6912720593749999 0.2607824453125 0.45398795625000005 0.2604345859375 0.44600089687500005 0.46705213125
0 0.6855027828125 0.47051286406250004 0.6738554765625 0.6709091828125 0.90508125 0.667088496875 0.921344421875 0.467752365625 0.6855027828125 0.47051286406250004
0 0.92451781875 0.46570419531249996 0.9073350937500001 0.6691682546875 0.9816035765625 0.669807221875 0.9885845390625001 0.4697970671875 0.92451781875 0.46570419531249996
0 0.447065271875 0.6809556109375 0.6730801546875 0.6709046703125 0.6847995796874999 0.46844212812499997 0.4490300609375 0.46913640624999997 0.447065271875 0.6809556109375
0 0.69316636875 0.6730882265625 0.6816993546875 0.8683189984374999 0.9128530093749999 0.8665645296875001 0.9289719453125 0.6713608390625 0.69316636875 0.6730882265625
0 0.9282326828125 0.6703232171875 0.9129611843750001 0.8634651984374999 0.9749399296875 0.8607260046875 0.9816035765625 0.669807221875 0.9282326828125 0.6703232171875
0 0.69080435 0.6741078 0.442305175 0.6840278609375 0.43700466562500007 0.8803278421874999 0.68081585625 0.871413815625 0.69080435 0.6741078
0 0.686098865625 0.875577846875 0.6837804203125 0.9908828843749999 0.7386301046875 0.9912021531249999 0.9056384234375001 0.9892588343750001 0.9104549296875 0.8686172125 0.686098865625 0.875577846875
0 0.9104909875 0.867584103125 0.9023027859375 0.9892976484375 0.970480078125 0.9885043343750001 0.9749399296875 0.8607260046875 0.9104909875 0.867584103125
0 0.4485623515625 0.88246175625 0.4449817359375 0.9894928875 0.6837804203125 0.9908828843749999 0.6854317187500001 0.8724740015625001 0.4485623515625 0.88246175625
0 0.45707274375000007 0 0.45842294062500005 0.04449648125 0.7081842843749999 0.0428503234375 0.7096798921875 0 0.45707274375000007 0
0 0.7084548140625 0 0.710618425 0.039764532812499996 0.955186965625 0.05358795625 0.9570573484375 0 0.7084548140625 0
0 0.9578328265625 0 0.9559983453124999 0.0525593609375 0.9988225515625 0.055819929687500006 0.9997968921875 0 0.9578328265625 0