0 0.1531561453125 0.18826135156249998 0.1538205984375 0.35393133906249996 0.30664451875 0.3619047625 0.307973421875 0.202879290625 0.1531561453125 0.18826135156249998
0 0.448837209375 0.21749723125 0.3102990046875 0.2024363234375 0.3083056484375 0.3619047625 0.4495016625 0.36766334375 0.448837209375 0.21749723125
0 0.294352159375 0.3610188265625 0.28903654375 0.5913621250000001 0.4607973421875 0.5913621250000001 0.4627906984375 0.37120708750000003 0.294352159375 0.3610188265625
0 0.29302325625000003 0.3610188265625 0.10066445156249999 0.3499446296875 0.0963455140625 0.5895902562499999 0.287043190625 0.593133996875 0.29302325625000003 0.3610188265625
0 0.0956810640625 0.5904761890625 0.09335548125000001 0.8327796234375 0.280398671875 0.8248062031250001 0.28870431875 0.5944629015625 0.0956810640625 0.5904761890625
0 0.460132890625 0.8137320046875001 0.46146179375 0.5913621250000001 0.287043190625 0.590033221875 0.28205979999999997 0.8150609093750001 0.28870431875 0.8296788484375 0.4202657796875 0.8252491703124999 0.460132890625 0.8137320046875001
0 0.46417657031250004 0.3707979625 0.47436332812500004 0.3662705140625 0.6057724953125 0.36989247187499996 0.606791171875 0.15257498593750002 0.47436332812500004 0.134917940625 0.4553480484375 0.179286928125 0.44957555156250006 0.368534240625 0.46417657031250004 0.3707979625
0 0.737521221875 0.3771363890625 0.742954159375 0.16479909375 0.622410865625 0.1498585171875 0.60814940625 0.1602716484375 0.6078098484375001 0.3707979625 0.6220713078125 0.3707979625 0.737521221875 0.3771363890625
0 0.6098452875 0.5922175328125 0.6073136421875 0.37130801562500004 0.4742616046875 0.36643225625000003 0.463853728125 0.37130801562500004 0.46188467031249997 0.591842475 0.4767932484375 0.591842475 0.6098452875 0.5922175328125
0 0.73924050625 0.378059071875 0.6081575234375001 0.370182840625 0.6104078765625001 0.5922175328125 0.736708859375 0.5922175328125 0.73924050625 0.378059071875
0 0.6078762296875 0.81500234375 0.6092827 0.593342709375 0.46188467031249997 0.591467415625 0.46188467031249997 0.813502109375 0.4722925453125 0.8255039843749999 0.6078762296875 0.81500234375
0 0.7372714484375 0.5925925921874999 0.6092827 0.591467415625 0.6095639937499999 0.8142522265625001 0.736708859375 0.8071261140624999 0.7372714484375 0.5925925921874999
0 0.9080495359375 0.23405572812500003 0.8123839 0.2278637765625 0.8077399375000001 0.3830753359375 0.908978328125 0.3830753359375 0.9080495359375 0.23405572812500003
0 0.8749226 0.384313725 0.7489164078125 0.38142415 0.74148606875 0.3896800828125 0.7390092875 0.5923632609375 0.8696594421875 0.5923632609375 0.8749226 0.384313725
0 0.8699690406249999 0.593188853125 0.7371517015625 0.592776059375 0.7374613 0.8057791546875 0.8656346734374999 0.7987616109375 0.8699690406249999 0.593188853125
0 0.9925696593750001 0.7847265234374999 0.9916408656250001 0.5902992765625 0.8712074296875001 0.592776059375 0.8690402484374999 0.792569659375 0.8835913312500001 0.7966976265625 0.9925696593750001 0.7847265234374999
0 0.98978328125 0.3859649125 0.87585139375 0.384313725 0.8702786375 0.5919504640625 0.9950464406249999 0.5898864796875001 0.98978328125 0.3859649125
0 0.603405571875 0.00041279687499999997 0.6012383906250001 0.0846233234375 0.8696594421875 0.1242518046875 0.87089783125 0.00041279687499999997 0.603405571875 0.00041279687499999997
0 0.740178571875 0.390079365625 0.7482142859375001 0.3805555546875 0.8074404765625 0.3825396828125 0.8122023796875 0.22698412812500002 0.8190476203125 0.2273809515625 0.8199404765624999 0.221825396875 0.7434523796875 0.21269841406249998 0.7380952375 0.37698412812500004 0.740773809375 0.3773809515625 0.740178571875 0.390079365625
0 0.8709318500000001 0.0007417703125 0.8695410296875 0.1253592953125 0.998 0.1413333328125 0.998 0 0.8709318500000001 0.0007417703125
0 0.6005426359375 0.0744186046875 0.6020930234375 0.0010335921875 0.1439534875 0.0031007765625 0.5943410859375 0.08372093124999999 0.6005426359375 0.0744186046875
0 0.04472868125 0.3390180875 0.0020930234375 0.3379844953125 0.0013178296875 0.5912144687499999 0.040852714062500003 0.5922480609375 0.04472868125 0.3390180875
0 0.0013178296875 0.5922480609375 0.0013178296875 0.8516795859374999 0.0331007765625 0.8516795859374999 0.040077520312499997 0.5943152453125 0.0013178296875 0.5922480609375