0 0 0.2357357359375 0.36472222187500003 0.2377377375 0.36194444375 0.023982315625 0.11611111249999999 0.001042709375 0 0.0030030031249999997 0 0.2357357359375
0 0.3675 0.017726059375 0.37305555625000003 0.230438771875 0.734166665625 0.24399399375000003 0.7188888875 0.0375375375 0.3675 0.017726059375
0 0.998 0.08108108124999999 0.7494444437500001 0.058391725000000005 0.7188888875 0.06464798125 0.738333334375 0.258591925 0.998 0.26426426406250003 0.998 0.08108108124999999
0 0.734166665625 0.259634634375 0.7411111125 0.44523690312499997 0.998 0.4414414421875 0.998 0.265765765625 0.734166665625 0.259634634375
0 0.7258333343750001 0.249207540625 0.36472222187500003 0.23565231875 0.377222221875 0.441066065625 0.73694444375 0.43689522812500003 0.7258333343750001 0.249207540625
0 0 0.4639639640625 0.38 0.44523690312499997 0.363333334375 0.23669502812499998 0 0.23723723749999998 0 0.4639639640625
0 0 0.6276276281250001 0.2688888875 0.609984984375 0.2813888875 0.639180846875 0.3813888875 0.6266683343749999 0.3786111125 0.45045045000000006 0 0.4609609609375 0 0.6276276281250001
0 0.73555555625 0.6297964625 0.7244444437500001 0.44315148437499996 0.3813888875 0.44836503125 0.389722221875 0.6256256265625 0.6869444437500001 0.6047714390625 0.6911111125 0.63605271875 0.73555555625 0.6297964625
0 0.998 0.43843843906249996 0.734166665625 0.44315148437499996 0.745277778125 0.6350100109375 0.998 0.6171171171875 0.998 0.43843843906249996
0 0.300833334375 0.98640306875 0.2813888875 0.66941941875 0.264722221875 0.6131131125 0 0.6276276281250001 0.0022222218750000003 0.9947447453124999 0.22000000000000003 0.9984984984375 0.300833334375 0.98640306875
0 0.870277778125 0.9467801140625 0.86194444375 0.791416415625 0.84805555625 0.6569069062499999 0.8188888875 0.6370954296875 0.757777778125 0.639180846875 0.7494444437500001 0.63188188125 0.689722221875 0.639180846875 0.6772222218749999 0.601643309375 0.296666665625 0.6402235578125001 0.30222222187500003 0.9884884875 0.32599999999999996 0.9984984984375 0.528 0.9984984984375 0.870277778125 0.9467801140625
0 0.9786111125 0.9332248921874999 0.998 0.927927928125 0.998 0.6201201203125 0.8161111125 0.628753753125 0.850833334375 0.6537787796875 0.870277778125 0.8623206546875 0.9786111125 0.9332248921874999