0 0.9697741437499999 0.42643542968750003 0.9744822828125 0.0226813265625 0.8178375859375 0.01903538125 0.7716923453125 0.405533159375 0.9697741437499999 0.42643542968750003
0 0.537383690625 0.3990095234375 0.767653321875 0.40831578906250005 0.80398240625 0.0187128984375 0.7346023984375 0.0170980609375 0.5536669609375 0.033382732812499996 0.537383690625 0.3990095234375
0 0.5035367 0.037503621875 0.483279396875 0.056749296875 0.3149150984375 0.0643031140625 0.3230836125 0.3945702984375 0.517281840625 0.404923896875 0.5317214609375001 0.3891736703125 0.544398925 0.0344576375 0.5035367 0.037503621875
0 0.128204190625 0.0990432 0.1546571328125 0.4074566359375 0.3088382078125 0.41364141718749997 0.32098637343749997 0.4026272640625 0.31454200625 0.0962982390625 0.128204190625 0.0990432
0 0 0.3286637234375 0.0124998578125 0.4009227421875 0.1546882234375 0.404790375 0.11818435625000001 0.0993341265625 0 0.109221359375 0 0.3286637234375
0 0.7221720828125 0.0168087421875 0.515712221875 0.0120033359375 0.5136187171875 0.031880175 0.7221720828125 0.0168087421875
0 0.286983928125 0.0544526640625 0.503505609375 0.04016988125 0.5057726140625001 0.0117719875 0.486907025 0.0113328875 0.285415234375 0.017183203124999998 0.286983928125 0.0544526640625
0 0.7937048890625 0.40755938125 0.8015653015625 0.42065794375000004 0.7658020015625 0.7388739 0.9514420296875 0.7810119 0.968154915625 0.5202109187499999 0.9697741437499999 0.42643542968750003 0.7937048890625 0.40755938125
0 0.549345309375 0.403992934375 0.5437658765625 0.7106710703125 0.7436029125 0.7528452390625 0.7576928609375 0.747105421875 0.764295490625 0.6962719171875 0.7876308062499999 0.413066459375 0.549345309375 0.403992934375
0 0.347100121875 0.3965383359375 0.359898390625 0.673363940625 0.5338393156250001 0.7029632140625 0.5372904171874999 0.40700830468750004 0.347100121875 0.3965383359375
0 0.170626684375 0.412323675 0.1958529359375 0.6541387828125 0.33563315312499997 0.6927259859375 0.3580187875 0.662757084375 0.3471312125 0.3938720765625 0.314850109375 0.4134668625 0.170626684375 0.412323675
0 0.008336468750000001 0.4143704140625 0.002138021875 0.4305425328125 0.04392455625 0.62656573125 0.16782849375 0.652287115625 0.1920626390625 0.6355913296875 0.1686849 0.40704933906249996 0.0084919234375 0.4010391125 0.008336468750000001 0.4143704140625
0 0 0.628232771875 0.041796225 0.637288959375 0.002138021875 0.4305425328125 0.0104337078125 0.40631344843750006 0.00047605625 0.401271853125 0 0.401285675 0 0.628232771875
0 0.10505822812500001 0.0224198703125 0.1102306703125 0.094234346875 0.29049440625 0.0969964609375 0.285415234375 0.017183203124999998 0.10505822812500001 0.0224198703125
0 0 0.10852464218749999 0.106191646875 0.097016978125 0.099046328125 0.022594425 0 0.027560765625 0 0.10852464218749999
0 0.8305115515624999 1 0.9377012875 0.9954332125 0.9514648625 0.7806556015624999 0.7917602968749999 0.7461162734375 0.766996965625 1 0.8305115515624999 1
0 0.7549098843750001 1 0.7717517203125001 0.7440318640625 0.75775504375 0.7417729015625001 0.7436029125 0.7528452390625 0.5597665187499999 0.71287185 0.5548710859375 0.96089225625 0.7050651765625 1 0.7549098843750001 1
0 0.359742934375 0.6866952421875 0.37300756874999996 0.923526940625 0.5366488390625 0.977413484375 0.555430725 0.9128995671875 0.5597665187499999 0.71287185 0.36591029218750004 0.6731893859375 0.359742934375 0.6866952421875
0 0.33563315312499997 0.6927259859375 0.2058416796875 0.6565141156250001 0.23328953437500002 0.879607215625 0.37313193437500003 0.9128619 0.35983620781250003 0.6786964609374999 0.3478434984375 0.6763793109375 0.33563315312499997 0.6927259859375
0 0.2058416796875 0.6565141156250001 0.1958529359375 0.6541387828125 0.1920626390625 0.6355913296875 0.16782849375 0.652287115625 0.055917264062500006 0.6288828796875 0.037726109375 0.6427378515625 0.06526723749999999 0.8578321687500001 0.19709376875 0.8913195921874999 0.2295614203125 0.8557272421875 0.2058416796875 0.6565141156250001
0 0 0.8251367828125 0.061570214062499996 0.8312859343750001 0.037788290625 0.6374053296875 0 0.62870016875 0 0.8251367828125
0 0.7148294500000001 1 0.560851896875 0.9633839625 0.56042491875 1 0.7148294500000001 1
0 0.5544150546875 1 0.555430725 0.9128995671875 0.5366488390625 0.977413484375 0.3889460296875 0.931060240625 0.3931654203125 1 0.5544150546875 1
0 0.3931654203125 1 0.3889460296875 0.931060240625 0.3650227921875 0.921093421875 0.3711590578125 0.9102538234375 0.2333206265625 0.87694095625 0.2231142453125 0.8932294468749999 0.2390172921875 1 0.3931654203125 1
0 0.231894171875 1 0.219355040625 0.87201573125 0.195089803125 0.891377778125 0.1012142765625 0.8674498765624999 0.12036715312499999 1 0.231894171875 1
0 0.1106575375 1 0.08721759999999999 0.8651909124999999 0.06526723749999999 0.8578321687500001 0.061570214062499996 0.8312859343750001 0.0015444859375 0.8250327078125 0.029707434375 0.9868018187500001 0.0671311734375 1 0.1106575375 1
0 0 1 0.036685601562499996 1 0 0.8107746875 0 1