0 0.8743391562499999 0.24365715937500002 0.9985795984375001 0.273243365625 0.9990908656249999 0.18536404687500002 0.88011145 0.14845454062500002 0.8743391562499999 0.24365715937500002
0 0.7076810390625 0.1988503203125 0.8730604812499999 0.241353796875 0.883242709375 0.1454996984375 0.7211585015625 0.0978809328125 0.7076810390625 0.1988503203125
0 0.5321559109375 0.0410654453125 0.5277774140625 0.11790425625 0.56631896875 0.12716407031250002 0.5675313656250001 0.1686413234375 0.70640236875 0.1965469578125 0.72260115 0.098023846875 0.5394511421875 0.0406997921875 0.5321559109375 0.0410654453125
0 0.5308266859375 0.11602963749999999 0.526303334375 0.041574009375 0.44263558124999997 0.012879379687500001 0.31020048437500003 0.0090259125 0.3040692875 0.0587390390625 0.5308266859375 0.11602963749999999
0 0.31224290312499997 0.009085340625 0.09595334062500001 0.0027919578125 0.302462665625 0.060756571875 0.31224290312499997 0.009085340625
0 0.946731525 0.3814301640625 0.997899190625 0.3901953671875 0.9985841875 0.272454428125 0.9558321921875 0.26152531093750003 0.946731525 0.3814301640625
0 0.817795084375 0.35668537968749997 0.9513874203125001 0.3775380109375 0.9526189437499999 0.2655603765625 0.830109 0.23274545937500002 0.817795084375 0.35668537968749997
0 0.6841887359375 0.2019648046875 0.6733174671875 0.3260476375 0.8179590593749999 0.35452493125 0.8329123078125 0.2341115125 0.6975825062500001 0.19784991875 0.6841887359375 0.2019648046875
0 0.5495288484375 0.29092935937500003 0.5188233015625 0.2933292703125 0.519822875 0.3184602484375 0.5697747703125 0.31143688593749996 0.6746781281249999 0.3272707765625 0.686205296875 0.1945461515625 0.564892034375 0.16511482187499998 0.5495288484375 0.29092935937500003
0 0.28629531406250003 0.2354670140625 0.32273831406250003 0.25322570624999996 0.5172166796875 0.29534680468749996 0.546479578125 0.292803978125 0.570482934375 0.12975326250000002 0.301183990625 0.058453209375 0.28629531406250003 0.2354670140625
0 0.027507684375 0.110703890625 0.022312925 0.1791468765625 0.28365598125 0.2319405140625 0.2998233328125 0.057230071874999996 0.0874604203125 0.0025448390625 0.0670358109375 0.0019505421875 0.0353599765625 0.017971084374999998 0.027507684375 0.110703890625
0 0.9558602171875 0.5292611953125 0.9970787171875 0.53122289375 0.99789175 0.3914745046875 0.9609940265624999 0.3850197578125 0.9558602171875 0.5292611953125
0 0.765430696875 0.5103964578125 0.9569749125 0.53372500625 0.9637973359374999 0.3863858109375 0.7804502125 0.35080915 0.765430696875 0.5103964578125
0 0.5163636640625 0.3257359890625 0.49968866875 0.4688341078125 0.5323776437500001 0.47860248906249997 0.559951928125 0.47915741875 0.767037321875 0.5083789234375 0.77772889375 0.348362871875 0.5754633734375 0.31308876875 0.5163636640625 0.3257359890625
0 0.3145709484375 0.43743542656249995 0.4969673484375 0.4663878296875 0.5170527046875 0.2975072515625 0.3252956578125 0.25783243125 0.3145709484375 0.43743542656249995
0 0.0219587375 0.18381344375 0.0051938328125 0.404697625 0.3202595515625 0.4390873109375 0.319525065625 0.2572607734375 0.285016640625 0.23316365156250002 0.0219587375 0.18381344375
0 0.949283759375 0.6733597171875 0.9853499546875 0.6769325828125 0.9970217296874999 0.5410181171875 0.9970785671875 0.5312485453125 0.9556962406249999 0.53142164375 0.949283759375 0.6733597171875
0 0.7621163375 0.668966634375 0.94190654375 0.674805590625 0.9539256406250001 0.5355996234375 0.778250553125 0.5138431375 0.7621163375 0.668966634375
0 0.5309349953125 0.4784595734375 0.516948184375 0.6435909140625 0.5527684171875 0.6504044546875 0.763395009375 0.6712699984375 0.77375863125 0.515574840625 0.5629192125 0.478363025 0.5309349953125 0.4784595734375
0 0.2472218828125 0.63537259375 0.5179808921875 0.6491349515625 0.5236397671875 0.478825225 0.2694389234375 0.43840619375 0.2472218828125 0.63537259375
0 0 0.6258838 0.2503531421875 0.63241775 0.2696848875 0.43516552031250005 0.0051938328125 0.404697625 0 0.473128409375 0 0.6258838
0 0.9361168281250001 0.8276888203125001 0.9741176015624999 0.8249232578125 0.9867926031250001 0.6770754984375 0.943267203125 0.6760287296875 0.9361168281250001 0.8276888203125001
0 0.746686878125 0.8339550609374999 0.9360348390625 0.82876904375 0.94293925 0.6803496250000001 0.7620343484375 0.6700468578125001 0.746686878125 0.8339550609374999
0 0.49814150156250003 0.8147748578125 0.5247319312500001 0.8282924734374999 0.7526214453125 0.8323662734375 0.7618703734375 0.6722073046875 0.515013609375 0.64992934375 0.49814150156250003 0.8147748578125
0 0.2823828046875 0.842376475 0.49691168281250003 0.830978215625 0.5162102921875 0.65331293125 0.29738660625 0.644695503125 0.2823828046875 0.842376475
0 0 0.855671759375 0.28407141406249997 0.8392787187499999 0.2948292625 0.640088778125 0 0.6276312359375 0 0.855671759375
0 0.9612786218749999 0.9749314640625 0.9713142937500001 0.8235572031249999 0.9404447703125 0.8281175640624999 0.9274418171875001 0.9802862187500001 0.9612786218749999 0.9749314640625
0 0.7420118609374999 0.9913021000000001 0.9272778421875 0.9824466671875 0.9358708640625 0.8309294906250001 0.7512607874999999 0.8311431328125 0.7420118609374999 0.9913021000000001
0 0.7011740859375 1 0.7400772828125 0.997640528125 0.75381813125 0.8357498578125 0.5361911265625 0.830516015625 0.49348560625 0.8186670093749999 0.48069548125 0.9871819374999999 0.49905166406249996 1 0.7011740859375 1
0 0.48087171562500003 1 0.48912452812499996 0.8378252093749999 0.2107911890625 0.8472561187500001 0.2022313015625 0.9791863484375 0.377670771875 1 0.48087171562500003 1
0 0 0.9646324046875 0.1991820296875 0.9810609671874999 0.220725746875 0.8504169703125 0 0.85791545625 0 0.9646324046875
0 0.9606415109374999 1 0.9642459062500001 0.9741370703125 0.9272778421875 0.9824466671875 0.92631384375 1 0.9606415109374999 1
0 0.9256757999999999 1 0.9260811578125001 0.9790630796875 0.7373559640625 0.9951942515625 0.7369912125 1 0.9256757999999999 1