0 1 0.406303703125 0.803032034375 0.4540760671875 0.9870497078125 0.7664852843750001 0.9571592515624999 0.87127690625 0.9803196375000001 0.8856741359375 1 0.8788486546875 1 0.406303703125
0 0.585072159375 0.8843016734375 0.6086829703125 0.9739700140625001 0.950708925 0.8772890312499999 0.9786886203125 0.7730375265625 0.7993322109375 0.44883870000000003 0.4797607109375 0.5307948437500001 0.585072159375 0.8843016734375
0 1 0.3654068546875 0.9402168828124999 0.17234731406249998 0.9064316828125 0.1504814125 0.6742683421875 0.23286257500000002 0.812111171875 0.44313205 1 0.38799595625 1 0.3654068546875
0 0.10034719375000001 0.661082634375 0.11091141874999999 0.8361205093749999 0.1625020796875 0.99858325 0.5670336953125 0.9938760984374999 0.42924121875 0.55554726875 0.10034719375000001 0.661082634375
0 0.796593825 0.426574353125 0.6610147203125 0.2303257921875 0.4144050484375 0.3063185171875 0.49946466093749997 0.5273195 0.79873585625 0.44691287187500006 0.796593825 0.426574353125
0 0.1442699078125 0.38686681875 0.1554062546875 0.6308582031250001 0.42601605625000005 0.55855333125 0.46132269687500005 0.6658596046875 0.5110024421875 0.65181655625 0.47522114374999996 0.5362668515625 0.4059222671875 0.3191883625 0.1442699078125 0.38686681875
0 0.48271773125 0.278630865625 0.7132015828125 0.21766845625000003 0.70342863125 0.1659765671875 0.578924765625 0.052467792187499994 0.38234780625 0.1289785 0.4767541796875 0.25937258281250003 0.48271773125 0.278630865625
0 0.23347924843749998 0.35955548125000003 0.48199968125000003 0.283022640625 0.4705472421875 0.252749503125 0.3721976546875 0.1297532578125 0.162841734375 0.2119706171875 0.23347924843749998 0.35955548125000003
0 0.4249142109375 0 0.312051140625 0.029468509375 0.3830658578125 0.1245867265625 0.584060690625 0.0489216125 0.5297856078125001 0 0.4249142109375 0
0 0.3786479828125 0.123741134375 0.30942233125 0.0344004015625 0.1114213921875 0.08618081875 0.161649025 0.208118959375 0.3786479828125 0.123741134375
0 0.148285825 0.1783859390625 0.0865815171875 0.0932023421875 0.0048122890625 0.11810202031249999 0.015386278125 0.37760631093749997 0.19672439218749999 0.294546596875 0.148285825 0.1783859390625
0 0.618057484375 0 0.6431725390625 0.038495579687499996 0.6837610328125 0.068910390625 0.7226821546875 0.0872301125 0.7557614218750001 0.07997394687500001 0.8093843828124999 0.0585330625 0.8112429109375 0 0.618057484375 0
0 0.5950347 0 0.58609314375 0.0420638921875 0.5933710984375 0.05885623125 0.6269129078125 0.0933573375 0.687314928125 0.147493040625 0.70342863125 0.1659765671875 0.7137979375 0.219594284375 0.8197294546875 0.1791784625 0.8161876765624999 0.0670819703125 0.7907514484375 0.0721776671875 0.7410717 0.08622071249999999 0.711935646875 0.086079040625 0.6843573875 0.07083621875 0.642576184375 0.0365697515625 0.61878045 0 0.5950347 0