0 0.342474071875 0.1574237921875 0.371307240625 0.2266912015625 0.5567216703125 0.189000040625 0.53859433125 0.11671438281249999 0.342474071875 0.1574237921875
0 0.36060141093750003 0.22970944843750002 0.36559299843750004 0.2496141953125 0.554181834375 0.2398179828125 0.5460158390625 0.1920182875 0.36060141093750003 0.22970944843750002
0 0.3766161140625 0.28595239375000003 0.307182165625 0.1385835828125 0.11861515781250001 0.1637033265625 0.0011103015625 0.1908447015625 0.0023552984375 0.40484135156249995 0.3302020921875 0.344652853125 0.3766161140625 0.28595239375000003
0 0.9741253453125 0.39517972343749996 0.9203790984375001 0.1808579890625 0.6798165171874999 0.23038404687499997 0.7287259453125 0.27305334062500003 0.7600326953125001 0.4283669703125 0.9741253453125 0.39517972343749996
0 0.33960526406249997 0.34405828125000004 0.40957555625 0.5011840953125 0.750377725 0.435575690625 0.7245443328125 0.2716149796875 0.67721119375 0.235231396875 0.36747565937500004 0.28759458437499996 0.33960526406249997 0.34405828125000004
0 0.39912152343749996 0.49758819374999996 0.3307275234375 0.3467480890625 0.0023899546875 0.41079842343750006 0.0029633281250000003 0.509352721875 0.037947640625 0.5657617984375001 0.39912152343749996 0.49758819374999996
0 1 0.49891012031250004 0.974455696875 0.3996967125 0.755861996875 0.4345903765625 0.76754151875 0.564965 0.7840052531249999 0.5696708234375001 1 0.532980428125 1 0.49891012031250004
0 0.4512926796875 0.6294465640625 0.7665124875 0.5760980578125 0.7443789359374999 0.44212753437499996 0.40618208750000007 0.5028885875 0.4512926796875 0.6294465640625
0 0.122761715625 0.6906606640625 0.449727303125 0.6308226203125 0.3912946453125 0.5044684765625 0.044482771875 0.5689669578125 0.122761715625 0.6906606640625
0 0.1944836984375 0.7938256796875 0.49325068749999995 0.74343311875 0.45730238125 0.630556484375 0.12929685 0.693865821875 0.1944836984375 0.7938256796875
0 0.4948160640625 0.7420570640624999 0.7912295312500001 0.689897703125 0.775138428125 0.580022396875 0.46122127968750004 0.6309472265625 0.4948160640625 0.7420570640624999
0 1 0.5403695875000001 0.7732994234375 0.572689071875 0.8001072718750001 0.6872078953125 1 0.6587102625 1 0.5403695875000001