0 0.3754108515625 0.00413436875 0.385488371875 0.284237725 0.6932403093749999 0.2832041328125 0.7040930234375 0.0010335921875 0.3754108515625 0.00413436875
0 0.9575813953125 0.284237725 0.8498294578125 0.257364340625 0.7552558140625 0.2625322984375 0.8141705421875001 0.27906976875 0.7963410859375 0.5281653765625001 0.9327751937500001 0.5157622749999999 0.9575813953125 0.284237725
0 0.6195969 0.5395348828125 0.6366511625 0.5488372078125 0.7947906984374999 0.53126615 0.8149457359375001 0.280103359375 0.7537054265625 0.2604651171875 0.6971162796875 0.2625322984375 0.6971162796875 0.2832041328125 0.6211472859375 0.28733850156249996 0.6195969 0.5395348828125
0 0.4498294578125 0.284237725 0.4568062015625 0.5509043921875 0.62037209375 0.5374677015625 0.6211472859375 0.284237725 0.4498294578125 0.284237725
0 0.264558140625 0.2645994828125 0.23587596875 0.28837209375 0.26145736406250003 0.5653746765625 0.4560310078125 0.5519379843750001 0.4506046515625 0.2852713171875 0.38393798437500004 0.2852713171875 0.38006201562499997 0.2604651171875 0.264558140625 0.2645994828125
0 0.2568062015625 0.5643410859375 0.23432558124999997 0.28733850156249996 0.2630077515625 0.2666666671875 0.099441859375 0.267700259375 0 0.30133333281249997 0.0335503875 0.5953488375 0.2568062015625 0.5643410859375
0 0.0273488375 0.597416021875 0.04672868125 0.8558139546874999 0.2599069765625 0.826873384375 0.2459534875 0.568475453125 0.0273488375 0.597416021875
0 0.2459534875 0.568475453125 0.2622325578125 0.82894056875 0.4506046515625 0.792764859375 0.4506046515625 0.555038759375 0.2459534875 0.568475453125
0 0.6195969 0.5395348828125 0.4498294578125 0.55400516875 0.4521550375 0.7782945734375 0.46068217031250003 0.7896640828125 0.61882170625 0.7648578796875001 0.6195969 0.5395348828125
0 0.63897674375 0.5488372078125 0.6195969 0.5395348828125 0.62037209375 0.7658914718750001 0.773085271875 0.7483204140625 0.791689921875 0.53126615 0.63897674375 0.5488372078125
0 0.792465115625 0.53126615 0.7754108515625 0.7328165390625 0.91262015625 0.7152454765625 0.9327751937500001 0.5167958671874999 0.792465115625 0.53126615
0 0.7746356578125 0.7348837203125 0.766108528125 0.9354005171875001 0.883937984375 0.8971576234375 0.9040930234375001 0.7173126609375 0.7746356578125 0.7348837203125
0 0.773860465625 0.7493540046875 0.6226976734375 0.763824290625 0.61262015625 0.9550387593749999 0.6226976734375 0.9715762265624999 0.7692093015625 0.9498708 0.773860465625 0.7493540046875
0 0.62347286875 0.7648578796875001 0.46300775156249996 0.790697675 0.45137984375 0.77726098125 0.45199999999999996 0.9973333328124999 0.488 0.9973333328124999 0.6095193796875 0.970542634375 0.62347286875 0.7648578796875001
0 0.2699844953125 0.82894056875 0.27999999999999997 0.9973333328124999 0.45199999999999996 0.9973333328124999 0.45370542656249996 0.7937984499999999 0.2699844953125 0.82894056875
0 0.26145736406250003 0.826873384375 0.0560310078125 0.8558139546874999 0.074 0.9973333328124999 0.280837209375 0.9963824296875 0.273860465625 0.8310077515625001 0.26145736406250003 0.826873384375
0 0 0.2773333328125 0.06378294531249999 0.277002584375 0.10099224843750002 0.265633075 0.097891471875 0.2036175703125 0.0622325578125 0.1953488375 0 0.2026666671875 0 0.2773333328125
0 0.32347286875000003 0.2036175703125 0.31959689999999996 0.2625322984375 0.383162790625 0.26149870937499997 0.3823875953125 0.20568475468749997 0.32347286875000003 0.2036175703125
0 0.09866666562500001 0.2284237734375 0.099441859375 0.2625322984375 0.21106976875 0.265633075 0.20099224843750002 0.222222221875 0.09866666562500001 0.2284237734375