0 1 0.0860996484375 0.9844125796875 0.086897628125 0.985794190625 0.122641953125 1 0.122641953125 1 0.0860996484375
0 0.9824339578125001 0.08540828125 0.8700996953125 0.089876321875 0.8415943265625 0.11519521875000001 0.8451103015625 0.1434928109375 0.87343396875 0.1285993421875 0.9837636546875 0.12413130000000001 0.9824339578125001 0.08540828125
0 1 0.12448724375 0.985742275 0.12562064687500002 0.9851712218750001 0.15838627968750002 1 0.157992984375 1 0.12448724375
0 0.87343396875 0.1285993421875 0.8451103015625 0.1434928109375 0.8464399984375 0.18221583125000002 0.8788247359374999 0.16434366875 0.9851971781250001 0.15689693437500002 0.9857682343749999 0.12413130000000001 0.87343396875 0.1285993421875
0 1 0.15689693437500002 0.9851971781250001 0.15689693437500002 0.8788247359374999 0.16434366875 0.852505646875 0.1792371375 0.853991084375 0.2090240765625 0.87213611875 0.2030666890625 1 0.1974163203125 1 0.15689693437500002
0 1 0.19628728906249998 0.87213611875 0.2030666890625 0.853965128125 0.21051342343749999 0.85342003125 0.24178970781250003 0.8755223078125001 0.2388110140625 1 0.23430247187500003 1 0.19628728906249998
0 1 0.23513751093750002 0.9878306140625 0.23583232031249998 0.989212225 0.271576646875 1 0.2712562125 1 0.23513751093750002
0 0.873517728125 0.23881101562499998 0.851415453125 0.24178970937500002 0.8527451484374999 0.28051272968749996 0.872842846875 0.277534034375 0.98923818125 0.2700873015625 0.9878306140625 0.23583232031249998 0.873517728125 0.23881101562499998
0 0.872842846875 0.277534034375 0.8527451484374999 0.28051272968749996 0.8462382296875001 0.3088103203125 0.8601664515625 0.314767709375 0.9785404078125 0.3088103203125 0.9791893328124999 0.2715766484375 0.872842846875 0.277534034375
0 1 0.271061478125 0.9791893328124999 0.2715766484375 0.9785144499999999 0.31029966875000004 1 0.3097677921875 1 0.271061478125
0 1 0.3097829828125 0.980519028125 0.3102996671875 0.8581878296875001 0.3132783625 0.8555602828125 0.3490226875 0.867587753125 0.3490226890625 1 0.34546849687500003 1 0.3097829828125
0 1 0.34665285625000003 0.867587753125 0.3490226890625 0.8555602828125 0.3490226875 0.85699380625 0.3817883203125 0.8649602078124999 0.384767015625 1 0.3823789203125 1 0.34665285625000003
0 1 0.3835590296875 0.9772166 0.384767015625 0.9786501234375 0.41753264687499997 1 0.41698591250000006 1 0.3835590296875
0 0.85696785 0.38327766875 0.8504090171875 0.4145539546875 0.8643112828125 0.4220006875 0.9786501234375 0.41753264687499997 0.9772166 0.384767015625 0.8649342499999999 0.3862563625 0.85696785 0.38327766875
0 1 0.4184432109375 0.9766195890624999 0.4190219953125 0.9779752421874999 0.45625566875 1 0.45625566875 1 0.4184432109375
0 0.8657188484375 0.45625566875 0.9759706640625 0.45625566875 0.9766195890624999 0.4190219953125 0.872329596875 0.4220006875 0.8503830609374999 0.4160433 0.8518425421875 0.4473195859375 0.8657188484375 0.45625566875
0 0.8451103015625 0.1434928109375 0.8412568859375 0.13455672968750002 0.823008025 0.14647150625 0.8245194187499999 0.1747690984375 0.8365209328125 0.17625844375 0.8446949890625 0.16732236250000002 0.8451103015625 0.1434928109375
0 0.822307184375 0.18668387343749998 0.8241041062500001 0.198598646875 0.84443541875 0.18221583125000002 0.8446949890625 0.16732236250000002 0.822307184375 0.18668387343749998
0 0.8236628390625 0.22391754531250002 0.853965128125 0.21051342343749999 0.852505646875 0.1792371375 0.8241041062500001 0.198598646875 0.8236628390625 0.22391754531250002
0 0.85342003125 0.24178970781250003 0.8539391703125 0.21200277031249998 0.8236368796875 0.2254068921875 0.82322156875 0.24923644218750002 0.85342003125 0.24178970781250003
0 1 0.5034337468750001 0.9831583531250001 0.503914771875 0.9826392125 0.5337017109375 1 0.5337017109375 1 0.5034337468750001
0 0.9831583531250001 0.503914771875 0.8488256406250001 0.50540411875 0.8504668203125 0.5262549734374999 0.8563507703125 0.5337017109375 0.9826132546874999 0.5351910546875 0.9831583531250001 0.503914771875
0 1 0.5326908343750001 0.9265110156249999 0.533701709375 0.9298712484375 0.5709353828125 1 0.5709353828125 1 0.5326908343750001
0 0.8556499328125 0.5739140765624999 0.9298712484375 0.5709353828125 0.9265110156249999 0.533701709375 0.85231565625 0.53519105625 0.8556499328125 0.5739140765624999
0 1 0.57093538125 0.9839948671875 0.57093538125 0.9832940265625 0.61114775 1 0.6101558109375 1 0.57093538125
0 0.9839948671875 0.57093538125 0.9278666703124999 0.5709353828125 0.8576545109374999 0.5739140765624999 0.8550529203125 0.6081690546875 0.9832940265625 0.61114775 0.9839948671875 0.57093538125
0 1 0.6101558109375 0.9832940265625 0.61114775 0.9291704078125 0.61114775 0.9306558468749999 0.6409346874999999 1 0.638915290625 1 0.6101558109375
0 0.9271917875 0.609658403125 0.8590620765624999 0.6081690546875 0.8584391078125 0.6439133828125 0.9306298890625 0.6424240359375 0.9271917875 0.609658403125
0 1 0.6389752140625 0.9848054218750001 0.6394453421875 0.984156496875 0.676679015625 1 0.676679015625 1 0.6389752140625
0 0.9867840421875 0.6409346890625 0.9326344671875001 0.6424240359375 0.8584131515625 0.64540273125 0.8598466765625 0.6781683625 0.984182453125 0.6751896687500001 0.9867840421875 0.6409346890625
0 1 0.676679015625 0.984156496875 0.676679015625 0.9320115 0.6781683625 0.9333931109375 0.7139126890624999 1 0.7118938734375 1 0.676679015625
0 0.9320374578124999 0.676679015625 0.8598466765625 0.6781683625 0.85727104375 0.7109339953125 0.9353976890625001 0.7139126874999999 0.9320374578124999 0.676679015625
0 1 0.7120028875 0.9875426859375 0.7124233421875 0.9890021671874999 0.743699628125 1 0.74331076875 1 0.7120028875
0 0.9875686421875001 0.71093399375 0.9333931109375 0.7139126890624999 0.85727104375 0.7109339953125 0.8586266968749999 0.7481676687500001 0.9889762093750001 0.745188975 0.9875686421875001 0.71093399375
0 1 0.744310034375 0.98697163125 0.7451889734375 0.93282205625 0.7466783218749999 0.9342815375000001 0.7779546078124999 1 0.7799901640625 1 0.744310034375
0 0.9328480125 0.745188975 0.8526129625 0.7481676687500001 0.8521197781250001 0.7764652609375 0.9342555812500001 0.779443953125 0.9328480125 0.745188975
0 0.6424236421875 0.8464645671875 0.640710478125 0.9447614640625 0.692936 0.9454937593749999 0.8527746531249999 0.9315096890625 0.8508738421875 0.8479539140625001 0.6424236421875 0.8464645671875
0 0.504451059375 0.9417827703125001 0.6407364359375001 0.9432721171875 0.6424236421875 0.8464645671875 0.5001245296875 0.8449752203124999 0.504451059375 0.9417827703125001
0 0.2960008578125 0.9402934234375 0.504477015625 0.9402934234375 0.5001245296875 0.8449752203124999 0.2976880625 0.843485871875 0.2960008578125 0.9402934234375
0 0.295495896875 0.7392315875000001 0.29367890625 0.8434858734375 0.4299642828125 0.8449752187499999 0.4277721171875 0.740720934375 0.295495896875 0.7392315875000001
0 0.4299642828125 0.8449752187499999 0.5682801953125 0.8449752187499999 0.570045271875 0.743699628125 0.42779807343750004 0.7392315859374999 0.4299642828125 0.8449752187499999
0 0.5682801953125 0.8449752187499999 0.7085747296875 0.8464645671875 0.7063306484375 0.745188975 0.570019315625 0.7451889734375 0.5682801953125 0.8449752187499999
0 0.8526908328125 0.7436996265625 0.7063306484375 0.745188975 0.7085747296875 0.8464645671875 0.8549089562500001 0.8464645671875 0.8526908328125 0.7436996265625
0 0.29520448125 0.6409346890625 0.295495896875 0.7392315875000001 0.4257934953125 0.7392315875000001 0.4979323625 0.740720934375 0.497692859375 0.6394453421875 0.29520448125 0.6409346890625
0 0.4979064046875 0.74221028125 0.6401795609375001 0.745188975 0.6400438875 0.63795599375 0.49969743906249997 0.639445340625 0.4979064046875 0.74221028125
0 0.640153603125 0.7466783218749999 0.70635660625 0.743699628125 0.8586526531249999 0.7466783218749999 0.85727104375 0.7109339953125 0.8598466765625 0.6781683625 0.8584910234375001 0.6409346890625 0.6420484656250001 0.63795599375 0.640153603125 0.7466783218749999
0 0.2829634640625 0.5381697484375 0.285233503125 0.63795599375 0.2911953234375 0.6409346874999999 0.4215188796875 0.6394453421875 0.4233358703125 0.53519105625 0.2829634640625 0.5381697484375
0 0.4233358703125 0.53519105625 0.4215188796875 0.6394453421875 0.56386990625 0.6379559953125 0.561703696875 0.5322123624999999 0.4233358703125 0.53519105625
0 0.56386990625 0.6379559953125 0.710178175 0.6394453421875 0.708011965625 0.5337017109375 0.561703696875 0.5322123624999999 0.56386990625 0.6379559953125
0 0.71020413125 0.63795599375 0.8584910234375001 0.6409346890625 0.855078878125 0.6066797109375 0.8556758890625 0.5724247296875 0.8523935281250001 0.530723015625 0.707986009375 0.5351910546875 0.71020413125 0.63795599375
0 0.5336856234375 0.414553953125 0.40541856093749995 0.41306460625 0.28881556875 0.4324261171875 0.29098177812500003 0.53816975 0.42133129062499997 0.5351910546875 0.48948695937500003 0.5351910546875 0.49531310624999997 0.4309367703125 0.5336856234375 0.414553953125
0 0.5317070015625001 0.41306460625 0.49531310624999997 0.4309367703125 0.49151749375 0.533701709375 0.561703696875 0.5322123624999999 0.6358731 0.5322123624999999 0.633654975 0.42944742343750003 0.6459679734375 0.41306460625 0.5317070015625001 0.41306460625
0 0.6336809328124999 0.4279580765625 0.6358731 0.5322123624999999 0.707986009375 0.5351910546875 0.8503889499999999 0.530723015625 0.8482746546875 0.4220006890625 0.8063861625 0.41008591250000004 0.6459679734375 0.41306460625 0.6336809328124999 0.4279580765625
0 0.23797431093750002 0.47412783125 0.29011930937499997 0.472638484375 0.2887896125 0.4339154640625 0.2365927015625 0.43838350468750004 0.23797431093750002 0.47412783125
0 0.2386491953125 0.43540481093750005 0.13641569375 0.43540481093750005 0.13376218906249998 0.472638484375 0.23596973437500002 0.47412783281250004 0.2386491953125 0.43540481093750005
0 0.03353326875 0.4726384859375 0.1337362328125 0.47412783281250004 0.13641569375 0.43540481093750005 0.0341302796875 0.438383503125 0.03353326875 0.4726384859375
0 0.1337362328125 0.47412783281250004 0.03353326875 0.4726384859375 0.0334368703125 0.47816953125 0.03544544375 0.5068934640625 0.1331651796875 0.5068934625 0.1337362328125 0.47412783281250004
0 0.2380002703125 0.472638484375 0.13376218906249998 0.472638484375 0.1331651796875 0.5068934625 0.23943379375 0.5054041171875 0.2380002703125 0.472638484375
0 0.28811473125 0.472638484375 0.23797431093750002 0.47412783125 0.23943379375 0.5054041171875 0.2895482546875 0.50540411875 0.28811473125 0.472638484375
0 0.2828596375 0.5441271375000001 0.2829634640625 0.5381697484375 0.29098177812500003 0.53816975 0.2895742125 0.5039147703125 0.1892933765625 0.5068934640625 0.19059711562499998 0.54710583125 0.2828596375 0.5441271375000001
0 0.1872887984375 0.5068934640625 0.085029340625 0.508382809375 0.08641095 0.5441271390625 0.18856657968749999 0.548595178125 0.1872887984375 0.5068934640625
0 0.0830507171875 0.5068934625 0.03544544375 0.5068934640625 0.03794493125 0.542637790625 0.08643690625 0.542637790625 0.0830507171875 0.5068934625
0 0.08641095 0.5441271390625 0.037862059375 0.541452684375 0.0405485625 0.5798714640625 0.083783403125 0.5798714640625 0.08641095 0.5441271390625
0 0.28619391250000004 0.5828501578124999 0.28283368124999997 0.5456164859375 0.18856657968749999 0.548595178125 0.18994819062499999 0.58433950625 0.28619391250000004 0.5828501578124999
0 0.18856657968749999 0.548595178125 0.084406371875 0.5441271375000001 0.0817269109375 0.5828501578124999 0.189974146875 0.5828501578124999 0.18856657968749999 0.548595178125
0 0.131841371875 0.5828501578124999 0.0817528671875 0.5813608109375 0.040567073437500004 0.5801361796875 0.0430605421875 0.6157944359374999 0.1312443609375 0.6171051390625 0.131841371875 0.5828501578124999
0 0.23805807343750002 0.5843395046875 0.1298367921875 0.5828501578124999 0.13121840468749998 0.618594484375 0.23751297500000002 0.6156157921875 0.23805807343750002 0.5843395046875
0 0.2841633765625 0.5843395046875 0.2360794515625 0.5828501578124999 0.23946563906249999 0.618594484375 0.2855449875 0.6200838328125 0.2841633765625 0.5843395046875
0 0.1312443609375 0.6171051390625 0.13265192812499998 0.651360115625 0.23686405000000002 0.6528494640625 0.24152213281249998 0.6156157906249999 0.1312443609375 0.6171051390625
0 0.29319990156250003 0.6409346890625 0.285233503125 0.63795599375 0.28557094375 0.618594484375 0.23946563906249999 0.618594484375 0.23485947187499998 0.6528494640625 0.2929922453125 0.6528494640625 0.29319990156250003 0.6409346890625
0 0.1312443609375 0.6171051390625 0.0430605421875 0.6157944359374999 0.04565168125 0.6528494640625 0.1326259703125 0.6528494640625 0.1312443609375 0.6171051390625
0 0.0805069328125 0.6528494640625 0.045723928125 0.6538826421875 0.048113067187500004 0.6880489234375 0.07990992031250001 0.68710444375 0.0805069328125 0.6528494640625
0 0.2963265203125 0.6915724859375 0.29301820312500004 0.651360115625 0.19278928125 0.6513601171875 0.1901098203125 0.6900831390625 0.2963265203125 0.6915724859375
0 0.1928152390625 0.6498707687499999 0.0805069328125 0.6528494640625 0.0798839640625 0.6885937921874999 0.1901098203125 0.6900831390625 0.1928152390625 0.6498707687499999
0 0.077879384375 0.6885937906249999 0.0482153484375 0.6895116109375 0.05054650937500001 0.7228487703125 0.0792869515625 0.7228487703125 0.077879384375 0.6885937906249999
0 0.1840960859375 0.6900831375 0.07785342656250001 0.6900831390625 0.0792869515625 0.7228487703125 0.18352503125 0.7228487703125 0.1840960859375 0.6900831375
0 0.2943478984375 0.6900831390625 0.1840960859375 0.6900831375 0.18550365156249998 0.7243381171875 0.2957295109375 0.7258274640625 0.2943478984375 0.6900831390625
0 0.12937545625 0.7243381171875 0.1347402671875 0.7615717921875 0.2390043015625 0.76008244375 0.23962727031250003 0.724338115625 0.12937545625 0.7243381171875
0 0.127396834375 0.7228487703125 0.050627884375 0.7240124875 0.0533584328125 0.7630611390625 0.1367188875 0.7630611390625 0.127396834375 0.7228487703125
0 0.2957295109375 0.7258274640625 0.237596734375 0.7258274640625 0.2410088796875 0.7600824453125 0.2951065421875 0.7615717921875 0.2957295109375 0.7258274640625
0 0.2945095296875 0.7958267703125 0.2951324984375 0.76008244375 0.2410088796875 0.7600824453125 0.24439507031250002 0.7958267703125 0.2945095296875 0.7958267703125
0 0.2410088796875 0.7600824453125 0.1367448453125 0.7615717921875 0.1361478328125 0.7958267703125 0.24436911249999999 0.7973161171875 0.2410088796875 0.7600824453125
0 0.1347143078125 0.7630611375 0.0533584328125 0.7630611390625 0.055520967187500006 0.79398681875 0.13612187656250002 0.7973161171875 0.1347143078125 0.7630611375
0 0.034857075 0.39668179062500003 0.1391211109375 0.39519244375 0.1397440796875 0.3594481171875 0.03548004375 0.3609374640625 0.034857075 0.39668179062500003
0 0.03548004375 0.3609374640625 0.1357608796875 0.3579587703125 0.1344052265625 0.320725096875 0.036128968750000004 0.323703790625 0.03548004375 0.3609374640625
0 0.1397440796875 0.3594481171875 0.1431821828125 0.3922137484375 0.24942483906250001 0.39221374999999997 0.25007376406250004 0.3549800765625 0.1397440796875 0.3594481171875
0 0.13242660625 0.3192357515625 0.1357349234375 0.3594481171875 0.2500478078125 0.3564694234375 0.2506967328125 0.31923575 0.13242660625 0.3192357515625
0 0.2480172734375 0.3579587703125 0.3543378015625 0.3534907296875 0.378574440625 0.3430653 0.38099433125000004 0.31923575 0.3508996984375 0.320725096875 0.2487181109375 0.317746403125 0.2480172734375 0.3579587703125
0 0.3523332234375 0.35349072812500004 0.2500218515625 0.3579587703125 0.24942483906250001 0.39221374999999997 0.31758050781249997 0.39221374999999997 0.351658340625 0.3922137484375 0.37589498125 0.3817883203125 0.378548484375 0.3445546484375 0.3523332234375 0.35349072812500004
0 0.036154925 0.3222144421875 0.0802556515625 0.32221444374999997 0.0828572421875 0.2879594640625 0.0367519375 0.2879594640625 0.036154925 0.3222144421875
0 0.0367519375 0.2879594640625 0.0828572421875 0.2879594640625 0.08350616718750001 0.250725790625 0.03742681875 0.24923644218750002 0.0367519375 0.2879594640625
0 0.0848358625 0.2894488109375 0.19118234843749998 0.2834914234375 0.1917534015625 0.250725790625 0.08350616718750001 0.250725790625 0.0848358625 0.2894488109375
0 0.08283128437500001 0.2894488125 0.07827703124999999 0.320725096875 0.13443118437499998 0.31923575 0.18855480156249999 0.3192357515625 0.1911563921875 0.2849807703125 0.08283128437500001 0.2894488125
0 0.1885288453125 0.3207250953125 0.2487181109375 0.317746403125 0.3508996984375 0.320725096875 0.38299890937500003 0.3192357515625 0.3795608078125 0.28647011718750004 0.35152266718749997 0.2849807703125 0.1891777703125 0.2834914234375 0.1885288453125 0.3207250953125
0 0.19118234843749998 0.2834914234375 0.3495180890625 0.28498076875 0.38159134375 0.2849807703125 0.38213644062499996 0.253704484375 0.3541502140625 0.24923644218750002 0.19177935937499999 0.24923644218750002 0.19118234843749998 0.2834914234375
0 0.0379978734375 0.21647081250000003 0.03742681875 0.24923644218750002 0.0815015890625 0.2507257890625 0.1356252046875 0.250725790625 0.132264975 0.2134921171875 0.0379978734375 0.21647081250000003
0 0.0379978734375 0.21647081250000003 0.1322390171875 0.2149814640625 0.12687420625 0.17774779062499999 0.038646798437500005 0.1792371359375 0.0379978734375 0.21647081250000003
0 0.1322390171875 0.2149814640625 0.2465259453125 0.2134921171875 0.24519624843750001 0.174769096875 0.12489558593750001 0.17625844375 0.1322390171875 0.2149814640625
0 0.130260396875 0.2134921171875 0.1335946703125 0.2522151375 0.2459029765625 0.24923644218750002 0.2485045671875 0.2149814640625 0.130260396875 0.2134921171875
0 0.24790755625 0.24923644375 0.3541502140625 0.24923644218750002 0.38213644062499996 0.253704484375 0.378776209375 0.21647081093749998 0.35685563125 0.209024075 0.24855648125 0.21200276875 0.24790755625 0.24923644375
0 0.2465259453125 0.2134921171875 0.3568296734375 0.21051342343749999 0.378776209375 0.21647081093749998 0.3753121484375 0.1851945265625 0.3534953984375 0.171790403125 0.24121304999999998 0.17327975 0.2465259453125 0.2134921171875
0 0.405412671875 0.2983848921875 0.406197271875 0.3683841984375 0.552557453125 0.3668948515625 0.55182476875 0.2939168515625 0.405412671875 0.2983848921875
0 0.5545360765625 0.3683841984375 0.6567955343749999 0.3668948515625 0.6561147625 0.290938159375 0.55182476875 0.2939168515625 0.5545360765625 0.3683841984375
0 0.656769575 0.3683841984375 0.8152351015624999 0.3624268109375 0.81057113125 0.2849807703125 0.6561147625 0.290938159375 0.656769575 0.3683841984375
0 0.49897304374999996 0.2209388515625 0.49767519374999997 0.2954061984375 0.5979560296875001 0.292427503125 0.5972493015625 0.21796015781250003 0.49897304374999996 0.2209388515625
0 0.3953897796875 0.2983848921875 0.4976492375 0.2968955453125 0.496942509375 0.222428196875 0.3947090078125 0.2224281984375 0.3953897796875 0.2983848921875
0 0.603969765625 0.292427503125 0.7082597578125001 0.2894488109375 0.7055484515625 0.2149814640625 0.6052935734375 0.21647081093749998 0.603969765625 0.292427503125
0 0.7082857140625001 0.287959465625 0.81057113125 0.2849807703125 0.81186898125 0.210513421875 0.7035438734375 0.2149814640625 0.7082857140625001 0.287959465625
0 0.3940022796875 0.14796085 0.3947090078125 0.2224281984375 0.5430737703124999 0.2209388515625 0.5444494921875 0.1420034640625 0.3940022796875 0.14796085
0 0.5491134625 0.21944950468750002 0.651424834375 0.2149814640625 0.6507440625 0.13902476875 0.5484326921875 0.1434928109375 0.5491134625 0.21944950468750002
0 0.6554339921875 0.2149814640625 0.809864403125 0.21051342343749999 0.8152752375000001 0.13008868906249998 0.6547791765625 0.137535421875 0.6554339921875 0.2149814640625
0 0.39131693125 0.0720041578125 0.39199770156249997 0.14796085 0.4903258734375 0.1420034640625 0.4916237234375 0.0675361171875 0.39131693125 0.0720041578125
0 0.4922785390625 0.14498215781249998 0.5985990671875 0.1405141171875 0.59596563125 0.0615787296875 0.49164968125 0.06604676875 0.4922785390625 0.14498215781249998
0 0.5965944875 0.1405141171875 0.7029409734375001 0.13455672968750002 0.7002556234374999 0.058600035937499996 0.597970209375 0.0615787296875 0.5965944875 0.1405141171875
0 0.7029409734375001 0.13455672968750002 0.8132447015625001 0.1315780359375 0.80858073125 0.054131993749999996 0.7002037109375 0.06157873125 0.7029409734375001 0.13455672968750002
0 0.6481289171875 0 0.6501411640625 0.058600035937499996 0.7002556234374999 0.058600035937499996 0.6981991328125 0.0615787296875 0.804571575 0.0541319953125 0.8028165421875 0 0.6481289171875 0
0 0.5477457968749999 0 0.5498603265625001 0.0615787296875 0.65011520625 0.0600893828125 0.648110509375 0 0.5477457968749999 0
0 0.3989376265625 0 0.40133982343749997 0.0720041578125 0.5498084140625 0.0645574234375 0.5476546546875001 0 0.3989376265625 0
0 0.34810463125 0.13604607500000002 0.18963910781249999 0.1420034640625 0.189094009375 0.17327975 0.3534953984375 0.171790403125 0.37734268437499996 0.183705178125 0.37585724531250003 0.1539182390625 0.34810463125 0.13604607500000002
0 0.0827734828125 0.1777477890625 0.189068053125 0.174769096875 0.18963910781249999 0.1420034640625 0.085401028125 0.1420034640625 0.0827734828125 0.1777477890625
0 0.03867275625 0.1777477890625 0.08279943906250001 0.17625844531249998 0.085401028125 0.1420034640625 0.0392697671875 0.1434928109375 0.03867275625 0.1777477890625
0 0.039295725 0.1420034640625 0.085401028125 0.1420034640625 0.086049953125 0.104769790625 0.03994465 0.104769790625 0.039295725 0.1420034640625
0 0.09609880312499999 0.10328044375 0.09745445625 0.1405141171875 0.20570169218749998 0.1405141171875 0.20632466093750002 0.104769790625 0.09609880312499999 0.10328044375
0 0.2036971140625 0.1405141171875 0.34810463125 0.13604607500000002 0.37585724531250003 0.1539182390625 0.383927475 0.1509395453125 0.38650310625 0.1181739140625 0.3727565859375 0.10179109687500001 0.20632466093750002 0.104769790625 0.2036971140625 0.1405141171875
0 0.03994465 0.104769790625 0.14217815 0.104769790625 0.144831653125 0.0675361171875 0.040593575 0.0675361171875 0.03994465 0.104769790625
0 0.144182728125 0.1047697921875 0.2544605 0.10328044375 0.25680251875 0.0839189328125 0.14251559062500002 0.08540828125 0.144182728125 0.1047697921875
0 0.2544605 0.10328044375 0.37476116406250004 0.1017910984375 0.3885336421875 0.1166845671875 0.38501766718749997 0.0883869734375 0.363097090625 0.0809402390625 0.25680251875 0.0839189328125 0.2544605 0.10328044375
0 0.2588330546875 0.08242958593750001 0.257503359375 0.043706565625 0.1491782515625 0.04817460625 0.14251559062500002 0.08540828125 0.2588330546875 0.08242958593750001
0 0.25680251875 0.0839189328125 0.3610925125 0.0809402390625 0.38702224687500003 0.088386975 0.38746351562500003 0.06306807656249999 0.363746015625 0.0437065671875 0.2574774 0.045195914062499995 0.25680251875 0.0839189328125
0 0.36608803437500004 0.02434505625 0.25778888437499997 0.02732375 0.257503359375 0.043706565625 0.363746015625 0.0437065671875 0.3875413875 0.058600035937499996 0.3876971296875 0.049663953125 0.36608803437500004 0.02434505625
0 0.1491782515625 0.04817460625 0.2574774 0.045195914062499995 0.25979346406250003 0.0273237484375 0.14748515625 0.03030244375 0.1491782515625 0.04817460625
0 0.0412425 0.03030244375 0.040593575 0.0675361171875 0.144831653125 0.0675361171875 0.15118282968750002 0.04817460625 0.14548057812499998 0.03030244375 0.0412425 0.03030244375