0 0.034 0.2713643171875 0.032 0.2068965515625 0 0.19340329843749998 0.002 0.2698650671875 0.034 0.2713643171875
0 0.078 0.27586206875 0.31 0.2788605703125 0.31 0.21289355312499997 0.288 0.17841079531249998 0.08399999999999999 0.17541229375 0.078 0.27586206875
0 0.6 0.2803598203125 0.602 0.17991004531250002 0.396 0.1814092953125 0.392 0.27736131875000003 0.414 0.3058470765625 0.5860000000000001 0.3088455765625 0.6 0.2803598203125
0 0.648 0.2158920546875 0.648 0.302848575 0.8220000000000001 0.3088455765625 0.8720000000000001 0.28335832031249997 0.8699999999999999 0.188905546875 0.6719999999999999 0.188905546875 0.648 0.2158920546875
0 0.726 0.42128935468749995 0.962 0.42128935468749995 0.96 0.32683658125 0.758 0.3283358328125 0.726 0.338830584375 0.726 0.42128935468749995
0 0.516 0.42128935468749995 0.726 0.42428785625 0.722 0.32533733125 0.518 0.32383808125 0.516 0.42128935468749995
0 0.49000000000000005 0.42128935468749995 0.49000000000000005 0.32683658125 0.282 0.31934032968750004 0.27999999999999997 0.4197901046875 0.49000000000000005 0.42128935468749995
0 0.057999999999999996 0.3208395796875 0.062 0.4197901046875 0.274 0.42278860625 0.27799999999999997 0.32983508281249996 0.268 0.32233883125 0.057999999999999996 0.3208395796875
0 0.258 0.560719640625 0.29 0.5472263875000001 0.296 0.45427286406249995 0.08 0.4452773609375 0.078 0.562218890625 0.258 0.560719640625
0 0 0.697151425 0.048 0.6956521734375001 0.076 0.6791604203125 0.076 0.5937031484374999 0.10400000000000001 0.5682158921875 0.002 0.5682158921875 0 0.5682158921875 0 0.697151425
0 0.27599999999999997 0.5697151421875 0.10400000000000001 0.5667166421875 0.076 0.5937031484374999 0.076 0.6791604203125 0.078 0.697151425 0.258 0.6941529234375 0.27799999999999997 0.6716641671875 0.27599999999999997 0.5697151421875
0 0.312 0.5682158921875 0.286 0.586206896875 0.27799999999999997 0.67316341875 0.282 0.697151425 0.458 0.6956521734375001 0.458 0.5697151421875 0.312 0.5682158921875
0 0.682 0.5682158921875 0.534 0.5697151421875 0.54 0.6911544234375 0.714 0.6956521734375001 0.712 0.586206896875 0.682 0.5682158921875
0 0.8960000000000001 0.57571214375 0.736 0.5712143921874999 0.732 0.662668665625 0.764 0.6941529234375 0.9359999999999999 0.6956521734375001 0.942 0.5907046484375 0.8960000000000001 0.57571214375
0 0.732 0.45127436249999997 0.726 0.5442278859375 0.756 0.563718140625 0.932 0.562218890625 0.9380000000000001 0.44977511249999996 0.732 0.45127436249999997
0 0.55 0.560719640625 0.72 0.560719640625 0.722 0.4527736125 0.546 0.44977511249999996 0.538 0.5442278859375 0.55 0.560719640625
0 0.32 0.45127436249999997 0.318 0.5577211390625 0.49400000000000005 0.5592203890625 0.49800000000000005 0.45127436249999997 0.32 0.45127436249999997
0 0.078 0.8470764624999999 0.08 0.77811094375 0.10200000000000001 0.760119940625 0.10400000000000001 0.734632684375 0.002 0.734632684375 0 0.886056971875 0.036 0.8830584703125 0.078 0.8470764624999999
0 0.318 0.8185907046875001 0.312 0.7331334328125 0.134 0.7316341828125 0.13 0.7316341828125 0.08 0.77811094375 0.08399999999999999 0.884557721875 0.292 0.884557721875 0.318 0.8185907046875001
0 0.534 0.7826086953125 0.526 0.7331334328125 0.372 0.7406296859375 0.358 0.7841079453125 0.36 0.886056971875 0.534 0.8830584703125 0.534 0.7826086953125
0 0.78 0.82758620625 0.74 0.7826086953125 0.5980000000000001 0.788605696875 0.592 0.8410794609375 0.614 0.8875562218749999 0.78 0.886056971875 0.78 0.82758620625
0 0.882 1 0.882 0.9715142421875 0.828 0.901049475 0.696 0.8995502249999999 0.6900000000000001 0.9040479765624999 0.688 0.9535232390624999 0.706 1 0.882 1
0 0.998 0.9565217390624999 0.998 0.8005997 0.9640000000000001 0.77511244375 0.8320000000000001 0.77511244375 0.8300000000000001 0.77811094375 0.828 0.8995502249999999 0.8779999999999999 0.9520239875 0.908 0.9535232390624999 0.998 0.9565217390624999
0 1 0.9565217390624999 0.908 0.9535232390624999 0.8779999999999999 0.9520239875 0.828 0.8995502249999999 0.882 0.9730134937500001 0.882 0.99850075 1 1 1 0.9565217390624999
0 0.002 0.560719640625 0.024 0.563718140625 0.076 0.5502248875 0.074 0.44827586249999996 0 0.4467766109375 0.002 0.560719640625