0 0.028000000000000004 0.0029325515625 0.02 0.299120234375 0.22200000000000003 0.29325513124999997 0.22000000000000003 0.005865103125 0.028000000000000004 0.0029325515625
0 0.22200000000000003 0.0029325515625 0.22400000000000003 0.29032258125 0.42000000000000004 0.29618768281249996 0.41200000000000003 0.0087976546875 0.22200000000000003 0.0029325515625
0 0.606 0.011730204687499999 0.42800000000000005 0.011730204687499999 0.418 0.0263929625 0.418 0.29325513124999997 0.604 0.29618768281249996 0.606 0.011730204687499999
0 0.606 0.01466275625 0.606 0.29325513124999997 0.782 0.3079178890625 0.782 0.035190615625 0.606 0.01466275625
0 0.788 0.035190615625 0.786 0.310850440625 0.9480000000000001 0.31964809375000003 0.95 0.046920821875000004 0.788 0.035190615625
0 0.546 0.29618768281249996 0.542 0.589442815625 0.9560000000000001 0.5923753671875 0.962 0.325513196875 0.546 0.29618768281249996
0 0.064 0.29032258125 0.068 0.5953079171875 0.536 0.5865102640625001 0.54 0.29325513124999997 0.064 0.29032258125
0 0.096 0.8885630499999999 0.096 0.9941348968750001 0.544 0.9941348968750001 0.544 0.8621700875 0.096 0.8885630499999999
0 0.5519999999999999 0.8621700875 0.55 0.9941348968750001 0.9400000000000001 0.9970674484375 0.944 0.8504398828124999 0.5519999999999999 0.8621700875
0 0.628 0.589442815625 0.446 0.589442815625 0.43600000000000005 0.8621700875 0.612 0.8592375359375 0.628 0.589442815625
0 0.8 0.59824046875 0.632 0.5923753671875 0.618 0.8475073312499999 0.78 0.853372434375 0.8 0.59824046875
0 0.798 0.604105571875 0.798 0.8504398828124999 0.952 0.841642228125 0.954 0.5953079171875 0.798 0.604105571875
0 0.44400000000000006 0.5923753671875 0.256 0.5923753671875 0.252 0.8680351906249999 0.438 0.8651026390625001 0.44400000000000006 0.5923753671875
0 0.248 0.5923753671875 0.057999999999999996 0.5953079171875 0.062 0.8768328453124999 0.248 0.87390029375 0.248 0.5923753671875
0 0.044 0.3519061578125 0 0.3489736078125 0.002 0.4633431078125 0.044 0.4633431078125 0.044 0.3519061578125
0 0 0.56891495625 0.044 0.5718475078125 0.04 0.4633431078125 0 0.4633431078125 0 0.56891495625
0 0.046 0.5718475078125 0 0.5718475078125 0.002 0.6715542515624999 0.048 0.6774193546875 0.046 0.5718475078125