0 0.0815047015625 0.2587064671875 0.0940438875 0.24875621875 0.1285266453125 0.24875621875 0.1786833859375 0.2587064671875 0.23197492187500002 0.2636815921875 0.23197492187500002 0.2139303484375 0.2257053296875 0.124378109375 0.2225705328125 0.0995024875 0.200626959375 0.0995024875 0.14106583125 0.10447761250000001 0.0940438875 0.0995024875 0.0689655171875 0.11442786093749999 0.062695925 0.13432835781250002 0.075235109375 0.1890547265625 0.0815047015625 0.2587064671875
0 0.21316614375 0 0.216300940625 0.07462686562500001 0.2507836984375 0.079601990625 0.2664576796875 0.079601990625 0.30721003125 0.079601990625 0.34482758593749996 0.0845771140625 0.34482758593749996 0 0.21316614375 0
0 0.23197492187500002 0.2636815921875 0.247648903125 0.2686567171875 0.28213166093750003 0.273631840625 0.34796238281249997 0.278606965625 0.34796238281249997 0.17910447812500002 0.35109717812499996 0.14427860625 0.34482758593749996 0.0845771140625 0.30721003125 0.079601990625 0.2225705328125 0.079601990625 0.2225705328125 0.0995024875 0.2257053296875 0.1393034828125 0.23197492187500002 0.2139303484375 0.23197492187500002 0.2636815921875
0 0 0.5572139296875 0.07836990625 0.5671641796875 0.106583071875 0.5671641796875 0.11598746093750001 0.55223880625 0.1034482765625 0.4179104484375 0.106583071875 0.39800995 0.0940438875 0.3184079609375 0.0407523515625 0.3084577109375 0.006269592187500001 0.3034825875 0 0.3034825875 0 0.5572139296875
0 0.1034482765625 0.4179104484375 0.106583071875 0.4378109453125 0.12225705312499999 0.4328358203125 0.1598746078125 0.4328358203125 0.24137931093749998 0.4378109453125 0.2570532921875 0.4378109453125 0.2539184953125 0.3830845765625 0.2507836984375 0.3084577109375 0.247648903125 0.273631840625 0.23197492187500002 0.2636815921875 0.1786833859375 0.2636815921875 0.1285266453125 0.24875621875 0.090909090625 0.25373134375 0.090909090625 0.3134328359375 0.106583071875 0.3930348265625 0.1034482765625 0.4179104484375
0 0.2695924765625 0.45273631875 0.335423196875 0.46268656718749995 0.3605015671875 0.46268656718749995 0.3636363640625 0.42288557187500003 0.3636363640625 0.39800995 0.354231975 0.38805970156249997 0.354231975 0.35323383124999996 0.35109717812499996 0.3084577109375 0.34796238281249997 0.2835820890625 0.28526645781250004 0.278606965625 0.247648903125 0.273631840625 0.2539184953125 0.3830845765625 0.2539184953125 0.44776119375 0.2695924765625 0.45273631875
0 0.1912225703125 0.5870646765624999 0.24137931093749998 0.60199005 0.2664576796875 0.5970149250000001 0.263322884375 0.54726368125 0.2539184953125 0.45273631875 0.2539184953125 0.4378109453125 0.24451410624999997 0.4378109453125 0.17241379375000002 0.4328358203125 0.12225705312499999 0.4328358203125 0.106583071875 0.4427860703125 0.11598746093750001 0.5671641796875 0.1442006265625 0.5721393031249999 0.1912225703125 0.5870646765624999
0 0.3009404390625 0.6069651734375 0.35109717812499996 0.6169154234375 0.36990595625 0.621890546875 0.36990595625 0.6069651734375 0.366771159375 0.5870646765624999 0.3636363640625 0.4975124375 0.3636363640625 0.46766169218750003 0.341692790625 0.46766169218750003 0.28213166093750003 0.4577114421875 0.2539184953125 0.45273631875 0.263322884375 0.54726368125 0.2664576796875 0.60199005 0.3009404390625 0.6069651734375
0 0 0.7114427859375 0.043887146875 0.6567164171875 0.1347962375 0.6865671640625 0.1285266453125 0.6318407953125 0.12225705312499999 0.5721393031249999 0.11598746093750001 0.55223880625 0.106583071875 0.5671641796875 0.07836990625 0.5721393031249999 0 0.5572139296875 0 0.7114427859375
0 0.200626959375 0.7014925375 0.2068965515625 0.6965174125 0.27272727343750003 0.7114427859375 0.27272727343750003 0.6616915421875 0.2695924765625 0.6169154234375 0.2664576796875 0.60199005 0.247648903125 0.60199005 0.19749216249999998 0.5920398015624999 0.15047021875 0.577114428125 0.12225705312499999 0.5721393031249999 0.1285266453125 0.6318407953125 0.1347962375 0.6865671640625 0.200626959375 0.7014925375
0 0.34482758593749996 0.726368159375 0.36990595625 0.7313432828125 0.36990595625 0.6567164171875 0.36990595625 0.621890546875 0.35109717812499996 0.6169154234375 0.3009404390625 0.6069651734375 0.2664576796875 0.60199005 0.27272727343750003 0.6666666671875 0.27272727343750003 0.7114427859375 0.34482758593749996 0.726368159375
0 0.0815047015625 1 0.075235109375 0.9054726375 0.19749216249999998 0.7064676609375 0.137931034375 0.6915422890625 0.043887146875 0.6616915421875 0 0.7164179109375 0 1 0.0815047015625 1
0 0.3605015671875 1 0.3793103453125 0.95024875625 0.3793103453125 0.9104477609374999 0.3761755484375 0.771144278125 0.373040753125 0.7363184078125 0.34796238281249997 0.7313432828125 0.27899686562500003 0.7164179109375 0.2068965515625 0.6965174125 0.075235109375 0.9054726375 0.0815047015625 1 0.3605015671875 1
0 0.34482758593749996 0 0.34482758593749996 0.0845771140625 0.35109717812499996 0.14925373125000002 0.3605015671875 0.1592039796875 0.4263322890625 0.16417910468750002 0.5799373046875 0.17910447812500002 0.5924764890625001 0.19402985 0.601880878125 0.16417910468750002 0.633228840625 0.124378109375 0.645768025 0.0995024875 0.645768025 0.04975124375 0.645768025 0 0.5799373046875 0 0.34482758593749996 0
0 0.354231975 0.35820895468749997 0.354231975 0.38805970156249997 0.366771159375 0.39800995 0.36990595625 0.38805970156249997 0.3855799375 0.3930348265625 0.479623825 0.41293532343750006 0.5736677109375 0.42288557187500003 0.5893416921875 0.40796019843750003 0.5893416921875 0.3631840796875 0.5924764890625001 0.2636815921875 0.5924764890625001 0.199004975 0.5799373046875 0.17910447812500002 0.429467084375 0.16417910468750002 0.3636363640625 0.1592039796875 0.35109717812499996 0.14925373125000002 0.34796238281249997 0.278606965625 0.35109717812499996 0.3084577109375 0.354231975 0.35820895468749997
0 0.645768025 0.20398010000000003 0.642633228125 0.1592039796875 0.645768025 0.124378109375 0.6489028218749999 0.0995024875 0.6363636359375 0.124378109375 0.601880878125 0.1592039796875 0.5924764890625001 0.199004975 0.5924764890625001 0.2686567171875 0.5893416921875 0.3681592046875 0.5893416921875 0.40796019843750003 0.5924764890625001 0.4179104484375 0.6363636359375 0.427860696875 0.7617554859375 0.44776119375 0.82758620625 0.45273631875 0.8338558 0.42288557187500003 0.8401253921875 0.38805970156249997 0.8432601875 0.3134328359375 0.8463949843749999 0.24875621875 0.84952978125 0.20398010000000003 0.8526645765625 0.1592039796875 0.84952978125 0.124378109375 0.72413793125 0.11442786093749999 0.7021943578125 0.20398010000000003 0.6771159875 0.20398010000000003 0.645768025 0.20398010000000003
0 0.78683385625 0.11940298437500001 0.8526645765625 0.124378109375 0.8526645765625 0.15422885625 0.84952978125 0.20398010000000003 0.84952978125 0.24378109375 0.9655172406249999 0.24378109375 0.9749216296875 0.23383084531249998 0.9780564265624999 0.199004975 0.9811912218750001 0.11442786093749999 0.987460815625 0.0845771140625 0.987460815625 0.0348258703125 0.9811912218750001 0.0149253734375 0.9749216296875 0.024875621875 0.8996865203125 0.024875621875 0.7836990593750001 0.024875621875 0.7742946703125 0.0845771140625 0.7742946703125 0.11442786093749999 0.78683385625 0.11940298437500001
0 0.8338558 0.42288557187500003 0.8338558 0.4378109453125 0.8840125390625 0.4378109453125 0.9623824453125 0.4427860703125 0.971786834375 0.427860696875 0.9780564265624999 0.378109453125 0.9811912218750001 0.3333333328125 0.98432601875 0.2885572140625 0.98432601875 0.24875621875 0.9749216296875 0.23383084531249998 0.9655172406249999 0.24378109375 0.84952978125 0.24378109375 0.8463949843749999 0.3084577109375 0.8401253921875 0.38805970156249997 0.8338558 0.42288557187500003
0 0.8683385578125 0.621890546875 0.9341692796875 0.626865671875 0.9435736671875 0.626865671875 0.956112853125 0.621890546875 0.9623824453125 0.5820895515625 0.9655172406249999 0.5174129359374999 0.9655172406249999 0.46268656718749995 0.9655172406249999 0.4427860703125 0.8871473359375001 0.4378109453125 0.830721003125 0.4378109453125 0.82758620625 0.522388059375 0.8213166140625001 0.6169154234375 0.8683385578125 0.621890546875
0 0.811912225 0.7761194031249999 0.9247648906249999 0.7960199 0.9278996859375 0.7910447765625 0.9467084640625 0.781094528125 0.9529780562499999 0.726368159375 0.9529780562499999 0.7014925375 0.9529780562499999 0.6616915421875 0.956112853125 0.626865671875 0.9435736671875 0.626865671875 0.9373040749999999 0.626865671875 0.87460815 0.621890546875 0.8213166140625001 0.6169154234375 0.815047021875 0.676616915625 0.81818181875 0.726368159375 0.811912225 0.7761194031249999
0 0.8338558 0.8656716421875 0.9216300937499999 0.8855721390625 0.9247648906249999 0.85572139375 0.9341692796875 0.8407960203125 0.9341692796875 0.8109452734374999 0.9278996859375 0.7910447765625 0.9247648906249999 0.7960199 0.811912225 0.7761194031249999 0.799373040625 0.875621890625 0.811912225 0.8606965171875001 0.8338558 0.8656716421875
0 1 0.3681592046875 0.9780564265624999 0.3681592046875 0.971786834375 0.4328358203125 0.9655172406249999 0.4427860703125 0.9686520375000001 0.5124378109375 0.9655172406249999 0.5820895515625 0.9592476484375 0.626865671875 0.9529780562499999 0.6616915421875 0.9686520375000001 0.6716417906250001 0.98432601875 0.676616915625 1 0.676616915625 1 0.3681592046875
0 1 0.676616915625 0.971786834375 0.676616915625 0.9529780562499999 0.6616915421875 0.9529780562499999 0.721393034375 0.9467084640625 0.781094528125 0.9278996859375 0.7910447765625 0.9341692796875 0.8109452734374999 0.9341692796875 0.8308457718750001 0.9749216296875 0.8358208953125 1 0.8308457718750001 1 0.676616915625
0 1 0.8308457718750001 0.9780564265624999 0.8358208953125 0.9341692796875 0.8308457718750001 0.9216300937499999 0.8855721390625 0.987460815625 0.8955223875 0.9937304078125001 0.9154228859375 1 0.9154228859375 1 0.8308457718750001
0 0.9905956109374999 1 0.9905956109374999 0.9253731343749999 0.987460815625 0.8955223875 0.9278996859375 0.8905472640625 0.8652037625 0.875621890625 0.811912225 0.8606965171875001 0.8025078375 0.880597015625 0.799373040625 0.9402985078125001 0.7931034484375 1 0.9905956109374999 1
0 0.3636363640625 0.5024875625 0.366771159375 0.5920398015624999 0.3761755484375 0.5920398015624999 0.42319749218749997 0.6069651734375 0.47335423125 0.6169154234375 0.539184953125 0.6368159203125 0.5799373046875 0.6368159203125 0.586206896875 0.6318407953125 0.5893416921875 0.5323383078124999 0.5924764890625001 0.45273631875 0.5924764890625001 0.42288557187500003 0.5893416921875 0.40796019843750003 0.5768025078125001 0.42288557187500003 0.47648902812499994 0.41293532343750006 0.3887147328125 0.3930348265625 0.36990595625 0.38805970156249997 0.3636363640625 0.42288557187500003 0.3605015671875 0.46766169218750003 0.3636363640625 0.5024875625
0 0.626959246875 0.6467661687499999 0.6865203765625 0.6616915421875 0.7899686515625 0.676616915625 0.811912225 0.6815920390625 0.81818181875 0.621890546875 0.82758620625 0.522388059375 0.830721003125 0.45273631875 0.7742946703125 0.44776119375 0.642633228125 0.427860696875 0.5956112859375 0.4179104484375 0.5893416921875 0.5323383078124999 0.586206896875 0.6318407953125 0.626959246875 0.6467661687499999
0 0.3761755484375 0.7761194031249999 0.45454545468749996 0.800995025 0.554858934375 0.8308457718750001 0.5768025078125001 0.8308457718750001 0.5799373046875 0.771144278125 0.5799373046875 0.6965174125 0.586206896875 0.6616915421875 0.586206896875 0.6318407953125 0.5579937296875 0.6368159203125 0.5141065828125 0.6318407953125 0.46081504687499997 0.6169154234375 0.40125391875 0.60199005 0.366771159375 0.5920398015624999 0.373040753125 0.6616915421875 0.373040753125 0.7363184078125 0.3761755484375 0.7761194031249999
0 0.5768025078125001 0.8308457718750001 0.5893416921875 0.8358208953125 0.6206896546875 0.8407960203125 0.6771159875 0.8606965171875001 0.7429467078124999 0.875621890625 0.78683385625 0.880597015625 0.799373040625 0.875621890625 0.811912225 0.7761194031249999 0.81818181875 0.721393034375 0.811912225 0.6815920390625 0.799373040625 0.6815920390625 0.705329153125 0.6666666671875 0.642633228125 0.65174129375 0.5893416921875 0.6368159203125 0.5799373046875 0.6965174125 0.5799373046875 0.771144278125 0.5768025078125001 0.8308457718750001
0 0.5768025078125001 1 0.5799373046875 0.9353233828124999 0.5799373046875 0.875621890625 0.5830721 0.8457711437500001 0.5799373046875 0.8308457718750001 0.554858934375 0.8308457718750001 0.46081504687499997 0.8059701499999999 0.3761755484375 0.7761194031249999 0.3793103453125 0.95024875625 0.429467084375 0.9651741296875 0.49529780625 0.9900497515625 0.53605015625 1 0.5768025078125001 1
0 0.7931034484375 1 0.799373040625 0.9402985078125001 0.8025078375 0.8905472640625 0.799373040625 0.875621890625 0.7899686515625 0.880597015625 0.75548589375 0.875621890625 0.6896551718749999 0.8656716421875 0.6206896546875 0.8407960203125 0.5799373046875 0.8358208953125 0.5799373046875 0.9353233828124999 0.5768025078125001 1 0.7931034484375 1
0 0.53605015625 1 0.49529780625 0.9900497515625 0.429467084375 0.9651741296875 0.39184952968750003 0.95522388125 0.3887147328125 1 0.53605015625 1