0 0.6644437125 0.48393365624999996 0.9389956625 0.56697505625 0.9795912734375 0.42617978125 0.9839869984374999 0.3507080828125 0.7205884828125 0.25998535624999997 0.6644437125 0.48393365624999996
0 0.671159815625 0.4875544265625 0.6238207234375001 0.692461565625 0.8924385140625001 0.7584567437499999 0.9371623484375 0.5720225609375 0.671159815625 0.4875544265625
0 0.5815003796875 0.89048800625 0.84428865 0.9508550265625001 0.8937304828125001 0.7627037828125001 0.6238207234375001 0.692461565625 0.5815003796875 0.89048800625
0 0.8311468156249999 1 0.8442285 0.9518877531250001 0.5830930953125 0.889571409375 0.5607289109375 1 0.8311468156249999 1
0 0.401006253125 0.170419909375 0.36754924375 0.40127380781250005 0.65831344375 0.48346913125 0.707080465625 0.26726005937499997 0.401006253125 0.170419909375
0 0.3283830125 0.6244340968750001 0.617269409375 0.69922613125 0.661783965625 0.4899558203125 0.3641232125 0.40723790937500004 0.3283830125 0.6244340968750001
0 0.2970757234375 0.8315933375 0.5766019296875 0.8953032500000001 0.6156165437500001 0.7011754546875 0.328728246875 0.63172125 0.2970757234375 0.8315933375
0 0.55758513125 1 0.5802529 0.8986917578125 0.296955425 0.8336587906249999 0.27130698125 1 0.55758513125 1
0 0.2663026328125 1 0.2990894859375 0.82344765 0 0.7528904234375 0 0.956406528125 0.21248226875 1 0.2663026328125 1
0 0 0.7468652390625 0.293259965625 0.817819490625 0.3266255046875 0.6149653546875 0.014345215625 0.5321769234375 0 0.6448292343750001 0 0.7468652390625
0 0.034354359375 0.3075650015625 0.006983129687500001 0.526432634375 0.3253335375 0.610718315625 0.360833140625 0.3976530375 0.034354359375 0.3075650015625
0 0.36242585625 0.396736440625 0.3977161828125 0.1608350375 0.0584668390625 0.0521454609375 0.033363139062500005 0.2981543265625 0.36242585625 0.396736440625