0 0.1546072953125 0.48657025000000004 0.1561533703125 0.4638429765625 0.02860235 0.4741735546875 0.02860235 0.9152892546875 0.2906617171875 0.948347109375 0.3068954859375 0.505165290625 0.1546072953125 0.48657025000000004
0 0.451453309375 0.26549586875000003 0.4274891765625 0.21694215 0.1731601734375 0.1869834734375 0.1592455171875 0.481404959375 0.4112554109375 0.5165289265624999 0.437538653125 0.498966940625 0.451453309375 0.26549586875000003
0 0.45068027187500004 0.3161157046875 0.439084725 0.4938016546875 0.48469387812500003 0.498966940625 0.4970624625 0.3336776859375 0.48469387812500003 0.3140495859375 0.45068027187500004 0.3161157046875
0 0.570500928125 0.48657025000000004 0.48933209531250005 0.481404959375 0.48933209531250005 0.501033059375 0.43985776249999997 0.498966940625 0.4158936296875 0.5196281 0.3099876328125 0.5103305765624999 0.29375386406250004 0.9493801640624999 0.5697278906250001 0.9834710734375 0.5820964765625 0.5340909093749999 0.570500928125 0.48657025000000004
0 0.73902288125 0.9917355359375 0.7529375375 0.751033059375 0.871212121875 0.7530991734375 0.8835807046875 0.5702479312500001 0.9160482375000001 0.32231405 0.770717378125 0.35123966875 0.770717378125 0.409090909375 0.6060606046875 0.39049586875000003 0.604514534375 0.3305785140625 0.5929189859374999 0.32644628125 0.5805504015625 0.356404959375 0.575139146875 0.48450413125 0.58750773125 0.5413223140625 0.5712739625000001 0.98657025 0.73902288125 0.9917355359375
0 0.5712739625000001 0.1322314046875 0.5643166359375 0.297520659375 0.7351577 0.307851240625 0.7428880640625 0.1415289265625 0.5712739625000001 0.1322314046875
0 0.575139146875 0.4576446265625 0.5805504015625 0.3553719 0.5967841671875 0.327479340625 0.6076066796874999 0.32954545468749996 0.6068336421875 0.389462809375 0.7274273328125 0.40599173593750004 0.7351577 0.3088842953125 0.5643166359375 0.301652890625 0.560451453125 0.4576446265625 0.575139146875 0.4576446265625
0 0.499381571875 0.3285123953125 0.49087817031250003 0.44834710937500005 0.5519480515625 0.45144628124999997 0.5619975265625 0.29338843125 0.44913420000000004 0.27892561875 0.449907234375 0.3119834734375 0.48314780625 0.3130165265625 0.499381571875 0.3285123953125
0 0.4259431046875 0.21280991875000002 0.45377241875 0.270661159375 0.5627705609375 0.288223140625 0.5658627078125 0.12913223125 0.408163265625 0.12190082656250001 0.4012059359375 0.2138429765625 0.4259431046875 0.21280991875000002
0 0.61533704375 0.08780991875000001 0.603741496875 0.08574380000000001 0.603741496875 0.1280991734375 0.7282003703125 0.13842975 0.7258812625 0.09607438125 0.61533704375 0.08780991875000001
0 0.46536796562499994 0.119834709375 0.4622758203125 0.0888429765625 0.38265306093749996 0.0847107453125 0.373376621875 0.2086776859375 0.3996598640625 0.2138429765625 0.408163265625 0.12086776875000001 0.46536796562499994 0.119834709375
0 0.9044526906250001 0.31921487656249997 0.736703771875 0.3119834734375 0.7312925171875 0.39772727343750003 0.7730364859375001 0.40805784999999994 0.7653061218749999 0.3491735546875 0.9044526906250001 0.31921487656249997
0 0.9965986390625 0.7727272734375 0.9965986390625 0.45909090937499997 0.9059987625 0.44731405 0.8828076703125 0.567148759375 0.87275819375 0.7582644640625 0.9965986390625 0.7727272734375
0 0.8688930109375 0.7541322312500001 0.749845390625 0.751033059375 0.7413419890624999 0.9917355359375 0.994897959375 0.9927685953125 0.9956709968749999 0.770661159375 0.8688930109375 0.7541322312500001
0 0.932282003125 0.3254132234375 0.9214594937499999 0.32231405 0.9013605437500001 0.44524793125000006 0.9369202203125001 0.44524793125000006 0.93537415 0.42665289062499995 0.9291898578125 0.42355371875000003 0.932282003125 0.3254132234375
0 0.7428880640625 0.13842975 0.738249846875 0.30681818125000004 0.902906615625 0.31818181874999996 0.9145021625 0.14876033125000002 0.7428880640625 0.13842975
0 0.8650278296874999 0.10330578593749999 0.7289734078125 0.0950413234375 0.7282003703125 0.1332644640625 0.7459802109375 0.14049586875 0.8650278296874999 0.14462809999999998 0.8650278296874999 0.10330578593749999