0 0.725 0.20833333281250002 0.7333333328125 0.43333333281249997 0.975 0.43333333281249997 0.9583333328125001 0.20833333281250002 0.725 0.20833333281250002
0 0.5166666671875 0.20833333281250002 0.5166666671875 0.44166666718750003 0.725 0.44166666718750003 0.725 0.20833333281250002 0.5166666671875 0.20833333281250002
0 0.3 0.20833333281250002 0.3 0.44166666718750003 0.5083333328124999 0.44166666718750003 0.5083333328124999 0.20833333281250002 0.3 0.20833333281250002
0 0.0666666671875 0.2 0.05 0.44166666718750003 0.2916666671875 0.44166666718750003 0.3 0.20833333281250002 0.0666666671875 0.2
0 0.2833333328125 0.45 0.0416666671875 0.45 0.0416666671875 0.7 0.1916666671875 0.7 0.2916666671875 0.6833333328125 0.2833333328125 0.45
0 0.7416666671875001 0.44166666718750003 0.7583333328124999 0.6833333328125 0.9833333328125 0.6833333328125 0.9666666671874999 0.44166666718750003 0.7416666671875001 0.44166666718750003
0 1 0.7333333328125 0.9916666671875 0.6833333328125 0.75 0.6916666671875 0.775 0.9666666671874999 1 0.95 1 0.7333333328125
0 0.5083333328124999 0.6916666671875 0.5166666671875 0.9666666671874999 0.7666666671875 0.9666666671874999 0.75 0.6916666671875 0.5083333328124999 0.6916666671875
0 0.25833333281250004 0.7 0.25833333281250004 0.975 0.5083333328124999 0.9666666671874999 0.4916666671875 0.6833333328125 0.25833333281250004 0.7
0 0 0.975 0.25833333281250004 0.975 0.25833333281250004 0.7083333328125 0.025 0.7 0 0.9166666671874999 0 0.975
0 0.3416666671875 0.4583333328125 0.3333333328125 0.6666666671875 0.7 0.6666666671875 0.6916666671875 0.4583333328125 0.3416666671875 0.4583333328125