0 0.9886135109374999 0.7155713390625 0.9725626078125 0.6882590328125 0.8056480781250001 0.6689192640625 0.8267522390625001 0.756216096875 0.9151321890625 0.8318055171875001 0.961457228125 0.8379624796874999 0.9886135109374999 0.7155713390625
0 0.8285646890624999 0.7579319078125 0.807921325 0.668378584375 0.6414675937500001 0.646782325 0.6569040078125 0.7300599734375 0.768446478125 0.808727875 0.914901790625 0.8329337609374999 0.8285646890624999 0.7579319078125
0 0.65871645625 0.731775784375 0.639424746875 0.6461947609375 0.6203786609375 0.6335496390625 0.4757357984375 0.6110595609375 0.472556184375 0.69017736875 0.6358303015625 0.790891434375 0.7661732328124999 0.8092685546875 0.65871645625 0.731775784375
0 0.4687008875 0.68787399375 0.4775482453125 0.612775371875 0.3413071703125 0.5915073109375 0.33473305781249996 0.666065253125 0.5259465875 0.7676481953125001 0.6299321578125 0.7880004921875 0.4687008875 0.68787399375
0 0.47936069375 0.61449118125 0.4950430203125 0.6118346671875 0.488208053125 0.5393925609375 0.3519669796875 0.5181244984375 0.34789651093749996 0.5910135140625 0.47936069375 0.61449118125
0 0.6482721046875 0.5710961390625 0.6369366125 0.56305776875 0.4863956046875 0.5376767499999999 0.4930001703125 0.611247103125 0.6162929640625 0.6323745078125 0.64123719375 0.64791056875 0.6562283250000001 0.6486387921875 0.6482721046875 0.5710961390625
0 0.79634020625 0.5874043109375 0.6441864093749999 0.5699210078125 0.6562283250000001 0.6486387921875 0.8163231140624999 0.6696005984375 0.79634020625 0.5874043109375
0 0.9834528140625001 0.6137479765625 0.9700744734375 0.605122040625 0.7945277578125001 0.5856885000000001 0.8183659625 0.6701881640625 0.99163943125 0.690162384375 0.9834528140625001 0.6137479765625
0 0.9559897109375 0.5258166921874999 0.8013322703125001 0.510002315625 0.8179206765625 0.5876387390625 0.9743905671875 0.605168925 0.9854956593749999 0.6143355406250001 0.9559897109375 0.5258166921874999
0 0.8031447187499999 0.511718125 0.648256878125 0.49703199218750005 0.658947140625 0.571777475 0.7942973609374999 0.5868167468750001 0.819733125 0.5893545484375 0.8031447187499999 0.511718125
0 0.661450784375 0.5701085499999999 0.6462140296875 0.49644442812499995 0.625785553125 0.49056877656250003 0.493169378125 0.472732334375 0.48616520625000004 0.5388049953125 0.6367062140625 0.5641860125 0.6482721046875 0.5710961390625 0.661450784375 0.5701085499999999
0 0.35874075156249996 0.453180084375 0.3519669796875 0.5181244984375 0.48616520625000004 0.5388049953125 0.49293897812500004 0.47386057812500004 0.35874075156249996 0.453180084375
0 0.484721621875 0.4081879421875 0.3607376328125 0.390445271875 0.3544246578125 0.4531331984375 0.4845371890625 0.47263856249999997 0.484721621875 0.4081879421875
0 0.36385576875000003 0.3328110046875 0.36096803125 0.3893170265625 0.48495202031250007 0.40705969687500004 0.48899175 0.34491245 0.36385576875000003 0.3328110046875
0 0.48722526562499996 0.4065190171875 0.6216538921875 0.4260712671875 0.6364146234375 0.427927734375 0.6288577234375 0.3696121328125 0.6127760796875 0.35304159375 0.4896829453125 0.341527715625 0.48722526562499996 0.4065190171875
0 0.48541281875 0.4048032078125 0.4847675890625 0.47151031874999993 0.637812240625 0.4952224125 0.63186813125 0.42900909218749994 0.48541281875 0.4048032078125
0 0.7829006749999999 0.44139185000000003 0.634371775 0.42734016874999997 0.6421283359375 0.495269296875 0.7990590234375 0.51054299375 0.7829006749999999 0.44139185000000003
0 0.9303083203125 0.45034298906250003 0.7808578265625 0.4408042859375 0.799289421875 0.50941475 0.9580325593750001 0.5264042578125 0.9303083203125 0.45034298906250003
0 0.7669727234375 0.3711124640625 0.77858458125 0.4413449640625 0.9303083203125 0.45034298906250003 0.911415928125 0.383989015625 0.7669727234375 0.3711124640625
0 0.62773646875 0.3645115875 0.6320985296875 0.4278808484375 0.7788149796875 0.4402167203125 0.7649298765625 0.37052489843749997 0.62773646875 0.3645115875