0 0.9890319249999999 0.3664062015625 0.99419818125 0.296320365625 0.9641581890625 0.1083701328125 0.8048523140625001 0.13574014843749999 0.6287040937499999 0.1729437546875 0.6477489750000001 0.420112965625 0.9890319249999999 0.3664062015625
0 0.6459880359375 0.4346977015625 0.6654256296875001 0.633119290625 0.6719784953125 0.6357148734375 0.9813376874999999 0.58709055 0.9893448421875 0.3683640171875 0.6460862140625 0.422510796875 0.6459880359375 0.4346977015625
0 1 0.4782970546875 0.9908847749999999 0.5444141234375001 0.9973394640625 0.5591966125 1 0.5590246546875 1 0.4782970546875
0 1 0.566793715625 0.9985911296875001 0.5670278703125 0.988589915625 0.7476758875 1 0.7539716265624999 1 0.566793715625
0 0.6843355671875 0.8154383453125 0.9748767328125 0.7770876265625 0.979674925 0.58948838125 0.6722914125 0.6376726875000001 0.6843355671875 0.8154383453125
0 0.608302571875 0 0.614113575 0.10725807812499999 0.632029615625 0.1681480921875 0.8045393984375 0.133782334375 0.9638452718750001 0.10641231874999998 0.94683744375 0 0.608302571875 0
0 0.29459296562500004 0 0.2131738515625 0.018133378125 0.23912754375 0.1421134859375 0.396457740625 0.11518348593750001 0.59559008125 0.080970965625 0.5883564421874999 0 0.29459296562500004 0
0 0.60713123125 0.0763730546875 0.3987463359375 0.116701284375 0.25358312031249997 0.142949003125 0.317675875 0.42874547031250004 0.478233415625 0.409206715625 0.630986421875 0.379241115625 0.60713123125 0.0763730546875
0 0.32849301249999996 0.43241883750000004 0.37799524687499997 0.6525296265625 0.5181701765625 0.6334754 0.6550195859375 0.6192168359375 0.6322380890625 0.38707237656250004 0.47459497656250005 0.41204456250000004 0.32849301249999996 0.43241883750000004
0 0.211198171875 0.01857339375 0.0011408046875 0.06535663124999999 0.0034262640625 0.196290525 0.23871645 0.1523425765625 0.211198171875 0.01857339375
0 0.31632603125 0.4331011171875 0.24890775468749998 0.1521003125 0.0034308937499999996 0.19655578906249999 0.0073042359375000004 0.4184593890625 0.030987885937499998 0.4784030640625 0.31632603125 0.4331011171875
0 0.3245416578125 0.43329886875 0.031613720312499996 0.48231869375 0.110125284375 0.691913615625 0.37601956875 0.65296964375 0.3245416578125 0.43329886875
0 0.11667815156250001 0.694509196875 0.1103400234375 0.7060583359375 0.1766662234375 0.8778170078124999 0.42082805468749995 0.8437132109375 0.3815355078125 0.6618786859375 0.11667815156250001 0.694509196875
0 0.42270555468750004 0.8554601 0.681635878125 0.8241496375 0.6632352140625 0.6194145859375 0.37893399687499996 0.6584030734375 0.42270555468750004 0.8554601
0 0.07240943749999999 0.7631662609375 0.0470385453125 0.7708442828125001 0.0761397875 0.9529210718750001 0.152878296875 0.9338026359375 0.1750034625 0.8802148375 0.10889200000000002 0.7226008875 0.07240943749999999 0.7631662609375
0 0.0720965203125 0.761208446875 0.10462772812500001 0.7215231046875 0.1067997625 0.6967092781249999 0.029012207812500003 0.47884307968749995 0.0086663171875 0.49649296249999997 0.0093378203125 0.5349634078125 0.046412710937500004 0.766928653125 0.0720965203125 0.761208446875
0 0.0073007093750000005 0.41825735 0.008593984374999999 0.4923490109375 0.030362053125 0.474487434375 0.0073007093750000005 0.41825735