0 0.34997069375 0.52785443125 0.1347609171875 0.46273775625 0.0457410109375 0.6036387624999999 0.053057021875 0.7001873109375001 0.273601521875 0.7671888499999999 0.34997069375 0.52785443125
0 0.4006535171875 0.33669552812500003 0.207836665625 0.2792749859375 0.12069720625 0.43208585624999996 0.1347609171875 0.46273775625 0.3522934578125 0.526912165625 0.353436590625 0.49568475625 0.4006535171875 0.33669552812500003
0 0.40271315625000004 0.3372583515625 0.3557593515625 0.4947424890625 0.3522934578125 0.526912165625 0.5559347515625 0.58413664375 0.5683832453125001 0.5623065203125 0.5908844859375 0.396563428125 0.40271315625000004 0.3372583515625
0 0.5943050546875 0.37699727968749996 0.5749612640625 0.5246793109375 0.5735550093749999 0.5574118109375 0.7594035765625 0.617659153125 0.77728695625 0.58942923125 0.766788621875 0.4272845140625 0.5943050546875 0.37699727968749996
0 0.768585140625 0.429352425 0.7767607140624999 0.5924394093750001 0.7594035765625 0.617659153125 0.9455152640625 0.676401409375 0.9782970437499999 0.6617045921875 0.9420758671874999 0.4862228359375 0.768585140625 0.429352425
0 0.3522934578125 0.526912165625 0.2780292484375 0.7542058765624999 0.2810507203125 0.773955403125 0.52947786875 0.8465721437499999 0.5372808390625 0.8266265531249999 0.561850553125 0.5873302 0.3522934578125 0.526912165625
0 0.56237679375 0.584320021875 0.5352211984374999 0.8260637296875 0.53464963125 0.841677434375 0.76353285625 0.902645603125 0.78833919375 0.8841924109375 0.7660180890625 0.6415445015625 0.56237679375 0.584320021875
0 0.7705011390625 0.8998188031250001 0.7764169390625 0.903012359375 0.9790510765624999 0.9536536609375 0.9982588937499999 0.8437822140625 0.9598874234375 0.6929446921875 0.765491846875 0.6445546765625 0.78833919375 0.8841924109375 0.7705011390625 0.8998188031250001
0 0.5735550093749999 0.5574118109375 0.5582575125 0.583194378125 0.758042646875 0.6377881234375 0.7573439375000001 0.6170963328125 0.5735550093749999 0.5574118109375
0 0.7675514890625 0.6451175 0.9495892203125 0.69013058125 0.9475749062500001 0.6769642296875 0.75914045625 0.6191642421875 0.7601022890625 0.6383509468749999 0.7675514890625 0.6451175
0 0.5929441265625 0.39712625 0.5943050546875 0.37699727968749996 0.6846661203125 0.40326654062499995 0.7756340796875001 0.1174577640625 0.753068684375 0.0860596640625 0.4903466265625 0.0142676296875 0.3784669703125 0.0110122640625 0.3576641859375 0.323371175 0.5929441265625 0.39712625
0 0.2831103640625 0.774518225 0.2512085953125 0.7594927171875 0.0531163484375 0.7009702437499999 0.0556391296875 0.7342630953125 0.2799529140625 0.792579284375 0.2831103640625 0.774518225
0 0.2799529140625 0.792579284375 0.055629551562500004 0.734136684375 0.056506734375 0.745712771875 0.2775848265625 0.8061250796874999 0.2799529140625 0.792579284375
0 0.2790728984375 0.8223016062499999 0.283500628125 0.8093186343750001 0.057203284374999996 0.7459031125 0.0567274203125 0.7486251296875001 0.057229589062499996 0.755252190625 0.061758156249999994 0.7692256375000001 0.2790728984375 0.8223016062499999
0 0.28722964218749997 0.7756438703125 0.28740211250000003 0.7993458390625 0.5175556140625 0.8653920921875 0.5310112671875 0.85014514375 0.28722964218749997 0.7756438703125
0 0.28507935156249997 0.8002881046875 0.2832375078125 0.8108237234375 0.4951173640625 0.8702994890625 0.505197771875 0.8620151593750001 0.28507935156249997 0.8002881046875
0 0.2824481453125 0.8153389875 0.28161345781249997 0.8324577812499999 0.4948089171875 0.8844081062500001 0.5033559249999999 0.872550778125 0.2824481453125 0.8153389875
0 0.5325899921875 0.8411146140625 0.530485025 0.8531553203125 0.5294325421875 0.859175671875 0.7320213546875001 0.9224205046874999 0.7660734125 0.9128017765625 0.76353285625 0.902645603125 0.5325899921875 0.8411146140625
0 0.5227273796875 0.8604973828125001 0.514180371875 0.8723547109374999 0.7167691828125 0.9355995437500001 0.72969859375 0.923362771875 0.5227273796875 0.8604973828125001
0 0.5059418078125 0.8701034234374999 0.4963423171875 0.8879811046875 0.6899485296875 0.9408863843749999 0.7082675 0.9348533437500001 0.5059418078125 0.8701034234374999
0 0.9769914375000001 0.9530908390624999 0.768178378125 0.9007610703125 0.76353285625 0.902645603125 0.76786993125 0.9148696875000001 0.7387265171874999 0.92109879375 0.9606414578125 0.984893759375 0.9745780249999999 0.9792401640625 0.9769914375000001 0.9530908390624999
0 0.7387265171874999 0.92109879375 0.7320213546875001 0.9224205046874999 0.7216778265625 0.932209921875 0.9175614765625 0.9967764640624999 0.9492907703125001 0.988100003125 0.9464870953125001 0.9794489171875 0.7387265171874999 0.92109879375
0 0.7216778265625 0.932209921875 0.7193550640625 0.9331521890625 0.706207859375 0.9342905203124999 0.6981870906250001 0.9431376734375 0.8894705437500001 0.9969852171875001 0.9028808703125 0.9943417984374999 0.7216778265625 0.932209921875