0 0.223746828125 0.6050166484374999 0.40794335625 0.6391439734375 0.4117899875 0.5669433390624999 0.2234823359375 0.5340796890624999 0.223746828125 0.6050166484374999
0 0.057355825000000006 0.5782390109375 0.2256421140625 0.6073931703125 0.2235891875 0.5320741156250001 0.06341829375 0.50239818125 0.057355825000000006 0.5782390109375
0 0.30783655 0.6205965140624999 0.059357960937499996 0.5786099609375001 0.0534023453125 0.6524452171874999 0.309568925 0.7019322875 0.31373610625000004 0.6237149328125 0.2255352640625 0.6093987421875 0.30783655 0.6205965140624999
0 0.309675775 0.6999267125 0.5798573078125 0.7520104265625001 0.5879219109375 0.6765405437500001 0.30962498437499997 0.6249786078125 0.309675775 0.6999267125
0 0.40572751875 0.64278416875 0.5900308984375 0.6749059203125001 0.5940912296875 0.5986941421875 0.4117899875 0.5669433390624999 0.40572751875 0.64278416875
0 0.5900308984375 0.6749059203125001 0.7761227125 0.7114097671875 0.7821851796875 0.6355689375 0.5940912296875 0.5986941421875 0.5900308984375 0.6749059203125001
0 0.7761227125 0.7114097671875 0.960426090625 0.74353151875 0.96849069375 0.6680616390624999 0.7821851796875 0.6355689375 0.7761227125 0.7114097671875
0 0.960426090625 0.74353151875 0.9923534187499999 0.7514722796875 0.9965206 0.6732549265625 0.9705996812500001 0.666427015625 0.960426090625 0.74353151875
0 0.8582610859375001 0.8015667875 0.9883999375 0.8256784859374999 0.9923534187499999 0.7514722796875 0.8642167031250001 0.72773153125 0.8582610859375001 0.8015667875
0 0.5858637156250001 0.7531232734375 0.8581542359375 0.8035723625 0.8622145671875 0.7273605812499999 0.5900308984375 0.6749059203125001 0.5858637156250001 0.7531232734375
0 0.9407200140624999 0.885707090625 0.9847670093750001 0.893867971875 0.9883999375 0.8256784859374999 0.9483572140625001 0.8182595015624999 0.9407200140624999 0.885707090625
0 0.76031405625 0.8563328109375 0.9407200140624999 0.885707090625 0.9483572140625001 0.8182595015624999 0.7640538359375 0.7861377515625 0.76031405625 0.8563328109375
0 0.5802286515625 0.8209418109375 0.7582050687499999 0.857967434375 0.7619448484375 0.7877723734375001 0.5838615796875 0.752752325 0.5802286515625 0.8209418109375
0 0.397927409375 0.7891910078125 0.5802286515625 0.8209418109375 0.58175259375 0.7543869484375 0.4016671875 0.7189959484374999 0.397927409375 0.7891910078125
0 0.21984414062500002 0.7541709578125 0.39982269531250003 0.7915675296875 0.40156033750000003 0.721001521875 0.21736380937500002 0.6868741968750001 0.21984414062500002 0.7541709578125
0 0.21736380937500002 0.6868741968750001 0.051293357812499996 0.6540798421875 0.049883228125 0.7133633921875 0.0505448140625 0.7228245203125 0.22163257500000003 0.7585530515625 0.21736380937500002 0.6868741968750001
0 0.0655833390625 0.42380988124999996 0.059520871875000006 0.4996507109375 0.3197985734375 0.5478741046875 0.320175184375 0.46490370625 0.0655833390625 0.42380988124999996
0 0.6000976390625 0.5998069890625 0.6045853734375 0.5155729171875 0.3181730484375 0.46453275937500005 0.31758273593749997 0.5515143 0.6000976390625 0.5998069890625
0 0.5979886515625 0.6014416125000001 0.8802898515625 0.6537454484375 0.8867797218750001 0.569882325 0.6045853734375 0.5155729171875 0.5979886515625 0.6014416125000001
0 1 0.5928570046875 0.8848844359375001 0.5675058015625 0.8802898515625 0.6537454484375 0.9965206 0.6732549265625 1 0.607947134375 1 0.5928570046875
0 0.773461975 0.45774553281249997 0.637423565625 0.43051541562500006 0.63131030625 0.431408140625 0.6050688359375 0.43059694843749996 0.6064806578125 0.517949440625 0.7946814578125 0.5528186625 0.7949512203125 0.47185383906249995 0.773461975 0.45774553281249997
0 0.79484436875 0.47385941249999997 0.7927861734375 0.5504421390625 0.988674965625 0.592811878125 0.9951648359374999 0.5089487578125 0.94364355 0.4892762140625 0.7756778125 0.45410533593749997 0.79484436875 0.47385941249999997
0 0.6392680609375 0.35794383281250003 0.6354214296875 0.430144465625 0.7714598390625 0.45737458281250004 0.7733043328125 0.384803003125 0.6392680609375 0.35794383281250003
0 0.7736756765624999 0.45373438750000006 0.9357418546874999 0.48578684218749996 0.9375863499999999 0.4132152609375 0.7754133203125 0.38316837656249997 0.7736756765624999 0.45373438750000006
0 1 0.4281842953125 0.9395884859375 0.41358621093750003 0.9337397187500001 0.4854158953125 1 0.5053998703125 1 0.4281842953125
0 1 0.35794184375000004 0.8510163000000001 0.330338634375 0.8473833703125001 0.398528121875 0.9395884859375 0.41358621093750003 1 0.4281842953125 1 0.35794184375000004
0 0.6411633453125 0.36032035625000003 0.8474902234374999 0.3965225484375 0.8511231499999999 0.32833306093750003 0.6430078390625 0.2877487734375 0.6411633453125 0.36032035625000003
0 0.3820102109375 0.215087553125 0.37671845937500004 0.3903143140625 0.637316715625 0.43252098749999995 0.6423947625 0.26130537343750004 0.3820102109375 0.215087553125
0 0.1038201328125 0.16152004375 0.11211593281250001 0.3473657421875 0.374823175 0.3879377921875 0.3778990859375 0.2163512265625 0.1038201328125 0.16152004375
0 0.2279700703125 0.44984561875000006 0.41627772187499995 0.48270926875000003 0.4144384953125 0.4033790671875 0.42476972812499997 0.39921709375000003 0.22645139687500002 0.36449869687500003 0.2279700703125 0.44984561875000006
0 0.06758547499999999 0.4241808296875 0.2278632203125 0.45185119062499995 0.2284535328125 0.364869646875 0.0699642234375 0.34158138125000004 0.06758547499999999 0.4241808296875
0 0.41427558593749997 0.48233831875 0.6045853734375 0.5155729171875 0.6052825359375 0.42658579999999996 0.42466287812500003 0.4012226671875 0.41427558593749997 0.48233831875