0 1 0.763479253125 0.94799325 0.7708975640625 0.991164959375 0.9557757609375 1 0.9545155187500001 1 0.763479253125
0 1 0.5564705296875 0.8900278343749999 0.5744841125 0.940186575 0.7720111171874999 1 0.7621821984375 1 0.5564705296875
0 1 0.347293103125 0.8422305859374999 0.3697975375 0.893931171875 0.5739273359375 1 0.5587975390625 1 0.347293103125
0 1 0.3286234296875 0.9564218546875001 0.14200470781250002 0.7971559265625 0.16813396875 0.8461339234375 0.3692407609375 1 0.347293103125 1 0.3286234296875
0 0.9564218546875001 0.14200470781250002 0.9270403421875001 0.01618155 0.7630209921875 0.01331858125 0.799107596875 0.1678555796875 0.9564218546875001 0.14200470781250002
0 0.7983366734375 0.164554184375 0.7614725203125 0.0132915515625 0.591692596875 0.0103280328125 0.6425642640625 0.19700785 0.7983366734375 0.164554184375
0 0.6367092578125 0.197843015625 0.688819665625 0.3950916328125 0.8441822546875001 0.3695191484375 0.7952042578125 0.16841235625 0.6367092578125 0.197843015625
0 0.6837355828125 0.3992281953125 0.736616915625 0.5997782093749999 0.8907987578125001 0.5777855093750001 0.8422305859374999 0.3697975375 0.6837355828125 0.3992281953125
0 0.940547675 0.7821936953125 0.8907987578125001 0.5777855093750001 0.649972559375 0.608725909375 0.6969988859375 0.810111090625 0.7043957390625 0.8158787171874999 0.940547675 0.7821936953125
0 0.9794549453125001 0.95744609375 0.940547675 0.7821936953125 0.6973599875 0.8202936671875 0.741351340625 0.991409503125 0.9794549453125001 0.95744609375
0 0.6811268671875 1 0.739399671875 0.991687890625 0.6973599875 0.8202936671875 0.5334198 0.8436783109375 0.5736077984375 1 0.6811268671875 1
0 0.48680329687499996 0.6354119500000001 0.53537146875 0.8433999218749999 0.6973599875 0.8202936671875 0.6476110687500001 0.6158854812500001 0.48680329687499996 0.6354119500000001
0 0.6759289078124999 0.40034174843750003 0.443680309375 0.4334699921875 0.492658303125 0.634576784375 0.724135978125 0.59814714375 0.6759289078124999 0.40034174843750003
0 0.40600250468750004 0.237574053125 0.45148698437499996 0.4323564390625 0.682964659375 0.39592679999999997 0.6324448171875 0.188217215625 0.40600250468750004 0.237574053125
0 0.40600250468750004 0.237574053125 0.6336255625 0.18463743125 0.5873702046875 0.010252584375 0.5098853953125 0.0089000828125 0.359747103125 0.0394902703125 0.40600250468750004 0.237574053125
0 0.5676787062499999 1 0.5372256953125001 0.8772490515625 0.47956405 0.9844034796875001 0.4824779203125 1 0.5676787062499999 1
0 0.503714890625 0.7251064296874999 0.4963180359375 0.719338803125 0.44378919375 0.8052929093750001 0.4862387 0.9698059499999999 0.5352740265625 0.877527440625 0.503714890625 0.7251064296874999
0 0.5048956359375001 0.7215266437500001 0.4860323734375 0.632110553125 0.49070663437500006 0.6348551734375001 0.46989170312499995 0.5457174703125001 0.4530488859375 0.5685881234375 0.49359544375000003 0.7163157953125 0.5048956359375001 0.7215266437500001
0 0.49241469843749996 0.7198955796875001 0.4510972171875 0.5688665125 0.3959432234375 0.6176700937499999 0.4006174859375 0.6204147125 0.4449699390625 0.8017131234375 0.49241469843749996 0.7198955796875001
0 0.4616752046875 0.5537122046875 0.4687109578125 0.54929725625 0.44172864062499995 0.43374838125000004 0.45148698437499996 0.4323564390625 0.4406940578125 0.386136890625 0.42076754687499995 0.39580195625000003 0.4616752046875 0.5537122046875
0 0.3742398734375 0.42972962187499997 0.41627955625 0.60112384375 0.4616752046875 0.5537122046875 0.4188158765625 0.39608034375 0.3742398734375 0.42972962187499997
0 0.339235940625 0.2539204453125 0.37737228749999996 0.425871446875 0.43874238906249996 0.386415278125 0.40600250468750004 0.237574053125 0.339235940625 0.2539204453125
0 0.3007384921875 0.0717868671875 0.3404166875 0.25034066093749996 0.4052315828125 0.23427265625000002 0.3689981828125 0.0791070265625 0.3007384921875 0.0717868671875
0 0.3687345234375 0.0347969296875 0.36565083125000003 0.02159134375 0.28953574375 0.032448500000000005 0.2987868234375 0.07206525625 0.3670465140625 0.079385415625 0.359747103125 0.0394902703125 0.3687345234375 0.0347969296875
0 0.28953574375 0.032448500000000005 0.049480470312500004 0.06669029843749999 0.056057679687499994 0.0862202890625 0.2055652609375 0.061482970312499996 0.2968351546875 0.07234364531250001 0.28953574375 0.032448500000000005
0 0.0521543421875 0.08677706562500001 0.0475288015625 0.06696868593750001 0.005528551562499999 0.0729596578125 0.0073186859375 0.09658384375 0.0373119140625 0.0923055703125 0.0521543421875 0.08677706562500001
0 0.2486882484375 0.2634249265625 0.3326100109375 0.25145421562500003 0.295654409375 0.0759234296875 0.206336184375 0.06478436562499999 0.0599610171875 0.085663509375 0.1062164203125 0.28374729374999996 0.2486882484375 0.2634249265625
0 0.29766624375 0.464531715625 0.3746496953125 0.4228484375 0.335332603125 0.2544772234375 0.24750750312499997 0.2670047109375 0.1050356734375 0.287327078125 0.1517008984375 0.47852967968750004 0.29766624375 0.464531715625
0 0.3427409 0.666195284375 0.41355696562500005 0.5981008359375 0.37346895 0.4264282234375 0.29648549687500003 0.46811150156250003 0.146616815625 0.4826662421875 0.19754647812499998 0.68349464375 0.3427409 0.666195284375
0 0.3971640796875 0.873348090625 0.4457408625 0.805014521875 0.3998465625 0.6171133156249999 0.34469256875 0.665916896875 0.12456380625 0.6904936265625 0.1719999546875 0.8849976249999999 0.3971640796875 0.873348090625
0 0.4715474171875 1 0.48428703124999994 0.9700843390625 0.44378919375 0.8052929093750001 0.397935003125 0.8766494874999999 0.17081920781249998 0.888577409375 0.1981003796875 1 0.4715474171875 1
0 0.12397915468750001 0.8952587359375 0.1719999546875 0.8849976249999999 0.12456380625 0.6904936265625 0.07772375312499999 0.6971749515625 0.12397915468750001 0.8952587359375
0 0.1968379796875 1 0.170048284375 0.8852760125 0.12475007812500001 0.89856013125 0.1484377421875 1 0.1968379796875 1
0 0.19677555625 0.6801932468749999 0.1458458921875 0.479364846875 0.03774113125 0.498065296875 0.04004313125 0.5284445203125 0.0784946765625 0.70047635 0.19677555625 0.6801932468749999
0 0.1050356734375 0.287327078125 0.022662690625000002 0.29907686718750004 0.0377378390625 0.49802183906249997 0.1536525671875 0.478251290625 0.1050356734375 0.287327078125
0 0.0599610171875 0.085663509375 0.0071770765625 0.0947150328125 0.0227642515625 0.3004171625 0.1062164203125 0.28374729374999996 0.0599610171875 0.085663509375