0 0.773567065625 0.13104137031250002 0.772442565625 0.3371417921875 0.9154582046874999 0.3567246328125 0.9005575890624999 0.149037984375 0.773567065625 0.13104137031250002
0 0.631929534375 0.30586809531250003 0.774471225 0.321062721875 0.7715724328125 0.125417309375 0.6518750375 0.10705727031250001 0.631929534375 0.30586809531250003
0 0.498545978125 0.2763854265625 0.632093190625 0.30371364375 0.6479505875 0.1055834890625 0.5289726203125 0.0883799859375 0.498545978125 0.2763854265625
0 0.3618585578125 0.2585143015625 0.4965343328125 0.28161292968749996 0.5281713625 0.0883006765625 0.4031924828125 0.06507655625 0.3618585578125 0.2585143015625
0 0.23071511406249998 0.2314240125 0.359945753125 0.2518130140625 0.40454951406250006 0.068466853125 0.285980684375 0.045877225 0.23071511406249998 0.2314240125
0 0.772197084375 0.3403734671875 0.7691735546875 0.582101640625 0.9216235968750001 0.6156422312500001 0.9130544374999999 0.3564866984375 0.772197084375 0.3403734671875
0 0.62759595 0.3097804421875 0.6138458 0.543934903125 0.7691087421875 0.5723272984375 0.772868715625 0.3209041 0.62759595 0.3097804421875
0 0.4970901078125 0.2849239171875 0.46684089531249995 0.5131039421875 0.6164132203125 0.542018384375 0.6291166328125 0.3110162875 0.4970901078125 0.2849239171875
0 0.36777764375 0.26561214375 0.31838012031249996 0.490811471875 0.464273475 0.5150204609375 0.4970901078125 0.2849239171875 0.36777764375 0.26561214375
0 0.23383831093750002 0.23281848593749999 0.16776105937500002 0.4650493921875 0.315730871875 0.49380521406250005 0.367941296875 0.2634576921875 0.23383831093750002 0.23281848593749999
0 0.770203278125 0.5898008390625 0.7628259125 0.8994735203124999 0.919674353125 0.9388761062500001 0.937629284375 0.9363120515625001 0.925793528125 0.6138843359374999 0.770203278125 0.5898008390625
0 0.6155301390625 0.5430163 0.5887111796875 0.8323140562500001 0.5762321703125 0.869065209375 0.7433502937500001 0.9008017265625 0.76148589375 0.88523165625 0.7650036234375001 0.5838595343749999 0.6155301390625 0.5430163
0 0.4665135875 0.517412840625 0.42030083749999997 0.8069615812500001 0.43206771875000005 0.9177441234374999 0.48534271718750005 0.9284441046874999 0.49659755937499994 0.8546707343750001 0.577033425 0.8691445203124999 0.58766444375 0.8354664218750001 0.6155301390625 0.5430163 0.4665135875 0.517412840625
0 0.3146841375 0.49695757656249995 0.24235725624999999 0.7795801453125 0.3043577671875 0.8985909703124999 0.43005607343749996 0.9229716281250001 0.4200553578125 0.81019325625 0.46922765 0.5241934390625 0.3146841375 0.49695757656249995
0 0.16679615 0.4671245296875 0.0696133296875 0.7581400125 0.159330484375 0.8842356359375 0.304275940625 0.8996681984375 0.241474175 0.78057805625 0.3146841375 0.49695757656249995 0.16679615 0.4671245296875
0 0.70865081875 0.9006230171875 0.7047948640625 0.9960689046875 0.9320501734375 0.9947467718749999 0.9265583484375 0.943898809375 0.70865081875 0.9006230171875
0 0.49667938749999996 0.85359350625 0.4789124203125 0.991841778125 0.534373209375 0.9970603890625 0.7017415140625001 0.99608666875 0.7064925328125 0.8971534078125 0.49667938749999996 0.85359350625
0 0.05287862812500001 0 0.014485146874999999 0.49782220468749994 0.0274876109375 0.9446878906249999 0.565526846875 0.9968791421875001 0.97535918125 0.9944948078125 1 0.6866715390625 1 0.044003854687499996 0.54023790625 0 0.05287862812500001 0