0 0.20374879531249998 0.22434554375000001 0.1745815515625 0.0322982109375 0.001964659375 0.042182009375 0.01071166875 0.22998382031250003 0.1971030546875 0.22678398125000002 0.20374879531249998 0.22434554375000001
0 0.203861265625 0.22229015156249998 0.21177240625 0.21772872968749998 0.5618684625 0.217397665625 0.5662779421875 0.209822015625 0.5539426749999999 0.0162024453125 0.553038796875 0.0160917859375 0.4912079125 0.014292690625000002 0.17500469375 0.0325660875 0.203861265625 0.22229015156249998
0 0.2020990875 0.22649106093750002 0.0107218828125 0.2302031328125 0.020391276562499998 0.43780888593749995 0.23553661875 0.42150755625 0.2020990875 0.22649106093750002
0 0.56722713125 0.3964993484375 0.562369275 0.2182463578125 0.2113492609375 0.2174608546875 0.202790040625 0.22586517968750003 0.23568388437499999 0.4168159625 0.56722713125 0.3964993484375
0 0.38515083125 0.5816147968750001 0.361516746875 0.4164627515625 0.35439691875 0.409563065625 0.235377240625 0.41741931093750007 0.2355754515625 0.4217979640625 0.020404892187500002 0.4381012046875 0.0240123453125 0.5155546828124999 0.038919571874999996 0.625329321875 0.38515083125 0.5816147968750001
0 0.4089241125 0.7362220234375 0.41272434843749994 0.7327796796875 0.38838065 0.5825961703125 0.038612931249999996 0.6259326671875 0.0602477953125 0.790616559375 0.4089241125 0.7362220234375
0 0.3038677234375 0.8919435359375001 0.2841170890625 0.7558322937499999 0.0602477953125 0.790616559375 0.081093865625 0.9407124484375 0.3038677234375 0.8919435359375001
0 0.3377133921875 1 0.320668940625 0.895934115625 0.30382888750000003 0.8916531265625001 0.0815170109375 0.940980325 0.0887190125 1 0.3377133921875 1
0 0.4752609625 1 0.4725698453125 0.9862482734375 0.41744243125 1 0.4752609625 1
0 0.41649477968750004 1 0.6153416093749999 0.950365103125 0.6062245671875 0.8329476140625 0.5958441578125 0.8306293734375 0.333882759375 0.890476421875 0.3203970984375 0.893901259375 0.3377428703125 1 0.41649477968750004 1
0 0.319973953125 0.8936333828125 0.59622846875 0.8306068421875 0.58379586875 0.7057739375 0.2837716140625 0.7561452328125 0.30367354999999996 0.8904914937499999 0.319973953125 0.8936333828125
0 0.5655869890624999 0.21044789375 0.5626759156250001 0.217643009375 0.5660222375 0.21949560625000003 0.8599272921875001 0.21894683593750003 0.8720875171875001 0.034720425 0.5982714109375 0.0174079203125 0.5786374671875001 0.01683663125 0.5561012703125 0.02075884375 0.5655869890624999 0.21044789375
0 0.8725439671874999 0.226402290625 0.9807721875000001 0.22473976874999999 0.9572703328125 0.0478901359375 0.8736756984375 0.043700540625 0.8617363734374999 0.22088956093749998 0.8725439671874999 0.226402290625
0 0.5649469781249999 0.220144021875 0.5690362125 0.3984420734375 0.8484686046875 0.3823514859375 0.8611578890624999 0.21946005624999998 0.5649469781249999 0.220144021875
0 0.567533775 0.3958959984375 0.35443575312500003 0.40985347499999997 0.362246534375 0.416127278125 0.38626089218750004 0.578330178125 0.40240595937499996 0.5803104328125 0.6917285343749999 0.5454935125 0.6886036062499999 0.3975781546875 0.67987290625 0.393114396875 0.5713809109375 0.39859728906249997 0.567533775 0.3958959984375
0 0.385915415625 0.57864311875 0.38838065 0.5825961703125 0.413687140625 0.7341866546875 0.697803371875 0.6865041625 0.694042465625 0.55121154375 0.691305390625 0.5452256375 0.4032134125 0.580555778125 0.385915415625 0.57864311875
0 1 0.3773172828125 0.854509134375 0.38697296875 0.8485462734375 0.3829323 0.6812936406250001 0.3921530453125 0.6881804625 0.3973102796875 0.6911954421875001 0.5212319203125 0.750070059375 0.5444143968749999 1 0.523542771875 1 0.3773172828125
0 1 0.5243993859375 0.75091635 0.5449501484375 0.6920028984375 0.5214772640625001 0.692035178125 0.5448901640625 0.6948110859375001 0.5511664781250001 0.6979329843750001 0.6411303984375001 0.7517500390625 0.6757314328125 1 0.644247746875 1 0.5243993859375
0 0.5830660859375 0.7061094078125 0.5962244343750001 0.827680228125 0.8317314703124999 0.78723799375 0.8377886328124999 0.66454055625 0.7509425875 0.675486090625 0.696356909375 0.6409301187499999 0.6984943234375 0.68587828125 0.5830660859375 0.7061094078125
0 0.596302103125 0.8282610437500001 0.6062245671875 0.8329476140625 0.6172243234375 0.9499620312499999 0.8426843203125 0.8981087796875 0.8478377015625 0.7889278421875 0.8418052390625 0.7901595828125 0.8316538031249999 0.7866571765625 0.596302103125 0.8282610437500001
0 1 0.6442458953125 0.83744315625 0.6648534984375 0.8316538031249999 0.7866571765625 0.8425350249999999 0.789824109375 1 0.7613805484375 1 0.6442458953125
0 1 0.7614953953125 0.8486451562499999 0.7891731859375 0.8434448703124999 0.8922104921875 0.8623270125 0.9001766531250001 1 0.86483645 1 0.7614953953125
0 1 0.8656721125000001 0.8624435140625 0.901047875 0.843406034375 0.8919200828125 0.8426454859374999 0.8978183718749999 0.7256144421874999 0.9263386515625 0.7274048640624999 0.9426240343750001 0.7245218140625 1 0.781352565625 1 0.8590008296875 0.9954474390625 1 0.9516126843749999 1 0.8656721125000001
0 0.9971911109375 0.9873452687500001 0.99847371875 0.965365528125 0.9970020421875001 0.957256634375 0.9911945187500001 0.9543775999999999 0.8590008296875 0.9954474390625 0.9971911109375 0.9873452687500001
0 0.7245398703125 1 0.727750340625 0.9423110937500001 0.7254979390625 0.9254674250000001 0.4725698453125 0.9862482734375 0.475761209375 1 0.7245398703125 1
0 1 0.36742640937500004 0.9809019156250001 0.2246092375 0.8735572125 0.22675897812499998 0.861432628125 0.21978166250000003 0.847675240625 0.383193503125 0.854293284375 0.3870339875 1 0.3773177 1 0.36742640937500004