0 0.1215323609375 0.0881478734375 0.0075536140625 0.117872525 0.0091099921875 0.142159453125 0.128674703125 0.11595729375 0.1215323609375 0.0881478734375
0 0.1595294265625 0.10947234374999999 0.45905908437500004 0.0485362234375 0.44470639375000004 0.005174628125 0.43417374999999997 0.00505206875 0.14953671562499998 0.079282896875 0.1595294265625 0.10947234374999999
0 0.6490952109375 0.00755290625 0.4712299125 0.0054832562500000005 0.48279493125000006 0.0454695 0.6490952109375 0.00755290625
0 0.29719075781250004 0.0829416109375 0.0093188625 0.1454188390625 0.025735321875 0.40159414531250004 0.3681101828125 0.3221250375 0.29719075781250004 0.0829416109375
0 0.3133318828125 0.081855525 0.34044087031250003 0.14506171875 0.3899426546875 0.31330794375000004 0.6714278171875 0.247707540625 0.6119098562499999 0.0180442203125 0.3133318828125 0.081855525
0 0.6866172546875 0.24374626875 0.9396175250000001 0.17932772187499998 0.8820472140625 0.0102635484375 0.6641336109375 0.007727893750000001 0.6180817390625 0.0179963375 0.6866172546875 0.24374626875
0 1 0.36175206875 0.94009336875 0.1807653125 0.839463334375 0.20700873749999998 0.9003994359374999 0.4284937765625 1 0.401124384375 1 0.36175206875
0 0.53566985625 0.2799886421875 0.6008791625 0.5019209546875001 0.8909060359375 0.43096957187499996 0.8356659750000001 0.20799905624999998 0.53566985625 0.2799886421875
0 0.30278641875 0.5796609125 0.5871125593750001 0.503949475 0.5185817375 0.284445071875 0.2271320265625 0.3573292078125 0.30278641875 0.5796609125
0 0.27478206250000003 0.5885258906249999 0.2923319453125 0.5667704625 0.230467621875 0.37363788750000004 0.2043525625 0.3695166453125 0.026085771875000004 0.4070628390625 0.0359360203125 0.5607738296875 0.062125221875000004 0.6377381625 0.27478206250000003 0.5885258906249999
0 0.13112719374999998 0.8524346312500001 0.5113390156250001 0.75484043125 0.4480377765625 0.5449040171874999 0.060226542187499996 0.6382333234375 0.13112719374999998 0.8524346312500001
0 0.45135929375000006 0.54247610625 0.525100925 0.74656638125 0.793766478125 0.679624153125 0.727143721875 0.47211565 0.45135929375000006 0.54247610625
0 1 0.404017803125 0.737112965625 0.47107744843750005 0.8032598765625 0.6771483578125 1 0.6280645984375 1 0.404017803125
0 0.42760102968749997 1 0.44457833593749996 0.99557246875 0.38413215625 0.7942616109375 0.13207888125 0.8553098171875 0.1814368234375 1 0.42760102968749997 1
0 0.45692210156249996 0.9954767015625 0.7274816390625001 0.9217937828125 0.669405290625 0.7151798312500001 0.387453671875 0.7918336984375001 0.45692210156249996 0.9954767015625
0 1 0.8257699046875 0.9489870781249999 0.64382905625 0.6722509640625 0.7113143281250001 0.7369750390625 0.9193179890625001 1 0.8491971749999999 1 0.8257699046875
0 1 0.6336487125 0.957533484375 0.6447236046875 1 0.7963777078125001 1 0.6336487125
0 0.6538760546875 1 0.8685020359375001 0.9427993796875 0.8523233640625 0.8939212296875001 0.5827108187500001 0.9642338015625 0.5916737265625 1 0.6538760546875 1
0 1 0.8546560234375 0.86941148125 0.8894647984375 0.8813169500000001 0.9378956734375 1 0.90761625 1 0.8546560234375