0 0.060196712500000006 0 0.00000856875 0.0014727546875 0.0006426171875 0.110456553125 0.20872830000000003 0.121553440625 0.20996277343749997 0 0.060196712500000006 0
0 0.2099858828125 0 0.20872830000000003 0.121553440625 0.4288482546875 0.138331884375 0.4280434640625 0 0.2099858828125 0
0 0.4299999984375 0 0.4288482546875 0.138331884375 0.56092536875 0.1492826015625 0.565045325 0.16983133749999998 0.623079596875 0.1747099609375 0.61819706875 0.0230861140625 0.45222229843750006 0 0.4299999984375 0
0 0.6736082046874999 0 0.6182741828125 0.036340899999999995 0.623079596875 0.1747099609375 0.9653023718749999 0.2070319328125 0.9674737359375 0.23645210468750003 0.9994823046875 0.23736629531250003 0.9982056375000001 0.0179259421875 0.9206465984375001 0 0.6736082046874999 0
0 0.20872830000000003 0.121553440625 0.0006426171875 0.110456553125 0.0039278515625 0.3313347515625 0.47797069375 0.3304248203125 0.4840392390625 0.3421021234375 0.53406494375 0.34564763125 0.5679449890625 0.3244356015625 0.56092536875 0.1492826015625 0.20872830000000003 0.121553440625
0 0.4779792609375 0.331897575 0.0039278515625 0.3313347515625 0.0030160171875 0.518409425 0.4869903125 0.5055429124999999 0.4779792609375 0.331897575
0 0.5209903125 0.504949440625 0.0050245859375 0.5198472703125 0.0041041828125 0.705449190625 0.5260013640625 0.678664596875 0.5209903125 0.504949440625
0 0.5150552578125 0.8600228062499999 0.533029553125 0.8552903531249999 0.5280099328125 0.680102440625 0.0041041828125 0.705449190625 0.0072009171875 0.8939267984375 0.5150552578125 0.8600228062499999
0 0.5170552578125001 0.8599878953125 0.0072009171875 0.8939267984375 0.0058092609375 0.9985272453125 0.5198092609375 0.9895553421875001 0.5170552578125001 0.8599878953125
0 0.5630538921875 0.17133900156249998 0.5679449890625 0.3244356015625 0.53406494375 0.34564763125 0.9381591953124999 0.3547960796875 0.938219171875 0.3651053578125 0.9661849 0.3587256 0.967302371875 0.20699702343749998 0.5630538921875 0.17133900156249998
0 0.9390160171874999 0.502071484375 0.9381591953124999 0.3547960796875 0.53606494375 0.345612721875 0.4840392390625 0.3421021234375 0.4849903125 0.5055778234375 0.9390160171874999 0.502071484375
0 1 0.502467334375 0.5209903125 0.504949440625 0.5280099328125 0.680102440625 1 0.67332429375 1 0.502467334375
0 1 0.67332429375 0.5280099328125 0.680102440625 0.533020984375 0.8538175984375 0.547020984375 0.853573228125 1 0.8310961593749999 1 0.67332429375
0 1 0.8311068562499999 0.533029553125 0.8552903531249999 0.5190552578125 0.8599529859375 0.5198092609375 0.9895553421875001 1 0.982628853125 1 0.8311068562499999