0 0.6248449640625 0.051575375 0.621340928125 0.1744125359375 0.820341578125 0.2089773984375 0.8383856421875 0.0796975359375 0.6248449640625 0.051575375
0 0.346665046875 0.1614259296875 0.5344489015625 0.1833222296875 0.591217153125 0.188197740625 0.598535909375 0.0925336515625 0.545391021875 0.042903329687500005 0.47411326562499995 0.0331532296875 0.33580377499999997 0.0234816875 0.33351688125 0.137222315625 0.346665046875 0.1614259296875
0 0.331393428125 0.1420991359375 0.3327841734375 0.0232705359375 0.17348085468750002 0.0121309625 0.1775480734375 0.1335907078125 0.331393428125 0.1420991359375
0 1 0.22451065468750003 0.8244444203124999 0.21153266406250001 0.5870902984375 0.187693959375 0.5735459671875 0.1973398328125 0.564175065625 0.380066053125 1 0.429342428125 1 0.22451065468750003
0 1 0.439158584375 0.789076596875 0.4085478703125 0.7726157546875 0.5791093109375 0.992190646875 0.6213217890625 1 0.5497053359375 1 0.439158584375
0 0.544715125 0.5420437234375 0.538823525 0.6923240328125 0.9540758281249999 0.7882126375 0.9736198046875 0.6190547750000001 0.544715125 0.5420437234375
0 0.7283586750000001 0.7411415171875 0.7184002484375 0.8857893359375 0.9223193609375 0.941498765625 0.939607828125 0.7885008874999999 0.7283586750000001 0.7411415171875
0 0.902047196875 1 0.9109585078125001 0.9411391109375 0.518644003125 0.8275064562500001 0.5109530875 0.95496855 0.6543309296875 1 0.902047196875 1
0 0.639185946875 1 0.34922618125 0.9136545546875 0.3482156125 1 0.639185946875 1
0 0.3523595046875 0.6459358640625 0.34812460624999997 0.6546637625 0.352814253125 0.783637196875 0.7081671484375 0.8773496875 0.7191092703125 0.7369307828125 0.3523595046875 0.6459358640625
0 0.5651947749999999 0.381217740625 0.5632994171875 0.366605459375 0.37250445781249997 0.33715112812500003 0.35786838906249996 0.3517997671875 0.3591987828125 0.50296169375 0.7488983499999999 0.5751868265625 0.7653471859375001 0.40565112968749995 0.5651947749999999 0.381217740625
0 0.3683190234375 0.1650965234375 0.34881250937499997 0.1544976265625 0.274613175 0.13824936875 0.1898926203125 0.138179278125 0.1911389765625 0.29652139843750003 0.5612720062500001 0.36327634375 0.56937109375 0.20093902031250002 0.5499125984375001 0.1862371515625 0.3683190234375 0.1650965234375
0 0.1734092140625 0.13411267031250002 0.100457684375 0.099527 0.0262326828125 0.1119552484375 0.024532525 0.25722084375 0.1850087234375 0.290637015625 0.184662021875 0.143704003125 0.1734092140625 0.13411267031250002
0 0.0244859453125 0.261200725 0.022692626562500002 0.41442608124999997 0.3520368125 0.49695136562500003 0.35063438750000003 0.3519438921875 0.3663021703125 0.3374211984375 0.0244859453125 0.261200725
0 0.35922279218750003 0.500910209375 0.1974958859375 0.45959621406249995 0.1839155390625 0.47231931562499996 0.1844303125 0.6048919390624999 0.53166155625 0.686313703125 0.53646141875 0.541036159375 0.35922279218750003 0.500910209375
0 0.031594103125 0.4218814046875 0.032156896875 0.5503510609375 0.1834706296875 0.598611540625 0.17981269375 0.46976405000000004 0.19543245781250002 0.459344325 0.031594103125 0.4218814046875
0 0.18344661874999998 0.6006630234375 0.033140590625 0.554579975 0.039893662499999996 0.6838053000000001 0.3415494390625 0.7750716046874999 0.3489034890625 0.7646700578125001 0.3450414703125 0.6532601828125 0.35233549375 0.647987346875 0.18344661874999998 0.6006630234375
0 0.5083748890625001 0.8221440359375001 0.352814253125 0.783637196875 0.1922511140625 0.7311659828125 0.18284564375 0.7402898953125 0.183552496875 0.856450646875 0.5078219328125 0.9576679406249999 0.5186199921875 0.8295579406250001 0.5083748890625001 0.8221440359375001
0 0.340685196875 1 0.343071915625 0.9098216562499999 0.18561592031250002 0.8567025375 0.050953665625 0.7981482765625 0.055871409375 0.9076326140625 0.2731405671875 1 0.340685196875 1
0 0.046047928125 0.6876381984375 0.047894540624999996 0.794693215625 0.1815611 0.8500443015625001 0.180770209375 0.741063746875 0.18914396875 0.7318138890625 0.046047928125 0.6876381984375