0 0.9239354625 0.08716096875 0.9938128828125 0.13146940468749999 0.9962082000000001 0.09409097968749999 0.9230788390625 0.0809181671875 0.9239354625 0.08716096875
0 0.9127802203125001 0.1790228640625 0.9880525609375 0.22135796718749998 0.9938128828125 0.13146940468749999 0.9239354625 0.08716096875 0.9127802203125001 0.1790228640625
0 0.9083900187499999 0.2780667390625 0.982330465625 0.3106500359375 0.9880525609375 0.22135796718749998 0.9127802203125001 0.1790228640625 0.9083900187499999 0.2780667390625
0 0.9079387640625001 0.37773673125 0.9766191031250001 0.3997746109375 0.9822685718749999 0.3116158640625 0.90876096875 0.2760901578125 0.9079387640625001 0.37773673125
0 0.9003515171875 0.47220132656249997 0.9707964921875 0.49063519843750003 0.9767215234375 0.398176359375 0.9079387640625001 0.37773673125 0.9003515171875 0.47220132656249997
0 0.8912804734374999 0.5745722437499999 0.9625524437499999 0.583865809375 0.9659988046875 0.565502078125 0.9708093375000001 0.490434753125 0.89875299375 0.4699116859375 0.8912804734374999 0.5745722437499999
0 0.9625524437499999 0.583865809375 0.8912804734374999 0.5745722437499999 0.8857774265625 0.679545859375 0.944746884375 0.6787416859375 0.9625524437499999 0.583865809375
0 0.926570371875 0.77559414375 0.944746884375 0.6787416859375 0.8838079531249999 0.6792328015625 0.8754788078125 0.77765055625 0.8948025859375001 0.782757734375 0.926570371875 0.77559414375
0 0.8928675343749999 0.8903340500000001 0.9061681687500001 0.8843060859375 0.926570371875 0.77559414375 0.8948025859375001 0.782757734375 0.873509334375 0.777337496875 0.8714595562499999 0.87471785 0.8928675343749999 0.8903340500000001
0 0.883289940625 1 0.9061681687500001 0.8843060859375 0.8833911203125 0.886792171875 0.8734290281250001 0.8750309109375 0.8692348828125 1 0.883289940625 1
0 0.6883406234375 0.0456406515625 0.756388778125 0.0829194078125 0.913407390625 0.1648737390625 0.9227078890625 0.0828947484375 0.6883406234375 0.0456406515625
0 0.85052575625 0.1324873234375 0.8493326031249999 0.236110478125 0.9093881406250001 0.26194103125 0.913407390625 0.1648737390625 0.85052575625 0.1324873234375
0 0.8437951343750001 0.23319471875 0.8365520671875 0.358247203125 0.9079387640625001 0.37773673125 0.9097590890625 0.25996445156250003 0.8437951343750001 0.23319471875
0 0.8361811187500001 0.3602237828125 0.8327890375000001 0.44314195312500004 0.9041757359375 0.46263148281250005 0.9095372890625001 0.380026371875 0.8361811187500001 0.3602237828125
0 0.8327890375000001 0.44314195312500004 0.8192321828125 0.46134246250000005 0.8174386265625 0.5465502718749999 0.8935061671875 0.562712759375 0.9014643640625 0.46627158281250003 0.8327890375000001 0.44314195312500004
0 0.8174386265625 0.5465502718749999 0.8108227328125001 0.6574536296875 0.8851770218749999 0.6611305140625 0.89313521875 0.564689340625 0.8174386265625 0.5465502718749999
0 0.808853259375 0.6571405718750001 0.8022373625 0.7680439296875 0.875735028125 0.7654780125 0.8832075500000001 0.6608174546875001 0.808853259375 0.6571405718750001
0 0.800267890625 0.7677308703125 0.79487956875 0.8829004515625 0.872201453125 0.8707646890625 0.875735028125 0.7654780125 0.800267890625 0.7677308703125
0 0.7945086203125 0.8848770328125 0.78877611875 0.9694587234375 0.7957706171875001 0.9970326296875 0.8718649265625 0.9806306453125 0.872572403125 0.8687881078125 0.7945086203125 0.8848770328125
0 0.8706658203125001 1 0.8722358765625 0.978654065625 0.7934301953125 0.99869615 0.7933579468749999 1 0.8706658203125001 1
0 0.78718806875 1 0.7871775953125 0.9671690828124999 0.5658574171875 1 0.78718806875 1
0 0.57296860625 1 0.7871775953125 0.9671690828124999 0.7965584 0.787496678125 0.5228896359374999 0.7867418234375 0.5012942781249999 0.999076921875 0.5031874234375 1 0.57296860625 1
0 0.5532195109375 0.581901765625 0.5146866796875 0.581883375 0.5016231531249999 0.7487571156249999 0.524143978125 0.7584435734375 0.5228896359374999 0.7867418234375 0.8004973453125 0.788122796875 0.8103638234374999 0.6166697765625 0.5532195109375 0.581901765625
0 0.5840350609375 0.3852810921875 0.567537378125 0.3867297765625 0.5516477546874999 0.5470476546875 0.519394290625 0.5459918625 0.5146866796875 0.581883375 0.55555993125 0.5802382453125 0.8119623484374999 0.6189594171875 0.8203450312499999 0.45541271875 0.5840350609375 0.3852810921875
0 0.6137377625 0.194590159375 0.40831984062500004 0.284070459375 0.4081783453125 0.30643896718749997 0.5706464687499999 0.34854862343750004 0.5698778015625 0.3850662546875 0.5824365359375 0.38299145156250003 0.8239130265625001 0.4580154203125 0.8311905156250001 0.4408523125 0.8442272734375 0.30654304374999997 0.6137377625 0.194590159375
0 0.6860002015625 0.047304171875 0.5862989859375001 0.02738496875 0.4251808171875 0.14019134687499998 0.40831984062500004 0.284070459375 0.6101697671874999 0.19198746093750002 0.8374622296875 0.2993610625 0.8508967046875 0.1305107421875 0.6860002015625 0.047304171875
0 0.5862989859375001 0.02738496875 0.5305813125000001 0.0185283078125 0.4749147359375 0.0165843875 0.5515636046875 0.05036120625 0.5862989859375001 0.02738496875
0 0.34862760000000004 0.1158094765625 0.42480986718749997 0.1421679265625 0.553533078125 0.050674265625000006 0.469933696875 0.016410446875 0.31498273593750004 0.0109994390625 0.308610971875 0.12369740781250001 0.34862760000000004 0.1158094765625
0 0.34862760000000004 0.1158094765625 0.308981921875 0.121720828125 0.3005380484375 0.20994261875000003 0.297941403125 0.2237786859375 0.29371946875 0.26788958125 0.3334798734375 0.2721741921875 0.40597941875 0.2857339796875 0.426779340625 0.1424809875 0.34862760000000004 0.1158094765625
0 0.29531799062499997 0.270179221875 0.4078073953125 0.3084155484375 0.40635036874999997 0.2837574 0.29531799062499997 0.270179221875
0 0.186025634375 0.2365221765625 0.0515087328125 0.337272621875 0.029710690625 0.49665132187500005 0.0921334171875 0.488253884375 0.148391503125 0.49108981093750004 0.5174248171875 0.5456788015625 0.5536172265625 0.547360715625 0.5706464687499999 0.34854862343750004 0.186025634375 0.2365221765625
0 0 0.7347100265625001 0.060637157812499995 0.764152625 0.5028507265625 0.7530233359375 0.519394290625 0.5459918625 0.092504365625 0.48627730312499995 0.029339740625 0.49862790312499994 0 0.508869059375 0 0.7347100265625001
0 0.3592581921875 1 0.5030342953125 0.978998053125 0.524143978125 0.7584435734375 0.5016231531249999 0.7487571156249999 0.06260663125 0.7644656859375 0 0.7339393203125 0 0.9499263390625 0.066384965625 0.96047863125 0.31501574374999997 1 0.3592581921875 1
0 0.5030112265625 1 0.5046328203125 0.98128769375 0.361892790625 1 0.5030112265625 1
0 0.31226930468749997 0.010904684375 0.152565215625 0.0053276953125 0.308664509375 0.058568465624999996 0.31226930468749997 0.010904684375
0 0.2951153046875 0.2172228234375 0.3001671 0.2119192015625 0.3126034546875 0.0591945859375 0.15771858125 0.0055076546875 0.057637368749999994 0.002012740625 0.03011986875 0.148638103125 0.2951153046875 0.2172228234375
0 0 0.33298964531249997 0.049168309375000004 0.33893614375 0.186025634375 0.2365221765625 0.29212094375 0.265599940625 0.2951153046875 0.2172228234375 0.03011986875 0.148638103125 0 0.30913004375 0 0.33298964531249997
0 0 0.513045965625 0.0309382640625 0.50091754375 0.0515087328125 0.337272621875 0 0.33283714375 0 0.513045965625