0 1 0.0668718796875 0.8889025796875 0.058467103124999996 0.8249145625000001 0.17027661562500002 0.8350238593749999 0.177023478125 0.97901114375 0.183429896875 1 0.15692139375 1 0.0668718796875
0 0.8889025796875 0.058467103124999996 0.6908120640625001 0.043481096875 0.6569163062500001 0.16205370937500002 0.6650770515625 0.1716441953125 0.8249145625000001 0.17027661562500002 0.8889025796875 0.058467103124999996
0 1 0.15692139375 0.97901114375 0.183429896875 1 0.185017753125 1 0.15692139375
0 1 0.18533486875 0.9590281812500001 0.18341365625 0.9337493765625 0.22337574375 1 0.22584672499999997 1 0.18533486875
0 1 0.22711766875 0.9337493765625 0.22337574375 0.9183180546875 0.2551097109375 1 0.2586898 1 0.22711766875
0 1 0.25868163593750004 0.9163171406249999 0.2549583375 0.9025987390625 0.2703712 0.9048352843749999 0.2840000546875 1 0.2898819875 1 0.25868163593750004
0 0.8229136484374999 0.1701252421875 0.7969541234374999 0.171152378125 0.750738703125 0.2708467734375 0.756872353125 0.2787883859375 0.9027296453125 0.2778586890625 0.9025987390625 0.2703712 0.9163171406249999 0.2549583375 0.9337231953125 0.22187824687500002 0.9590281812500001 0.18341365625 0.83302294375 0.1768721046875 0.8229136484374999 0.1701252421875
0 0.656890125 0.16055621250000002 0.6289296859375 0.1614319765625 0.6047505046875 0.2642889796875 0.6089356031250001 0.2750742140625 0.750738703125 0.2708467734375 0.7969541234374999 0.171152378125 0.6650770515625 0.1716441953125 0.656890125 0.16055621250000002
0 0.7648760109375 0.27939388125 0.7359880999999999 0.341515690625 0.8578867828125001 0.3417645046875 0.9048352843749999 0.2840000546875 0.9027296453125 0.2778586890625 0.7648760109375 0.27939388125
0 1 0.3380751140625 0.8757379234375 0.33414187968750003 1 0.628045359375 1 0.3380751140625
0 0.8130327984375001 0.5193287984375 0.952861165625 0.5164474828125 0.8778435625000001 0.340283246875 0.74399175625 0.342121184375 0.8130327984375001 0.5193287984375
0 1 0.6280168046875 0.952861165625 0.5164474828125 0.8090309703124999 0.5190260515625 0.863777615625 0.67870156875 1 0.67045115625 1 0.6280168046875
0 1 0.6703738046875001 0.9815435625 0.6711601453125 1 0.7123772453125 1 0.6703738046875001
0 1 0.7123772453125 0.9815435625 0.6711601453125 0.835843359375 0.68107483125 0.9176753296875001 0.9041156265625 1 0.89870535 1 0.7123772453125
0 1 1 1 0.8985844500000001 0.9136735015624999 0.903812878125 0.9448541562500001 1 1 1
0 0.750764884375 0.272344271875 0.6169392609375 0.2756797109375 0.6040586640625001 0.339012509375 0.7359880999999999 0.341515690625 0.7648760109375 0.27939388125 0.756872353125 0.2787883859375 0.750764884375 0.272344271875
0 0.6188505078125 0.38499706875 0.72466333125 0.379542396875 0.8086271265624999 0.6102220578125 0.7511504234374999 0.6372796796875 0.6872520718749999 0.6399232078125 0.701939190625 0.6799177734375 0.863777615625 0.67870156875 0.74399175625 0.342121184375 0.6080604921874999 0.33931525625000003 0.6188505078125 0.38499706875
0 0.497333425 0.5208692046875 0.5332713375 0.5191014390625 0.513954034375 0.44286417031249997 0.528835546875 0.3796827453125 0.6188505078125 0.38499706875 0.606059578125 0.3391638828125 0.464151753125 0.3374013328125 0.497333425 0.5208692046875
0 0.5361513 0.6838262265624999 0.65778816875 0.6691000578125 0.6743452953125 0.7017585093750001 0.684297503125 0.6995203812499999 0.679955315625 0.6797501593749999 0.701939190625 0.6799177734375 0.6872520718749999 0.6399232078125 0.5715655828124999 0.6521084984375001 0.5332713375 0.5191014390625 0.497333425 0.5208692046875 0.5361513 0.6838262265624999
0 0.528835546875 0.3796827453125 0.513954034375 0.44286417031249997 0.5715655828124999 0.6521084984375001 0.6872520718749999 0.6399232078125 0.7491495078125 0.6371283046875 0.8086271265624999 0.6102220578125 0.72466333125 0.379542396875 0.6188505078125 0.38499706875 0.528835546875 0.3796827453125
0 0.6289296859375 0.1614319765625 0.656890125 0.16055621250000002 0.6908120640625001 0.043481096875 0.5043634265625 0.029375825 0.49271644062500003 0.0286974640625 0.48917986406249997 0.1688057875 0.6289296859375 0.1614319765625
0 0.461025034375 0.272857540625 0.6047505046875 0.2642889796875 0.6289296859375 0.1614319765625 0.4592185125 0.169530175 0.461025034375 0.272857540625
0 0.46700159531249996 0.2718141640625 0.4681274 0.33620658125 0.6040324828125 0.33751501093749997 0.614964528125 0.27702583281250004 0.6089356031250001 0.2750742140625 0.6047505046875 0.2642889796875 0.46700159531249996 0.2718141640625
0 0.744014690625 0.9149060734375001 0.9176753296875001 0.9041156265625 0.835817178125 0.67957733125 0.679955315625 0.6797501593749999 0.744014690625 0.9149060734375001
0 0.504267578125 0.6888917343750001 0.5662213140625 0.9179062859375 0.739803409375 0.9026233421875001 0.65778816875 0.6691000578125 0.504267578125 0.6888917343750001
0 0.9456061578125 1 0.915674415625 0.903964253125 0.744014690625 0.9149060734375001 0.766004 1 0.9456061578125 1
0 0.76498896875 1 0.7418043234375 0.9027747156249999 0.560244753125 0.9189496609375001 0.5758905421875 1 0.76498896875 1
0 0.48917986406249997 0.1688057875 0.49271644062500003 0.0286974640625 0.2716218828125 0.0158201734375 0.3072275703125 0.1625182609375 0.48917986406249997 0.1688057875
0 0.12327436249999998 0.156079359375 0.30517429375 0.1593718890625 0.271585340625 0.0158180453125 0.039746670312499996 0.0023149796875 0.0406981890625 0.004767096875 0.12327436249999998 0.156079359375
0 0.145168571875 0.2654129578125 0.300951890625 0.2607476375 0.2732120265625 0.1599449046875 0.12327436249999998 0.156079359375 0.088159196875 0.0906110859375 0.083386984375 0.1605393734375 0.145168571875 0.2654129578125
0 0.30903409375 0.265845625 0.460972671875 0.2698625453125 0.45919233125 0.1680326765625 0.27721385625 0.160247653125 0.30903409375 0.265845625
0 0.33222231562500004 0.33489815156249997 0.4681274 0.33620658125 0.46500068125 0.271662790625 0.3150368359375 0.266299746875 0.33222231562500004 0.33489815156249997
0 0.19616014531249998 0.32460473125 0.3301166765625 0.328756784375 0.31103500781250004 0.265997 0.1651515328125 0.2654291984375 0.19616014531249998 0.32460473125
0 0.33541645625 0.5175929125 0.49725488125000006 0.516376709375 0.4621508375 0.3372499578125 0.3122393546875 0.33488191093749997 0.33541645625 0.5175929125
0 0.154481303125 0.3408933578125 0.1635734609375 0.51805225 0.3353379109375 0.5131004203125 0.3122131734375 0.3333844125 0.16222314531249998 0.326523871875 0.154481303125 0.3408933578125
0 0.3585935578125 0.7003039171875 0.5361513 0.6838262265624999 0.49725488125000006 0.516376709375 0.33541645625 0.5175929125 0.3585935578125 0.7003039171875
0 0.1816903515625 0.7542190625 0.28563316875 0.7561005078124999 0.27868789375 0.70173645625 0.3585935578125 0.7003039171875 0.3353379109375 0.5131004203125 0.16757528906250002 0.5183549968750001 0.1816903515625 0.7542190625
0 0.2806888078125 0.70188783125 0.3087317265625 0.9343190187499999 0.564115675 0.91176491875 0.504241396875 0.6873942375000001 0.3585935578125 0.7003039171875 0.2806888078125 0.70188783125
0 0.24867811718750002 0.9282803046874999 0.3065737234375 0.92518265625 0.28563316875 0.7561005078124999 0.23566267500000002 0.7553111593749999 0.24867811718750002 0.9282803046874999
0 0.575639159375 1 0.5581391140624999 0.9128082953125001 0.31273355468749997 0.934621765625 0.317219021875 1 0.575639159375 1
0 0.316414040625 1 0.3065737234375 0.92518265625 0.254654678125 0.927236928125 0.2541253953125 1 0.316414040625 1