0 0.6335789234375 0 0.6618658390625 0.15098694375 0.6874178203125 0.1528845390625 0.8634390453125 0.0671183375 0.9227563734374999 0.077877371875 0.9008508171875 0 0.6335789234375 0
0 0.6073829374999999 0 0.644831184375 0.14972188125000002 0.65912805 0.1486656625 0.6318425390625 0 0.6073829374999999 0
0 0.4812680484375 0 0.423579778125 0.030216675 0.47823917656250003 0.2171266734375 0.5423214187500001 0.20776593124999998 0.5410028296875 0.19566621875 0.644831184375 0.14972188125000002 0.6359071578125 0.11799569531250001 0.6056385078125001 0 0.4812680484375 0
0 1 0.353234109375 0.9216411359375 0.0813244859375 0.8634390453125 0.0671183375 0.6843760703124999 0.156894571875 0.660142675 0.1670966890625 0.7000000171874999 0.40515050468749997 0.9125264984375001 0.3898701328125 1 0.38417247187500003 1 0.353234109375
0 0.6560863 0.1526756953125 0.539076315625 0.196229134375 0.5885640999999999 0.3721652546875 0.689554053125 0.3457777796875 0.6590274375 0.1705438046875 0.6816382828124999 0.1545732890625 0.6560863 0.1526756953125
0 0.6348067828125 0.5365645812500001 0.6895604234375 0.5236871078124999 0.672217559375 0.410147140625 0.6980735046875 0.4057134203125 0.6884388140625 0.34922489375 0.5885640999999999 0.3721652546875 0.6348067828125 0.5365645812500001
0 0.62882389375 0.5227065046875 0.615541653125 0.54219375 0.660669096875 0.710040190625 0.7148148109375 0.709825346875 0.701427709375 0.6325845125 0.7072072484375 0.6308957625 0.6895604234375 0.5236871078124999 0.6348067828125 0.5365645812500001 0.62882389375 0.5227065046875
0 1 0.3849647421875 0.8998521828125 0.39669475 0.672217559375 0.410147140625 0.7099450375 0.6332170453125 0.943464059375 0.71480398125 1 0.6994830624999999 1 0.3849647421875
0 1 0.7026027765625 0.9442753343750001 0.71768818125 0.704165496875 0.6349057953125 0.7391551875 0.855654415625 0.7443268015625 0.8666282953125 0.81530594375 0.9114347953124999 1 0.8574681765625 1 0.7026027765625
0 0.81530594375 0.9114347953124999 0.7407777375 0.8614228140625 0.7292186609375 0.864800315625 0.740171934375 0.9333885515624999 0.81530594375 0.9114347953124999
0 0.6571200328125 0.704834709375 0.6529630453124999 0.7122918578124999 0.6899777375 0.8512963109375 0.7356061234375 0.8504489359375 0.7128882984375 0.7103882640625 0.6587425828125 0.7106031078124999 0.6571200328125 0.704834709375
0 0.7162425046875 0.93725935625 0.737434146875 0.93106726875 0.727292146875 0.8653632328124999 0.7407777375 0.8614228140625 0.7356061234375 0.8504489359375 0.692715525 0.8536175921875 0.7162425046875 0.93725935625
0 0.5025795515625 0.36295574375 0.5439482140624999 0.332140546875 0.509570696875 0.2173355171875 0.47712393750000004 0.2205737890625 0.4657660859375 0.1801950078125 0.44842746718750004 0.1852612578125 0.2799089453125 0.253228965625 0.3330464046875 0.41249242500000005 0.5025795515625 0.36295574375
0 0.5658568890625 0.5286201312500001 0.6092526781250001 0.4753638765625 0.5837991859375 0.3922850328125 0.5648358953125 0.33227977656249996 0.5466860015624999 0.33446182812499997 0.506432578125 0.3618299109375 0.3311198921875 0.41305534218749995 0.37908573749999996 0.5613449234375001 0.5658568890625 0.5286201312500001
0 0.5658568890625 0.5286201312500001 0.38182352656249996 0.5636662046875001 0.4257329953125 0.6975347921874999 0.617067834375 0.68844650625 0.6408945296875 0.6471507359374999 0.6136151390625 0.5427566671874999 0.6208138796875 0.5312894859374999 0.6070222015625 0.4822581078125 0.5658568890625 0.5286201312500001
0 0.4257329953125 0.6975347921874999 0.4638629265625 0.8330921312499999 0.6696979828125 0.8384944546875 0.6815610234375 0.8287856390625 0.6629016953125 0.7624490703125 0.65103653125 0.712854775 0.6563087578125 0.7019505109375 0.6417058046874999 0.650034934375 0.6209208609375 0.6873206734374999 0.4257329953125 0.6975347921874999
0 0.4638629265625 0.8330921312499999 0.503412059375 0.9588710390624999 0.599536484375 0.97448148125 0.7143159921875 0.9378222718749999 0.6823722984375 0.8316698375 0.66777146875 0.839057371875 0.4638629265625 0.8330921312499999
0 0.111587403125 0.1588341703125 0.15793069843750002 0.30135535468749997 0.2779824328125 0.2537918828125 0.282950696875 0.2492189328125 0.3391235375 0.22656303125 0.30150091875 0.1002212046875 0.23610008906250002 0.0974822359375 0.111587403125 0.1588341703125
0 0.1213269515625 0.312050775 0.1560041859375 0.30191827031249996 0.1088496140625 0.1565128875 0.13997778593750002 0.141174903125 0.132879659375 0.1307639453125 0.07305714218750001 0.17009250625 0.007455084375 0.21110981875 0.00636184375 0.21864236250000002 0.0064666328125 0.22224373281249998 0.042339915625 0.33513036406249996 0.1213269515625 0.312050775
0 0.27686719375 0.257238996875 0.1560041859375 0.30191827031249996 0.129844278125 0.3126833046875 0.1795332875 0.44486314218749995 0.328382103125 0.410734059375 0.27686719375 0.257238996875
0 0.2253692703125 0.5781688140625 0.3747254 0.5532552421875 0.328382103125 0.410734059375 0.1795332875 0.44486314218749995 0.2253692703125 0.5781688140625
0 0.2660336390625 0.70050060625 0.41914218124999997 0.6963393453125 0.42299520625 0.6952135109375 0.37746318749999996 0.555576525 0.2234427578125 0.57873173125 0.2660336390625 0.70050060625
0 0.4254290328125 0.7038661078125 0.41914218124999997 0.6963393453125 0.264107128125 0.7010635234375 0.265729678125 0.706831921875 0.303960221875 0.82051111875 0.4534190859375 0.8330225171875 0.46031386249999995 0.8278866515625 0.4254290328125 0.7038661078125
0 0.3438133171875 0.9399587140625 0.4918529796875 0.9622485421875 0.49824044531249995 0.9478971625 0.46193641406249997 0.8336550484374999 0.4534190859375 0.8330225171875 0.304771496875 0.8233953171874999 0.3438133171875 0.9399587140625
0 0.2963547828125 0.8008846453125 0.278408240625 0.8186135234374999 0.1951614796875 0.81172529375 0.23288471249999998 0.916188978125 0.317450059375 0.9351769203125 0.3345853265625 0.9145638406250001 0.2963547828125 0.8008846453125
0 0.265729678125 0.706831921875 0.2600507515625 0.68664253125 0.238555146875 0.69916593125 0.15774221093750002 0.7009302953125001 0.1943502046875 0.8088410953125 0.277596965625 0.8157293250000001 0.2955435078125 0.7980004453125 0.265729678125 0.706831921875
0 0.2584282015625 0.680874134375 0.2215162453125 0.5792946484375 0.21745986875 0.5648736546875 0.1959642640625 0.577397053125 0.1183964296875 0.5906982140625 0.15419314687500002 0.6957248140625001 0.23389084375000002 0.6974075656250001 0.2584282015625 0.680874134375
0 0.2147220796875 0.5625523718750001 0.1759842234375 0.4396576625 0.15671909374999998 0.4452868296875 0.0738790328125 0.469492253125 0.115658640625 0.5883769328125 0.19707950000000002 0.5739499390625 0.2147220796875 0.5625523718750001
0 0.12791776562499999 0.313246221875 0.11635868593750001 0.3166237234375 0.039298165625 0.3391403953125 0.0827003234375 0.46379347187500003 0.15976084375 0.4412767984375 0.17517295 0.43677346406249995 0.12791776562499999 0.313246221875
0 0.1943502046875 0.8088410953125 0.094576103125 0.809903315625 0.1263164453125 0.9005089234374999 0.23095819999999997 0.9167518953125 0.1943502046875 0.8088410953125
0 0.056852871875 0.70543963125 0.093764828125 0.8070191171875001 0.1943502046875 0.8088410953125 0.15500442187500002 0.6986090140625 0.056852871875 0.70543963125
0 0.0284582421875 0.6044926765625 0.0637476484375 0.700303765625 0.15145535937500001 0.6934035328125 0.115658640625 0.5883769328125 0.0284582421875 0.6044926765625
0 0.112109578125 0.58317145 0.0746903078125 0.472376453125 0.0142585421875 0.49003429218749994 0.016334846875 0.5613922812500001 0.0276469671875 0.601608478125 0.112109578125 0.58317145
0 0.0799625359375 0.461472190625 0.039805478125 0.34835591093749996 0.027435124999999998 0.3488492125 0.010344378125000001 0.3555132125 0.0142384171875 0.489342678125 0.0719525203125 0.4700551703125 0.0799625359375 0.461472190625