0 0.45999999999999996 0.0052910046875 0.25 0.0079365078125 0.262 0.2830687828125 0.27599999999999997 0.29365079375 0.46399999999999997 0.296296296875 0.45999999999999996 0.0052910046875
0 0.6599999999999999 0.29365079375 0.6719999999999999 0.021164021875 0.666 0.0132275125 0.47400000000000003 0.015873015625 0.45999999999999996 0.037037037499999995 0.46399999999999997 0.26455026406250004 0.476 0.2989417984375 0.6599999999999999 0.29365079375
0 0.21200000000000002 0.55026455 0.196 0.3015873015625 0.258 0.27777777812500004 0.148 0.275132275 0.004 0.296296296875 0.008 0.4735449734375 0.02 0.5555555562500001 0.21200000000000002 0.55026455
0 0.398 0.29365079375 0.27599999999999997 0.29365079375 0.258 0.275132275 0.196 0.3015873015625 0.21200000000000002 0.547619046875 0.40599999999999997 0.547619046875 0.398 0.29365079375
0 0.398 0.29365079375 0.40599999999999997 0.547619046875 0.5860000000000001 0.547619046875 0.5900000000000001 0.296296296875 0.398 0.29365079375
0 0.692 0.2804232796875 0.662 0.2804232796875 0.662 0.29365079375 0.5900000000000001 0.296296296875 0.5860000000000001 0.547619046875 0.77 0.5449735453125 0.78 0.2989417984375 0.692 0.2804232796875
0 0.968 0.296296296875 0.8099999999999999 0.275132275 0.706 0.2830687828125 0.782 0.2989417984375 0.77 0.5449735453125 0.95 0.5370370375 0.968 0.296296296875
0 0.004 0.552910053125 0.006 0.791005290625 0.126 0.7830687828125 0.10600000000000001 0.552910053125 0.004 0.552910053125
0 0.10600000000000001 0.552910053125 0.124 0.7830687828125 0.306 0.7724867718749999 0.294 0.547619046875 0.10600000000000001 0.552910053125
0 0.294 0.547619046875 0.306 0.7724867718749999 0.48 0.7671957671875 0.47800000000000004 0.547619046875 0.294 0.547619046875
0 0.47800000000000004 0.547619046875 0.48 0.7671957671875 0.654 0.7619047625 0.658 0.547619046875 0.47800000000000004 0.547619046875
0 0.6599999999999999 0.547619046875 0.654 0.7619047625 0.82 0.7513227515625001 0.834 0.5423280421875 0.6599999999999999 0.547619046875
0 0.954 0.5052910046875 0.9480000000000001 0.5370370375 0.834 0.5423280421875 0.82 0.7513227515625001 0.978 0.740740740625 1 0.534391534375 0.954 0.5052910046875
0 0.004 0.7883597890625 0.006 0.9920634921874999 0.072 0.9920634921874999 0.05 0.7883597890625 0.004 0.7883597890625
0 0.05 0.7883597890625 0.072 0.9947089953124999 0.246 0.9894179890625001 0.236 0.7804232796874999 0.05 0.7883597890625
0 0.23399999999999999 0.7804232796874999 0.246 0.9867724875 0.41600000000000004 0.9735449734375001 0.41200000000000003 0.7724867718749999 0.23399999999999999 0.7804232796874999
0 0.41200000000000003 0.7724867718749999 0.41600000000000004 0.9735449734375001 0.5780000000000001 0.9629629625 0.58 0.7645502640624999 0.41200000000000003 0.7724867718749999
0 0.58 0.7645502640624999 0.5780000000000001 0.9629629625 0.734 0.947089946875 0.744 0.7566137562499999 0.58 0.7645502640624999
0 0.744 0.7566137562499999 0.734 0.9444444437499999 0.8880000000000001 0.9391534390625 0.908 0.7460317453124999 0.744 0.7566137562499999
0 1 0.69312169375 0.986 0.6798941796875 0.978 0.7380952375 0.908 0.7433862437500001 0.8880000000000001 0.9391534390625 0.9 0.9417989421874999 1 0.933862434375 1 0.69312169375
0 0.20400000000000001 0.034391534375 0.174 0.0105820109375 0.174 0.037037037499999995 0.162 0.0396825390625 0.11200000000000002 0.0132275125 0.122 0.15608465625 0.184 0.15608465625 0.21400000000000002 0.1613756609375 0.20400000000000001 0.034391534375
0 0.11200000000000002 0.0132275125 0.094 0.0105820109375 0.08399999999999999 0.034391534375 0.024 0.0132275125 0.034 0.1507936515625 0.094 0.1507936515625 0.11599999999999999 0.1375661375 0.11200000000000002 0.0132275125
0 0.028000000000000004 0.1507936515625 0.016 0.0105820109375 0.004 0.0079365078125 0.004 0.153439153125 0.028000000000000004 0.1507936515625
0 0.826 0.084656084375 0.758 0.089947090625 0.71 0.10582010625 0.712 0.1666666671875 0.75 0.15873015937499999 0.82 0.15608465625 0.826 0.084656084375
0 0.8320000000000001 0.1613756609375 0.8220000000000001 0.15873015937499999 0.754 0.1613756609375 0.714 0.1666666671875 0.714 0.227513228125 0.75 0.2328042328125 0.828 0.2328042328125 0.8320000000000001 0.1613756609375
0 0.678 0.222222221875 0.678 0.0767195765625 0.67 0.07936507968749999 0.6639999999999999 0.2301587296875 0.678 0.227513228125 0.678 0.222222221875