0 0.8124495984375001 0 0.776355125 0.0086529859375 0.687758065625 0.0404069765625 0.7144588421875 0.1776975609375 0.9162184546875001 0.13062977656250002 0.8962125593750001 0 0.8124495984375001 0
0 0.504303575 0.07400238125 0.521633634375 0.2117839171875 0.7060929546875 0.1770930875 0.6865350765625 0.035257159375 0.504303575 0.07400238125
0 0.504260625 0.222079121875 0.507410646875 0.282395215625 0.7994629765625 0.2222546125 0.7900658093749999 0.1622658140625 0.504260625 0.222079121875
0 0.8056737609375 0.2208864390625 0.996125715625 0.1785821984375 0.99593333125 0.09662991875 0.916823334375 0.11808474843750001 0.921388046875 0.12931615624999998 0.79627659375 0.16089764374999999 0.8056737609375 0.2208864390625
0 1 0.213048584375 0.998795525 0.1785674546875 0.8244151937499999 0.21990454062499998 0.85695325625 0.4048570921875 1 0.375572146875 1 0.213048584375
0 0.47928859218750003 0.3433069328125 0.57751088125 0.3183481078125 0.594883890625 0.3080529015625 0.736304028125 0.2954297546875 0.76256849375 0.420229859375 0.8549072328125 0.406007065625 0.8212916218749999 0.22006818906249997 0.47736155468749997 0.28814065312500003 0.47928859218750003 0.3433069328125
0 1 0.3794216640625 0.887002346875 0.3991116546875 0.8760946390625 0.41532479999999994 0.905191803125 0.5316342703125 1 0.5196556984375 1 0.3794216640625
0 0.7594449203125 0.42039350937500003 0.7787846453125 0.5559841984375 0.882358325 0.534916115625 0.8663603312499999 0.405407015625 0.7594449203125 0.42039350937500003
0 0.41186570937500006 0.354138784375 0.4395515 0.6092116859375001 0.773978640625 0.5677065531250001 0.758512809375 0.42357067812500004 0.73224834375 0.2987705734375 0.41186570937500006 0.354138784375
0 0.0957006984375 0.201773184375 0.1099832203125 0.43147885781250006 0.4126656125 0.3770379953125 0.41129719062500003 0.3677246875 0.41082452031249994 0.3541933328125 0.4760195828125 0.33930709062500003 0.47215560156249997 0.28841340312499997 0.482531146875 0.28682703125 0.376904809375 0.129687603125 0.0957006984375 0.201773184375
0 0.1047409078125 0.430710734375 0.09358195625 0.20084141406249997 0.0820197796875 0.198318840625 0.0038510671875 0.22062745156250002 0.00663329375 0.38002110624999996 0.0090004171875 0.45266146718750006 0.1047409078125 0.430710734375
0 0.08265438750000001 0.007457203125000001 0.00015508125 0.0088845890625 0.0038401921875 0.22000442968749997 0.0933638015625 0.19459617499999998 0.08265438750000001 0.007457203125000001
0 0.22249197187499997 0 0.0795671734375 0.008661723437500001 0.0933638015625 0.19459617499999998 0.3727036890625 0.12886492968750002 0.48041240781249994 0.28589525781249997 0.48856013593750003 0.2802544921875 0.48335745625 0.0417308890625 0.46639701875000006 0 0.22249197187499997 0
0 0.48096106718750004 0.062712 0.489611234375 0.220761071875 0.495931096875 0.22251552187499998 0.5041151875 0.21791562656250002 0.5196239703125001 0.2139747609375 0.503298740625 0.07509780625 0.52182201875 0.06787066875 0.50368546875 0.0563075390625 0.48096106718750004 0.062712
0 0.10585481562500001 0.43273792968749997 0.0107197390625 0.4564922328125 0.0185964546875 0.652121840625 0.0939984953125 0.6606847296875 0.0936481296875 0.6805158687499999 0.41558098125000004 0.6396653328124999 0.42635647812500005 0.649528565625 0.43673202812499995 0.6479421953125 0.41485707187500004 0.3800515140625 0.10585481562500001 0.43273792968749997
0 0.439806015625 0.6164978 0.4735340203125 0.895238034375 0.81999600625 0.8697868234374999 0.7761337421875 0.569679196875 0.439806015625 0.6164978
0 0.0895560828125 0.6828158140625 0.109566815625 0.9570608328124999 0.4320450546875 0.9318233921875001 0.459648175 0.915778325 0.4610760921875 0.8969335078125 0.4692965390625 0.8933744890625 0.43389932968749995 0.6564328265625 0.4134985984375 0.6397744328125 0.0895560828125 0.6828158140625
0 0.026662253125 0.9582760171875 0.106648171875 0.93322985 0.0895197234375 0.6817749421875 0.0939621359375 0.65964385625 0.0159813796875 0.652509115625 0.026662253125 0.9582760171875
0 0.1075935109375 0.960292553125 0.10359731718750001 0.9354752453125 0.027203671875 0.9582476515625 0.0295488140625 0.9995776765625 0.12793735312500001 0.9961418734375 0.12533011249999998 0.9604060765625 0.1075935109375 0.960292553125
0 0.4565609609375 0.9169828453125 0.43412743593750003 0.93171429375 0.126298584375 0.9582697828125 0.1298394109375 0.9960754515625 0.403327521875 0.9865250375000001 0.46513509375 0.983271428125 0.4565609609375 0.9169828453125
0 0.4565973203125 0.91802371875 0.46718111718750005 0.98212145625 0.8326754093750001 0.96401533125 0.8190638921875 0.8729639921875 0.472638265625 0.8994560796875 0.4565973203125 0.91802371875
0 1 0.852456221875 0.8200687249999999 0.8718685703125001 0.8295154765625 0.9631381093750001 0.8959410625 0.9607841546874999 1 0.953728109375 1 0.852456221875
0 1 0.5216127859374999 0.8969349937500001 0.5341524171875001 0.7789664390625 0.561188565625 0.8250565218749999 0.8653505812500001 1 0.8485968625 1 0.5216127859374999