0 0 0.5306666671875 0.11000000000000001 0.5066666671875 0.1 0.3573333328125 0 0.3546666671875 0 0.5306666671875
0 0.21600000000000003 0.376 0.21400000000000002 0.3573333328125 0.132 0.3546666671875 0.11399999999999999 0.352 0.1 0.3546666671875 0.10800000000000001 0.5093333328125 0.21400000000000002 0.49066666718749996 0.21600000000000003 0.376
0 0 0.7013333328125 0.11399999999999999 0.6533333328125 0.10800000000000001 0.5066666671875 0 0.5333333328125 0 0.7013333328125
0 0.21800000000000003 0.49066666718749996 0.11000000000000001 0.5093333328125 0.11599999999999999 0.6559999999999999 0.21600000000000003 0.6213333328124999 0.21800000000000003 0.49066666718749996
0 0.21600000000000003 0.6213333328124999 0.11399999999999999 0.6586666671875 0.134 0.6559999999999999 0.22000000000000003 0.6586666671875 0.21600000000000003 0.6213333328124999
0 0 0.7146666671874999 0.10800000000000001 0.6746666671875 0.11000000000000001 0.6559999999999999 0 0.6986666671874999 0 0.7146666671874999
0 0.33399999999999996 1 0.32 0.6853333328125 0.32 0.6799999999999999 0.22200000000000003 0.6613333328125 0.148 0.6559999999999999 0 0.712 0 0.7413333328125 0 1 0.33399999999999996 1
0 0.26 0.0266666671875 0.20800000000000002 0.037333332812499995 0.20600000000000002 0.11200000000000002 0.21000000000000002 0.16 0.258 0.1546666671875 0.254 0.064 0.266 0.05600000000000001 0.26 0.0266666671875
0 0.264 0.21600000000000003 0.256 0.152 0.21200000000000002 0.1573333328125 0.21600000000000003 0.2666666671875 0.258 0.264 0.264 0.21600000000000003
0 0.26 0.264 0.21600000000000003 0.2666666671875 0.21600000000000003 0.376 0.268 0.376 0.26 0.264
0 0.27799999999999997 0.52 0.27 0.376 0.21600000000000003 0.3786666671875 0.21400000000000002 0.4853333328125 0.21800000000000003 0.5066666671875 0.27799999999999997 0.52
0 0.27799999999999997 0.6719999999999999 0.29 0.6719999999999999 0.282 0.5226666671875 0.22000000000000003 0.5066666671875 0.21600000000000003 0.624 0.22200000000000003 0.6613333328125 0.27799999999999997 0.6719999999999999
0 0.258 0 0.266 0.0533333328125 0.388 0.0266666671875 0.396 0.0293333328125 0.394 0 0.258 0
0 0.4 0.2053333328125 0.396 0.0426666671875 0.392 0.024 0.256 0.05600000000000001 0.256 0.152 0.264 0.2213333328125 0.4 0.2053333328125
0 0.398 0.2026666671875 0.264 0.2186666671875 0.26 0.2666666671875 0.266 0.3413333328125 0.268 0.3786666671875 0.358 0.376 0.4 0.376 0.404 0.3653333328125 0.398 0.2026666671875
0 0.55 0.1893333328125 0.4 0.2026666671875 0.404 0.37333333281250003 0.5559999999999999 0.37066666718749997 0.564 0.36266666718749996 0.5599999999999999 0.1893333328125 0.55 0.1893333328125
0 0.40199999999999997 0.2053333328125 0.5599999999999999 0.1866666671875 0.554 0 0.394 0.0266666671875 0.40199999999999997 0.2053333328125
0 0.394 0 0.396 0.0266666671875 0.544 0 0.394 0
0 0.5559999999999999 0 0.562 0.192 0.686 0.17333333281250002 0.686 0 0.5559999999999999 0
0 0.686 0 0.688 0.16799999999999998 0.8300000000000001 0.14666666718750002 0.8300000000000001 0 0.686 0
0 0.8300000000000001 0 0.8300000000000001 0.1493333328125 0.99 0.1306666671875 1 0 0.8300000000000001 0
0 0.746 0.3653333328125 0.762 0.36266666718749996 0.762 0.16 0.688 0.16799999999999998 0.688 0.17333333281250002 0.562 0.192 0.562 0.37333333281250003 0.6519999999999999 0.37066666718749997 0.746 0.3653333328125
0 0.992 0.3653333328125 0.998 0.1306666671875 0.986 0.1306666671875 0.8320000000000001 0.14666666718750002 0.762 0.1546666671875 0.764 0.3653333328125 0.9640000000000001 0.36266666718749996 0.992 0.3653333328125
0 0.9880000000000001 0.36266666718749996 0.8300000000000001 0.36266666718749996 0.826 0.5653333328125 0.9800000000000001 0.576 0.9880000000000001 0.36266666718749996
0 1 0.3493333328125 0.992 0.3493333328125 0.986 0.40800000000000003 0.982 0.5786666671875 0.986 0.5786666671875 1 0.584 1 0.3493333328125
0 0.752 0.36266666718749996 0.688 0.368 0.688 0.5573333328125 0.8240000000000001 0.5653333328125 0.8300000000000001 0.3653333328125 0.762 0.3653333328125 0.752 0.36266666718749996
0 0.572 0.5493333328125 0.6900000000000001 0.5546666671875 0.686 0.37066666718749997 0.5660000000000001 0.376 0.572 0.5493333328125
0 0.27799999999999997 0.5226666671875 0.368 0.5306666671875 0.36 0.37333333281250003 0.266 0.376 0.27799999999999997 0.5226666671875
0 0.362 0.376 0.37 0.528 0.458 0.536 0.458 0.376 0.40800000000000003 0.376 0.362 0.376
0 0.546 0.37066666718749997 0.458 0.376 0.45599999999999996 0.5386666671875 0.564 0.5466666671875 0.5700000000000001 0.5386666671875 0.568 0.37333333281250003 0.546 0.37066666718749997
0 0.414 0.5333333328125 0.27999999999999997 0.5226666671875 0.288 0.6719999999999999 0.42000000000000004 0.696 0.414 0.5333333328125
0 0.5780000000000001 0.7146666671874999 0.5740000000000001 0.5493333328125 0.41600000000000004 0.536 0.422 0.696 0.568 0.72 0.5780000000000001 0.7146666671874999
0 0.58 0.7226666671875 0.692 0.736 0.6900000000000001 0.5573333328125 0.5740000000000001 0.5493333328125 0.58 0.7226666671875
0 0.826 0.6133333328125 0.826 0.568 0.6900000000000001 0.5546666671875 0.6940000000000001 0.736 0.734 0.7466666671875 0.742 0.7253333328125 0.76 0.6026666671875 0.826 0.6133333328125
0 0.984 0.5786666671875 0.828 0.568 0.828 0.6133333328125 0.916 0.6186666671875 0.9119999999999999 0.7093333328125 0.978 0.712 0.984 0.5786666671875
0 1 0.584 0.984 0.5786666671875 0.9800000000000001 0.7146666671874999 1 0.712 1 0.584
0 0.8300000000000001 1 0.8300000000000001 0.7546666671875 0.754 0.744 0.75 0.744 0.746 0.7146666671874999 0.714 0.7946666671875 0.714 1 0.8300000000000001 1
0 0.636 1 0.6839999999999999 0.9146666671875 0.5740000000000001 0.8880000000000001 0.5700000000000001 1 0.636 1
0 0.576 0.8853333328125 0.686 0.9146666671875 0.692 0.7386666671875 0.5700000000000001 0.7226666671875 0.576 0.8853333328125
0 0.6940000000000001 0.7386666671875 0.6900000000000001 0.8640000000000001 0.686 0.9146666671875 0.714 0.8640000000000001 0.712 0.7946666671875 0.732 0.7493333328125 0.6940000000000001 0.7386666671875
0 0.46399999999999997 0.704 0.466 0.8613333328125 0.572 0.8826666671875 0.5740000000000001 0.8800000000000001 0.5700000000000001 0.7226666671875 0.46399999999999997 0.704
0 0.376 0.8400000000000001 0.466 0.8640000000000001 0.466 0.7066666671874999 0.374 0.688 0.376 0.8400000000000001
0 0.32599999999999996 0.8320000000000001 0.376 0.8400000000000001 0.374 0.688 0.32 0.6799999999999999 0.32599999999999996 0.8320000000000001
0 0.37 0.8400000000000001 0.32599999999999996 0.8346666671875 0.33199999999999996 0.9733333328124999 0.368 0.9786666671875001 0.37 0.8400000000000001
0 0.46399999999999997 0.8640000000000001 0.372 0.8400000000000001 0.37 0.9813333328124999 0.462 0.992 0.46399999999999997 0.8640000000000001
0 0.576 0.8826666671875 0.466 0.8640000000000001 0.462 0.9973333328124999 0.5700000000000001 1 0.576 0.8826666671875
0 0.462 1 0.462 0.992 0.33199999999999996 0.976 0.33399999999999996 1 0.462 1