0 0.504 0.304 0.506 0.44266666718750003 0.706 0.44000000000000006 0.702 0.3093333328125 0.504 0.304
0 0.502 0.304 0.282 0.312 0.29 0.4533333328125 0.506 0.44266666718750003 0.502 0.304
0 0.9039999999999999 0.312 0.704 0.312 0.704 0.44266666718750003 0.9019999999999999 0.4453333328125 0.9039999999999999 0.312
0 0.998 0.3173333328125 0.9039999999999999 0.3093333328125 0.906 0.44266666718750003 1 0.4373333328125 0.998 0.3173333328125
0 0.9960000000000001 0.1893333328125 0.97 0.1893333328125 0.968 0.3173333328125 0.998 0.32 0.9960000000000001 0.1893333328125
0 0.974 0.1893333328125 0.8460000000000001 0.184 0.8480000000000001 0.3093333328125 0.968 0.312 0.974 0.1893333328125
0 0.8460000000000001 0.1866666671875 0.724 0.1866666671875 0.718 0.3093333328125 0.852 0.312 0.8460000000000001 0.1866666671875
0 0.8560000000000001 0.048 0.852 0.184 0.976 0.1946666671875 0.9800000000000001 0.061333332812499995 0.8560000000000001 0.048
0 0.724 0.1813333328125 0.85 0.1866666671875 0.8560000000000001 0.0453333328125 0.73 0.0453333328125 0.724 0.1813333328125
0 0.722 0.184 0.588 0.1786666671875 0.584 0.304 0.72 0.3093333328125 0.722 0.184
0 0.5860000000000001 0.1786666671875 0.45 0.176 0.458 0.3066666671875 0.5820000000000001 0.304 0.5860000000000001 0.1786666671875
0 0.45199999999999996 0.176 0.312 0.17333333281250002 0.318 0.312 0.454 0.304 0.45199999999999996 0.176
0 0.282 0.31466666718749997 0.318 0.3093333328125 0.312 0.16799999999999998 0.288 0.1706666671875 0.154 0.1786666671875 0.16399999999999998 0.3306666671875 0.282 0.31466666718749997
0 0.05 0.3306666671875 0.057999999999999996 0.4693333328125 0.292 0.44800000000000006 0.282 0.31466666718749997 0.16399999999999998 0.32799999999999996 0.154 0.2906666671875 0.128 0.3226666671875 0.05 0.3306666671875
0 0.306 0.0426666671875 0.31 0.16799999999999998 0.454 0.1786666671875 0.45199999999999996 0.0293333328125 0.306 0.0426666671875
0 0.154 0.17333333281250002 0.314 0.16799999999999998 0.304 0.0346666671875 0.154 0.0426666671875 0.154 0.17333333281250002
0 0.5940000000000001 0.037333332812499995 0.45199999999999996 0.037333332812499995 0.45599999999999996 0.176 0.588 0.176 0.5940000000000001 0.1706666671875 0.5940000000000001 0.037333332812499995
0 0.5940000000000001 0.037333332812499995 0.5900000000000001 0.184 0.724 0.1786666671875 0.734 0.0453333328125 0.5940000000000001 0.037333332812499995
0 0 0.1893333328125 0.132 0.1946666671875 0.158 0.176 0.152 0.0533333328125 0 0.0453333328125 0 0.1893333328125
0 0 0.3333333328125 0.052000000000000005 0.3306666671875 0.128 0.3253333328125 0.152 0.2906666671875 0.158 0.2826666671875 0.158 0.1813333328125 0.134 0.1946666671875 0 0.1866666671875 0 0.3333333328125
0 0 0.3306666671875 0.002 0.48 0.05600000000000001 0.472 0.05 0.32799999999999996 0 0.3306666671875
0 0.702 0.44266666718750003 0.704 0.5599999999999999 0.9039999999999999 0.5599999999999999 0.9 0.4453333328125 0.702 0.44266666718750003
0 0.704 0.4453333328125 0.502 0.4373333328125 0.51 0.5626666671875 0.702 0.5599999999999999 0.704 0.4453333328125
0 0.998 0.4346666671875 0.9 0.44266666718750003 0.9039999999999999 0.5599999999999999 1 0.5653333328125 0.998 0.4346666671875
0 1 0.568 0.9 0.5626666671875 0.9 0.6746666671875 1 0.6719999999999999 1 0.568
0 0.9 0.5599999999999999 0.704 0.5573333328125 0.708 0.6799999999999999 0.898 0.6746666671875 0.9 0.5599999999999999
0 0.702 0.5599999999999999 0.506 0.568 0.514 0.6986666671874999 0.706 0.6773333328125 0.702 0.5599999999999999
0 0.506 0.5706666671875 0.296 0.576 0.302 0.704 0.514 0.6906666671874999 0.506 0.5706666671875
0 0.502 0.4453333328125 0.286 0.45066666718750004 0.296 0.576 0.508 0.568 0.502 0.4453333328125
0 0.288 0.4533333328125 0.057999999999999996 0.472 0.068 0.5973333328125 0.296 0.5733333328125 0.288 0.4533333328125
0 0.057999999999999996 0.472 0.002 0.4773333328125 0.002 0.6053333328125 0.066 0.5946666671874999 0.057999999999999996 0.472
0 0.06999999999999999 0.7253333328125 0.088 0.7093333328125 0.08 0.5946666671874999 0.004 0.6026666671875 0.002 0.704 0.041999999999999996 0.704 0.044 0.728 0.06999999999999999 0.7253333328125
0 0.041999999999999996 0.7013333328125 0.002 0.7013333328125 0 0.8960000000000001 0.05 0.8293333328125 0.041999999999999996 0.7013333328125
0 0.182 0.7973333328125001 0.182 0.7226666671875 0.152 0.7253333328125 0.092 0.7306666671875 0.08399999999999999 0.712 0.072 0.7226666671875 0.048 0.728 0.052000000000000005 0.8266666671875 0.154 0.8373333328125 0.182 0.7973333328125001
0 0.272 1 0.282 0.952 0.27799999999999997 0.8320000000000001 0.194 0.8320000000000001 0.184 0.7973333328125001 0.152 0.8373333328125 0.054000000000000006 0.8266666671875 0 0.9013333328125 0 0.9973333328124999 0.134 1 0.272 1
0 0.32999999999999996 0.8320000000000001 0.32999999999999996 0.696 0.196 0.7173333328125 0.18 0.7226666671875 0.182 0.8026666671875 0.198 0.8320000000000001 0.32999999999999996 0.8320000000000001
0 0.09 0.728 0.302 0.6986666671874999 0.296 0.576 0.076 0.5973333328125 0.09 0.728
0 0.466 0.696 0.32999999999999996 0.7013333328125 0.32799999999999996 0.8266666671875 0.466 0.8160000000000001 0.466 0.696
0 0.33799999999999997 0.9466666671875 0.32999999999999996 0.8320000000000001 0.27799999999999997 0.8320000000000001 0.282 0.952 0.33799999999999997 0.9466666671875
0 0.466 0.8186666671875 0.32999999999999996 0.8293333328125 0.33599999999999997 0.9493333328125001 0.46799999999999997 0.9306666671875 0.466 0.8186666671875
0 0.466 0.696 0.466 0.8160000000000001 0.596 0.8133333328125 0.596 0.6906666671874999 0.466 0.696
0 0.5980000000000001 0.8133333328125 0.466 0.8160000000000001 0.46799999999999997 0.9333333328125001 0.5980000000000001 0.9279999999999999 0.5980000000000001 0.8133333328125
0 0.548 0.9946666671875001 0.596 0.9946666671875001 0.6 0.9279999999999999 0.46799999999999997 0.9386666671875 0.484 0.96 0.546 0.9573333328125001 0.548 0.9946666671875001
0 0.724 0.6799999999999999 0.5980000000000001 0.6906666671874999 0.596 0.8133333328125 0.722 0.8106666671875 0.724 0.6799999999999999
0 0.722 0.808 0.5980000000000001 0.8160000000000001 0.6 0.9279999999999999 0.72 0.9226666671875 0.722 0.808
0 0.6 0.9279999999999999 0.596 0.9973333328124999 0.724 0.9973333328124999 0.722 0.9199999999999999 0.6 0.9279999999999999
0 0.8460000000000001 0.6799999999999999 0.724 0.6799999999999999 0.722 0.8106666671875 0.842 0.8 0.8460000000000001 0.6799999999999999
0 0.966 0.6746666671875 0.8480000000000001 0.6826666671875 0.8400000000000001 0.8 0.958 0.7946666671875 0.966 0.6746666671875
0 1 0.6719999999999999 0.966 0.6773333328125 0.958 0.7973333328125001 0.998 0.7946666671875 1 0.6719999999999999
0 0.9960000000000001 0.7973333328125001 0.958 0.7973333328125001 0.9560000000000001 0.8986666671875 1 0.8960000000000001 0.9960000000000001 0.7973333328125001
0 0.9560000000000001 0.7973333328125001 0.8380000000000001 0.8026666671875 0.842 0.9146666671875 0.958 0.9013333328125 0.9560000000000001 0.7973333328125001
0 0.844 0.8053333328125 0.718 0.808 0.718 0.9199999999999999 0.844 0.9093333328125001 0.844 0.8053333328125
0 1 0.8986666671875 0.9560000000000001 0.9013333328125 0.9560000000000001 0.9973333328124999 0.9960000000000001 0.9946666671875001 1 0.8986666671875
0 0.958 0.9066666671875 0.842 0.9119999999999999 0.844 0.9973333328124999 0.958 0.9946666671875001 0.958 0.9066666671875
0 0.8480000000000001 0.9093333328125001 0.724 0.9253333328125001 0.72 0.9973333328124999 0.842 0.9946666671875001 0.8480000000000001 0.9093333328125001
0 0 0 0 0.0426666671875 0.13999999999999999 0.0453333328125 0.13999999999999999 0 0 0
0 0.148 0 0.15 0.0026666671875 0.154 0.04 0.302 0.037333332812499995 0.298 0 0.148 0
0 0.302 0 0.306 0.04 0.45 0.0293333328125 0.45599999999999996 0 0.302 0
0 0.45599999999999996 0 0.45599999999999996 0.037333332812499995 0.5980000000000001 0.0426666671875 0.5980000000000001 0 0.45599999999999996 0
0 0.6 0 0.596 0.037333332812499995 0.726 0.0453333328125 0.726 0 0.6 0