0 0 0.22288438593749998 0.27 0.160905840625 0.27999999999999997 0 0.176 0.0011918953125 0.008 0.0488677 0 0.1358760421875 0 0.22288438593749998
0 0.27999999999999997 0 0.27 0.160905840625 0.616 0.09535160937500001 0.626 0.09296781875 0.744 0.1847437421875 0.736 0 0.27999999999999997 0
0 0.796 0.215733015625 0.866 0.2681764 0.86 0.12395709218749999 0.752 0.0035756859375 0.736 0.009535160937499999 0.744 0.1847437421875 0.784 0.21811680625 0.796 0.215733015625
0 0.944 0.20262216875 0.86 0.12395709218749999 0.866 0.2681764 0.952 0.32777115625 0.944 0.20262216875
0 0 0.41120381406249995 0.09 0.40166865312500005 0.11200000000000002 0.19666269375 0 0.22288438593749998 0 0.41120381406249995
0 0.348 0.145411203125 0.27 0.160905840625 0.11200000000000002 0.19666269375 0.09 0.40166865312500005 0.34199999999999997 0.371871275 0.348 0.145411203125
0 0 0.6376638859375 0.21200000000000002 0.6328963046875 0.21200000000000002 0.630512515625 0.22000000000000003 0.628128725 0.22999999999999998 0.38498212187499997 0 0.41120381406249995 0 0.6376638859375
0 0 0.8879618593749999 0.176 0.9058402859375001 0.196 0.9022646 0.21200000000000002 0.6328963046875 0 0.6376638859375 0 0.8879618593749999
0 0 0.9988081046874999 0.16999999999999998 1 0.176 0.9058402859375001 0 0.8879618593749999 0 0.9988081046874999
0 0.62 0.34922526875000004 0.752 0.395709178125 0.752 0.407628128125 0.78 0.41597139375000003 0.792 0.41597139375000003 0.786 0.2193087015625 0.626 0.09296781875 0.348 0.1466030984375 0.34199999999999997 0.371871275 0.614 0.34326579218750003 0.62 0.34922526875000004
0 0.756 0.625744934375 0.752 0.395709178125 0.62 0.34803337343749996 0.614 0.34326579218750003 0.22999999999999998 0.38498212187499997 0.22000000000000003 0.628128725 0.612 0.62336114375 0.756 0.625744934375
0 0.756 0.882002384375 0.752 0.625744934375 0.612 0.62336114375 0.22000000000000003 0.628128725 0.21200000000000002 0.630512515625 0.196 0.9022646 0.62 0.9511323 0.756 0.882002384375
0 0.764 1 0.756 0.8998808109375 0.76 0.8855780687499999 0.758 0.882002384375 0.62 0.9511323 0.196 0.9022646 0.176 0.9058402859375001 0.16999999999999998 1 0.764 1
0 0.998 0.340882003125 1 0.2479141828125 0.9480000000000001 0.253873659375 0.952 0.32777115625 0.97 0.34326579218750003 0.998 0.340882003125
0 0.8640000000000001 0.45053635312500007 0.8720000000000001 0.45053635312500007 0.898 0.45887961875 0.916 0.45887961875 0.906 0.2967818828125 0.796 0.2145411203125 0.784 0.2193087015625 0.792 0.4171632890625 0.78 0.4171632890625 0.8640000000000001 0.45053635312500007
0 0.866 0.45053635312500007 0.752 0.407628128125 0.758 0.625744934375 0.8779999999999999 0.628128725 0.866 0.45053635312500007
0 0.898 0.6352800953125 0.97 0.63885578125 0.958 0.4827175203125 0.874 0.45053635312500007 0.866 0.45053635312500007 0.8779999999999999 0.628128725 0.8960000000000001 0.628128725 0.898 0.6352800953125
0 0.78 0.8867699640625 0.914 0.83075089375 0.8960000000000001 0.628128725 0.752 0.625744934375 0.758 0.882002384375 0.768 0.8843861734375 0.78 0.8867699640625
0 0.968 0.63885578125 0.898 0.636471990625 0.914 0.8224076281249999 0.976 0.8045292015625 0.968 0.63885578125
0 0.9279999999999999 1 0.9099999999999999 0.8331346843749999 0.78 0.8867699640625 0.768 0.8843861734375 0.758 0.882002384375 0.762 0.8855780687499999 0.756 0.8998808109375 0.764 1 0.9279999999999999 1
0 1 0.8033373062500001 0.978 0.800953515625 0.976 0.8045292015625 0.914 0.8224076281249999 0.914 0.83075089375 0.9099999999999999 0.8331346843749999 0.93 0.9988081046874999 1 0.9642431468750001 1 0.8033373062500001
0 1 0.9642431468750001 0.93 0.9988081046874999 1 0.9988081046874999 1 0.9642431468750001
0 0.998 0.6328963046875 0.9720000000000001 0.6317044093749999 0.97 0.63885578125 0.976 0.7997616203125 1 0.8033373062500001 0.998 0.6328963046875
0 1 0.494636471875 0.958 0.4827175203125 0.97 0.6317044093749999 1 0.6328963046875 1 0.494636471875
0 0.958 0.4827175203125 0.9800000000000001 0.48748510156249997 0.9880000000000001 0.48629320624999994 0.9800000000000001 0.34922526875000004 0.906 0.2967818828125 0.916 0.45887961875 0.898 0.45887961875 0.958 0.4827175203125
0 1 0.34803337343749996 0.9800000000000001 0.3504171640625 0.986 0.4195470796875 0.998 0.4195470796875 1 0.34803337343749996
0 0.998 0.4195470796875 0.986 0.4195470796875 0.99 0.48033373125 0.998 0.48033373125 0.998 0.4195470796875