0 0.22000000000000003 0.061469265625000005 0.22400000000000003 0.02398800625 0.178 0.0014992500000000001 0.13999999999999999 0 0.002 0.013493253124999998 0 0.061469265625000005 0.184 0.0449775109375 0.22000000000000003 0.061469265625000005
0 0 0.11394302812499998 0.184 0.101949025 0.23199999999999998 0.12143927968749998 0.22400000000000003 0.059970015625 0.184 0.0434782609375 0 0.059970015625 0 0.11394302812499998
0 0.23199999999999998 0.1514242875 0.23199999999999998 0.11994002968749999 0.184 0.101949025 0 0.11394302812499998 0.002 0.164917540625 0.19 0.1559220390625 0.202 0.1514242875 0.23199999999999998 0.1514242875
0 0.002 0.164917540625 0.004 0.22188905625 0.196 0.20989505312499998 0.194 0.1544227890625 0.002 0.164917540625
0 0.004 0.2203898046875 0.006 0.27436281875 0.196 0.263868065625 0.196 0.2068965515625 0.004 0.2203898046875
0 0.22400000000000003 0.0209895046875 0.22000000000000003 0.062968515625 0.418 0.062968515625 0.42400000000000004 0.0089955015625 0.22400000000000003 0.0209895046875
0 0.22999999999999998 0.0704647671875 0.23199999999999998 0.12143927968749998 0.426 0.1184407796875 0.43200000000000005 0.0674662671875 0.22999999999999998 0.0704647671875
0 0.43200000000000005 0.11994002968749999 0.23199999999999998 0.11994002968749999 0.23399999999999999 0.1484257875 0.40599999999999997 0.1529235375 0.43200000000000005 0.164917540625 0.43200000000000005 0.11994002968749999
0 0.528 0 0.42400000000000004 0.0089955015625 0.42800000000000005 0.061469265625000005 0.642 0.0464767609375 0.638 0 0.528 0
0 0.454 0.059970015625 0.43200000000000005 0.06446776562499999 0.43200000000000005 0.1184407796875 0.646 0.10494752656249999 0.646 0.0464767609375 0.454 0.059970015625
0 0.434 0.11994002968749999 0.43600000000000005 0.1709145421875 0.6519999999999999 0.163418290625 0.646 0.1034482765625 0.434 0.11994002968749999
0 0.6639999999999999 0.17991004531250002 0.648 0.164917540625 0.43600000000000005 0.1709145421875 0.43600000000000005 0.22488755624999998 0.648 0.2173913046875 0.666 0.22638680625 0.6639999999999999 0.17991004531250002
0 0.648 0.2713643171875 0.6679999999999999 0.2713643171875 0.67 0.22638680625 0.648 0.21889055468750002 0.438 0.22788605624999997 0.442 0.25787106406250004 0.58 0.2593703140625 0.5980000000000001 0.2713643171875 0.648 0.2713643171875
0 0.654 0.2953523234375 0.6679999999999999 0.2908545734375 0.6679999999999999 0.2713643171875 0.596 0.2713643171875 0.638 0.3058470765625 0.65 0.3163418296875 0.654 0.2953523234375
0 0.008 0.27586206875 0.02 0.43778110937500003 0.282 0.4407796109375 0.27799999999999997 0.26836581718749997 0.008 0.27586206875
0 0.43200000000000005 0.164917540625 0.40599999999999997 0.1529235375 0.198 0.1544227890625 0.196 0.2053973015625 0.404 0.20839580156249998 0.42800000000000005 0.21439280312500003 0.43200000000000005 0.164917540625
0 0.41 0.26236881562500003 0.442 0.260869565625 0.43600000000000005 0.22488755624999998 0.42800000000000005 0.21289355312499997 0.40199999999999997 0.20839580156249998 0.196 0.20839580156249998 0.196 0.26836581718749997 0.27999999999999997 0.26836581718749997 0.282 0.263868065625 0.41 0.26236881562500003
0 0.632 0.3088455765625 0.58 0.2593703140625 0.284 0.265367315625 0.282 0.434782609375 0.576 0.439280359375 0.638 0.436281859375 0.632 0.3088455765625
0 0.64 0.436281859375 0.576 0.43778110937500003 0.292 0.43778110937500003 0.294 0.6041979015625001 0.584 0.614692653125 0.644 0.5712143921874999 0.64 0.436281859375
0 0.64 0.5742128937500001 0.5860000000000001 0.613193403125 0.294 0.6056971515625 0.3 0.7661169421875 0.588 0.7916041984375 0.638 0.6941529234375 0.64 0.5742128937500001
0 0 0.6206896546875 0.202 0.6281859078124999 0.27599999999999997 0.6086956515625 0.27 0.43778110937500003 0.2 0.4422788609375 0 0.434782609375 0 0.6206896546875
0 0.27799999999999997 0.6071964015625 0.202 0.62518740625 0.002 0.6206896546875 0 0.8050974515625 0.21000000000000002 0.8215892046875 0.286 0.77511244375 0.27799999999999997 0.6071964015625
0 0.21000000000000002 1 0.22000000000000003 0.99850075 0.286 0.9370314843750001 0.27799999999999997 0.7796101953125001 0.20600000000000002 0.8215892046875 0 0.8050974515625 0 0.9835082453125 0.144 1 0.21000000000000002 1
0 0.592 0.790104946875 0.3 0.764617690625 0.282 0.77511244375 0.286 0.9370314843750001 0.568 0.9730134937500001 0.604 0.9220389812500001 0.592 0.790104946875
0 0.65 0.7046476765625 0.63 0.7406296859375 0.9119999999999999 0.7541229390625 0.9019999999999999 0.7166416796874999 0.65 0.7046476765625
0 0.93 0.79910045 0.9119999999999999 0.7541229390625 0.63 0.7406296859375 0.61 0.7736131937499999 0.616 0.9430284859375 0.932 0.9685157421874999 0.93 0.79910045
0 0.65 0.2953523234375 0.646 0.43328335781250005 0.9 0.434782609375 0.9119999999999999 0.287856071875 0.65 0.2953523234375
0 0.9039999999999999 0.434782609375 0.65 0.434782609375 0.644 0.5682158921875 0.9039999999999999 0.5787106453125 0.908 0.43778110937500003 0.9039999999999999 0.434782609375
0 0.648 0.5697151421875 0.648 0.7076461765625 0.9039999999999999 0.715142428125 0.908 0.5787106453125 0.648 0.5697151421875
0 0.686 0.0584707640625 0.686 0.110944528125 0.764 0.1079460265625 0.766 0.05697151406249999 0.686 0.0584707640625
0 0.9 0.0434782609375 0.8019999999999999 0.0509745125 0.8039999999999999 0.101949025 0.9039999999999999 0.0944527734375 0.9 0.0434782609375
0 0.686 0.110944528125 0.6839999999999999 0.137931034375 0.762 0.134932534375 0.764 0.10644677656249998 0.686 0.110944528125
0 0.9039999999999999 0.09295352343749999 0.8039999999999999 0.1034482765625 0.8019999999999999 0.12593703125 0.9039999999999999 0.12293853125000001 0.9039999999999999 0.097451275 0.9039999999999999 0.09295352343749999
0 0.6759999999999999 0.134932534375 0.6759999999999999 0.188905546875 0.764 0.190404796875 0.764 0.134932534375 0.6759999999999999 0.134932534375
0 0.8019999999999999 0.1319340328125 0.8 0.1814092953125 0.9119999999999999 0.17841079531249998 0.908 0.12143927968749998 0.8019999999999999 0.1319340328125
0 0.686 0.19340329843749998 0.686 0.2458770609375 0.758 0.24437781093750002 0.766 0.190404796875 0.686 0.19340329843749998
0 0.8019999999999999 0.1814092953125 0.796 0.238380809375 0.916 0.23988005937499998 0.914 0.17691154375 0.8019999999999999 0.1814092953125
0 0.686 0.24437781093750002 0.6900000000000001 0.2923538234375 0.754 0.2908545734375 0.76 0.24287856093750002 0.686 0.24437781093750002
0 0.796 0.238380809375 0.796 0.2908545734375 0.9119999999999999 0.2923538234375 0.916 0.238380809375 0.796 0.238380809375
0 0.944 0.3808095953125 0.992 0.3673163421875 0.998 0.3673163421875 0.998 0.134932534375 0.9259999999999999 0.1454272859375 0.93 0.38830584687499997 0.932 0.62518740625 0.9400000000000001 0.6281859078124999 0.944 0.3808095953125
0 0.998 0.82308845625 0.9960000000000001 0.8005997 0.96 0.7976012 0.944 0.7841079453125 0.976 0.7286356828125 0.9960000000000001 0.6806596703125 0.9800000000000001 0.6581709140625 0.974 0.6176911546875 0.9720000000000001 0.589205396875 0.9720000000000001 0.560719640625 0.992 0.5322338828125 0.998 0.5202398796875001 0.998 0.3658170921875 0.942 0.3793103453125 0.942 0.6311844078125 0.9339999999999999 0.7811094453125 0.9640000000000001 0.8545727140625001 0.998 0.82308845625