0 0.7734524031250001 0.4297521671875 0.7347582234375001 0.586224625 0.8382335062499999 0.5674459281249999 0.870964315625 0.436095178125 0.7734524031250001 0.4297521671875
0 0.6174729906249999 0.424461971875 0.3814654140625 0.37837553125 0.3450805984375 0.5457245453125 0.5677903515625 0.6252149250000001 0.7291648765625001 0.5962183046875 0.7690319078125001 0.432292190625 0.6174729906249999 0.424461971875
0 0.6687976203125 0.213273903125 0.41356518906249995 0.199929246875 0.3878615875 0.3760562265625 0.6137562046875 0.4225298046875 0.7734524031250001 0.4297521671875 0.8133194328125001 0.26582605312499996 0.6687976203125 0.213273903125
0 0.8179745 0.261795296875 0.7721804359375 0.42505925468749994 0.8751502421874999 0.43504588593750004 0.9203397109375 0.288400684375 0.8179745 0.261795296875
0 0.883092534375 0.0779361203125 0.825877209375 0.26267817031249996 0.9324283453125 0.288234265625 0.9805317734375001 0.1358468609375 0.883092534375 0.0779361203125
0 0.4932926796875 0 0.476843 0.0022120546875000003 0.42786407187500003 0.1984928140625 0.6650808359375 0.211341734375 0.8261117796875 0.2611874390625 0.8796103203125 0.07451322031249999 0.7846159015625 0.013841735937499999 0.668268915625 0 0.4932926796875 0
0 0.7301031578125 0.59025538125 0.6880622171875 0.72966764375 0.7899318453124999 0.6955402015625001 0.834751290625 0.5640230296875 0.7301031578125 0.59025538125
0 0.573951953125 0.62438635 0.3450805984375 0.5457245453125 0.3175731109375 0.68220964375 0.5289607171874999 0.79532468125 0.691075290625 0.7360720046875 0.7323134046875001 0.58898536875 0.573951953125 0.62438635
0 0.9500245093749999 0.7513488296874999 0.7945869125 0.69150944375 0.6856174 0.7324283874999999 0.6448484265625 0.8765335609375 0.851250471875 0.97472325 0.907694221875 0.9730809046875001 0.9182220843750001 0.9662348140624999 0.9500245093749999 0.7513488296874999
0 0.523033684375 0.7946625265625 0.31931421875 0.6839210921875 0.285509675 0.834872065625 0.4754985125 0.9562150359375 0.6439101453125 0.8824964859375 0.6811969046875 0.7349684125 0.523033684375 0.7946625265625
0 0.6024700015625 0.9819620234374999 0.8467996140625 0.9748527578124999 0.636476575 0.87863215 0.6024700015625 0.9819620234374999
0 0.475733084375 0.954724303125 0.29143670781250003 0.8355342218749999 0.2510377578125 0.9645113656250001 0.46755077968750003 0.985887771875 0.6062405734375 0.9818523109375 0.6337971875 0.8828836234375 0.475733084375 0.954724303125
0 0.8764222078125 0.43973879687500006 0.9914158328125 0.46268962187499996 0.9944270671875 0.29017607968750003 0.9353423046874999 0.282492059375 0.8764222078125 0.43973879687500006
0 0.9294152703125 0.281829903125 0.9944648046875001 0.2880141265625 0.9965788171875 0.16690238125 0.9718890140625 0.1652200453125 0.9294152703125 0.281829903125
0 0.8427894546875001 0.5512686062500001 0.9632694515625 0.5905162984375 0.9909580234375 0.48891746875 0.9913366109374999 0.467228240625 0.8739773906250001 0.44249954062499997 0.8427894546875001 0.5512686062500001
0 0.8408137765625 0.5510478875 0.8058099421874999 0.64573821875 0.9262899375 0.6849859125 0.9630348796874999 0.5920070296875 0.8408137765625 0.5510478875
0 0.8058099421874999 0.64573821875 0.7945869125 0.69150944375 0.9512964765625 0.756041740625 0.959172746875 0.69321031875 0.9260553671875 0.6864766437500001 0.8058099421874999 0.64573821875
0 0 0.93378385625 0.25324800625 0.9632413546875 0.27770608124999996 0.8461357578125 0.0331813046875 0.9052833640625 0 0.870864715625 0 0.93378385625
0 0 0.8684741953125 0.033415875 0.9037926328125 0.2799163296875 0.8448657468749999 0.3105723453125 0.7011477109375 0.065145625 0.7404743765624999 0 0.6949048609374999 0 0.8684741953125
0 0 0.6965196359375 0.057242914062500004 0.7395915015625001 0.30755926875 0.69474335 0.337980715625 0.5525160437500001 0.10049304375000001 0.5669417203125 0 0.517595159375 0 0.6965196359375
0 0.39672237187500003 0.1919798546875 0.42485099687499994 0.192088453125 0.4718179125 0.0213708390625 0.4324398140625 0.003319171875 0.39672237187500003 0.1919798546875
0 0 0.5170496734375 0.100258471875 0.56843245 0.3401909625 0.5512460328125 0.37948973750000004 0.3781548140625 0.11729287343749999 0.35796435937500004 0.018409878125 0.33478186875 0 0.45177960781250004 0 0.5170496734375
0 0.126460903125 0.1208295296875 0.0463600640625 0.1316010125 0.02038555625 0.3350025875 0.109624734375 0.3555907546875 0.383206521875 0.38008698124999996 0.4100829734375 0.196506346875 0.394277553125 0.19474059999999999 0.126460903125 0.1208295296875
0 0.06908901875 0 0.0522870984375 0.13226316875 0.126460903125 0.1208295296875 0.40067372656250005 0.19242129375 0.43483340468750004 0 0.06908901875 0