0 0.3035095625 0 0 0.059879550000000004 0 0.21383098281250001 0.050832660937499996 0.17117527500000002 0.5042695593750001 0.106631346875 0.51250625 0 0.3035095625 0
0 0 0.48674274375 0.08345311875 0.403055603125 0.4919403796875 0.325714715625 0.5030494984375 0.11012181562500001 0.0565476875 0.16896450000000002 0 0.214932521875 0 0.48674274375
0 0 0.7063693578125 0.12088379687499999 0.59932276875 0.49600324999999995 0.5068999375 0.4904167640625 0.32493205468749997 0.0849767390625 0.40383826406249995 0 0.48858982187500005 0 0.7063693578125
0 0 0.7613771359375 0.017657090625 0.8200905374999999 0.14841973749999998 0.7596281609375 0.49626585468749995 0.6552540234374999 0.496306803125 0.51117306875 0.12240741718749999 0.6001054296875 0 0.7064547609375 0 0.7613771359375
0 0.04734130625 0.9279758656249999 0.1548527 0.912181165625 0.48220879375000003 0.7880179109375 0.4960381890625 0.652049178125 0.146972009375 0.7599137828125 0.017657090625 0.8200905374999999 0.04734130625 0.9279758656249999
0 0.48533191562500005 0.7906515109375001 0.1606436140625 0.9110386734375 0.045893576562499996 0.928261490625 0.0556274578125 0.9918135796875 0.35218771875 0.9693415859375 0.48262902187499995 0.91792556875 0.48533191562500005 0.7906515109375001
0 0.483924975 0.9155033796875 0.34227936406250004 0.970092396875 0.45828556562499995 0.961301971875 0.48863882500000005 0.9562353578125 0.483924975 0.9155033796875
0 0.5107923890625 0 0.5043454484375001 0.10769962656250001 0.8796049796875 0.0585793484375 0.8919223875 0 0.5107923890625 0
0 0.8668030828125 0.064354803125 0.504724890625 0.1130410421875 0.4972759671875 0.318162528125 0.8363481234375 0.2555998328125 0.8668030828125 0.064354803125
0 0.8347486156249999 0.25374888906250004 0.49475995156249997 0.324075184375 0.4950925921875 0.49408054687499997 0.8100904203124999 0.4232684328125 0.8347486156249999 0.25374888906250004
0 0.8025482203125 0.4204234171875 0.4950925921875 0.49408054687499997 0.4971823640625 0.6474904218749999 0.7865822515625001 0.5676462265625 0.8025482203125 0.4204234171875
0 0.7909254375 0.5667893578125 0.49436279531249994 0.6491299515625 0.485180140625 0.7885149484375 0.7727528546875 0.7036149625 0.7909254375 0.5667893578125
0 0.7725251890625 0.700410115625 0.48937154843749997 0.7855215125 0.48841993749999996 0.9167830765625 0.749250534375 0.8274097640625 0.7725251890625 0.700410115625
0 0.7506982640625 0.8271241406250001 0.48841993749999996 0.9167830765625 0.48665695624999994 0.9539615546875 0.7401613171875 0.9061140640625001 0.7506982640625 0.8271241406250001
0 0.90933583125 0.27044792812499996 0.8326061906250001 0.2855859578125 0.7970550078125 0.4464220359375 0.887327878125 0.49794035625 0.9707274031249999 0.4827789578125 0.9745387437499999 0.4100542328125 0.9653477562500001 0.28067243125 0.90933583125 0.27044792812499996
0 0.7956831671875 0.447775940625 0.7883218328125 0.6127997203125 0.8737202984374999 0.657696934375 0.96315881875 0.62719614375 0.9706449703125 0.48435186718749995 0.8889273859375001 0.49979129999999994 0.7956831671875 0.447775940625
0 0.7809314109375001 0.612091271875 0.7628405671875 0.729402165625 0.8109892171874999 0.7459010109374999 0.9596098718749999 0.69491408125 0.96314286875 0.6275005 0.8752439140625 0.6584795953125 0.7809314109375001 0.612091271875
0 0.765660134375 0.7277626390624999 0.759005196875 0.8200689890625 0.7964067874999999 0.8506039265625001 0.9542903703125001 0.7964162359375 0.9596445078125001 0.6942531984375 0.8093138218749999 0.7429817843750001 0.765660134375 0.7277626390624999
0 0.7486434281250001 0.8188635046874999 0.740009540625 0.9039774984375001 0.95073380625 0.8642794968749999 0.9542391421875 0.7973937203125 0.797778628125 0.8492500203125 0.7486434281250001 0.8188635046874999