0 0.6744574296875 0.0626566421875 0.6941772296875001 0.36008235312500003 0.9593005390625 0.3312294609375 0.9273085578125 0.014531321875 0.8632174718750001 0.0154935578125 0.6744574296875 0.0626566421875
0 0.352228546875 0.0960138765625 0.37153436875 0.39021822031250003 0.6983282625 0.35850653125 0.6753170796875 0.0778152 0.6510803953125001 0.05013375 0.352228546875 0.0960138765625
0 0.0767537328125 0.15441689375 0.10561479062500001 0.4213441984375 0.36707565781249996 0.38093064062500004 0.3439581734375 0.1078813421875 0.335868715625 0.095748915625 0.0767537328125 0.15441689375
0 0.1006357984375 0.4164772859375 0.0736749546875 0.15586720781250002 0.0009852156250000001 0.1693441046875 0.002227128125 0.3828109015625 0.0077634734375 0.43061784375 0.1006357984375 0.4164772859375
0 0.71382241875 0.6738659218749999 0.99121790625 0.66428545625 0.9595765265624999 0.3333770390625 0.684006640625 0.36563258906249996 0.71382241875 0.6738659218749999
0 0.39402526718750003 0.6753302171875 0.7040341171875 0.673921703125 0.679441628125 0.3639870421875 0.37395486875 0.3921147828125 0.39402526718750003 0.6753302171875
0 0.12531413281249998 0.6762645859374999 0.19234600156249998 0.672778246875 0.3259211453125 0.6789420640625 0.391849065625 0.6668654109375 0.36693766562499996 0.3798568515625 0.1057527828125 0.4224179890625 0.12531413281249998 0.6762645859374999
0 0.040574190625 0.6774638937499999 0.1281169234375 0.6726666921875 0.09918125156249999 0.42209724531250004 0.0086977359375 0.42941854843750005 0.040574190625 0.6774638937499999
0 1 0.7288697843749999 0.99336241875 0.6640344406249999 0.6400810265625 0.675957728125 0.665236721875 0.9563980437499999 1 0.9161823203124999 1 0.7288697843749999
0 0.4204862828125 0.9828662843749999 0.47236856875 0.98006326875 0.6562446890625 0.9541807406249999 0.6379365124999999 0.6762087453125 0.3922947359375 0.6788026015625 0.4204862828125 0.9828662843749999
0 0.3442927015625 0.9743457046874999 0.415783278125 0.9801469484374999 0.388939971875 0.6781053375 0.3193496140625 0.6786213203125 0.3442927015625 0.9743457046874999
0 0.26531846406250004 1 0.3453649578125 0.9742201984375001 0.31879763906249997 0.6743261640625 0.196359040625 0.6701286375 0.036561153125 0.6801135046875 0.0787511578125 1 0.26531846406250004 1