0 0.002 0 0.002 0.028000000000000004 0.12 0.03 0.144 0.028000000000000004 0.13999999999999999 0 0.118 0 0.002 0
0 0.142 0 0.144 0.038 0.16 0.038 0.16 0 0.142 0
0 0.04 0.05 0.046 0.06 0.06 0.068 0.06999999999999999 0.062 0.08399999999999999 0.064 0.098 0.06999999999999999 0.10600000000000001 0.066 0.118 0.062 0.13 0.068 0.13999999999999999 0.072 0.144 0.068 0.15 0.06 0.142 0.032 0.126 0.032 0.002 0.024 0.024 0.032 0.026000000000000002 0.048 0.04 0.05
0 0.16599999999999998 0.05 0.162 0.04 0.146 0.04 0.15 0.062 0.16 0.057999999999999996 0.16599999999999998 0.05
0 0 0.32 0.182 0.322 0.194 0.32 0.19 0.254 0.192 0.242 0.184 0.15 0.172 0.156 0.16999999999999998 0.16599999999999998 0.16599999999999998 0.172 0.158 0.172 0.148 0.16999999999999998 0.142 0.172 0.128 0.174 0.10200000000000001 0.2 0.06999999999999999 0.178 0.062 0.176 0.054000000000000006 0.174 0.044 0.174 0.038 0.16999999999999998 0.034 0.162 0.03 0.156 0.02 0.152 0.014000000000000002 0.148 0 0.12 0 0.32
0 0 0.516 0.198 0.52 0.22000000000000003 0.502 0.22000000000000003 0.47800000000000004 0.20600000000000002 0.47400000000000003 0.194 0.324 0.182 0.32599999999999996 0 0.322 0 0.516
0 0 0.702 0.04 0.702 0.176 0.704 0.24 0.7 0.236 0.6799999999999999 0.23199999999999998 0.6719999999999999 0.23399999999999999 0.6519999999999999 0.23199999999999998 0.606 0.22000000000000003 0.502 0.198 0.52 0 0.518 0 0.702
0 0 0.8619999999999999 0.09 0.8619999999999999 0.192 0.866 0.244 0.8640000000000001 0.252 0.85 0.246 0.792 0.242 0.75 0.23399999999999999 0.702 0.16599999999999998 0.704 0.072 0.702 0 0.702 0 0.8619999999999999
0 0.246 1 0.26 0.97 0.252 0.85 0.236 0.866 0.192 0.866 0.09 0.8619999999999999 0 0.8619999999999999 0 1 0.246 1
0 0.176 0 0.176 0.048 0.19 0.02 0.2 0.036 0.20400000000000001 0.044 0.21000000000000002 0.057999999999999996 0.20800000000000002 0.06999999999999999 0.20600000000000002 0.076 0.21000000000000002 0.08399999999999999 0.21000000000000002 0.094 0.21000000000000002 0.10400000000000001 0.20600000000000002 0.11000000000000001 0.20400000000000001 0.122 0.198 0.126 0.198 0.136 0.19 0.13799999999999998 0.184 0.152 0.194 0.244 0.27999999999999997 0.244 0.382 0.242 0.516 0.242 0.5900000000000001 0.242 0.5900000000000001 0.057999999999999996 0.5940000000000001 0 0.176 0
0 0.20600000000000002 0.476 0.24 0.476 0.306 0.476 0.368 0.47800000000000004 0.536 0.476 0.5860000000000001 0.47400000000000003 0.588 0.366 0.5900000000000001 0.244 0.554 0.244 0.532 0.248 0.43600000000000005 0.25 0.31 0.25 0.198 0.248 0.186 0.26 0.19 0.27799999999999997 0.20600000000000002 0.476
0 0.23399999999999999 0.6719999999999999 0.23399999999999999 0.682 0.27 0.682 0.308 0.6799999999999999 0.394 0.6839999999999999 0.504 0.682 0.58 0.682 0.596 0.6599999999999999 0.5980000000000001 0.48200000000000004 0.584 0.47400000000000003 0.536 0.476 0.37 0.47800000000000004 0.26 0.48200000000000004 0.22200000000000003 0.47800000000000004 0.22000000000000003 0.492 0.22799999999999998 0.5660000000000001 0.23399999999999999 0.6519999999999999 0.23399999999999999 0.6719999999999999
0 0.5940000000000001 0.8619999999999999 0.6 0.6799999999999999 0.58 0.682 0.504 0.682 0.394 0.6839999999999999 0.322 0.6799999999999999 0.31 0.6980000000000001 0.308 0.6799999999999999 0.27 0.682 0.248 0.682 0.256 0.85 0.4 0.858 0.51 0.858 0.5940000000000001 0.8619999999999999
0 0.5820000000000001 1 0.5860000000000001 0.8939999999999999 0.584 0.86 0.46799999999999997 0.86 0.344 0.8560000000000001 0.256 0.852 0.258 0.8880000000000001 0.262 0.96 0.266 1 0.5820000000000001 1
0 0.596 0 0.592 0.242 0.606 0.248 0.63 0.248 0.746 0.248 0.77 0.248 0.97 0.252 0.984 0.256 1 0.258 1 0.004 0.622 0 0.596 0
0 0.9640000000000001 0.48600000000000004 0.992 0.282 1 0.258 0.952 0.256 0.8720000000000001 0.256 0.82 0.256 0.748 0.254 0.692 0.254 0.648 0.254 0.602 0.252 0.592 0.244 0.584 0.46399999999999997 0.5900000000000001 0.47800000000000004 0.9640000000000001 0.48600000000000004
0 0.592 0.682 0.8240000000000001 0.686 0.952 0.688 0.982 0.49000000000000005 0.968 0.472 0.958 0.48600000000000004 0.734 0.48200000000000004 0.604 0.476 0.592 0.5 0.5940000000000001 0.662 0.592 0.682
0 0.77 0.8619999999999999 0.868 0.8640000000000001 0.9339999999999999 0.866 0.9359999999999999 0.8 0.95 0.806 0.9480000000000001 0.792 0.952 0.688 0.8240000000000001 0.686 0.602 0.6839999999999999 0.5940000000000001 0.858 0.65 0.86 0.724 0.8619999999999999 0.77 0.8619999999999999
0 0.9099999999999999 1 0.9179999999999999 0.942 0.9279999999999999 0.866 0.868 0.8640000000000001 0.77 0.8619999999999999 0.724 0.8619999999999999 0.65 0.86 0.5860000000000001 0.8619999999999999 0.584 0.914 0.5820000000000001 1 0.9099999999999999 1
0 1 0.706 0.9560000000000001 0.6900000000000001 0.95 0.726 0.95 0.754 0.9480000000000001 0.786 0.95 0.806 0.9380000000000001 0.8019999999999999 0.9359999999999999 0.8400000000000001 1 0.866 1 0.706
0 1 0.54 0.978 0.532 0.9720000000000001 0.554 0.9720000000000001 0.584 0.968 0.5900000000000001 0.966 0.606 0.954 0.688 1 0.706 1 0.54
0 1 0.274 0.994 0.274 0.9800000000000001 0.364 0.966 0.47400000000000003 0.984 0.488 0.9800000000000001 0.532 1 0.54 1 0.274