0 0.62385516875 0 0.607333634375 0.06351765781249999 0.983091053125 0.0786445234375 0.9881385171874999 0 0.62385516875 0
0 0.5088824703125 0 0.2719542640625 0.0062407515625 0.28815709375 0.06985073593749999 0.6045011062500001 0.062498971874999996 0.6209608125 0 0.5088824703125 0
0 0 0.0689561265625 0.240130740625 0.0731358921875 0.2786963515625 0.059225425 0.273335671875 0.0072931671875000005 0 0.0102249703125 0 0.0689561265625
0 0.95336358125 0.47409976093750006 0.98461188125 0.0775246640625 0.7328142125 0.0725312109375 0.619352846875 0.4406504296875 0.95336358125 0.47409976093750006
0 0.6809224656249999 0.068314575 0.6226685671875 0.0729219359375 0.2607949546875 0.0672330734375 0.2743605421875 0.397695653125 0.568646153125 0.4179694578125 0.6408918906250001 0.35338846875 0.6809224656249999 0.068314575
0 0 0.38218479375 0.000042056249999999996 0.38238040624999997 0.274499959375 0.3955233796875 0.250079446875 0.076158240625 0 0.06932903124999999 0 0.38218479375
0 0.6341114828125 0.3687292859375 0.5944746921874999 0.44448214531249997 0.5436972140624999 0.671241846875 0.82304060625 0.7211448781249999 0.9546752828124999 0.4762383109375 0.617901728125 0.44068415468750005 0.6341114828125 0.3687292859375
0 0.5685764453125 0.41905559531250003 0.2715280109375 0.39667696406249997 0.266129015625 0.41307019843750004 0.2800373 0.6253124046874999 0.5334824421875 0.6497888859375001 0.5897727875000001 0.45001400625 0.6361202765625 0.3600064640625 0.5685764453125 0.41905559531250003
0 0 0.3961182109375 0.0470472453125 0.59819151875 0.255368271875 0.6258857078125 0.27797157031249997 0.6123462015625 0.2704254390625 0.39127999999999996 0 0.3836170125 0 0.3961182109375
0 0.5378927375 0.6713767421875 0.49413033593750005 0.8339868812500001 0.7376837078125 0.8771300406250001 0.8204172046875 0.7168677765625 0.5378927375 0.6713767421875
0 0.2865064 0.7954313140625 0.5004924875000001 0.8251628859375 0.5390777921875001 0.652912403125 0.2786558875 0.6242599921875 0.2865064 0.7954313140625
0 0.0427635953125 0.5972065515625 0.06809724843750001 0.7668870531249999 0.2632187828125 0.7970570312499999 0.28409212500000003 0.7878958 0.27659015937500003 0.6112937875 0.2537777328125 0.628091709375 0.0427635953125 0.5972065515625
0 0.7392742484375 0.8749240437499999 0.52563670625 0.839761784375 0.4889463171875 0.9599113875 0.6254512531249999 0.990857965625 0.7222849203124999 0.9816015874999999 0.7675298328125 0.88619708125 0.7685313046875 0.8254408265625001 0.7392742484375 0.8749240437499999
0 0.28346474375 0.7976710390624999 0.289471425 0.92984258125 0.4769888171875 0.9656118656249999 0.5011768046875 0.8370766765625 0.28346474375 0.7976710390624999
0 0.0823296046875 0.770894365625 0.0989123765625 0.8963130187499999 0.2739970765625 0.922610578125 0.28630312343750003 0.9114794125 0.29113859375 0.79098559375 0.2617676625 0.79709075625 0.0823296046875 0.770894365625
0 0.4872756734375 0.994069134375 0.6292041546875 0.9870183171875 0.491709140625 0.9620162156250001 0.4872756734375 0.994069134375
0 0.2852574859375 0.9277714749999999 0.2852888796875 0.9950108328124999 0.48540392656250003 0.9925292375 0.48604407812500006 0.9599788359374999 0.475746825 0.9623871765625 0.2852574859375 0.9277714749999999
0 0.0958010109375 0.8996388765625 0.1063659203125 0.9989062765625001 0.28218853906249997 0.9978833703125 0.283945784375 0.925632925 0.0958010109375 0.8996388765625