0 0.8263278765625 0.10989856406250001 0.8235038875 0.1430676421875 0.9863168203124999 0.17901318593749999 0.9948200843749999 0.158351246875 0.8263278765625 0.10989856406250001
0 0.7048567484375 0.074967559375 0.6971068890625001 0.121671834375 0.8193157687499999 0.143222528125 0.8243686640625001 0.1093351609375 0.7048567484375 0.074967559375
0 0.6277253890625001 0.1057977921875 0.6431293859375 0.11158670781249999 0.6951476765625 0.12110843125 0.7018900890624999 0.089066159375 0.7048567484375 0.074967559375 0.5569678015624999 0.0324396796875 0.529696753125 0.030851321874999997 0.523617471875 0.07721910781249999 0.6277253890625001 0.1057977921875
0 0.8149449375 0.1936169890625 0.97026205625 0.23556247031250002 0.9840879125 0.1797314734375 0.825193403125 0.1449127375 0.8149449375 0.1936169890625
0 0.6389412671875 0.11174159374999999 0.6312627421875 0.1679811078125 0.6947666078125 0.182164940625 0.8092099765625 0.21099725937499997 0.819046071875 0.14450421875 0.69487798125 0.12239012187500001 0.6389412671875 0.11174159374999999
0 0.5194293515624999 0.07737399375000001 0.5109417390625001 0.1374585796875 0.6253851078125 0.1662908984375 0.6364426625 0.113741571875 0.62745569375 0.10707948281249999 0.5194293515624999 0.07737399375000001
0 1 0.2417354046875 0.9803278125 0.23709779375 0.9731886812500001 0.2907739265625 1 0.29812719374999996 1 0.2417354046875
0 0.80976501875 0.247856525 0.9709597734375001 0.2914922140625 0.9761396906250001 0.2372526796875 0.8149449375 0.1936169890625 0.80976501875 0.247856525
0 1 0.2994459484375 0.9690005609375 0.290928809375 0.9175216624999999 0.27884370625 0.9081536234375 0.333238128125 0.92186810625 0.33718195 1 0.35965005156249996 1 0.2994459484375
0 1 0.3616204078125 0.923287925 0.3403087359375 0.9076142296875 0.33580150937500003 0.89709606875 0.38578745312499996 1 0.4153791578125 1 0.3616204078125
0 0.8003969796874999 0.302250946875 0.9022759890625001 0.3315479171875 0.9175216624999999 0.27884370625 0.8117242296875 0.24841992968749999 0.8003969796874999 0.302250946875
0 0.7952170609375 0.3564904828125 0.8931776453125 0.384660646875 0.9061944125 0.332674725 0.8023561906250001 0.30281435 0.7952170609375 0.3564904828125
0 1 0.416844165625 0.9572922390624999 0.40581633593750005 0.9531911046875001 0.4549291109375 1 0.46692282656249995 1 0.416844165625
0 0.7850399312499999 0.4147299765625 0.8289516796875 0.42327977499999997 0.9070504515625 0.44709759687500006 0.9459649890625 0.459647353125 0.9600605421875 0.4025346671875 0.7932578484375 0.355927078125 0.7850399312499999 0.4147299765625
0 1 0.4689953 0.9509621984375001 0.455647396875 0.9393652515625 0.5107601046875 0.9768599703125 0.5201830765625 1 0.52683736875 1 0.4689953
0 0.9090096640625 0.447661 0.8269924671875 0.422716371875 0.785309628125 0.413448284375 0.7720231656250001 0.466715896875 0.93659695 0.514041775 0.9456952921875 0.4609290453125 0.9090096640625 0.447661
0 1 0.528196615625 0.9765902734375 0.5214647671875 0.9349074343750001 0.5121966796875 0.879779809375 0.497703078125 0.8676434687500001 0.5553791671874999 1 0.59465086875 1 0.528196615625
0 0.7604262187499999 0.5218286062499999 0.861765834375 0.5536889578124999 0.879779809375 0.497703078125 0.7717534671874999 0.46799758750000003 0.7604262187499999 0.5218286062499999
0 1 0.5946488796875 0.86960268125 0.5559425703125 0.8599649453125 0.6116186828125 1 0.65452359375 1 0.5946488796875
0 0.748559575 0.578223003125 0.85631621875 0.609210184375 0.8654145609375 0.5560974562500001 0.7618460359375 0.5249553890625 0.748559575 0.578223003125
0 1 0.654606540625 0.9201611156249999 0.631647565625 0.9091035609375 0.6841968921875 0.993349665625 0.708423234375 1 0.6768185390625 1 0.654606540625
0 0.7522083015625001 0.5806315015625 0.7398022640625 0.6395892812499999 0.9046457437500001 0.6856334687500001 0.9201611156249999 0.631647565625 0.856046521875 0.6104918765625 0.7522083015625001 0.5806315015625
0 0.99307996875 0.709704925 0.9049154421875001 0.684351775 0.89135928125 0.73890108125 0.9814830203125 0.7648176328125 0.99307996875 0.709704925
0 0.7237475 0.6961385640625 0.8871711609374999 0.739055965625 0.9024168375 0.6863517546875 0.73953256875 0.640870971875 0.7237475 0.6961385640625
0 0.9690769843749999 0.8237754125000001 0.9812133234375 0.766099325 0.8852119500000001 0.7384925609375 0.8337330515625 0.7264074593750001 0.8209859843749999 0.7771116890624999 0.9690769843749999 0.8237754125000001
0 0.7140384281250001 0.7422794359375 0.8173372546875 0.7747031921875001 0.8315041453124999 0.7271257453125 0.7232081078125 0.698701946875 0.7140384281250001 0.7422794359375
0 0.9690769843749999 0.8237754125000001 0.8207162859375 0.7783933796875 0.809928428125 0.829661015625 0.9577497328125 0.8776064296874999 0.9690769843749999 0.8237754125000001
0 0.7021717828125 0.7986738359375 0.809928428125 0.829661015625 0.8212556796875001 0.77583 0.7137687328125 0.7435611265625 0.7021717828125 0.7986738359375
0 0.9577497328125 0.8776064296874999 0.8622877515624999 0.8474362859375001 0.8384831265624999 0.95068984375 0.9364437140625 0.9788600093750001 0.9577497328125 0.8776064296874999
0 0.7021717828125 0.7986738359375 0.6903051390625 0.8550682328124999 0.84481316875 0.900858784375 0.8622877515624999 0.8474362859375001 0.809928428125 0.829661015625 0.7021717828125 0.7986738359375
0 0.677827765625 0.9044907734375001 0.8359845218749999 0.9526898218750001 0.84481316875 0.900858784375 0.69003544375 0.8563499234374999 0.677827765625 0.9044907734375001
0 0.9319953859375 1 0.9361740171875 0.9801417000000001 0.8340253125 0.9521264203124999 0.7808568984375001 0.938196221875 0.7658809203125 0.989618740625 0.799945209375 1 0.9319953859375 1
0 0.6645413046875001 0.9577583859375001 0.7619624968750001 0.9884919343749999 0.7788976859375001 0.9376328171875 0.6753291625 0.906490753125 0.6645413046875001 0.9577583859375001
0 0.7990453828125 1 0.7639217078125 0.9890553359375 0.66623081875 0.9596034828125 0.6525167078125 1 0.7990453828125 1
0 0.63491146875 0.1703896046875 0.6235842203125 0.22422062187499997 0.8046407859375 0.272208653125 0.80976501875 0.247856525 0.8089402796874999 0.21227895000000002 0.6925377 0.1828832265625 0.63491146875 0.1703896046875
0 0.50103430625 0.1944163828125 0.619126403125 0.225657196875 0.6346417734375 0.171671296875 0.514590465625 0.1398670765625 0.50103430625 0.1944163828125
0 0.6763715625 0.2992073296875 0.79365456875 0.3342932171875 0.8060606046875 0.2753354375 0.6843197828124999 0.24168612500000003 0.6763715625 0.2992073296875
0 0.5049527312500001 0.1955431875 0.48862827031249995 0.2533741609375 0.6696848375 0.3013621921875 0.6843197828124999 0.24168612500000003 0.623314521875 0.22550231406250001 0.5049527312500001 0.1955431875
0 0.6620063125 0.35760170625 0.781518228125 0.39196930625 0.79365456875 0.3342932171875 0.67164405 0.3019255953125 0.6620063125 0.35760170625
0 0.47077261718749996 0.36785316875 0.5902845328125 0.40222076875 0.6024208718749999 0.3445446796875 0.4804103515625 0.31217705625000003 0.47077261718749996 0.36785316875
0 0.45444815624999996 0.42568414375 0.573960071875 0.46005174374999996 0.5860964125 0.40237565468750003 0.46658449687500003 0.36800805312499996 0.45444815624999996 0.42568414375
0 0.4928163890625 0.253219278125 0.4764919296875 0.3110502515625 0.6575484968749999 0.3590382828125 0.6721834421875 0.2993622125 0.6111781828125 0.28317840156249996 0.4928163890625 0.253219278125
0 0.6066089921875 0.3443897953125 0.5902845328125 0.40222076875 0.7713410984375 0.45020879999999996 0.7859760437500001 0.3905327328125 0.7249707843750001 0.3743489203125 0.6066089921875 0.3443897953125
0 0.585826715625 0.4036573453125 0.5776087984375 0.462460240625 0.758665365625 0.510448271875 0.7733003109375 0.45077220156250003 0.71229505 0.43458839375 0.585826715625 0.4036573453125
0 0.4429225453125 0.49033208906250003 0.4330151125 0.547289890625 0.61130338125 0.5985595921875 0.625938325 0.5388835234375 0.564933065625 0.5226997124999999 0.4429225453125 0.49033208906250003
0 0.45390876406249997 0.4282475234375 0.4431922421875 0.4890503984375 0.6242488109375001 0.5370384296874999 0.6388837546875 0.4773623609375 0.5778784953125 0.46117854999999996 0.45390876406249997 0.4282475234375
0 0.6152218031250001 0.5996863984374999 0.7386521421875 0.63518080625 0.7507884812500001 0.577504715625 0.6312765671875 0.543137115625 0.6152218031250001 0.5996863984374999
0 0.6278975375 0.5394469265625 0.7474094515624999 0.5738145265625 0.7617746999999999 0.5154201515625 0.642262784375 0.48105254999999997 0.6278975375 0.5394469265625
0 0.6196796203125 0.598249821875 0.7431099578125 0.6337442296875 0.7552462984375 0.576068140625 0.635734384375 0.5417005390625 0.6196796203125 0.598249821875
0 0.4084727359375 0.6639237609374999 0.5299438640624999 0.6988547656249999 0.542080203125 0.641178675 0.42256828750000003 0.606811075 0.4084727359375 0.6639237609374999
0 0.4208787734375 0.60496598125 0.5423498999999999 0.639896984375 0.554486240625 0.582220896875 0.43497432500000005 0.54785329375 0.4208787734375 0.60496598125
0 0.543500021875 0.6443054609375001 0.5313636828125 0.70198155 0.7113414625 0.7550963453125 0.7259764078125001 0.6954202765625 0.6649711500000001 0.6792364656250001 0.543500021875 0.6443054609375001
0 0.5600941796875001 0.585192796875 0.5437697171875 0.6430237703125 0.7217882875 0.6955751609374999 0.7361535375 0.637180784375 0.6756876703125 0.618433590625 0.5600941796875001 0.585192796875
0 0.39552730625 0.7254449234375 0.3833909671875 0.7831210125 0.559450325 0.8351089999999999 0.575774784375 0.777278025 0.5094312828125 0.7568406234375 0.39552730625 0.7254449234375
0 0.41016225312500004 0.6657688562499999 0.3980259109375 0.7234449453125 0.57800369375 0.7765597390625001 0.5898703375000001 0.7201653390625 0.531633378125 0.700699859375 0.41016225312500004 0.6657688562499999
0 0.5846190796874999 0.7648696375 0.7021717828125 0.7986738359375 0.7113414625 0.7550963453125 0.589600640625 0.72144703125 0.5846190796874999 0.7648696375
0 0.569643103125 0.8162921546874999 0.5650582640625 0.8380808999999999 0.684570178125 0.872448503125 0.6999428765625 0.7993921234375 0.578202053125 0.7657428078125 0.569643103125 0.8162921546874999
0 0.5043227 0.8206153984375 0.49049684375 0.87644639375 0.6687851109375 0.92771609375 0.68430048125 0.8737301921875 0.5630990515625001 0.8375174984375 0.5043227 0.8206153984375
0 0.49245605625 0.8770097984375 0.4786302 0.9328407921874999 0.656918465625 0.9841104921875001 0.6724338375000001 0.9301245921874999 0.5512324078125 0.893911896875 0.49245605625 0.8770097984375
0 0.5186219015625 1 0.533757825 0.94733439375 0.41255639375 0.9111217 0.35850755625 0.8915013359374999 0.3399541875 0.95005059375 0.51365118125 1 0.5186219015625 1
0 0.372063715625 0.8369520296875 0.4873875109375 0.871474515625 0.5043227 0.8206153984375 0.3814317546875 0.782557609375 0.372063715625 0.8369520296875
0 0.35654834375 0.8909379312500001 0.4108668796875 0.9092766046874999 0.477480078125 0.9284323156250001 0.48880732968749996 0.8746012999999999 0.3695651109375 0.838952009375 0.35654834375 0.8909379312500001
0 0.6518705312499999 1 0.6566487703125 0.985392184375 0.535447340625 0.9491794875 0.5227712546875 1 0.6518705312499999 1
0 0.490326521875 0.10706389999999999 0.50964894375 0.113979625 0.5198974078124999 0.065275371875 0.5086101953125 0.04979633125 0.397723903125 0.0231647796875 0.3338410375 0.0194440265625 0.3221753484375 0.066864765625 0.490326521875 0.10706389999999999
0 0.3157583203125 0.0677379375 0.32962180937499996 0.019198284375 0.20534946718749997 0.01196024375 0.201584646875 0.0376239265625 0.3157583203125 0.0677379375
0 0.317987228125 0.06701965 0.306120584375 0.12341404843749999 0.4835284234375 0.16899358281250002 0.5031205421875 0.1746276140625 0.5144477921874999 0.12079659843749999 0.49566476562500006 0.1113174921875 0.317987228125 0.06701965
0 0.191677215625 0.0945817296875 0.30193246406249996 0.12356893124999999 0.3154886234375 0.069019628125 0.203004465625 0.0407507140625 0.191677215625 0.0945817296875
0 0.3705048734375 0.1432880484375 0.35863823125 0.199682446875 0.474231721875 0.2329232421875 0.49051614531250004 0.24440232499999998 0.5023114515625 0.1784726875 0.491095575 0.172528884375 0.3705048734375 0.1432880484375
0 0.189718003125 0.0940183265625 0.17677257500000002 0.15553948906249998 0.354450109375 0.1998373296875 0.368815359375 0.141442953125 0.3058508890625 0.1246957390625 0.189718003125 0.0940183265625
0 0.3561396265625 0.2016824265625 0.3417743765625 0.2600768015625 0.4579072609375 0.290754215625 0.478919196875 0.29951503437500004 0.48862827031249995 0.2533741609375 0.4776107515625 0.23661343124999998 0.3561396265625 0.2016824265625
0 0.1626770203125 0.21265217500000003 0.34008486250000003 0.258231709375 0.354450109375 0.1998373296875 0.17873178437499998 0.1561028921875 0.1626770203125 0.21265217500000003
0 0.28441784375 0.2463014890625 0.269513203125 0.30725924843749997 0.44861055937499994 0.354683875 0.47016188750000004 0.36088131093750003 0.4786495015625 0.3007967234375 0.46547441093749997 0.2942895203125 0.28441784375 0.2463014890625
0 0.151690803125 0.274736740625 0.2658644765625 0.30485075 0.284687540625 0.245019796875 0.162407325 0.213933865625 0.151690803125 0.274736740625
0 0.26924350625 0.3085409390625 0.259066378125 0.36678043125 0.43735464375 0.41805013124999996 0.4549875484375 0.42312076093749995 0.468543709375 0.36857145625 0.45644740625 0.3569374890625 0.26924350625 0.3085409390625
0 0.1390150703125 0.3349762125 0.257107165625 0.3662170265625 0.2672842953125 0.3079775359375 0.151151409375 0.277300121875 0.1390150703125 0.3349762125
0 0.31730333593750004 0.3862459109375 0.3068565109375 0.4457670953125 0.42636842656249996 0.480134696875 0.44008290937499994 0.48407851874999996 0.453099675 0.432092596875 0.4429625828125 0.42102203125 0.31730333593750004 0.3862459109375
0 0.140704584375 0.33682130625 0.1280288515625 0.397060778125 0.3029380890625 0.4446402890625 0.31534412343749996 0.385682509375 0.257107165625 0.3662170265625 0.140704584375 0.33682130625
0 0.3068565109375 0.4457670953125 0.2461209484375 0.42830159375 0.23067691406250002 0.491822734375 0.40950457343749996 0.5405290515625001 0.4293663859375 0.54488139375 0.44684096875 0.49145889531250003 0.42832763749999997 0.4806981 0.3068565109375 0.4457670953125
0 0.11758202656250001 0.4565819609375 0.23121630624999998 0.4892593515625 0.24585125156249998 0.42958328437500004 0.12775915625 0.39834246875 0.11758202656250001 0.4565819609375
0 0.10294708281250001 0.516258028125 0.21658136093749997 0.5489354203125 0.23121630624999998 0.4892593515625 0.1131242109375 0.4580185359375 0.10294708281250001 0.516258028125
0 0.2320967328125 0.49494951875000004 0.2221893 0.551907321875 0.4018973859375 0.60630380625 0.42060907812500004 0.6062476718750001 0.4366638421875 0.5496983890625 0.4170717234375 0.5440643546875 0.2320967328125 0.49494951875000004
0 0.27819735 0.5720910890625001 0.27166895 0.632739078125 0.3867230484375 0.66854325625 0.40793334375 0.6664871421874999 0.42148950156250004 0.6119378390625 0.40777502187500003 0.607994015625 0.27819735 0.5720910890625001
0 0.104636596875 0.5181031234375 0.09445946875 0.5763426140625 0.2657913140625 0.63104886875 0.27819735 0.5720910890625001 0.22023008906250002 0.5513439171875001 0.104636596875 0.5181031234375
0 0.2713992515625 0.6340207703125 0.2575733984375 0.6898517656250001 0.37823543437499996 0.7286278421875 0.39552730625 0.7254449234375 0.4071242546875 0.670332215625 0.388682259375 0.6691066578125 0.2713992515625 0.6340207703125
0 0.082323128125 0.6340187046875 0.2536549734375 0.6887249578125 0.2694400421875 0.6334573671875 0.09445946875 0.5763426140625 0.082323128125 0.6340187046875
0 0.24973655 0.6875981515625 0.1987970453125 0.672949665625 0.1917292515625 0.7361610375 0.3619109734375 0.7864588171875 0.3808923609375 0.7851209906250001 0.3966774296875 0.7298533984375 0.38019464687500004 0.72919124375 0.24973655 0.6875981515625
0 0.069108003125 0.6968215578125 0.18861991718749999 0.7311891578124999 0.19852735 0.6742313578125 0.07982452343749999 0.636018684375 0.069108003125 0.6968215578125
0 0.187810828125 0.73503423125 0.1766819375 0.77804831875 0.186890365625 0.7986541218750001 0.35092475625 0.8485433812500001 0.37125462656249997 0.8407971015625 0.382581878125 0.786966084375 0.36609909531249996 0.78630393125 0.187810828125 0.73503423125
0 0.063785409375 0.731990615625 0.1402660046875 0.7634985828125 0.1741833328125 0.7800482953125 0.1863910078125 0.731907446875 0.0710672140625 0.6973849609375 0.063785409375 0.731990615625
0 0.233372053125 0.814739184375 0.222853890625 0.864725128125 0.3410173234375 0.9055011828125 0.3574287703125 0.896628096875 0.368756021875 0.84279708125 0.3551128765625 0.8483884968750001 0.233372053125 0.814739184375
0 0.1632528 0.812245453125 0.13718796875 0.837372 0.222853890625 0.864725128125 0.23364175 0.8134574921875 0.18466145625 0.799372409375 0.1632528 0.812245453125
0 0.2225841953125 0.8660068187500001 0.20821894687500003 0.9244011953125 0.32719146875 0.961332178125 0.34164370312500003 0.951895690625 0.3558105921875 0.90431824375 0.3390581125 0.904937778125 0.2225841953125 0.8660068187500001
0 0.09464035312499999 0.8618363953125 0.0900555140625 0.883625140625 0.20625973437499998 0.9238377921875 0.2225841953125 0.8660068187500001 0.1386077875 0.8404987875 0.09464035312499999 0.8618363953125
0 0.1834123484375 0.0351166796875 0.1998951328125 0.035778834375 0.2037319203125 0.0118660328125 0.1022820421875 0.00595725 0.1008557609375 0.0127354328125 0.1834123484375 0.0351166796875
0 0.1890202875 0.038088581249999996 0.1005860640625 0.014017123437500001 0.09222547343750001 0.053749540625 0.1750517578125 0.07484909687499999 0.190186059375 0.0819197046875 0.20273477031249998 0.042032403125 0.1890202875 0.038088581249999996
0 0.1784307890625 0.07853928593750001 0.09168608125 0.056312923437499995 0.08224670625 0.1011721015625 0.161154565625 0.12114485312500001 0.178787471875 0.1262154828125 0.19329539375 0.086891584375 0.1784307890625 0.07853928593750001
0 0.16480329375 0.1235533515625 0.0819770078125 0.10245379375000001 0.07307702499999999 0.1447495921875 0.16151125 0.16882105 0.17157700468749998 0.1703563765625 0.1824362 0.12862398125000002 0.16480329375 0.1235533515625
0 0.0725376328125 0.147312975 0.0630982578125 0.19217215625 0.16044811406249998 0.2133704609375 0.1658420421875 0.1877366453125 0.1727271265625 0.1747648515625 0.0725376328125 0.147312975
0 0.05365888125 0.23703133593749998 0.1482404359375 0.26151131250000004 0.16044811406249998 0.2133704609375 0.0630982578125 0.19217215625 0.05365888125 0.23703133593749998
0 0.0423316296875 0.290862353125 0.140831609375 0.3164691375 0.1524285578125 0.261356428125 0.05338918593750001 0.23831302656250003 0.0423316296875 0.290862353125
0 0.0343120734375 0.33884831875 0.1280845390625 0.36717336718750004 0.1425211234375 0.3183142296875 0.04598035625 0.29327084999999997 0.0343120734375 0.33884831875
0 0.022984821875 0.392679334375 0.118986196875 0.42028609687499996 0.12411042812499999 0.3959339703125 0.133153084375 0.37270865 0.0335029828125 0.3426933921875 0.022984821875 0.392679334375
0 0.014425871875 0.4432286828125 0.10650882343750001 0.46970863749999997 0.1206757109375 0.42213119062500004 0.024404640624999998 0.395806121875 0.014425871875 0.4432286828125
0 0.07025121250000001 0.5136520296875 0.0976801765625 0.521539675 0.1081983375 0.47155373125000005 0.0746220421875 0.46325756875 0.07025121250000001 0.5136520296875
0 0.0660630921875 0.513806915625 0.0746220421875 0.46325756875 0.0105074484375 0.4421018765625 0.0103116890625 0.44303219374999997 0.011894184375 0.5110226484375 0.0224923796875 0.5135106625 0.0660630921875 0.513806915625
0 0.0895335953125 0.5898778109375 0.10105920625 0.5252298640624999 0.069981515625 0.5149337218750001 0.0244515890625 0.5140740671875 0.0118810703125 0.510459209375 0.013400659375000002 0.5757469515625 0.06609439218749999 0.5926522109375 0.0895335953125 0.5898778109375
0 0.0759774375 0.644427115625 0.08757438437500001 0.589314409375 0.0663640875 0.5913705203124999 0.013409870312499999 0.576142671875 0.0147821640625 0.635102015625 0.053958053125 0.6503283015625 0.0759774375 0.644427115625
0 0.0674898234375 0.704511703125 0.07543804374999999 0.6469905 0.0495002359375 0.6517648781250001 0.014852399999999998 0.6381196515625 0.01618081875 0.6951939484375 0.044859709375 0.70344103125 0.0674898234375 0.704511703125
0 0.063785409375 0.731990615625 0.06722012656250001 0.7057933953125 0.0423611046875 0.7054410078125 0.01624451875 0.6979307578125 0.016684031250000002 0.7168139765625 0.04223408125 0.725793178125 0.063785409375 0.731990615625