0 0.9504206765625 0.1916087671875 0.9423626328125 0.038398334374999996 0.827700784375 0.033726221875000004 0.8208658046874999 0.1944146484375 0.9504206765625 0.1916087671875
0 0.8199984296875 0.1934007671875 0.8219594125 0.0334922796875 0.6732782296875001 0.0274339859375 0.67907084375 0.20703259062499998 0.8199984296875 0.1934007671875
0 0.6746203875 0.19980354218750002 0.6714103453125 0.027357874999999997 0.5254111171875 0.0214088625 0.5417418234375 0.21169622812500002 0.6746203875 0.19980354218750002
0 0.417836446875 0.2239434734375 0.543079025 0.20616528281250002 0.5220843671875001 0.0212733078125 0.5036547671875 0.020522359375 0.39696265625 0.028274175000000002 0.417836446875 0.2239434734375
0 0.419984253125 0.388602884375 0.9595387078125001 0.3649731421875 0.9493352187499999 0.191556078125 0.405336971875 0.2184535640625 0.419984253125 0.388602884375
0 0.822187540625 0.374323340625 0.8251046203125 0.5226536546875 0.839591834375 0.5659371078125 0.9640520453124999 0.5548265796875 0.9668543140624999 0.5147522734375001 0.9567440609375 0.36337860625 0.822187540625 0.374323340625
0 0.6965629265625 0.5396157578125 0.8286309109375001 0.52778900625 0.8220739546875 0.3721637109375 0.6839343546875 0.37689328125 0.6965629265625 0.5396157578125
0 0.5712635578125 0.5563141328125 0.692623603125 0.5421050484375 0.6814458171875 0.37601126093750004 0.564665296875 0.384425671875 0.5712635578125 0.5563141328125
0 0.4338622359375 0.4048250203125 0.4482978328125 0.5554717296875 0.5665859328125 0.5447658203125 0.5637411296875 0.38233197343750003 0.4375898734375 0.38283311875 0.4338622359375 0.4048250203125
0 0.821222090625 0.5262227609375 0.44337755312500005 0.5547875062500001 0.45215456875 0.6907123921875 0.9531982921875001 0.7100424796875 0.964130053125 0.553711015625 0.842023578125 0.5657393109375 0.821222090625 0.5262227609375
0 0.8087794546874999 0.8623252375 0.93677904375 0.8660114906249999 0.9393656546875 0.7139802078125 0.800430959375 0.7035923609375 0.8087794546874999 0.8623252375
0 0.68302574375 0.8703850859375001 0.811040821875 0.85888799375 0.799036965625 0.7080434875 0.67654106875 0.7006562578125 0.68302574375 0.8703850859375001
0 0.5479270953125 0.7317218953125 0.561923840625 0.85854673125 0.6841925671875 0.8616146984374999 0.6740525328125 0.6997742390624999 0.550973225 0.6967722046875 0.5479270953125 0.7317218953125
0 0.43696520312500003 0.711467715625 0.451886115625 0.8403862500000001 0.559393996875 0.841401546875 0.54670348125 0.73941246875 0.5475037296874999 0.692716675 0.4405792578125 0.68731618125 0.43696520312500003 0.711467715625
0 0.9401349531250001 0.8679073953125 0.458427559375 0.840938609375 0.434234009375 0.72144978125 0.3963845171875 0.822127578125 0.4062715625 0.9482022609375 0.7330443140625 0.9856044531249999 0.934839640625 0.9725834390625 0.9404673125 0.8921039703125 0.9381420640625 0.8919270640624999 0.9401349531250001 0.8679073953125
0 0.6726482546875 0.9981080718750001 0.7312527734375001 0.982496871875 0.6790348078124999 0.980237634375 0.6726482546875 0.9981080718750001
0 0.6707705796875 1 0.6764326875 0.977195984375 0.5578761109375 0.9673194671875001 0.5642678921875001 1 0.6707705796875 1
0 0.5612899687499999 1 0.556311740625 0.9685311453125 0.45038371406250005 0.95112081875 0.45425021875000005 1 0.5612899687499999 1
0 0.25566334375 0.0657938015625 0.2700834546875 0.2316238609375 0.3852428125 0.22334131406250002 0.4116099390625 0.198423496875 0.39306464218750004 0.04702663125 0.3057645 0.0432832125 0.25566334375 0.0657938015625
0 0.1680637765625 0.2420909421875 0.26927287187500004 0.23168979374999998 0.25896246093749997 0.06660988749999999 0.1453674734375 0.07368075625 0.1680637765625 0.2420909421875
0 0.06819188125 0.246961146875 0.1678934 0.23885149375 0.144613684375 0.074826503125 0.045139335937500004 0.08725541875000001 0.06819188125 0.246961146875
0 0 0.2546766984375 0.0739795359375 0.2486592546875 0.0442719625 0.086241534375 0 0.090901575 0 0.2546766984375
0 0.3690311828125 0.22465995625000001 0.37573269531250003 0.35207818281250003 0.4178261390625 0.3475698984375 0.40772740937499996 0.20199260312499998 0.38918213281249997 0.2208520203125 0.3690311828125 0.22465995625000001
0 0 0.39434397187500003 0.3432216734375 0.3840023515625 0.3766568625 0.3541718796875 0.3708227234375 0.22776753749999998 0 0.2531073703125 0 0.39434397187500003
0 0.3455398328125 0.381644921875 0.2100023546875 0.3894161421875 0.1882715421875 0.4096191078125 0.2041734140625 0.54171115625 0.300276365625 0.5425696906249999 0.43627849375 0.4198105703125 0.412549615625 0.35559012968750003 0.37573269531250003 0.35207818281250003 0.3455398328125 0.381644921875
0 0.0658737453125 0.41957485937500005 0.0867526890625 0.553430946875 0.1816320265625 0.5619800546875 0.20394624375 0.5373918953125 0.19081687187500002 0.41158094062500006 0.2077977796875 0.393933203125 0.10098689062499999 0.39069234062499997 0.0658737453125 0.41957485937500005
0 0 0.4990235546875 0.008993662500000001 0.5608402484375 0.0833967796875 0.5515350437500001 0.0635555875 0.4219322859375 0.096877190625 0.38994218593749996 0.016629628125 0.39646946875 0 0.4052054265625 0 0.4990235546875
0 0.44177187812499996 0.539736021875 0.4339603328125 0.422168 0.4005251421875 0.45199846875 0.41133635625 0.58016685 0.44177187812499996 0.539736021875
0 0.365783746875 0.6272494656250001 0.40856385624999997 0.573885753125 0.4004115578125 0.4498388359375 0.35619615 0.49139050937500006 0.365783746875 0.6272494656250001
0 0 0.648836365625 0.3228332640625 0.67737373125 0.36323841875 0.6252876296875 0.357290696875 0.4967236546875 0.3005603265625 0.5479687656250001 0.204643240625 0.5351663328125 0.1840637703125 0.5617822578125 0.0871657234375 0.545806309375 0.0113686140625 0.5595626375 0.0017707093749999999 0.5473301015625001 0 0.547474665625 0 0.648836365625
0 0.23328724531249997 0.66188420625 0.23887872500000001 0.7991526359375001 0.3372843484375 0.8128370890625 0.4474407921875 0.6010877078125 0.43996484999999996 0.551811790625 0.32202268125 0.6774396640625 0.23328724531249997 0.66188420625
0 0.1345098921875 0.672087559375 0.1504840421875 0.790076075 0.24004555 0.7903822500000001 0.22946150625 0.666533128125 0.141123615625 0.658536384375 0.1345098921875 0.672087559375
0 0.0482475046875 0.672597471875 0.07036555312500001 0.7835796390625 0.15031366562499998 0.7868366296875 0.1346234765625 0.6742471890624999 0.136203334375 0.6578521625 0.0552742640625 0.6514216562499999 0.0482475046875 0.672597471875
0 0 0.7724444593750001 0.07609641406249999 0.7841979328125 0.046967096874999996 0.6792082296874999 0.05122135625 0.6517513171875 0 0.648253240625 0 0.7724444593750001
0 0 0.8800594765625 0.3647925046875 0.9179586578125001 0.396498103125 0.8242872109375 0.444482428125 0.6067505140625 0.332420859375 0.8132326828125 0 0.7742560640625 0 0.8800594765625
0 0.32222197812500003 1 0.36381154531250004 0.9147851421875 0.204612315625 0.9060456 0.20054392031249998 0.9215586078125 0.2203759671875 1 0.32222197812500003 1
0 0.2232774890625 1 0.204612315625 0.9060456 0.11246417187499999 0.8875144265625 0.09593760625 0.913800690625 0.1180394328125 1 0.2232774890625 1
0 0.120686203125 1 0.0984261421875 0.9146827078124999 0.107543890625 0.8868302031249999 0.0314215140625 0.8789242921874999 0.0193608921875 0.8972562515625 0.0353409734375 1 0.120686203125 1
0 0 0.9886018249999999 0.032861990625 0.9991794031250001 0.019474474999999998 0.899415884375 0.0306109328125 0.8789902250000001 0 0.8734369453124999 0 0.9886018249999999