0 0 0.392055096875 0.1829497046875 0.3483130734375 0.2127061515625 0.3354416234375 0.1339881 0.0804107046875 0 0.10975013125 0 0.392055096875
0 0 0.5890343546875 0.042376923437500005 0.7683540328125 0.10145511562500001 0.7581200703125 0.1207789796875 0.8138672124999999 0.180420296875 0.7973419390625 0.2720904109375 0.6040769265625 0.17974880937499998 0.352116740625 0 0.39511492656249997 0 0.5890343546875
0 0.28238464375 0.5955922375 0.29769756406250003 0.573647578125 0.22291145625 0.3439290265625 0.1843328015625 0.35416570625 0.28238464375 0.5955922375
0 0.30561087656249997 0.5811105000000001 0.5485427875 0.5248128390625 0.498583359375 0.278710715625 0.22542080156250002 0.337199040625 0.30561087656249997 0.5811105000000001
0 0.217635915625 0.3389537453125 0.4800300421875 0.278269325 0.4239751 0.015047978125 0.1339881 0.0804107046875 0.217635915625 0.3389537453125
0 0.49399936718750004 0.27666175000000004 0.785241040625 0.2079340296875 0.78316639375 0.19915508125 0.7589624453125 0.017665046875 0.43860772031249995 0.010208707812499999 0.43530665468749996 0.0109527640625 0.49399936718750004 0.27666175000000004
0 0.9429145546875001 0.26794251875 0.9079518453125001 0.093973821875 0.7744825375 0.1363864078125 0.7847668421875 0.197253246875 0.785241040625 0.2079340296875 0.8015023609374999 0.2073509390625 0.8042191296875 0.2622180140625 0.9429145546875001 0.26794251875
0 0.9475181921875 0.434884253125 0.9851879468750001 0.429475725 0.9465896468749999 0.27481963125000003 0.8091488968749999 0.2657301359375 0.82262416875 0.392144834375 0.9475181921875 0.434884253125
0 0.9858794968750001 0.4324020421875 0.944317296875 0.438687921875 0.8240072656249999 0.3979974671875 0.83191065 0.47481191406249995 0.8228710906250001 0.4799316125 0.8336790203125 0.5083174234375 0.9219406093750001 0.560854846875 0.9939335140625 0.5446277296875001 0.9948963375 0.4618829765625 0.9885172671875001 0.43488968281249996 0.9858794968750001 0.4324020421875
0 0.8359710171874999 0.50934190625 0.8426592265625 0.6157110625 0.9198461109375 0.6907789531249999 0.9924126328125 0.675332059375 0.9938726625 0.5498574171875 0.9203401625 0.56275668125 0.8359710171874999 0.50934190625
0 0.8450796484374999 0.6259531703125 0.8482706140625 0.6915010296874999 0.9369569765625 0.7978810453125 0.9441787390625 0.8024176515624999 0.9910433515625 0.793007684375 0.9923663375 0.679310653125 0.9205376578125 0.6937052687499999 0.8450796484374999 0.6259531703125
0 0.201908071875 1 0.1221620765625 0.8197198437500001 0.10270978906249999 0.754755078125 0.042376923437500005 0.7683540328125 0.0985263703125 1 0.201908071875 1
0 0.3110985703125 1 0.3469654453125 0.8168233859375 0.27805749999999996 0.6119785234374999 0.18271229218750001 0.7983664218750001 0.12730919375 0.8154775000000001 0.206951521875 1 0.3110985703125 1
0 0.5997008015625 1 0.653915034375 0.988048184375 0.6482542203125 0.9554200249999999 0.5958249453125 0.7422376046875 0.36547926249999996 0.791075059375 0.32325776875 1 0.5997008015625 1
0 0.3082486453125 0.583598140625 0.374518821875 0.7859553640625 0.5947876234375 0.7378481296875 0.5460334421875 0.5315428234375 0.3082486453125 0.583598140625
0 0.8173782015625 0.4827107984375 0.569862296875 0.5369594953125 0.619871153125 0.739899809375 0.8449412953125 0.6860870718750001 0.8173782015625 0.4827107984375
0 0.6147240359375 0.744142153125 0.661966696875 0.9353772015624999 0.6678448593749999 0.9602508921874999 0.6707394796874999 0.9811737812500001 0.9896553718750001 0.9122904843749999 0.9901692437499999 0.8681283531249999 0.848616390625 0.6929641890625 0.6147240359375 0.744142153125
0 0.8225253171875 0.47846845312499997 0.8280182078125 0.4756892671875 0.79760991875 0.208228290625 0.5090060140625 0.27944365000000004 0.5573649953125 0.527447609375 0.569862296875 0.5369594953125 0.8225253171875 0.47846845312499997