0 0.9416315624999999 1 0.9849434406249999 0.5640361281249999 0.9859153875000001 0.5306324953125 0.910017875 0.495127253125 0.683186565625 0.482363040625 0.6002089015625 0.9710276796875 0.6739890484375 1 0.9416315624999999 1
0 0.4997974796875 0.4655262140625 0.426013371875 0.9049717609375 0.6002089015625 0.9710276796875 0.67893214375 0.481866378125 0.4997974796875 0.4655262140625
0 0.5679801359375001 0.03914285 0.49599207500000003 0.4605099390625 0.910017875 0.495127253125 0.9859153875000001 0.5306324953125 0.9990181953124999 0.08031820625 0.6029135218749999 0.034076910937499996 0.5679801359375001 0.03914285
0 0.4217589515625 0.9044750984375 0.49509404999999995 0.46954916718749995 0.311255953125 0.45723195624999996 0.2457673703125 0.8564976375000001 0.3962324296875 0.9014951312499999 0.4217589515625 0.9044750984375
0 0.5572262359375 0.0607475953125 0.495654990625 0.0306996046875 0.2323075609375 0.0822529734375 0.17511450625 0.441338790625 0.491288640625 0.464532890625 0.5572262359375 0.0607475953125
0 0 0.8915015921875 0.00123366875 0.8919591953125 0.182164378125 0.8902209046875 0.23219563124999998 0.5165829234375 0.10120662656249999 0.49214719218749997 0 0.480332321875 0 0.8915015921875
0 0.656524328125 1 0.42130993906249997 0.9089947140625 0.40498047656249997 1 0.656524328125 1
0 0.4000221 1 0.41235208593749995 0.9125210046875001 0.3957834171875 0.9060147453124999 0.19561235 0.841498471875 0.17654053593750002 0.990149075 0.26092393281250004 1 0.4000221 1
0 0 0.969539715625 0.1722861171875 0.9896524124999999 0.18596978749999998 0.8952371796874999 0.0007846578125 0.896478809375 0 0.8961877578124999 0 0.969539715625
0 0.1086936734375 0.1135425953125 0.0452368375 0.44903701875 0.17421648125 0.45037801875000005 0.23185854843749998 0.0867725875 0.1086936734375 0.1135425953125
0 0.05911143437500001 0.48266096249999996 0.23645005000000002 0.517079584375 0.19180694375000001 0.836482196875 0.24151295 0.8560009765625001 0.30700153281250003 0.45673529375 0.1784709015625 0.45087468125 0.0575510859375 0.45504661718749995 0.05911143437500001 0.48266096249999996
0 0 0.47576029062499997 0.0378393328125 0.48017765625 0.08739918437500001 0.1979252796875 0.0168700890625 0.171403578125 0 0.3412126296875 0 0.47576029062499997
0 0.08784819687499999 0.19340566406249998 0.12153608125 0.005660634375 0.0337424578125 0.0015715796875 0.0173191015625 0.1668839640625 0.08784819687499999 0.19340566406249998