0 0 0.163401546875 0.0169614765625 0.21058133906249998 0.2206540546875 0.1964123890625 0.44408674687499994 0.1764740796875 0.8251503015624999 0.1430634984375 0.8566402796875 0.132036403125 0.8536919578125 0.0376121296875 0 0.11770726406250001 0 0.163401546875
0 0 0.3228959453125 0.5356932875 0.2798639890625 0.52616348125 0.174597675 0.4382706953125 0.1802255234375 0 0.2146843546875 0 0.3228959453125
0 0.5282199234375 0.175592346875 0.540453846875 0.2942016625 0.5623681640625 0.2916721265625 0.9793289796875 0.25483666718750003 0.9732055046875001 0.138088784375 0.8490621812500001 0.1404060546875 0.8290865500000001 0.1416851109375 0.534153734375 0.174086053125 0.5282199234375 0.175592346875
0 0.564899984375 0.339942884375 0.5911038265624999 0.3427704140625 0.5606736812500001 0.3740038765625 0.559441553125 0.3887252671875 0.9844515015624999 0.3525007609375 0.9793289796875 0.25483666718750003 0.5644834875 0.293789371875 0.5715948875 0.3147345953125 0.5620192281249999 0.32323215312500003 0.564899984375 0.339942884375
0 0 0.41438015312500004 0.534881996875 0.3790343765625 0.527064040625 0.34461824218750003 0.5240655249999999 0.3256623609375 0.5299361140625 0.2847380109375 0 0.324106075 0 0.41438015312500004
0 0 0.5083485953125 0.5111597812500001 0.4999459953125 0.5238430328125 0.43605850625000003 0.5331831734375 0.4230706421875 0.5365895046875 0.411589075 0.4870582375 0.3843492625 0.08355045 0.41018619999999995 0 0.41361542812499996 0 0.5083485953125
0 0.5177282421875 0.3959015875 0.5367072640624999 0.413834225 0.5371783 0.42281483125 0.5238430328125 0.43605850625000003 0.5177958046875 0.47361512968749997 0.5321909046875 0.48057782031249996 0.9889263484375 0.43781652187500003 0.98451038125 0.3536233359375 0.55950043125 0.3898478421875 0.53499975625 0.3812795265625 0.519137009375 0.3845479234375 0.5177282421875 0.3959015875
0 0.520205525 0.4813452546875 0.512627428125 0.48971490624999997 0.523616196875 0.50815916875 0.52984440625 0.512265753125 0.5076945703125 0.5103049875 0.498943225 0.5345186078124999 0.512106196875 0.5562026921875 0.5621630375 0.5552502015624999 0.5902466828125 0.555704675 0.9909668093749999 0.523328965625 0.99142286875 0.49720139375 0.9869876640624999 0.439067003125 0.520205525 0.4813452546875
0 0.5063490234375 0.5610767109375 0.5129893890624999 0.573041328125 0.4989475671875 0.572814090625 0.4980098359375 0.5931483609375 0.5057689109375 0.6264419171875 0.510529471875 0.6407795921874999 0.9896456859375 0.5990160890625 0.9909674015625001 0.5232950546875 0.5662759234375 0.5572395421875 0.5063490234375 0.5610767109375
0 0.5070642624999999 0.651138584375 0.5058321343750001 0.6658599765625001 0.5131201734374999 0.6901729265625 0.525812109375 0.702876403125 0.894240540625 0.6729202203125 0.9893139953125001 0.6180186296875 0.9896464843749999 0.5989703468750001 0.510529471875 0.6407795921874999 0.5070642624999999 0.651138584375
0 0 0.5980386671875 0.151077153125 0.5894567937499999 0.5008273703125 0.5704410328125 0.5045281 0.56457234375 0.4938926078125 0.5528635390625001 0.48660456874999997 0.5285505859375 0.4920084625 0.5169411125 0.5092210984375 0.5011964765625 0 0.510487265625 0 0.5980386671875
0 0 0.6655847953125 0.09861927499999999 0.6592701203125 0.21465458437499998 0.655219321875 0.49231588437499996 0.6374404390625 0.4877865 0.5892975859375 0.49888868750000004 0.571691515625 0.1292217171875 0.5931089046875 0.067532771875 0.601564284375 0.05525299375 0.5967188390625 0 0.6033814390625001 0 0.6655847953125
0 0.5064165875 0.6387902515625 0.2167699078125 0.6573365671875 0.10067571718749999 0.660264790625 0.0007975515625 0.6666600734375 0.003098196875 0.7487360109375001 0.50989048125 0.7050222234375 0.51347345 0.69690838125 0.49220246718749994 0.6734907703124999 0.493846753125 0.6666274109375 0.506887625 0.64777085625 0.5064165875 0.6387902515625