0 0.067366184375 0.03193806875 0.0668864703125 0.1736324390625 0.4217318453125 0.20044049375 0.4179924625 0.07038110625 0.067366184375 0.03193806875
0 0.0589031453125 0.1709881546875 0.062537559375 0.3070277546875 0.4053904515625 0.330866084375 0.4056952171875 0.1991387328125 0.0589031453125 0.1709881546875
0 0.034063725 0.44245723437500006 0.1965395484375 0.449657353125 0.1968443140625 0.31793 0.0364780390625 0.3049123921875 0.034063725 0.44245723437500006
0 0.19884889375 0.3180927203125 0.20058369687500002 0.4479893890625 0.42119229531249996 0.459908390625 0.4214270796875 0.3321678453125 0.19884889375 0.3180927203125
0 0.078199440625 0.4440436734375 0.034063725 0.44245723437500006 0.0334368703125 0.478169528125 0.039743234375 0.56835473125 0.080004225 0.569953534375 0.078199440625 0.4440436734375
0 0.08020401875 0.44420639375000004 0.08204379375000001 0.5681228515625001 0.41698334375 0.5853300906250001 0.4171831375 0.45958295 0.08020401875 0.44420639375000004
0 0.07796465625 0.5717842171874999 0.0397662234375 0.5686834890625 0.048557740625 0.694408053125 0.07980443125 0.695700675 0.07796465625 0.5717842171874999
0 0.07996923593750001 0.5719469390625 0.07980443125 0.695700675 0.40880022499999996 0.7084329484375 0.40896503125 0.5846792109375001 0.07996923593750001 0.5719469390625
0 0.18611706875 0.700338034375 0.0485597703125 0.6944370609375 0.056993979687499995 0.8150518890624999 0.1881317921875 0.8142874750000001 0.18611706875 0.700338034375
0 0.190126225 0.700663475 0.19010138125 0.8164435984375 0.40480121562500004 0.8218942281249999 0.4087652359375 0.710426353125 0.190126225 0.700663475
0 0.1880618125 0.8182742828125 0.057045225 0.815784715625 0.0663615265625 0.9490140437499999 0.18374789062500002 0.9496761921875001 0.1880618125 0.8182742828125
0 0.1880618125 0.8182742828125 0.18374789062500002 0.9496761921875001 0.4064660390625 0.955777703125 0.408635421875 0.8321866859375 0.40480121562500004 0.8218942281249999 0.1880618125 0.8182742828125
0 0.40594118906250004 0.9856787562499999 0.40643104843750005 0.9577711062500001 0.0773302828125 0.9510190453125 0.07518574375 0.9588299390625 0.40594118906250004 0.9856787562499999
0 0.4543198046875 0.0593562421875 0.4192972390625 0.1104118953125 0.421591884375 0.20841410625 0.43164976718750003 0.20723430468749998 0.65809715 0.22960848281250001 0.6621762875 0.225947115625 0.6665951796875 0.08856499375 0.4543198046875 0.0593562421875
0 0.43164976718750003 0.20723430468749998 0.425601040625 0.20873954687500001 0.4213571 0.3361546515625 0.6458348953125 0.35637270781249997 0.652083415625 0.22912032343750002 0.43164976718750003 0.20723430468749998
0 0.42336167812500003 0.3363173734375 0.42312689375 0.4640579171875 0.6395513859374999 0.4856184953125 0.6457999046875 0.3583661109375 0.42336167812500003 0.3363173734375
0 0.6415559640625 0.48578121406249997 0.4210873265625 0.4658886015625 0.41701833437499997 0.5833366875 0.7317371484375 0.60888374375 0.7377757296875 0.49359177968749995 0.6415559640625 0.48578121406249997
0 0.41698334375 0.5853300906250001 0.40896503125 0.5846792109375001 0.41087478437499997 0.7046088609375001 0.7215844421875001 0.729830478125 0.7317021593749999 0.6108771468749999 0.41698334375 0.5853300906250001
0 0.410804803125 0.70859566875 0.4068057921875 0.8220569484375 0.617356509375 0.835155753125 0.6213555203125 0.721694471875 0.410804803125 0.70859566875
0 0.6195010484375 0.8273448578125 0.6193260984375 0.8373118749999999 0.410779959375 0.8243757921875 0.4107201265625 0.94214931875 0.7098221953125 0.9424737734375 0.7117816359375 0.8308431765625001 0.6195010484375 0.8273448578125
0 0.4126897140625 0.94430544375 0.41195492343750006 0.986166915625 0.5480963421875 0.9972180906249999 0.71088533125 0.9962710124999999 0.7117917828125 0.944629896875 0.4126897140625 0.94430544375
0 0.721549453125 0.73182388125 0.623325109375 0.723850596875 0.6195010484375 0.8273448578125 0.71579079375 0.8311686171874999 0.8219984609375001 0.8417861859375 0.823083153125 0.7799906765625 0.8295867484375 0.7525711875 0.82986666875 0.7366239593749999 0.721549453125 0.73182388125
0 1 0.8488460953124999 0.9283110984375 0.84642354375 0.8821358140625 0.8466677890625001 0.8380000984375 0.8450813500000001 0.8219984609375001 0.8417861859375 0.7197649609375001 0.8334874609374999 0.713866340625 0.9408058109375 1 0.9580568296875001 1 0.8488460953124999
0 1 0.9600761437499999 0.7158709203125 0.9409685296875001 0.713305940625 0.9962569296874999 0.9982198984374999 0.9945993484375 1 0.9806258531250001 1 0.9600761437499999
0 1 0.7452050765625 0.831871246875 0.7367866796875 0.8315913265624999 0.7527339078125 0.823083153125 0.7799906765625 0.8220334515625 0.8397927812500001 0.8359955203125 0.8449186296875 0.9283460890624999 0.844430140625 1 0.846851509375 1 0.7452050765625
0 1 0.63088554375 0.7457342078125 0.6120161890625 0.73574630625 0.6092091843749999 0.7336367578125 0.615026675 0.7237989609375 0.7180327765625 0.7255935984375 0.7301559171875 1 0.7432660296875 1 0.63088554375
0 1 0.511376596875 0.7397803078125 0.4937545015625 0.73377671875 0.6070530609375 0.7437646203125 0.6098600640625 1 0.6289001921875 1 0.511376596875
0 0.647804484375 0.3585288296875 0.639586375 0.4836250921875 0.8501370921875001 0.49672389531250005 0.856245653125 0.377445125 0.647804484375 0.3585288296875
0 1 0.387546128125 0.8582502312500001 0.37760784531249997 0.8501370921875001 0.49672389531250005 1 0.5088889015625 1 0.387546128125
0 0.6540530046875 0.231276446875 0.647804484375 0.3585288296875 0.85631563125 0.37345831875 0.8644287703125 0.2543422671875 0.6540530046875 0.231276446875
0 1 0.26286092499999997 0.8805353765625 0.2516572203125 0.8683679468750001 0.258654515625 0.8582852203125 0.375614440625 1 0.385550271875 1 0.26286092499999997
0 0.6825268375 0.095846965625 0.6682498578125 0.10866174843750001 0.6621063078125 0.22993392343750002 0.8683679468750001 0.258654515625 0.8846145140624999 0.2479958546875 0.8928676140625 0.120906190625 0.6825268375 0.095846965625
0 1 0.1338259296875 0.8968767703125 0.12123163125 0.8865841031249999 0.250151978125 1 0.2608255671875 1 0.1338259296875
0 1 0.0357791203125 0.8023015359375 0.0197311015625 0.7109058453125 0.080184415625 0.7105909359375 0.098125046875 1 0.13204125625000002 1 0.0357791203125
0 0.36904198906249996 0 0.36833287187499997 0.04039885625 0.534747871875 0.051911221875 0.5356590671875 0 0.36904198906249996 0
0 0.53961463125 0 0.5367524515625 0.052073940625 0.6349418046874999 0.06204063125 0.6368414140625 0.0681835609375 0.684881315625 0.0760756515625 0.6900101546874999 0.012612178125000002 0.556484665625 0 0.53961463125 0