0 1 0.062037984375 0.6480446171875001 0.036151834375000004 0.631570278125 0.05992576875 0.615703046875 0.22115135156250001 0.6260403140624999 0.2299993203125 0.9765001375000001 0.25319075625 0.9960061828125 0.23783864062500001 1 0.1850522609375 1 0.062037984375
0 0.60301485 0.2918676609375 0.5760559187500001 0.40572472031249995 0.6010043031250001 0.41542498906249997 0.9557379812500001 0.4306207546875 0.9801529171875 0.25340383125 0.6260403140624999 0.2299993203125 0.60301485 0.2918676609375
0 0.717893253125 0.42224338437500003 0.6943661140625 0.6847101578125 0.9098801140624999 0.6972815734375 0.917806746875 0.6894989781249999 0.9482253953124999 0.4329308515625 0.717893253125 0.42224338437500003
0 0.4987264734375 0.40945889375 0.47519933437499995 0.671925665625 0.6907133359375 0.6844970828125 0.717893253125 0.42224338437500003 0.6046570828125 0.4156380640625 0.4987264734375 0.40945889375
0 0.69801889375 0.68492323125 0.6746987796874999 0.9446537562499999 0.882700196875 0.959535271875 0.9144943546875 0.733278953125 0.9234561109375001 0.711815115625 0.9098801140624999 0.6972815734375 0.69801889375 0.68492323125
0 0.4555320015625 0.931869265625 0.6783515609374999 0.9448668328125001 0.69801889375 0.68492323125 0.47154655468750006 0.6717125890625 0.4555320015625 0.931869265625
0 0.4047466328125 0 0.37330378125 0.272971446875 0.4932244359375 0.2882116625 0.5096251125 0.313903271875 0.5790279265625 0.3179516953125 0.5991550453125 0.294390834375 0.6154960234375 0.2238876 0.6389495000000001 0.010886373437500001 0.48364909999999994 0 0.4047466328125 0
0 0.169289790625 0 0.1397329078125 0.2565984078125 0.36965100156249997 0.272758371875 0.40467411875000003 0 0.169289790625 0
0 0.12856754374999999 0.25869543125 0.1301361140625 0.4319313796875 0.488108521875 0.45281271562500003 0.5096251125 0.313903271875 0.4932244359375 0.2882116625 0.12856754374999999 0.25869543125
0 0.114475909375 0.590420715625 0.47568704687499996 0.6169876234375 0.488108521875 0.45281271562500003 0.1301361140625 0.4319313796875 0.114475909375 0.590420715625
0 0.114475909375 0.590420715625 0.10956702031250001 0.7522855203125001 0.45981981875000005 0.7782132046875 0.46817446093750004 0.619297721875 0.114475909375 0.590420715625
0 0.105072178125 0.9086778296875 0.4405068328125 0.9364894625 0.45187922187499996 0.9316561906249999 0.45981981875000005 0.7782132046875 0.1059142390625 0.7520724453125001 0.105072178125 0.9086778296875