0 0.9432378453125001 0.2384696078125 0.8744944734375 0.3655380328125 0.8419821437499999 0.439593940625 0.84204588125 0.4571570359375 0.99731916875 0.507371509375 0.9990539843749999 0.209182121875 0.971581315625 0.2018133953125 0.9432378453125001 0.2384696078125
0 0.636954053125 0.1027541734375 0.62352028125 0.0963269390625 0.609348546875 0.1146550453125 0.51992320625 0.336591109375 0.5802631359375 0.35745135 0.8106579249999999 0.43045142031249994 0.8373651265625 0.4447443421875 0.876321959375 0.3672781828125 0.9432378453125001 0.2384696078125 0.9620266000000001 0.2149910984375 0.95744244375 0.1835768640625 0.636954053125 0.1027541734375
0 0.344038303125 0.046595253125 0.3387161828125 0.0399363609375 0.3247047890625 0.0568260171875 0.2941802859375 0.131183621875 0.2741088078125 0.16616973125 0.2507339125 0.2489263765625 0.25955066250000003 0.2605040140625 0.50123105625 0.3410680734375 0.51992320625 0.336591109375 0.61229841875 0.10632604375000002 0.401204278125 0.059659848437499996 0.344038303125 0.046595253125
0 0.5032188828125 0.34136977343749997 0.47853038750000004 0.3815062828125 0.44178545781249995 0.4753987890625 0.41276776249999997 0.5543734406249999 0.6833672625 0.665656765625 0.7418159625 0.6672137625000001 0.7556032781249999 0.6341994578125 0.7680112671875 0.6316943 0.85538305 0.48258581562499997 0.8493558296874999 0.4641176265625 0.8037323984375 0.43817702656249996 0.5032188828125 0.34136977343749997
0 0.2172924 0.2950483421875 0.1707358125 0.42255854687500005 0.16307232031250002 0.45503949375 0.411100615625 0.55119484375 0.44162511875000005 0.4768372375 0.47455473125000003 0.3809028859375 0.49279872343750003 0.34417663125 0.23935170781249998 0.260363934375 0.2172924 0.2950483421875
0 0.85538305 0.48258581562499997 0.7658630984375 0.63283105 0.7983734390625 0.6494675171875001 0.823286015625 0.6254556515624999 0.8442229375 0.6008403906249999 0.9389006953125 0.64007724375 0.952301603125 0.6830691203125 0.9402780343750001 0.700260475 0.98106036875 0.7152268328125 0.9969386359374999 0.5727796374999999 0.9973189703124999 0.507405528125 0.845861196875 0.45919887968750006 0.85538305 0.48258581562499997
0 0.979072540625 0.7149251359375 0.9421055218750001 0.702000621875 0.8121876562500001 0.8519656937500001 0.9148167218750001 0.892409340625 0.96983651875 0.8159183140625 0.979072540625 0.7149251359375
0 0.6780106499999999 1 0.7251056765625 0.9440695437500001 0.8083723421875 0.8499238484375 0.9422658625 0.7005621718749999 0.952301603125 0.6830691203125 0.9408885218749999 0.6403789421875 0.8460504265625 0.6025805375 0.8286081359375 0.63211454375 0.5816614125 0.9252241781249999 0.51462950625 1 0.6780106499999999 1
0 0.93314569375 1 0.9385411875 0.9515959015625001 0.7907697109375 0.880896303125 0.7284399703125 0.950426740625 0.6851410984374999 1 0.93314569375 1
0 0.40234760156249993 0.5571802984375 0.377274684375 0.5826306140625 0.34386405 0.6828803140625 0.3182772453125 0.7492106171875 0.579322028125 0.8736716453125 0.6136618453125 0.8013558859375 0.706834784375 0.745283321875 0.7182498515625 0.6972811250000001 0.6750952703124999 0.6673268734375 0.40234760156249993 0.5571802984375
0 0.1470730984375 0.4716274546875 0.08098979218749999 0.647371509375 0.305869259375 0.7517157765625 0.3379005671875 0.6819752203125 0.377274684375 0.5826306140625 0.38333476875 0.5645341625 0.4069646203125 0.5520298968749999 0.1648998078125 0.45677964062500004 0.1470730984375 0.4716274546875
0 0.5179414609374999 1 0.5793529046875 0.92779938125 0.5791616875 0.8751100953125001 0.3182772453125 0.7492106171875 0.286054721875 0.7662618906249999 0.26255235 0.8138923468750001 0.21949039374999998 0.946321296875 0.3240397234375 1 0.5179414609374999 1
0 0.046458759375000006 0.6669979859375 0.0156773140625 0.761795584375 0.0005106718750000001 0.8253190296874999 0.207242746875 0.9473880078124999 0.25857669375 0.8132889515624999 0.2777827296875 0.7679319984374999 0.30801742656250003 0.7505790250000001 0.079001965625 0.6470698109375 0.046458759375000006 0.6669979859375
0 0 0.9510410390624999 0.18351629375 0.9788938187499999 0.2027860703125 0.9510999609375 0.0116359328125 0.8343214671875 0 0.8397009796875 0 0.9510410390624999
0 0.3226395078125 1 0.2175025671875 0.946019596875 0.206922065625 0.9502649078125 0.18351629375 0.9788938187499999 0.322580615625 1 0.3226395078125 1