0 0.23637268125 0.128683875 0.24264484843749998 0.25473444375 0.5311344765625 0.250139259375 0.5233537578125 0.130185859375 0.23637268125 0.128683875
0 0.24888167968750002 0.2574164546875 0.2579264953125 0.36827646875000003 0.54181006875 0.3564002140625 0.53512939375 0.2499297890625 0.24888167968750002 0.2574164546875
0 0.26228809375 0.372561321875 0.2728414578125 0.47732416874999994 0.5487351968749999 0.46586685625 0.5440519828125 0.35929169375000003 0.26228809375 0.372561321875
0 0.2728414578125 0.47732416874999994 0.27552721562500004 0.5840040656250001 0.5571688765625 0.5692363296875 0.55073265625 0.4657621203125 0.2728414578125 0.47732416874999994
0 0.2757716703125 0.5870002828125 0.28620280625 0.69026501875 0.561852090625 0.675811490625 0.5572911031250001 0.5707344375 0.2757716703125 0.5870002828125
0 0.29443709375 0.6928422953125 0.297000625 0.79802408125 0.5764003734375 0.780364865625 0.5719616109375 0.676785921875 0.29443709375 0.6928422953125
0 0.29912031093749997 0.7994174562499999 0.30404798125 0.9089888328125 0.5809613609375 0.8854419203124999 0.5744029140625 0.7804696015625 0.29912031093749997 0.7994174562499999
0 0.5830810468750001 0.8868352937499999 0.30816512500000004 0.9102774703125001 0.30908808125 0.99144423125 0.56844636875 0.982387240625 0.5907813625 0.9812161156249999 0.5830810468750001 0.8868352937499999
0 0.322261284375 0 0.3346148328125 0.12804615 0.535338509375 0.12955744375 0.543614621875 0.10806025 0.5382376343749999 0 0.322261284375 0
0 0.8544458953125 0.9673910015624999 0.8489874937499999 0.875901659375 0.5893178765625 0.8895173015625 0.5947762796875 0.9810066453124999 0.8544458953125 0.9673910015624999
0 0.58125088125 0.7906421531250001 0.5869537375 0.8851277140624999 0.8529824109374999 0.8756921859375 0.8502966546874999 0.7690122890625 0.58125088125 0.7906421531250001
0 0.5743257515625 0.681175509375 0.5810064265625 0.7876459359375 0.8500522 0.7660160734375 0.843860434375 0.66553808125 0.5743257515625 0.681175509375
0 0.561530475 0.573521184375 0.568088921875 0.6784935015625 0.843860434375 0.66553808125 0.8311873828125 0.5593818625 0.561530475 0.573521184375
0 0.5548498000000001 0.4670507578125 0.5592885625 0.570629703125 0.8328181609374999 0.5547828015625 0.822631478125 0.4545142796875 0.5548498000000001 0.4670507578125
0 0.5479246718749999 0.3575841140625 0.552485659375 0.46266116874999996 0.8280127171875 0.4467095328125 0.8197012671874999 0.344838165625 0.5479246718749999 0.3575841140625
0 0.53887985625 0.2467241 0.54556053125 0.35319452500000004 0.8194568125 0.34184195 0.81090090625 0.23697436718749998 0.53887985625 0.2467241
0 0.525840125 0.13607355625 0.5326430265625001 0.24404209062499999 0.8125316828125 0.23237530624999997 0.8059732374999999 0.1274029890625 0.525840125 0.13607355625
0 0.542395590625 0.0193576515625 0.5456120796875 0.1079555140625 0.5355829625 0.1325536609375 0.8098459265625 0.12569540937499998 0.8052849375 0.020618357812499998 0.542395590625 0.0193576515625
0 1 0.8478250953125 0.8535131437500001 0.8576101515625 0.8533490921875 0.8801865125000001 0.8557099921875 0.9582976171875 1 0.94264470625 1 0.8478250953125
0 1 0.745838784375 0.853313753125 0.7568179515625 0.8533909156249999 0.8561120421874999 1 0.846318821875 1 0.745838784375
0 1 0.643810328125 0.8447578484375 0.651950371875 0.8531915250000001 0.7553198437499999 1 0.744331528125 1 0.643810328125
0 1 0.5405671109375 0.8365686234374999 0.5515771140625 0.8425159343749999 0.6490588890625 1 0.6349691203125001 1 0.5405671109375
0 1 0.43791350937500007 0.8281349453125 0.448207640625 0.8380771734374999 0.5454799453125 1 0.5369896062499999 1 0.43791350937500007
0 1 0.33538429375 0.8216987265625001 0.3447334296875 0.827890490625 0.44521142343750003 1 0.43618695 1 0.33538429375
0 1 0.231177621875 0.8147735968750001 0.2352667875 0.8235739578124999 0.3431305859375 1 0.3338797765625 1 0.231177621875
0 1 0.127639934375 0.81009038125 0.1286916265625 0.8145291421874999 0.232270571875 1 0.22957929843749997 1 0.127639934375
0 1 0.071418990625 0.9957768671875 0.0196571140625 0.8070379421875 0.017517403125 0.8158383015625 0.12538120156250002 1 0.12600765 1 0.071418990625