0 0.7566855046875001 0.2494257109375 0.7616008937500001 0.3998021875 0.9022184421875 0.4159035828125 0.8847706125 0.264000021875 0.7566855046875001 0.2494257109375
0 0.6236954453125 0.38093241718750004 0.7629205015625 0.3968641359375 0.751091234375 0.2477110953125 0.6175090421875 0.23556580624999998 0.6236954453125 0.38093241718750004
0 0.4845189859375 0.3670725125 0.6195665578125 0.38249520625 0.61746045 0.2334939890625 0.48099608906249997 0.21686571250000003 0.4845189859375 0.3670725125
0 0.339626775 0.34631845 0.48031720624999996 0.365527575 0.47960359375 0.2166960359375 0.347292415625 0.19954087812500002 0.339626775 0.34631845
0 0.1947345625 0.3255643875 0.3410192671875 0.3464881265625 0.3390589328125 0.20370236406250003 0.21639802656249998 0.18359130625 0.1947345625 0.3255643875
0 0.180470890625 0.4870322140625 0.3337423546875 0.5098402421875 0.34114074687499996 0.3516676703125 0.1935121390625 0.33264607343749997 0.180470890625 0.4870322140625
0 0.33515914687500004 0.511045828125 0.478440203125 0.5223070328125 0.48046298125 0.371743028125 0.3383071671875 0.3492565015625 0.33515914687500004 0.511045828125
0 0.4770234109375 0.521101446875 0.6218670296875 0.539783690625 0.6168787546875001 0.3862994859375 0.48310219375 0.36586692656249997 0.4770234109375 0.521101446875
0 0.6274613 0.5414983062500001 0.7652938609375 0.55726035 0.75881590625 0.3994628359375 0.6181497671875 0.38128961875 0.6274613 0.5414983062500001
0 0.7667106515625 0.5584659359375 0.9156831578125001 0.5755853906249999 0.9022670328125001 0.4179754015625 0.7602084015624999 0.3996325125 0.7667106515625 0.5584659359375
0 0.7804912140625 0.731614559375 0.9253348328125 0.7502968046875 0.921277428125 0.5773000046875 0.7667106515625 0.5584659359375 0.7804912140625 0.731614559375
0 0.6191792281249999 0.543587975 0.6285879421875 0.707940296875 0.776265140625 0.7290337109375 0.76253316875 0.55795690625 0.6191792281249999 0.543587975
0 0.6247006093749999 0.5421948609375 0.47990558281249995 0.5255844359374999 0.47680615312499997 0.6894455796875001 0.62719545 0.7077706203125 0.6179082140625 0.54859784375 0.6247006093749999 0.5421948609375
0 0.3269256640625 0.5152073140625 0.320968359375 0.6756213796874999 0.4740454625 0.6901421359375 0.47428701562500003 0.5228339125 0.3269256640625 0.5152073140625
0 0.1791755796875 0.49100617343749997 0.1650333828125 0.65765354375 0.31964875625 0.67855943125 0.32125850625 0.5103849734375 0.1791755796875 0.49100617343749997
0 0.1663772875 0.655751403125 0.16249275937500002 0.8453405953124999 0.31686516875000004 0.855887390625 0.3224337421875 0.6788987828125 0.1663772875 0.655751403125
0 0.323924821875 0.8608794109375 0.4686469625 0.8743821078125 0.4741183484375 0.693249865625 0.32512154375 0.6750945015625 0.323924821875 0.8608794109375
0 0.47568231718750004 0.8783382171874999 0.6260716140625 0.8966632562499999 0.627365521875 0.7150219843750001 0.478222940625 0.6906511656250001 0.47568231718750004 0.8783382171874999
0 0.6289294890625 0.9001103390624999 0.783350490625 0.9127289515625 0.779123015625 0.73248079375 0.6245562375 0.7136467234375 0.6289294890625 0.9001103390624999
0 0.788993353125 0.916515384375 0.9295866046875 0.9315808734375001 0.928119821875 0.75063615625 0.7790258328124999 0.7283371546875 0.788993353125 0.916515384375