0 0 0.15058784375 0.0908929515625 0.10590565781250001 0.065074746875 0.0299492 0 0.0337424578125 0 0.15058784375
0 0 0.31611910625 0.1275592734375 0.19034287656249999 0.09429760781249999 0.105707196875 0 0.15089486093749999 0 0.31611910625
0 0.25550154531249997 0.06441461875 0.19833972187499999 0.126981828125 0.388049203125 0.10225385625000001 0.43095825468750004 0.03140434375 0.25550154531249997 0.06441461875
0 0.39081970781250003 0.0929792515625 0.63840833125 0.06487746250000001 0.6372708078125 0.007415317187500001 0.5771859359375 0.006716167187499999 0.43095825468750004 0.03140434375 0.39081970781250003 0.0929792515625
0 0.332789825 0.19204949531249998 0.388049203125 0.10225385625000001 0.19833972187499999 0.126981828125 0.09604931875 0.2286320484375 0.3126789671875 0.197778325 0.332789825 0.19204949531249998
0 0 0.4685334765625 0.00018358125 0.471160946875 0.10479227499999999 0.6473253921875 0.330450759375 0.6478412484375 0.2237732828125 0.3442138828125 0.3126789671875 0.197778325 0.09604931875 0.2286320484375 0 0.316797596875 0 0.4685334765625
0 0.6032598140625 0.1489442703125 0.624638971875 0.16136772500000002 0.6350036765625 0.0650759234375 0.39081970781250003 0.0929792515625 0.332789825 0.19204949531249998 0.6032598140625 0.1489442703125
0 0.60666446875 0.14874580937499998 0.33619448125 0.191851034375 0.30927431250000004 0.1979767859375 0.2237732828125 0.3442138828125 0.330450759375 0.6478412484375 0.6350504703125 0.6528686718750001 0.63932318125 0.6161671796875 0.5991534374999999 0.2858802546875 0.6175125859375 0.1572265734375 0.60666446875 0.14874580937499998
0 0.10819692968750001 0.6471269328125 0.19237769062500001 0.8244821343750001 0.409090509375 0.84374565625 0.3406647265625 0.64724586875 0.10819692968750001 0.6471269328125
0 0.3406647265625 0.64724586875 0.41281223906250003 0.84808526875 0.6737855781250001 0.8647688140625001 0.6765560828125 0.8554942109375 0.6477178671875 0.638460615625 0.63932318125 0.6161671796875 0.6350504703125 0.6528686718750001 0.3406647265625 0.64724586875
0 0.9737331093750001 0.1182359921875 0.9671577062500001 0.0730537359375 0.9286721015625 0.011505334374999999 0.63840833125 0.06487746250000001 0.624638971875 0.16136772500000002 0.9737331093750001 0.1182359921875
0 1 0.4941756609375 0.9737331093750001 0.1182359921875 0.6178296609375 0.16176464375 0.5991534374999999 0.2858802546875 0.63932318125 0.6161671796875 1 0.6262417546875 1 0.4941756609375
0 1 0.6268249359375 0.63932318125 0.6161671796875 0.6530249718750001 0.6654905859375 0.6762390078125 0.8509561390625 0.9771169890625 0.8516439515625001 1 0.6485218296874999 1 0.6268249359375