0 0.18029969375 0.226824425 0.1867034296875 0.2137563578125 0.1756368390625 0.2063673 0.0012753546875 0.2192149015625 0.0025850234375 0.44432779531250005 0.1885429234375 0.41606402343750004 0.18029969375 0.226824425
0 0.2479974953125 0.5476291140625 0.2278850890625 0.438809459375 0.232566496875 0.4123965640625 0.0025857859375 0.44445881875 0.0030868312500000003 0.5305813078125 0.0118702828125 0.598636578125 0.2479974953125 0.5476291140625
0 0.24998116874999998 0.547327615625 0.013853956249999999 0.5983350796875 0.032920984375000004 0.761740046875 0.26015665 0.704524784375 0.24998116874999998 0.547327615625
0 0.0518666171875 0.908533165625 0.26010099375 0.845134840625 0.2444786265625 0.7084195328125 0.032920984375000004 0.761740046875 0.0518666171875 0.908533165625
0 0.26010099375 0.845134840625 0.0520579875 0.9100159250000001 0.063455196875 0.9983229234375001 0.298546840625 0.99148245625 0.2775013484375 0.8545849203125 0.26010099375 0.845134840625
0 0.293002321875 0.974688384375 0.296729728125 0.9915353281250001 0.440798921875 0.9873433421875 0.43577544687499997 0.9212395250000001 0.293002321875 0.974688384375
0 0.2775013484375 0.8545849203125 0.2965869296875 0.971119865625 0.44511970781250004 0.915283753125 0.428036353125 0.7515772859375 0.25749178906250003 0.8092471296875001 0.2575432109375 0.8409880624999999 0.2775013484375 0.8545849203125
0 0.26015665 0.704524784375 0.244669996875 0.709902290625 0.2576831578125 0.810729890625 0.43379600625 0.74919003125 0.41492034687499996 0.5872678234375 0.25596506093750004 0.6250340703124999 0.26015665 0.704524784375
0 0.190475175 0.3840215921875 0.21829803593750002 0.4115415390625 0.232566496875 0.4123965640625 0.23333197656250002 0.4183276 0.41640411874999994 0.3950379703125 0.4004875375 0.1933580375 0.18139649062500002 0.20398004531249997 0.190475175 0.3840215921875
0 0.119137109375 0.20739547812499998 0.1893311890625 0.20277405 0.4004875375 0.1933580375 0.3716420859375 0.0012023921875 0.0760746203125 0.0461257390625 0.0926209671875 0.11164389062499999 0.12006108906249999 0.13619831875 0.1098813734375 0.15135214218749998 0.119137109375 0.20739547812499998
0 0.6573728546875001 0.8830233625 0.48176414375 0.964140584375 0.4374977765625 0.9345843531250001 0.4442939109375 0.9872416484375 0.5363991390625 0.9845616609375 0.6619471828125 0.9654795937499999 0.6573728546875001 0.8830233625
0 0.43760485468750004 0.8257152265625001 0.44550244687499996 0.91824926875 0.4377591203125 0.9209380250000001 0.43929008124999996 0.9328000937500001 0.4815727734375 0.962657825 0.654815071875 0.8788765843749999 0.6457692578125 0.7774459890625 0.46709862500000005 0.8348390703125 0.43760485468750004 0.8257152265625001
0 0.46709862500000005 0.8348390703125 0.6527471046875 0.7688261984375 0.64857406875 0.6424654656250001 0.4631869328125 0.694832009375 0.42831624843749994 0.691060940625 0.43683937500000003 0.8197841921875 0.46709862500000005 0.8348390703125
0 0.46120325781249993 0.6951335078125 0.6521586765625 0.6388969515625 0.6310894203124999 0.522663503125 0.444171325 0.563167975 0.41902764374999996 0.5564066515625 0.42850761875 0.6925436984375 0.46120325781249993 0.6951335078125
0 0.4226122515625 0.5528381375 0.44397995625000003 0.56168521875 0.644783771875 0.5190702515625001 0.6355465890625001 0.416156896875 0.4929134109375 0.43934758125 0.45242302343749996 0.4077055921875 0.417552340625 0.4039345234375 0.4226122515625 0.5528381375
0 0.6285544234375 0.2992957140625 0.6329930375 0.239659128125 0.40890781875000004 0.258599425 0.41697823125 0.399486246875 0.4504393484375 0.40800709218750003 0.4948970859375 0.43904608125 0.6853298156250001 0.41010218125 0.6414461890625 0.3835114671875 0.6504077109375 0.374590178125 0.6406478390625 0.2989694796875 0.6285544234375 0.2992957140625
0 0.6226919265624999 0.23820110625000002 0.6188316546875 0.1299349765625 0.459824946875 0.13596029062499998 0.4154371859375 0.0897922140625 0.39041490156249997 0.099642734375 0.40635003437500006 0.254452646875 0.6226919265624999 0.23820110625000002
0 0.3888852875 0 0.3738171296875 0.0023836515625 0.3882398546875 0.09846147656250001 0.4154371859375 0.0897922140625 0.459824946875 0.13596029062499998 0.6182575453125 0.1254867015625 0.60860051875 0.11334786875 0.62083388125 0.0827634578125 0.6185960546875 0 0.3888852875 0
0 0.6513889625 0.8053169062500001 0.6593379781250001 0.9295918828125 0.8063397968749999 0.8618936984375001 0.8019054140625 0.7491792937499999 0.6513889625 0.8053169062500001
0 0.651183275 0.6783531765624999 0.6511975921875 0.8038341484375 0.803889090625 0.7488777953125 0.7992633390624999 0.6346806328125 0.651183275 0.6783531765624999
0 0.64857406875 0.6424654656250001 0.651183275 0.6783531765624999 0.7992633390624999 0.6346806328125 0.7956644109375001 0.5127681749999999 0.6343427125 0.5478704015625 0.652350046875 0.640379709375 0.64857406875 0.6424654656250001
0 0.7992490203125 0.509199659375 0.7994260734374999 0.385201446875 0.6764382671875 0.4038943828125 0.6873134890625 0.40980068125 0.6377216328124999 0.41733815625000004 0.645670646875 0.54161313125 0.7992490203125 0.509199659375
0 0.7942590828125 0.345166959375 0.7948702953125 0.2558751984375 0.6326617203125 0.26843454375000003 0.6299639875 0.2945459390625 0.6386641656250001 0.2992709796875 0.650216340625 0.3731074203125 0.6414461890625 0.3835114671875 0.6764382671875 0.4038943828125 0.79904333125 0.38223592968750003 0.801671090625 0.3712536203125 0.7942590828125 0.345166959375
0 0.7966297296875 0.1754799859375 0.7953086921875 0.11823065625 0.683718796875 0.11553723593750001 0.65351096875 0.1322232890625 0.621389440625 0.1340817546875 0.6210909921875001 0.24146812187500002 0.6329930375 0.239659128125 0.6324703484375 0.2669517828125 0.7964712296875 0.2526081796875 0.7966297296875 0.1754799859375
0 0.7006651234375 0 0.7344588734374999 0.11689631250000002 0.797100996875 0.1164463984375 0.7966848046874999 0 0.7006651234375 0
0 0.8174063874999999 0.86928275625 0.958648553125 0.803971828125 0.9586856562499999 0.7102317890625 0.8232731187500001 0.758026375 0.8006872218750001 0.755411828125 0.8065311656249999 0.8633764562499999 0.8174063874999999 0.86928275625
0 0.9642539390625 0.7063617734375 0.9589841046875 0.602845421875 0.799646078125 0.6376461484375 0.8028622656250001 0.7565930875 0.8173220953125 0.758930871875 0.9642539390625 0.7063617734375
0 0.961457596875 0.49664031406250003 0.8181803359375 0.530511809375 0.7957858078125 0.5293800203125001 0.8000288187500001 0.6406116671875 0.9631428234375001 0.60372518125 0.961457596875 0.49664031406250003
0 0.8161966625 0.5308133078124999 0.9654249453125001 0.49603731562500003 0.9657233937499999 0.3886509484375 0.8212979109375 0.413625890625 0.7987120140624999 0.41101134375 0.7977694828125 0.529078521875 0.8161966625 0.5308133078124999
0 0.7931294125 0.2894003859375 0.7962427562500001 0.34486546093750003 0.8018624609374999 0.372736378125 0.7994260734374999 0.385201446875 0.8003129484375 0.407744328125 0.8191228671875 0.41244463124999997 0.9635483499999999 0.3874696890625 0.96449088125 0.2694025109375 0.7931294125 0.2894003859375
0 0.9625072078124999 0.269704009375 0.9714872796874999 0.21391270156250003 0.9612746953125001 0.150455571875 0.8157709671875001 0.15140487656249998 0.7947160296875 0.1606524 0.7951130875 0.28909888906250003 0.9625072078124999 0.269704009375
0 0.8180248640625001 0 0.80658520625 0.0802324515625 0.7943332890625 0.15768688125000002 0.815579596875 0.149922115625 0.9450225609375 0.1499020453125 0.94095236875 0.087023178125 0.9539512125 0.06236980625000001 0.9466791515624999 0.0060249703125 0.8461358156250001 0 0.8180248640625001 0
0 0.2346706359375 0.4422093921875 0.23797011875 0.46777420000000003 0.2569268828125 0.625461340625 0.42184944375000005 0.5847549578125 0.410537603125 0.39983956875 0.23587124375 0.41908857343749994 0.2346706359375 0.4422093921875