0 0.85 0.3333333328125 0.404 0.328849028125 0.41 0.414050821875 0.8480000000000001 0.42301943125 0.85 0.3333333328125
0 0.40599999999999997 0.328849028125 0 0.32735425937499996 0.002 0.40657698125 0.41 0.4110612859375 0.40599999999999997 0.328849028125
0 0.826 0.4200298953125 0.54 0.4200298953125 0.538 0.500747384375 0.8099999999999999 0.5052316890624999 0.826 0.4200298953125
0 0.538 0.4185351265625 0.258 0.4095665171875 0.272 0.497757846875 0.538 0.500747384375 0.538 0.4185351265625
0 0.284 0.21823617343750001 0.248 0.22720478281249998 0.252 0.3243647234375 0.536 0.330343796875 0.534 0.22720478281249998 0.41600000000000004 0.224215246875 0.40800000000000003 0.221225709375 0.284 0.21823617343750001
0 0.844 0.23766816093749998 0.54 0.22571001562499998 0.536 0.330343796875 0.828 0.33183856562499997 0.844 0.23766816093749998
0 0.252 0.3258594921875 0.246 0.224215246875 0.27599999999999997 0.21823617343750001 0.06 0.21823617343750001 0.002 0.222720478125 0.002 0.3243647234375 0.252 0.3258594921875
0 0.3 0.21823617343750001 0.288 0.137518684375 0.041999999999999996 0.136023915625 0.057999999999999996 0.21823617343750001 0.3 0.21823617343750001
0 0.404 0.1315396109375 0.286 0.137518684375 0.3 0.21823617343750001 0.414 0.222720478125 0.404 0.1315396109375
0 0.40800000000000003 0.12107623281249999 0.41 0.224215246875 0.8859999999999999 0.234678625 0.9 0.12855007499999999 0.40800000000000003 0.12107623281249999
0 0.44000000000000006 0.06576980624999999 0.44400000000000006 0.12107623281249999 0.788 0.12406577031249999 0.792 0.0717488796875 0.44000000000000006 0.06576980624999999
0 0.1 0.1315396109375 0.392 0.1345291484375 0.40599999999999997 0.118086696875 0.44400000000000006 0.12107623281249999 0.442 0.0672645734375 0.09 0.06278026875 0.1 0.1315396109375
0 0.258 0.4095665171875 0.002 0.40657698125 0.002 0.49327354218749997 0.272 0.497757846875 0.258 0.4095665171875
0 0.8320000000000001 0.3333333328125 0.85 0.3333333328125 0.85 0.394618834375 0.8800000000000001 0.402092675 1 0.3976083703125 0.998 0.22869955156250002 0.892 0.22720478281249998 0.89 0.234678625 0.842 0.23617339375 0.8320000000000001 0.3333333328125
0 0.788 0.12406577031249999 0.9019999999999999 0.12855007499999999 0.89 0.22869955156250002 0.998 0.22869955156250002 0.998 0.031390134375 0.9339999999999999 0.034379671875000004 0.788 0.10612855000000002 0.788 0.12406577031249999
0 0.8240000000000001 0.4215246640625 0.8119999999999999 0.500747384375 0.8480000000000001 0.5037369203125001 0.836 0.5396113609375 0.8539999999999999 0.544095665625 0.994 0.5500747390625 0.9960000000000001 0.394618834375 0.884 0.40358744375000005 0.85 0.39162929687500003 0.852 0.4215246640625 0.8240000000000001 0.4215246640625
0 0.85 0.5112107625 0.422 0.497757846875 0.42000000000000004 0.5754857999999999 0.8240000000000001 0.585949178125 0.85 0.5112107625
0 0.818 0.6547085203125 0.82 0.6711509718750001 0.9960000000000001 0.6875934234375001 1 0.553064275 0.836 0.5366218234375 0.828 0.5919282515625001 0.792 0.585949178125 0.788 0.627802690625 0.818 0.6547085203125
0 0.792 0.585949178125 0.53 0.5814648734375 0.53 0.65769805625 0.784 0.659192825 0.792 0.585949178125
0 0.8099999999999999 0.733931240625 0.82 0.6562032890625 0.786 0.627802690625 0.784 0.659192825 0.426 0.6547085203125 0.42400000000000004 0.7279521671875 0.8099999999999999 0.733931240625
0 0.27999999999999997 0.6532137515625001 0.53 0.65769805625 0.534 0.5814648734375 0.27599999999999997 0.57698056875 0.27999999999999997 0.6532137515625001
0 0.02 0.5799701046875 0.274 0.5799701046875 0.42000000000000004 0.5799701046875 0.42000000000000004 0.497757846875 0.004 0.49626307968749994 0.02 0.5799701046875
0 0.272 0.5799701046875 0.016 0.5799701046875 0.024 0.6532137515625001 0.286 0.6532137515625001 0.272 0.5799701046875
0 0.42800000000000005 0.6532137515625001 0.286 0.6517189828125 0.028000000000000004 0.6547085203125 0.04 0.7234678625 0.42400000000000004 0.7294469359375 0.42800000000000005 0.6532137515625001
0 0.284 0.7279521671875 0.041999999999999996 0.7264573984375 0.054000000000000006 0.78923766875 0.288 0.7922272046875001 0.284 0.7279521671875
0 0.53 0.7294469359375 0.286 0.7279521671875 0.29 0.7922272046875001 0.532 0.795216740625 0.53 0.7294469359375
0 0.784 0.735426009375 0.532 0.7294469359375 0.532 0.798206278125 0.774 0.8026905828125 0.784 0.735426009375
0 0.534 0.798206278125 0.42400000000000004 0.7922272046875001 0.42000000000000004 0.8684603890625 0.788 0.8684603890625 0.79 0.799701046875 0.534 0.798206278125
0 0.418 0.7922272046875001 0.044 0.78923766875 0.054000000000000006 0.8579970109374999 0.418 0.8684603890625 0.418 0.7922272046875001
0 0.057999999999999996 0.9327354265625001 0.29 0.9417040359375 0.29 0.8729446937500001 0.294 0.8669656203124999 0.064 0.8550074734375 0.054000000000000006 0.8654708515625 0.057999999999999996 0.9327354265625001
0 0.528 0.8669656203124999 0.29 0.8669656203124999 0.294 0.9417040359375 0.53 0.9417040359375 0.528 0.8669656203124999
0 0.778 0.8893871453125 0.774 0.8669656203124999 0.528 0.8654708515625 0.53 0.9417040359375 0.77 0.949177878125 0.778 0.8893871453125
0 0.776 0.9177877421874999 0.774 0.9506726453125 0.43200000000000005 0.9417040359375 0.42800000000000005 0.99850523125 0.788 0.9970104640624999 0.794 0.9521674140625 0.776 0.9177877421874999
0 0.42800000000000005 0.9955156953125 0.43200000000000005 0.9431988046875001 0.29 0.9431988046875001 0.05600000000000001 0.9357249624999999 0.068 0.9970104640624999 0.42800000000000005 0.9955156953125
0 1 0.8071748875000001 0.826 0.8011958140625 0.788 0.7503736921875 0.792 0.8011958140625 0.782 0.881913303125 0.806 0.9402092671875 1 0.9372197312500001 1 0.8071748875000001
0 0.792 0.7488789234375 0.828 0.8056801203124999 1 0.8041853515625 0.9960000000000001 0.6860986546875 0.82 0.6726457406249999 0.8160000000000001 0.735426009375 0.784 0.7264573984375 0.792 0.7488789234375
0 0.786 0.9970104640624999 0.998 0.9955156953125 0.9960000000000001 0.9357249624999999 0.8099999999999999 0.9387145 0.77 0.9103139015625 0.798 0.949177878125 0.786 0.9970104640624999