0 0.046 0 0 0.0299850078125 0 0.1424287859375 0.014000000000000002 0.1454272859375 0.074 0.1079460265625 0.088 0.098950525 0.08199999999999999 0 0.046 0
0 0.196 0.0584707640625 0.21800000000000003 0.0494752625 0.21600000000000003 0 0.08199999999999999 0.0014992500000000001 0.09 0.098950525 0.186 0.0554722640625 0.196 0.0584707640625
0 0.21800000000000003 0.0014992500000000001 0.21800000000000003 0.0464767609375 0.312 0 0.21800000000000003 0.0014992500000000001
0 0.024 0.235382309375 0.014000000000000002 0.1454272859375 0.002 0.1424287859375 0 0.238380809375 0.01 0.235382309375 0.024 0.235382309375
0 0.076 0.109445278125 0.014000000000000002 0.1454272859375 0.024 0.23388305781250002 0.094 0.2053973015625 0.076 0.109445278125
0 0.20600000000000002 0.1709145421875 0.194 0.061469265625000005 0.186 0.05697151406249999 0.08199999999999999 0.109445278125 0.096 0.2068965515625 0.19 0.17391304375 0.20600000000000002 0.1709145421875
0 0.344 0.1304347828125 0.33999999999999997 0.0014992500000000001 0.314 0 0.196 0.0584707640625 0.20600000000000002 0.1709145421875 0.32999999999999996 0.1334332828125 0.344 0.1304347828125
0 0.34199999999999997 0 0.344 0.12743628125 0.532 0.07496251875 0.8300000000000001 0.1529235375 0.828 0.0314842578125 0.748 0 0.34199999999999997 0
0 0 0.337331334375 0.024 0.32983508281249996 0.032 0.32383808125 0.024 0.236881559375 0.01 0.235382309375 0 0.23988005937499998 0 0.337331334375
0 0.094 0.20839580156249998 0.024 0.235382309375 0.032 0.32533733125 0.11000000000000001 0.3088455765625 0.094 0.20839580156249998
0 0.192 0.17541229375 0.094 0.20839580156249998 0.11000000000000001 0.3088455765625 0.21200000000000002 0.2908545734375 0.192 0.17541229375
0 0.352 0.2593703140625 0.348 0.134932534375 0.32999999999999996 0.1334332828125 0.196 0.17541229375 0.21200000000000002 0.2938530734375 0.356 0.26836581718749997 0.352 0.2593703140625
0 0.54 0.238380809375 0.562 0.238380809375 0.5660000000000001 0.2158920546875 0.784 0.17541229375 0.722 0.1694152921875 0.6940000000000001 0.1574212890625 0.8039999999999999 0.1664167921875 0.8400000000000001 0.1709145421875 0.836 0.1544227890625 0.53 0.07496251875 0.348 0.12743628125 0.352 0.25787106406250004 0.356 0.265367315625 0.54 0.238380809375
0 0.022 0.3313343328125 0.002 0.335832084375 0 0.4197901046875 0.032 0.415292353125 0.022 0.3313343328125
0 0.11599999999999999 0.4077961015625 0.10200000000000001 0.3088455765625 0.024 0.3283358328125 0.032 0.415292353125 0.064 0.4167916046875 0.11599999999999999 0.4077961015625
0 0.22999999999999998 0.40329835156250005 0.21000000000000002 0.2908545734375 0.10400000000000001 0.31034482812499997 0.11599999999999999 0.4077961015625 0.21600000000000003 0.4062968515625 0.22999999999999998 0.40329835156250005
0 0.364 0.40029985 0.354 0.2713643171875 0.21200000000000002 0.2953523234375 0.23199999999999998 0.410794603125 0.356 0.4047976015625 0.364 0.40029985
0 0.568 0.3943028484375 0.5700000000000001 0.3808095953125 0.562 0.37781109375 0.562 0.32983508281249996 0.562 0.238380809375 0.542 0.238380809375 0.356 0.265367315625 0.368 0.3988006 0.544 0.3928035984375 0.568 0.3943028484375
0 1 0.21439280312500003 0.8220000000000001 0.1709145421875 0.696 0.1574212890625 0.722 0.1694152921875 0.786 0.17541229375 0.568 0.2158920546875 0.562 0.37631184375000004 0.588 0.37781109375 0.704 0.37631184375000004 0.788 0.3718140921875 0.828 0.3703148421875 1 0.3823088453125 1 0.21439280312500003
0 0 0.500749625 0.041999999999999996 0.502248875 0.032 0.4167916046875 0 0.42128935468749995 0 0.500749625
0 0.11200000000000002 0.410794603125 0.066 0.4182908546875 0.032 0.415292353125 0.041999999999999996 0.502248875 0.128 0.5082458765625 0.11200000000000002 0.410794603125
0 0.244 0.5142428781249999 0.236 0.4527736125 0.22999999999999998 0.4062968515625 0.21600000000000003 0.4062968515625 0.11599999999999999 0.410794603125 0.128 0.5082458765625 0.22400000000000003 0.5142428781249999 0.244 0.5142428781249999
0 0.356 0.434782609375 0.358 0.4062968515625 0.23199999999999998 0.410794603125 0.244 0.5187406296875 0.362 0.5247376312500001 0.356 0.434782609375
0 0.442 0.535232384375 0.544 0.5472263875000001 0.576 0.5427286359375 0.5820000000000001 0.5322338828125 0.568 0.52773613125 0.5700000000000001 0.3988006 0.544 0.3943028484375 0.366 0.40029985 0.366 0.52773613125 0.418 0.5322338828125 0.442 0.535232384375
0 1 0.38680659687499996 0.82 0.37481259375 0.788 0.37331334374999997 0.704 0.37631184375000004 0.572 0.3793103453125 0.568 0.5292353828125 0.6639999999999999 0.5412293859374999 0.796 0.5547226390625 0.8 0.5592203890625 0.818 0.5577211390625 0.8720000000000001 0.5517241375 1 0.5367316343749999 1 0.38680659687499996
0 0 0.57571214375 0.054000000000000006 0.5832083953125 0.044 0.5052473765625 0 0.502248875 0 0.57571214375
0 0.122 0.511244378125 0.046 0.5052473765625 0.054000000000000006 0.586206896875 0.134 0.6011993999999999 0.122 0.511244378125
0 0.25 0.62368815625 0.24 0.5157421296875 0.22000000000000003 0.5157421296875 0.126 0.5067466265625 0.134 0.6011993999999999 0.22799999999999998 0.62218890625 0.25 0.62368815625
0 0.388 0.6476761625 0.38 0.5307346328125 0.36 0.52623688125 0.242 0.5187406296875 0.25 0.62218890625 0.366 0.6491754125 0.388 0.6476761625
0 0.542 0.686656671875 0.564 0.6911544234375 0.5820000000000001 0.685157421875 0.576 0.67466266875 0.5820000000000001 0.5442278859375 0.548 0.5487256375 0.38 0.5307346328125 0.392 0.6506746625 0.45199999999999996 0.6656671671875001 0.542 0.686656671875
0 1 0.5367316343749999 0.82 0.5577211390625 0.8019999999999999 0.5577211390625 0.6719999999999999 0.5442278859375 0.584 0.5307346328125 0.5740000000000001 0.6716641671875 0.584 0.6821589203125 0.6679999999999999 0.7031484265625 0.8240000000000001 0.734632684375 0.8539999999999999 0.737631184375 1 0.67766116875 1 0.5367316343749999
0 0.052000000000000005 0.586206896875 0 0.5787106453125 0.008 0.6506746625 0.064 0.6686656671875 0.052000000000000005 0.586206896875
0 0.148 0.6956521734375001 0.152 0.6896551718749999 0.142 0.6041979015625001 0.134 0.60269865 0.052000000000000005 0.587706146875 0.068 0.67316341875 0.126 0.6911544234375 0.148 0.6956521734375001
0 0.246 0.7286356828125 0.26 0.72713643125 0.25 0.62368815625 0.22799999999999998 0.62218890625 0.144 0.6041979015625001 0.152 0.697151425 0.23199999999999998 0.72413793125 0.246 0.7286356828125
0 0.396 0.764617690625 0.394 0.6551724140624999 0.388 0.6476761625 0.364 0.6506746625 0.25 0.62368815625 0.262 0.7286356828125 0.38 0.7706146921875 0.396 0.764617690625
0 0.5740000000000001 0.8320839578125 0.5900000000000001 0.82458770625 0.58 0.8185907046875001 0.58 0.6911544234375 0.564 0.6926536734375001 0.454 0.6671664171875 0.394 0.6536731640625 0.4 0.7691154421874999 0.534 0.8200899546875 0.5740000000000001 0.8320839578125
0 1 0.6791604203125 0.8539999999999999 0.737631184375 0.828 0.737631184375 0.6799999999999999 0.7061469265625 0.584 0.685157421875 0.58 0.8200899546875 0.65 0.8440779609375 0.784 0.8920539734374999 0.8300000000000001 0.9040479765624999 0.9359999999999999 0.8485757125 1 0.812593703125 1 0.6791604203125
0 0.06 0.6686656671875 0.004 0.6521739125 0.014000000000000002 0.72563718125 0.076 0.7481259375 0.068 0.67466266875 0.06 0.6686656671875
0 0.172 0.7826086953125 0.158 0.701649175 0.146 0.7001499250000001 0.068 0.67466266875 0.078 0.7496251875 0.156 0.7841079453125 0.172 0.7826086953125
0 0.262 0.7316341828125 0.252 0.734632684375 0.156 0.701649175 0.172 0.7841079453125 0.264 0.8290854578125 0.262 0.7316341828125
0 0.41200000000000003 0.8815592203125 0.4 0.7676161921875 0.382 0.7706146921875 0.262 0.7331334328125 0.268 0.8305847078124999 0.39 0.8815592203125 0.41200000000000003 0.8815592203125
0 0.592 0.959520240625 0.592 0.87406296875 0.592 0.82758620625 0.568 0.8335832078125 0.534 0.8215892046875 0.40199999999999997 0.7706146921875 0.41 0.8875562218749999 0.576 0.959520240625 0.592 0.959520240625
0 1 0.8140929531250001 0.9359999999999999 0.8500749624999999 0.8320000000000001 0.9070464765624999 0.782 0.8950524734374999 0.654 0.8485757125 0.592 0.82608695625 0.5940000000000001 0.87706146875 0.5940000000000001 0.9610194906249999 0.686 1 0.828 1 0.924 1 1 0.9580209890625 1 0.8140929531250001
0 0.094 0.82608695625 0.086 0.7526236875000001 0.018 0.7286356828125 0.026000000000000002 0.7976012 0.086 0.82758620625 0.094 0.82608695625
0 0.174 0.8710644671875001 0.16399999999999998 0.7976012 0.16799999999999998 0.7841079453125 0.156 0.7841079453125 0.086 0.7556221890625 0.094 0.8305847078124999 0.152 0.8605697156250001 0.174 0.8710644671875001
0 0.266 0.8305847078124999 0.16799999999999998 0.7841079453125 0.174 0.8710644671875001 0.27599999999999997 0.92353823125 0.266 0.8305847078124999
0 0.418 0.9910044984375 0.414 0.898050975 0.41200000000000003 0.884557721875 0.392 0.884557721875 0.268 0.8320839578125 0.27799999999999997 0.9280359812500001 0.40800000000000003 0.9955022484375 0.418 0.9910044984375
0 0.592 1 0.5940000000000001 0.9640179906249999 0.576 0.959520240625 0.414 0.8920539734374999 0.42000000000000004 0.9895052468750001 0.442 1 0.592 1
0 0.686 1 0.596 0.9640179906249999 0.5940000000000001 1 0.686 1
0 0.034 0.8035982015625001 0.036 0.865067465625 0.096 0.9025487249999999 0.094 0.8305847078124999 0.034 0.8035982015625001
0 0.188 0.9580209890625 0.18 0.87706146875 0.174 0.87256371875 0.094 0.8335832078125 0.1 0.910044978125 0.174 0.9550224890625 0.188 0.9580209890625
0 0.256 1 0.3 0.99850075 0.294 0.935532234375 0.27799999999999997 0.9280359812500001 0.182 0.8785607203125 0.19 0.959520240625 0.22200000000000003 0.9715142421875 0.256 1
0 0.41600000000000004 1 0.296 0.938530734375 0.3 1 0.41600000000000004 1
0 0.11200000000000002 0.9820089953125001 0.10400000000000001 0.9250374812500001 0.1 0.9070464765624999 0.034 0.8665667171875 0.04 0.938530734375 0.10600000000000001 0.985007496875 0.11200000000000002 0.9820089953125001
0 0.11200000000000002 1 0.10800000000000001 0.9835082453125 0.04 0.9415292359375 0.041999999999999996 1 0.11200000000000002 1
0 0.18 1 0.184 0.9610194906249999 0.10200000000000001 0.9160419796875001 0.11200000000000002 0.9790104953125001 0.148 1 0.18 1
0 0.252 1 0.22200000000000003 0.9745127437500001 0.186 0.9610194906249999 0.182 1 0.252 1