0 0.572486590625 0.2269640484375 0.5988978125 0.33631793125 0.8339997828125 0.32108478906250004 0.8433997703125 0.1871975296875 0.7703532390625 0.0313894890625 0.5383863703125 0.0219375640625 0.5582222921875 0.10672628749999999 0.572486590625 0.2269640484375
0 0.31685685937499997 0.120345896875 0.3459602484375 0.24568027812499998 0.571183984375 0.23108718281249999 0.5539344765624999 0.10498474531249999 0.5343458640625001 0.021772925000000002 0.4737961125 0.0193057125 0.3096160171875 0.029943559375 0.31685685937499997 0.120345896875
0 0.31151600625000003 0.100498284375 0.305664725 0.030199578124999998 0.07648969375 0.0450486921875 0.06720884375 0.12036659999999999 0.113420009375 0.24055377031249997 0.3379707046875 0.22196555 0.31151600625000003 0.100498284375
0 0.3456237265625 0.24368271562500002 0.3379707046875 0.22196555 0.1150591375 0.238428196875 0.1086443578125 0.37818013281249996 0.3585419421875 0.3559302265625 0.3456237265625 0.24368271562500002
0 0.3499115421875 0.245424259375 0.36215671562499996 0.3536766453125 0.6005369375 0.33419235937499997 0.5708474625 0.2290896203125 0.3499115421875 0.245424259375
0 0.68443841875 0.678106496875 0.694371425 0.7844893328125 0.6976931546875 0.792351571875 0.9580985375 0.761343359375 0.9745219796875 0.6572915234375001 0.8339997828125 0.32108478906250004 0.599907375 0.34231061875 0.68443841875 0.678106496875
0 0.41908347656249995 0.7982875421875 0.6893670937499999 0.76663928125 0.677794959375 0.66238201875 0.596249125 0.33245081718749997 0.3565662953125 0.3560582375 0.387754875 0.695310375 0.41908347656249995 0.7982875421875
0 0.07930440625 0.737509078125 0.129716434375 0.8352110234375001 0.41084436875 0.79680201875 0.3834670625 0.6935688328125 0.3526150015625 0.3563142578125 0.1241130125 0.3751584953125 0.1030539390625 0.380561725 0.07930440625 0.737509078125
0 0.6940783828125 0.794605153125 0.7092218109374999 0.884495453125 0.9501637687500001 0.844651515625 0.957762015625 0.759345796875 0.6940783828125 0.794605153125
0 0.42139564375000005 0.8001570953125 0.4487729515625 0.9033902828124999 0.693666203125 0.863290325 0.6854157984375 0.7668953015625 0.42139564375000005 0.8001570953125
0 0.140267709375 0.8385661000000001 0.190006696875 0.9322729234375 0.44212949375 0.8876658046875001 0.4210591234375 0.798159534375 0.140267709375 0.8385661000000001
0 0.248340865625 1 0.4753033109375 0.9541748140624999 0.45667553906249997 0.90287824375 0.44910947187500005 0.90538784375 0.44246601406249997 0.8896633671874999 0.1992118890625 0.92763775 0.2387020765625 1 0.248340865625 1
0 0.7041740015625 0.85453201875 0.697617496875 0.86303430625 0.46424160625 0.9003686421875001 0.48556154218750003 0.967645709375 0.7153226593750001 0.9325649546875001 0.7041740015625 0.85453201875
0 0.7335269546875 0.9576371968749999 0.742102584375 0.96112028125 0.9613124265625 0.92268445 0.9702567578125001 0.84536898125 0.9546141953125 0.7999370890625 0.9501637687500001 0.844651515625 0.716787878125 0.8819858515625001 0.7335269546875 0.9576371968749999