0 0.00045025781250000003 0 0.0009005203125 0.0263083046875 0.2805118546875 0.06754835000000001 0.279611334375 0 0.00045025781250000003 0
0 0.49933811875 0.0021331046875 0.279611334375 0.0007110328125 0.2805118546875 0.0597269625 0.301674065625 0.0618600671875 0.5002386390625 0.09030147968749999 0.49933811875 0.0021331046875
0 0.6470233328125 0.1201649578125 0.6479238515625 0 0.49978837656249997 0.0021331046875 0.5011391578125 0.088168375 0.52815474375 0.1002559703125 0.5691283874999999 0.1137656421875 0.6470233328125 0.1201649578125
0 0.7635883906250001 0.0008333328124999999 0.64775725625 0.00125 0.6472295515625001 0.1195833328125 0.654089709375 0.12375 0.7630606859375 0.1445833328125 0.7635883906250001 0.0008333328124999999
0 0.85804749375 0.1166666671875 0.8575197890625 0.010416667187500001 0.8324538265625 0 0.7641160953125 0.00041666718749999997 0.7635883906250001 0.14416666718749999 0.7738786281250001 0.1445833328125 0.7733509234375 0.1258333328125 0.85804749375 0.1166666671875
0 0.9298153031249999 0.0375 0.859102903125 0.014583332812499999 0.8585751984375 0.11499999999999999 0.9311345640625 0.10375000000000001 0.9298153031249999 0.0375
0 0.9907651718749999 0.05500000000000001 0.93166226875 0.0366666671875 0.931926121875 0.10333333281249998 0.99182058125 0.09625 0.9907651718749999 0.05500000000000001
0 0.773087071875 0.1266666671875 0.7728232187499999 0.2883333328125 0.997361478125 0.2875 0.997361478125 0.0958333328125 0.773087071875 0.1266666671875
0 0.6585751984375 0.3158333328125 0.6656992078124999 0.3008333328125 0.7622691296874999 0.29125 0.7635883906250001 0.14666666718750002 0.6480211078125 0.1291666671875 0.6445910296874999 0.3145833328125 0.6498680734375 0.3166666671875 0.6585751984375 0.3158333328125
0 0.5013192609375 0.31875 0.6445910296874999 0.3154166671875 0.6469656984375 0.1266666671875 0.5686015828125 0.11333333281249999 0.5284960421875 0.1004166671875 0.49736147812500003 0.1004166671875 0.5013192609375 0.31875
0 0.3124010546875 0.3375 0.4965699203125 0.32625000000000004 0.5005277046875001 0.3195833328125 0.49736147812500003 0.1 0.50079155625 0.10124999999999999 0.5010554093749999 0.0916666671875 0.3021108171875 0.0625 0.28970976249999997 0.06833333281250001 0.2891820578125 0.3266666671875 0.3044854875 0.3291666671875 0.3124010546875 0.3375
0 0.28891820625000003 0.0679166671875 0.0005277046875 0.0270833328125 0 0.355 0.2891820578125 0.3433333328125 0.28891820625000003 0.0679166671875
0 0.295250659375 0.6070833328125 0.29261213750000004 0.3429166671875 0.0002638515625 0.3554166671875 0.0005277046875 0.6841666671875 0.28311345625 0.6083333328125 0.295250659375 0.6070833328125
0 0.4976253296875 0.3395833328125 0.47783641093749996 0.3283333328125 0.29050131874999996 0.3358333328125 0.2928759890625 0.3429166671875 0.29630606875 0.5970833328125 0.49788918281249994 0.5445833328125 0.4976253296875 0.3395833328125
0 0.6456464375000001 0.5041666671875 0.6440633250000001 0.3154166671875 0.5015831140625 0.3183333328125 0.49630606874999994 0.3258333328125 0.4781002640625 0.3275 0.4984168859375 0.3391666671875 0.4976253296875 0.5425 0.5031662265625 0.5429166671875 0.6456464375000001 0.5041666671875
0 0.997361478125 0.525 0.997361478125 0.2958333328125 0.9823219 0.2929166671875 0.7725593671875 0.28958333281250004 0.6659630609375 0.3008333328125 0.65804749375 0.3166666671875 0.6585751984375 0.49000000000000005 0.937203165625 0.5416666671875 0.9480211078125 0.5475 0.997361478125 0.525
0 0.29129287656249997 0.8612500000000001 0.28891820625000003 0.6075 0.0005277046875 0.6849999999999999 0.0002638515625 0.9833333328125 0.01108179375 0.9854166671875 0.29129287656249997 0.8612500000000001
0 0.29630606875 0.5970833328125 0.295250659375 0.6066666671875 0.2891820578125 0.6075 0.29129287656249997 0.8570833328124999 0.49736147812500003 0.7608333328125 0.497097625 0.5458333328125 0.29630606875 0.5970833328125
0 0.5034300796875 0.54375 0.4968337734375 0.5441666671875 0.498153034375 0.7608333328125 0.6482849609375 0.6808333328125 0.6453825859375 0.5041666671875 0.5034300796875 0.54375
0 0.997361478125 0.525 0.9480211078125 0.5475 0.9366754625 0.5420833328125 0.6585751984375 0.49000000000000005 0.6556728234375 0.49583333281249997 0.655936675 0.6783333328125 0.9266490765625001 0.7837500000000001 0.997361478125 0.7333333328125 0.997361478125 0.525
0 0.997361478125 0.9375 0.997361478125 0.7333333328125 0.926385225 0.7845833328125 0.6551451187499999 0.68125 0.6546174140625001 0.8637499999999999 0.89182058125 0.9958333328125001 0.9459102906249999 0.9958333328125001 0.997361478125 0.9375
0 0.6556728234375 0.86625 0.6519788921874999 0.8745833328125 0.6517150390625 0.9958333328125001 0.89182058125 0.9958333328125001 0.6556728234375 0.86625
0 0.6424802109375001 0.6849999999999999 0.48997361406250006 0.7658333328125 0.49234828437499994 0.95375 0.5042216359375 0.96 0.6440633250000001 0.8658333328125 0.6424802109375001 0.6849999999999999
0 0.445910290625 0.9958333328125001 0.4910290234375 0.9683333328125 0.48997361406250006 0.76625 0.29129287656249997 0.8574999999999999 0.2902374671875 0.9958333328125001 0.445910290625 0.9958333328125001
0 0.490765171875 0.9958333328125001 0.643799471875 0.9958333328125001 0.6443271765625 0.8670833328124999 0.5042216359375 0.9604166671875 0.4910290234375 0.9545833328125 0.490765171875 0.9958333328125001
0 0.29182058125 0.8608333328125 0.0116094984375 0.9854166671875 0.0005277046875 0.98375 0 0.9958333328125001 0.2902374671875 0.9958333328125001 0.29182058125 0.8608333328125