0 0.5660000000000001 0.11428571406250002 0.5740000000000001 0.32 0.8960000000000001 0.308571428125 0.8960000000000001 0.10857142812500001 0.5660000000000001 0.11428571406250002
0 0.5660000000000001 0.33142857187499997 0.572 0.52 0.89 0.5257142859374999 0.892 0.32 0.5660000000000001 0.33142857187499997
0 0.568 0.5228571421875 0.584 0.7228571421875001 0.8880000000000001 0.72 0.89 0.5228571421875 0.568 0.5228571421875
0 0.5660000000000001 0.76 0.5780000000000001 0.9400000000000001 0.8800000000000001 0.9314285718749999 0.884 0.7428571421875 0.5660000000000001 0.76
0 0.576 0.9571428578125 0.568 0.7771428578124999 0.27 0.78 0.282 0.971428571875 0.576 0.9571428578125
0 0.258 0.5771428578125 0.27 0.7742857140625 0.568 0.7742857140625 0.5660000000000001 0.5742857140625001 0.548 0.551428571875 0.288 0.5599999999999999 0.258 0.5771428578125
0 0.354 0.44000000000000006 0.33399999999999996 0.4542857140625 0.33799999999999997 0.5542857140625 0.5559999999999999 0.5542857140625 0.554 0.44285714218749994 0.354 0.44000000000000006
0 0.34199999999999997 0.328571428125 0.344 0.44285714218749994 0.558 0.44000000000000006 0.5559999999999999 0.3342857140625 0.34199999999999997 0.328571428125
0 0.33999999999999997 0.208571428125 0.346 0.3228571421875 0.562 0.33142857187499997 0.562 0.2142857140625 0.33999999999999997 0.208571428125
0 0.10600000000000001 0.308571428125 0.32799999999999996 0.33142857187499997 0.33799999999999997 0.22000000000000003 0.124 0.1857142859375 0.10200000000000001 0.19714285781250002 0.10600000000000001 0.308571428125
0 0.33399999999999996 0.44571428593749995 0.33399999999999996 0.33999999999999997 0.11000000000000001 0.32 0.11399999999999999 0.428571428125 0.33399999999999996 0.44571428593749995
0 0.32999999999999996 0.5542857140625 0.32799999999999996 0.451428571875 0.11000000000000001 0.4342857140625 0.11000000000000001 0.5457142859374999 0.32999999999999996 0.5542857140625
0 0.26 0.668571428125 0.26 0.5742857140625001 0.274 0.5685714281250001 0.27599999999999997 0.5542857140625 0.10800000000000001 0.548571428125 0.10600000000000001 0.528571428125 0.064 0.548571428125 0.062 0.6599999999999999 0.26 0.668571428125
0 0.074 0.6571428578125 0.068 0.768571428125 0.268 0.7857142859375 0.262 0.668571428125 0.074 0.6571428578125
0 0.078 0.771428571875 0.08199999999999999 0.8742857140625 0.27599999999999997 0.8742857140625 0.268 0.7857142859375 0.078 0.771428571875
0 0.27999999999999997 0.9742857140625001 0.27599999999999997 0.8771428578125 0.088 0.8800000000000001 0.094 0.9800000000000001 0.294 0.9857142859374999 0.294 0.9742857140625001 0.27999999999999997 0.9742857140625001