0 0 0.5649082812499999 0.030343431250000004 0.767320496875 0.064191759375 0.7681130421875 0.066854896875 0.702118978125 0 0.5415041234375 0 0.5649082812499999
0 0.068435240625 0.7734273828125 0.0332055875 0.7847707828125 0.06564336875 0.9825406750000001 0.14363558125 0.964665790625 0.15669378125 0.9209339296874999 0.076822690625 0.7423338875 0.068435240625 0.7734273828125
0 0.179590078125 1 0.1562665109375 0.9388866359374999 0.144589634375 0.970482553125 0.067551471875 0.9941741984375 0.06850700781249999 1 0.179590078125 1
0 0 0.105365053125 0.084841321875 0.3595102921875 0.3673048390625 0.3342547296875 0.32012900312500003 0.0671861203125 0 0.0811750796875 0 0.105365053125
0 0.0900388546875 0.37064139375 0.15589769375 0.5871565375000001 0.4026047765625 0.5494749078125001 0.36825889218749996 0.3400714921875 0.0900388546875 0.37064139375
0 0.160141175 0.592470875 0.2150781671875 0.7629543484375 0.4345157765625 0.7234753296875 0.4068482578125 0.5547892453125 0.160141175 0.592470875
0 0.21603221874999998 0.768771109375 0.26290952343749996 0.9106731953124999 0.4626105640625 0.8742087078124999 0.43875925625 0.7287896703125 0.21603221874999998 0.768771109375
0 0.4682723109375 1 0.48264566562500005 0.9963606984375 0.460275190625 0.8805278921875 0.2657716796875 0.928123478125 0.290392734375 1 0.4682723109375 1
0 0.321510325 0.055050178125 0.3663507875 0.32843796875 0.6271696343750001 0.2945634125 0.6128880750000001 0.022470585937500002 0.321510325 0.055050178125
0 0.37483774687500004 0.3390666484375 0.40589420625 0.548972484375 0.638489525 0.5074837796875 0.6257883109375 0.3066993578125 0.37483774687500004 0.3390666484375
0 0.4101376859375 0.5542868234375 0.44014057968750003 0.7166537234375 0.6440851015625 0.6855035765624999 0.6371082015625 0.5196197234375 0.4101376859375 0.5542868234375
0 0.4420486828125 0.7282872484375 0.4658999921875 0.8737062859375 0.6514892703124999 0.8334347234375 0.6427037796875 0.6976395203125 0.4420486828125 0.7282872484375
0 0.46685404531249997 0.8795230484375001 0.48593509218750003 0.9958582781249999 0.662610140625 0.9629107421875001 0.6533973750000001 0.8450682468749999 0.46685404531249997 0.8795230484375001
0 0.6149675609374999 1 0.6608015468749999 0.9929993921875001 0.6602747640625 0.9692299249999999 0.496422809375 1 0.6149675609374999 1
0 0.6271696343750001 0.2945634125 0.8724953937500001 0.2690177265625 0.8880635421875 0.0206699078125 0.8370280453125 0.01948204375 0.6180856078125 0.0336016875 0.6271696343750001 0.2945634125
0 0.6290777390625 0.306196934375 0.6427330062500001 0.5127981187499999 0.8565458109374999 0.48014070625 0.87016001875 0.275336909375 0.6290777390625 0.306196934375
0 0.640397628125 0.5191173015625 0.646420475 0.6791843937500001 0.8372072875000001 0.6500439328125001 0.851875059375 0.4927790703125 0.640397628125 0.5191173015625
0 0.64832858125 0.6908179171875 0.657114075 0.8266131187499999 0.8347431750000001 0.79948234375 0.843358871875 0.6669917953125 0.64832858125 0.6908179171875
0 0.655732753125 0.8387490640624999 0.6639914640625 0.950774796875 0.824219371875 0.9203393703125 0.8324077984375 0.805801528125 0.655732753125 0.8387490640624999
0 0.8186940796875 0.9688831499999999 0.821883996875 0.9266585546874999 0.66823494375 0.9560891390625 0.6640909734375 0.9924969718750001 0.8186940796875 0.9688831499999999
0 0.891576440625 0.38535295625 0.9790096687500001 0.3839235140625 0.9293989453125 0.08145191406249999 0.891576440625 0.38535295625
0 0.937201159375 0.396271759375 0.918845915625 0.38715034375 0.8906926734375 0.6060997718750001 0.9171076062499999 0.643802571875 0.992914240625 0.6322239921875 0.9946909843749999 0.479530925 0.9809177734375 0.39555703750000004 0.937201159375 0.396271759375
0 0.9138181781249999 0.6443049937499999 0.8888840796874999 0.636188421875 0.8780325171875001 0.8167203296875 0.8907629578125 0.8326633484375 0.97862345625 0.8132812015625 0.99276444375 0.632246871875 0.9138181781249999 0.6443049937499999
0 0.8548777843750001 0.9633565109375001 0.9667183296875 0.946274171875 0.9781961859375 0.8312339062499999 0.8874735296875 0.8331657703124999 0.8756971421875 0.8230395125 0.8548777843750001 0.9633565109375001
0 0.9732971859375 0.945269328125 0.9893000687500001 0.9428250734375 0.9908213765625 0.8120842453125 0.9852023109375001 0.8122763578125 0.9732971859375 0.945269328125