0 0.1588975046875 0.0021250375 0.18866719062499998 0.4037570640625 0.40576805781249997 0.38888180625 0.386889721875 0.0127502234375 0.1588975046875 0.0021250375
0 0.600360140625 0.017000296875 0.3970549796875 0.0021250375 0.3883419015625 0.010625184375 0.41012459687499997 0.3878192875 0.4152072265625 0.3941943984375 0.6054427703124999 0.3761315828125 0.600360140625 0.017000296875
0 0.787691325 0.00850015 0.606168859375 0.00743763125 0.606168859375 0.3740065453125 0.79350004375 0.3527561734375 0.787691325 0.00850015
0 0.967761609375 0.00956266875 0.7956783125 0.0159377796875 0.7985826734375 0.3548812109375 0.96630943125 0.3421309875 0.967761609375 0.00956266875
0 0.9619528921875 0.6460113046875 0.9692137890625 0.3442560234375 0.8022131218749999 0.35913128437499997 0.7993087609375 0.6736367890625 0.8080218421875 0.68107441875 0.9619528921875 0.6460113046875
0 0.7993087609375 0.67151175 0.79350004375 0.3559437296875 0.609799309375 0.3761315828125 0.6148819375000001 0.7023247921875 0.621416746875 0.7055123453125 0.7993087609375 0.67151175
0 0.6032645015625 0.3761315828125 0.404315878125 0.399506990625 0.4210159453125 0.7331378296875 0.6119775796875 0.7044498265625 0.6032645015625 0.3761315828125
0 0.39923324843749997 0.389944321875 0.17632366093750002 0.41225721406250004 0.206093346875 0.7682009437499999 0.4181115859375 0.7342003484374999 0.39923324843749997 0.389944321875
0 0.8501350515625001 0.9605168093750001 0.9605007109375 0.920141103125 0.9626789812500001 0.64813634375 0.8072957515624999 0.6831994546875 0.804391390625 0.9371413984375 0.8080218421875 0.9467040671875001 0.8501350515625001 0.9605168093750001
0 0.7593738203125 0.9785796250000001 0.77825215625 0.967954440625 0.775347796875 0.9541416984375 0.8029392124999999 0.9392664375 0.796404403125 0.67682434375 0.6235950156250001 0.709762421875 0.631262525 0.9970674484375 0.69539078125 0.9970674484375 0.7593738203125 0.9785796250000001
0 0.62432110625 0.706574865625 0.42392030468749997 0.738450421875 0.4408817640625 0.9970674484375 0.631262525 0.9970674484375 0.62432110625 0.706574865625
0 0.4181115859375 0.73526286875 0.21408033437500001 0.7724510171875 0.2284569140625 0.9970674484375 0.436873746875 0.9970674484375 0.4181115859375 0.73526286875