0 0.7482535671874999 0.307380434375 0.9940653828125001 0.3073831609375 0.997750590625 0.1490515796875 0.794336653125 0.0933408296875 0.7482535671874999 0.307380434375
0 0.4978438328125 0.114725003125 0.46101071875 0.2810603109375 0.7506701671875 0.3091387625 0.7901700640625 0.0989203328125 0.4978438328125 0.114725003125
0 0.687754153125 0.52538505 0.9876977703125001 0.5809616953125001 0.99406190625 0.3075325125 0.7362538375 0.313103775 0.687754153125 0.52538505
0 0.6229214609375 0.7556137640625 0.9260802968749999 0.8519470546875001 0.987372303125 0.5949451046875 0.9876976031250001 0.580968896875 0.6835042578125 0.5253682125 0.6229214609375 0.7556137640625
0 0.891905559375 1 0.9260802968749999 0.8519470546875001 0.6215048171875 0.7585810328125 0.568421890625 0.9752160312499999 0.6143145109375 1 0.891905559375 1
0 0.4539275328125 0.286978003125 0.412011146875 0.46868219218749996 0.6820876124999999 0.5283354765625 0.7349205390625 0.312748740625 0.4539275328125 0.286978003125
0 0.7942533078125 0.0966631296875 0.5512414437500001 0.028889340625 0.5273759171875 0.027638600000000003 0.5009271203125001 0.10774220781249999 0.7942533078125 0.0966631296875
0 0.4125111421875 0.466585671875 0.3629282671875 0.6507077375 0.6222548125 0.755436246875 0.68833749375 0.5199662265625 0.4125111421875 0.466585671875
0 0.31484534375 0.8374588796875001 0.5689218875 0.97311950625 0.6195882125 0.7547261796875 0.36309491875 0.652981778125 0.31484534375 0.8374588796875001
0 0.5609491578125 1 0.5709218359375 0.9736520578125001 0.306845546875 0.8353286796875 0.2712624953125 0.97858540625 0.3529456484375 1 0.5609491578125 1
0 0.49467723750000003 0.11611145468749999 0.523998265625 0.027461585937499998 0.33569658125 0.0175931125 0.307015103125 0.1330303203125 0.49467723750000003 0.11611145468749999
0 0.30443185 0.1289979515625 0.265182171875 0.2846562984375 0.4538441890625 0.290300303125 0.5007604296875 0.11438680625 0.30443185 0.1289979515625
0 0.2671821203125 0.285188846875 0.22876578125 0.4343801046875 0.4100111609375 0.4770682796875 0.45026094375000003 0.29046098124999997 0.2671821203125 0.285188846875
0 0.226265834375 0.435944078125 0.192682696875 0.5886519921875 0.36617820624999997 0.645998984375 0.4092612015625 0.4712944265625 0.226265834375 0.435944078125
0 0.1470998640625 0.73816460625 0.3154286828125 0.83204005625 0.366594859375 0.6472247609374999 0.180266353125 0.5842309140624999 0.1470998640625 0.73816460625
0 0.099517084375 0.8871446765625001 0.1995976828125 0.9550430515624999 0.2701791953125 0.9771821140625001 0.31609533437500004 0.8322175734374999 0.13976671875 0.7362119234375 0.099517084375 0.8871446765625001
0 0.0876005296875 0.9305714500000001 0.1981810390625 0.958010321875 0.0990170875 0.8892411953125 0.0876005296875 0.9305714500000001
0 0.202682734375 0.5199656375 0.32968166718749997 0.023123589062499998 0.32376904375 0.0169680171875 0.185690890625 0.009731646875 0.058936457812499995 0.47165515312500006 0.202682734375 0.5199656375
0 0 0.4587699984375 0.057186507812499995 0.4700743421875 0.183351953125 0.015373928125 0.101853903125 0.0271174171875 0.038354509375 0.2577011640625 0 0.42346407187499996 0 0.4587699984375
0 0 0.9072450296874999 0.0856539125 0.9300531015625 0.2036826890625 0.5246912312500001 0.0681028984375 0.471866346875 0 0.7139036671875 0 0.9072450296874999
0 0 0.7176313875 0.06785290000000001 0.4729146078125 0.0031045453125 0.4590177984375 0 0.4704102609375 0 0.7176313875