0 0 0.841826965625 0.07562333437499999 0.8429401203125 0.115126059375 0.7801656890625 0.11871655781249998 0.716134878125 0.10697855 0.713051040625 0.1113010171875 0.68647041875 0.05982754999999999 0.7488260546875 0 0.746733 0 0.841826965625
0 0 0.7429008265625 0.06228814218749999 0.74356576875 0.1075435046875 0.683665778125 0.10983708125 0.611570040625 0.0788798046875 0.6452384046875 0 0.6460473359375001 0 0.7429008265625
0 0 0.6442513578125 0.07688468281250001 0.6451686046875 0.10385171093750001 0.61136064375 0.1083393828125 0.491224346875 0 0.48743411718749996 0 0.6442513578125
0 0 0.4820877484375 0.10680972656250001 0.4858244640625 0.11133116406250002 0.4111334828125 0.0532398421875 0.4117743546875 0.0496813 0.36085935625 0.02174956875 0.3598821703125 0 0.3684714796875 0 0.4820877484375
0 0.10042279843749999 0.2610535328125 0.0475191625 0.2939541046875 0.055467699999999995 0.40917911093750003 0.1878440640625 0.40579071874999995 0.19209900156249998 0.288319465625 0.2045352109375 0.2834081734375 0.204634696875 0.2593529953125 0.10042279843749999 0.2610535328125
0 0.11332628593750001 0.41120328281249996 0.110933225 0.5073541984375 0.297078440625 0.5299055578125 0.303296546875 0.5274499109375 0.3052241390625 0.43662908125 0.3110762609375 0.41544834062499997 0.11332628593750001 0.41120328281249996
0 0.1107004890625 0.5100192421874999 0.1058468359375 0.6114304421875 0.29175931718750003 0.63664684375 0.303364075 0.61834054375 0.3028310765625 0.532779996875 0.1107004890625 0.5100192421874999
0 0.1113010171875 0.68647041875 0.10697855 0.713051040625 0.2938219703125 0.7276072734375 0.3118775671875 0.704180284375 0.31370567656250004 0.6374146328125 0.30772030625 0.6372052359375 0.3013689515625 0.61827074375 0.29175931718750003 0.63664684375 0.1133618609375 0.617039721875 0.1113010171875 0.68647041875
0 0.3104154421875 0.789671034375 0.313075003125 0.7363003890625001 0.3091842421875 0.7121056125 0.2955843609375 0.7303421140624999 0.12071168125000001 0.7162046765625 0.1154920421875 0.7988907843749999 0.298345215625 0.81330741875 0.3104154421875 0.789671034375
0 0.34648744374999996 0.216198365625 0.32853133125 0.215570175 0.3229794734375 0.3249765046875 0.5337643765625 0.3403703234375 0.5472967296875 0.231243190625 0.5417768281249999 0.225703709375 0.34648744374999996 0.216198365625
0 0.31676136875 0.3274321484375 0.3112095109375 0.436838478125 0.51600904375 0.45202289999999995 0.5295413953125 0.34289576718750003 0.31676136875 0.3274321484375
0 0.3069865296875 0.4393639203125 0.3025983421875 0.5354450374999999 0.5054027515625 0.5505596625 0.515776309375 0.4546879421875 0.3069865296875 0.4393639203125
0 0.31210849218750003 0.54112411875 0.3046609953125 0.62640546875 0.308185775 0.63187515 0.4987867078125 0.6492360234375 0.509160265625 0.553364303125 0.31210849218750003 0.54112411875
0 0.3120108171875 0.7255704234375 0.5008493609375 0.740196453125 0.5040081562500001 0.726941040625 0.5092277937499999 0.6442549343749999 0.5012472984375 0.6439757390625 0.49655885 0.6518312671875 0.3179286578125 0.6348891875 0.3120108171875 0.7255704234375
0 0.5023132968749999 0.8150968296875 0.5092953234375 0.7351455640625 0.5035426875 0.7322711265625 0.5006166265625 0.7428614953125 0.31576833125000003 0.7283750625 0.311612878125 0.8217911375 0.4969266421875 0.8309474859374999 0.5023132968749999 0.8150968296875
0 0.3145335109375 0.3300273921875 0.32144981875 0.3195766203125 0.3233116921875 0.2982562828125 0.20559939843750002 0.2941381421875 0.20406974218750001 0.288738259375 0.194094125 0.2883892640625 0.189606453125 0.40852556093750003 0.30931387187500003 0.4127135 0.3145335109375 0.3300273921875
0 0.22052815468750003 0.16902075625 0.20632955625 0.1711972046875 0.20583213281249998 0.29147309843749997 0.3217820375 0.2928564 0.328764065625 0.2129051328125 0.3451905234375 0.208133440625 0.3457554765625 0.1787481765625 0.22052815468750003 0.16902075625
0 0.3556298015625 0.042761225 0.2922513125 0.035197573437500004 0.21819900312499999 0.035280053125 0.21677064375000002 0.166216115625 0.3502111921875 0.17355769062499998 0.3549653625 0.09620166718749999 0.3948678359375 0.097597646875 0.40012123906249997 0.06035685625 0.3556298015625 0.042761225
0 0.3547326296875 0.098866709375 0.34848256875 0.2162681640625 0.482155853125 0.220944696875 0.4921634265625 0.1063478828125 0.3547326296875 0.098866709375
0 0.49615367343749994 0.10648748125 0.4861460984375 0.22108429531249998 0.6138340125 0.22555143125 0.6208160406250001 0.1456001640625 0.6263021796875 0.1056943296875 0.49615367343749994 0.10648748125
0 0.40539211562500005 0 0.39709569375 0.0950024046875 0.58440458125 0.1042285515625 0.5912533609375 0.0028871500000000002 0.5087275296875 0 0.40539211562500005 0
0 0.511755915625 0.7298852796874999 0.5040756843749999 0.817831671875 0.688691246875 0.8349831484375001 0.6998962578125 0.7525064375 0.6966042125 0.7443717125 0.511755915625 0.7298852796874999
0 0.5169755546875 0.647199171875 0.507998403125 0.7270806390625 0.6968369453125 0.7417066703125 0.7117994703125 0.6620345999999999 0.706745034375 0.6511650343750001 0.5169755546875 0.647199171875
0 0.5255867234375 0.5485926109375 0.5129177781250001 0.55616894375 0.50547028125 0.64145029375 0.7007596640625 0.6509556375 0.7164203890625 0.5632884406249999 0.7133610796875 0.5524886734375001 0.5255867234375 0.5485926109375
0 0.533732421875 0.45531613281250005 0.527148334375 0.4390466828125 0.5211629624999999 0.4388372859375 0.5116208578125 0.5481040187499999 0.7115986890625 0.54975383125 0.7250315578125 0.46468187812500006 0.533732421875 0.45531613281250005
0 0.568146946875 0.336226821875 0.5653203718750001 0.32276201250000003 0.5431412765625 0.3246592671875 0.5382200921875 0.3351798359375 0.5276138015625 0.4337166 0.5339651562500001 0.45265109218750005 0.7370022984375 0.46510067343749995 0.7580496765625 0.3615828203125 0.7552231015624999 0.34811801249999996 0.568146946875 0.336226821875
0 0.5796841765625 0.22702989062499998 0.56555310625 0.3200969703125 0.570142071875 0.3362966203125 0.7793973203125 0.3462905578125 0.79691991875 0.23730302343749998 0.5796841765625 0.22702989062499998
0 0.62982695625 0.11116401406250001 0.6162946046875 0.2202911453125 0.7397595359375 0.2272837265625 0.761272384375 0.1184357890625 0.62982695625 0.11116401406250001
0 0.78079010625 0.009518053125 0.65110706875 0.00498111875 0.6439580265625 0.0180969328125 0.630292425 0.105833928125 0.7635002421875 0.115840546875 0.78079010625 0.009518053125
0 0.8032356999999999 0.0504010734375 0.7788287484375 0.054893570312499994 0.7681886921875 0.1079850171875 0.8934160125 0.1177124375 0.902759146875 0.056556065625 0.8032356999999999 0.0504010734375
0 0.9878193062499999 0.18249835781249998 0.9927067265625 0.126532471875 0.7617378515625 0.1131057046875 0.741521925 0.230018565625 0.9697974734375 0.2513706625 0.9878193062499999 0.18249835781249998
0 0.9695647390625 0.254035703125 0.797152653125 0.23463798125 0.7831548328125 0.34909519843750003 0.9810687046875 0.3612306375 0.9874740796875001 0.23900880937500002 0.9751841265625 0.23552000781250002 0.9695647390625 0.254035703125
0 0.9799738703124999 0.364000425 0.7612084734375 0.348327409375 0.7448495453125 0.44398973281250004 0.750369446875 0.44952921406249996 0.9549362453124999 0.4673786796875 0.9799738703124999 0.364000425
0 0.9407376453125 0.469555128125 0.7439186062500001 0.4546499 0.7372350328125 0.46243562968749996 0.728789071875 0.46748651875 0.7140592828125001 0.544493546875 0.7173513265625 0.552628271875 0.916398221875 0.5649382546874999 0.9407376453125 0.469555128125
0 0.7231039625 0.5555027109374999 0.7032202562500001 0.6456953515625 0.9101481609375 0.6823397109375 0.9327251953125 0.5842217421875 0.9203884703125 0.565077853125 0.7231039625 0.5555027109374999
0 0.696371478125 0.7470367546875 0.894720171875 0.767341865625 0.9121432859375 0.682409509375 0.7127304062500001 0.65137443125 0.696371478125 0.7470367546875
0 0.7041192374999999 0.7499809921875 0.700494975 0.7685664890624999 0.70418676875 0.8408716234375 0.900773071875 0.85844189375 0.9159683281250001 0.77610478125 0.9008050265625 0.7434960828125 0.894720171875 0.767341865625 0.7183178390625 0.7478045437499999 0.7041192374999999 0.7499809921875