0 0.9544647359375 0.18722475624999999 0.9502020234374999 0.005528114062500001 0.69763774375 0.0040587375 0.669632265625 0.21675957499999998 0.9544647359375 0.18722475624999999
0 0.29846710625 0.251802353125 0.6697022687499999 0.21974347343749998 0.6958701390625001 0.0040484546875 0.502482078125 0.0029233546875 0.2790690328125 0.024916540625 0.29846710625 0.251802353125
0 0 0.2783462625 0.2985021078125 0.2532943015625 0.2790690328125 0.024916540625 0 0.0498828203125 0 0.2783462625
0 0 0.333079228125 0.0344787859375 0.48415431406250004 0.3916011828125 0.45049393281250005 0.3847997953125 0.246294396875 0 0.27693460000000003 0 0.333079228125
0 0 0.6103333578125001 0.009228425 0.6077669796875 0.0319366515625 0.5472111453124999 0.0040021296875 0.47070515 0 0.47149782343749996 0 0.6103333578125001
0 0 0.48144739062499997 0.033802753125 0.5410458640625 0.04168718125 0.5342881265625 0.036589899999999995 0.48843267656249995 0.025474292187499997 0.44316968125 0.0153387421875 0.4396812578125 0 0.4673497125 0 0.48144739062499997
0 0.028694479687500003 0.5804289953125 0.052546781249999994 0.6543460624999999 0.0616672734375 0.6145679609375 0.0462244296875 0.55627239375 0.028694479687500003 0.5804289953125
0 0 0.7142784390625 0.03163465 0.705752715625 0.0564889953125 0.65096719375 0.0246822609375 0.5808239656249999 0.0072223156250000005 0.6079644656250001 0 0.6100272546875 0 0.7142784390625
0 0.4089471515625 0.7613238609375 0.4055169515625 0.6151128531250001 0.0769001046875 0.663911834375 0.10436860781249999 0.8062610734375 0.4089471515625 0.7613238609375
0 0.118516378125 0.8093545265625 0.151583184375 0.9332079203125 0.36782292656250004 0.89397615 0.356963328125 0.7739182171875 0.118516378125 0.8093545265625
0 0.6401287156250001 0.8447389546874999 0.6434168828125 0.727774471875 0.3569283265625 0.7724262671875 0.37180014375 0.89208923125 0.6401287156250001 0.8447389546874999
0 0.8962806249999999 0.7926057890625 0.9116054484375 0.6744563984374999 0.6434168828125 0.727774471875 0.6463570546875 0.85309819375 0.8962806249999999 0.7926057890625
0 0.7081243859375 0.5718650750000001 0.6972668078125001 0.7090148359375 0.9116054484375 0.6744563984374999 0.9385118984374999 0.5357267578125 0.7081243859375 0.5718650750000001
0 0.40956417187499994 0.6162098312500001 0.4090171546875 0.7643077593750001 0.6973368125 0.7119987328125 0.70618828125 0.5750464562500001 0.40956417187499994 0.6162098312500001
0 0.0365198953125 0.48544877968750005 0.06479344687500001 0.6621128453125 0.3292848109375 0.6226172828125 0.315474046875 0.462474209375 0.0365198953125 0.48544877968750005
0 0.6402316984375 0.59200710625 0.6623908890625 0.42234150625 0.315474046875 0.462474209375 0.33326202656250004 0.6207303640624999 0.6402316984375 0.59200710625
0 0.938476896875 0.534234809375 0.9599250515625 0.419968809375 0.9588749906249999 0.3752103359375 0.7243702546875 0.40726777812500004 0.6643619968750001 0.4206520734375 0.6460050125000001 0.5809710078125 0.938476896875 0.534234809375
0 0.954827771875 0.3741133578125 0.9545347390625001 0.19020865468749998 0.7479055156250001 0.21054961093750002 0.7223641468750001 0.4074652625 0.954827771875 0.3741133578125
0 0.3828286890625 0.24798382968750002 0.3955433953125 0.4471150640625 0.7202880328125 0.4046788484375 0.7459694125 0.2137309921875 0.3828286890625 0.24798382968750002