0 1 0.42052215625 0.9270403421875001 0.07024691718750001 0.7599442046875 0.057585128124999996 0.8352465625000001 0.46197801875 1 0.45346276406249997 1 0.42052215625
0 1 0.46230619375000004 0.97962426875 0.466221459375 1 0.573672365625 1 0.46230619375000004
0 1 1 1 0.5845706890625 0.9765549046875 0.46105375000000004 0.837760734375 0.4644802796875 0.4269301453125 0.5014143328125 0.39669685 0.5093561656250001 0.47383692968749996 0.8988376453125 0.6796809406250001 1 1 1
0 0.35145564218750003 0.11992919375 0.424971165625 0.5015775171875 0.8352465625000001 0.46197801875 0.7599442046875 0.057585128124999996 0.4606491484375 0.0349059046875 0.4416951796875 0.036484778125 0.35145564218750003 0.11992919375
0 0.3668656921875 0.10779875312500001 0.4416951796875 0.036484778125 0.353541084375 0.0438280515625 0.3668656921875 0.10779875312500001
0 0.309210521875 0.78781318125 0.4702439890625 0.8720200015625 0.39669685 0.5093561656250001 0.25620548906249996 0.5237708484375 0.309210521875 0.78781318125
0 0.2015348796875 0.2517321765625 0.2556502953125 0.5211054015625 0.4274853375 0.5040797796875001 0.35282781406249997 0.13608505312500002 0.2015348796875 0.2517321765625
0 0.14784819375 0.060962353125 0.1883772125 0.25553990937500004 0.34724427812499997 0.1284150828125 0.3668656921875 0.10779875312500001 0.35213729531250004 0.04665668125 0.14784819375 0.060962353125
0 0.14904840156250002 0.516426915625 0.074313759375 0.530787421875 0.11066303125000002 0.714866378125 0.193725553125 0.740487559375 0.294775528125 0.7185115875 0.2553885078125 0.510280434375 0.14904840156250002 0.516426915625
0 0.057278612500000006 0.6786379171875 0.10233515156249999 0.6748846890625 0.0804208734375 0.5601073265625 0.035364334375 0.56386055625 0.057278612500000006 0.6786379171875
0 0.020920476562500002 0.331858078125 0.017389426562499997 0.3318100140625 0.0213691734375 0.4077481265625 0.0364658546875 0.40649056562499997 0.020920476562500002 0.331858078125
0 0.054525403125 0.4836253140625 0.0375762390625 0.4118214578125 0.02157123125 0.4116036 0.024977965625 0.47660796406249994 0.02654449375 0.48324444218749996 0.054525403125 0.4836253140625
0 0.1319955234375 0.33887564375 0.11951951093749999 0.269410865625 0.0133569921875 0.2548665984375 0.014865609375 0.283652728125 0.0248384359375 0.3315317109375 0.1319955234375 0.33887564375
0 0.02287945625 0.33169489375 0.0364658546875 0.40649056562499997 0.1106136875 0.40844910156249997 0.1366988484375 0.3710241796875 0.13339931249999998 0.3360470140625 0.02287945625 0.33169489375
0 0.038424834375 0.4063273828125 0.0564843828125 0.48346213125000004 0.0682382640625 0.482483028125 0.1111688796875 0.41111454687500004 0.038424834375 0.4063273828125
0 0.10265130625 0.4850397953125 0.167852834375 0.482320175 0.1548216296875 0.41018995 0.10265130625 0.4850397953125
0 0.10265130625 0.4850397953125 0.077676528125 0.527795609375 0.172556159375 0.514468709375 0.166449046875 0.4851488046875 0.10265130625 0.4850397953125
0 0.24621203125000002 0.47579282031250003 0.2342912109375 0.4089934875 0.1573358015625 0.4126922125 0.1672976421875 0.479654728125 0.24621203125000002 0.47579282031250003
0 0.1672976421875 0.479654728125 0.172556159375 0.514468709375 0.25342952812499997 0.51044361875 0.24621203125000002 0.47579282031250003 0.1672976421875 0.479654728125
0 0.1885125390625 0.342302834375 0.1542664375 0.407524503125 0.2342912109375 0.4089934875 0.21985621718749998 0.3396918921875 0.1885125390625 0.342302834375
0 0.11951951093749999 0.269410865625 0.13339931249999998 0.3360470140625 0.153544303125 0.33708062031249997 0.1877904046875 0.2718589515625 0.11951951093749999 0.269410865625