0 0.7061065890625 0 0.7085527421875 0.00701094375 0.7180792234375 0.0071429796875 0.7387110359375 0.1106789296875 0.751002428125 0.1087945625 0.7562243125 0.1032164390625 0.8453369125 0.0895547671875 0.8505653234375 0.09990086249999999 0.964260709375 0.0824704546875 0.9478266609375 0 0.7061065890625 0
0 0.7676473703125 0.2320519921875 0.7793294140625 0.24300121875 0.7916208078125 0.24111685 0.7977632406249999 0.23221255625 0.8902566265624999 0.21962510468750002 0.8921042515625001 0.22889698125 0.9907433328125 0.2153673453125 0.964260709375 0.0824704546875 0.8487209609375 0.09859109687499999 0.7583798749999999 0.114033628125 0.74762490625 0.11568244999999999 0.7676473703125 0.2320519921875
0 1 0.26181977500000003 0.9907433328125 0.2153673453125 0.7799452890625 0.24609184375 0.77072348125 0.2395430109375 0.79444119375 0.37445630625000004 0.8122624093749999 0.368539128125 0.8147193828124999 0.364977409375 0.90536840625 0.35108019218750003 0.9161266390625 0.3573934796875 1 0.34319341406250004 1 0.26181977500000003
0 1 0.344535025 0.9145902140625 0.357629025 0.90536840625 0.35108019218750003 0.81748429375 0.3629610046875 0.8141067718749999 0.3698488953125 0.7925968328125 0.37314654062499997 0.812616034375 0.4815539734375 0.8273741890625 0.499994215625 0.8381291578125 0.49834539375000003 0.8439636546875 0.48789578593750005 0.92908285625 0.478031378125 0.9318510296875001 0.4839770828125 1 0.474535525 1 0.344535025
0 1 0.4911044390625 0.8418244078124999 0.5168891453125 0.8612342609375 0.6381301734375 0.8879856625 0.6770270625 1 0.6558229156250001 1 0.4911044390625
0 1 0.47481451874999997 0.93031460625 0.484212628125 0.9275464328125 0.4782669234375 0.8458080156250001 0.48920555312499997 0.8399735203124999 0.49965515937499994 0.8273741890625 0.499994215625 0.8129239703125 0.48309928593749996 0.8344795953125 0.5912711749999999 0.8627706843749999 0.6378946265625001 0.8409038593749999 0.5202153171874999 1 0.4927594359375 1 0.47481451874999997
0 1 0.6602020109375 0.8901379625000001 0.6798821421875 0.8781479796875 0.667387603125 0.8957069421874999 0.7713946453125 0.9113856468750001 0.7865087171875 0.91968364375 0.7884216125 0.9356637593749999 0.7891567765625 1 0.7808022203125 1 0.6602020109375
0 1 0.7777009968749999 0.9169187328125 0.7904380171875001 0.900011540625 0.7771048046875 0.90803096875 0.849131371875 0.9375570718749999 0.9098981859374999 1 0.8997514000000001 1 0.7777009968749999
0 0.8895938781250001 0.851957925 0.90803096875 0.849131371875 0.8886243796875 0.7358524546874999 0.86649856875 0.7360594734375 0.8895938781250001 0.851957925
0 0.849856890625 0.6207641515625 0.8347875328125 0.5928164875 0.8545020578125 0.7076407171875 0.8649621421875 0.7362950203125 0.8920051656249999 0.7369266750000001 0.8784559171874999 0.6689329171875 0.8612342609375 0.6381301734375 0.849856890625 0.6207641515625
0 0.46333749218750003 0.03982683125 0.48858510156249996 0.15858036250000002 0.5011811703125 0.150279196875 0.7122871515625 0.12110000937500001 0.719048721875 0.1232484515625 0.732876540625 0.12112853593749999 0.7107017765625 0.0019039140625 0.46333749218750003 0.03982683125
0 0.7122871515625 0.12110000937500001 0.49964474531249997 0.1505147421875 0.48981685312499995 0.16476161250000002 0.5159850125000001 0.280188971875 0.5233591953125 0.277465928125 0.5282731421875 0.27034249374999997 0.7378427000000001 0.24139885312499998 0.742147296875 0.2471090125 0.754130753125 0.24367933125 0.732263928125 0.1260000203125 0.7122871515625 0.12110000937500001
0 0.7172533109375 0.24137032656250001 0.5282731421875 0.27034249374999997 0.5230512593750001 0.275920615625 0.5129089015625 0.2726979546875 0.5082996296875 0.27340459375 0.5040015578125 0.283618653125 0.531706140625 0.398810465625 0.5363154140625 0.3981038265625 0.541841971875 0.3861089078125 0.7486466171874999 0.3591816734375 0.7526432796875 0.36334651875 0.7676995828125001 0.3594457453125 0.7455280828124999 0.24818323125 0.737226825 0.2383082265625 0.7172533109375 0.24137032656250001
0 0.7511068562500001 0.3635820640625 0.7486466171874999 0.3591816734375 0.541841971875 0.3861089078125 0.5363154140625 0.3981038265625 0.5630961859375 0.5086597015625001 0.575695515625 0.508320646875 0.5772286765625 0.500122990625 0.775735328125 0.47128286093750005 0.7803478640625 0.47853833124999995 0.798784953125 0.475711778125 0.774769090625 0.3631394984375 0.7511068562500001 0.3635820640625
0 0.775427390625 0.4697375484375 0.5775366140625 0.501668303125 0.575387578125 0.5067753328125 0.5615597625000001 0.5088952484375 0.5664834984375 0.5256581421875001 0.5880391234375 0.6338300296875 0.8031385015625 0.6008535796875 0.7843510499999999 0.498627396875 0.7803478640625 0.47853833124999995 0.775427390625 0.4697375484375
0 0.586502696875 0.6340655765625 0.5837377874999999 0.63608198125 0.6049854734375 0.74270855625 0.8188563671875 0.7115129640625 0.7969960671874999 0.6097578734375 0.800373590625 0.6028699843750001 0.586502696875 0.6340655765625
0 0.6049854734375 0.74270855625 0.6246967375 0.8495706765625 0.6455940640625 0.8511445156249999 0.742696721875 0.8378504250000001 0.8121437437499999 0.8287961656249999 0.8348821687499999 0.8237176625 0.8450212625000001 0.8189782140625 0.8207007281250001 0.7128227296875 0.6049854734375 0.74270855625
0 0.20306267500000003 0.06858138281250001 0.22585331250000001 0.19089663125 0.23660828125000002 0.18924780937500002 0.2387573171875 0.18414077812500002 0.4489394875 0.1503256546875 0.4563169328125 0.1555647203125 0.46553547812499996 0.15415144375 0.4738334734375 0.15606433749999998 0.456274509375 0.052057298437499996 0.4448971390625 0.034691275 0.20306267500000003 0.06858138281250001
0 0.4578533578125 0.1553291734375 0.44863154843749997 0.148780340625 0.23844937968750002 0.182595465625 0.2298499734375 0.1950614765625 0.228008875 0.20171381875 0.2227869921875 0.2072919421875 0.2514088609375 0.311195475 0.265236678125 0.309075559375 0.2670777765625 0.302423215625 0.471730125 0.2726409015625 0.4748062359375 0.28013191875 0.4870976296875 0.2782475515625 0.49661758437500003 0.2624553671875 0.477522196875 0.158683871875 0.4578533578125 0.1553291734375
0 0.48556120468749997 0.278483096875 0.4748062359375 0.28013191875 0.471730125 0.2726409015625 0.265541353125 0.3026587625 0.2655446171875 0.310620871875 0.2514088609375 0.311195475 0.2541835609375 0.33306539687500003 0.2713889015625 0.3240575953125 0.38969356093749996 0.30592054687500003 0.41339495625 0.40102329374999995 0.4902161625 0.389245990625 0.4972856734375 0.39293974375 0.5080406421875 0.391290921875 0.5163321109375001 0.377279596875 0.49446854843750004 0.2675623984375 0.48556120468749997 0.278483096875
0 0.5065042156249999 0.3915264671875 0.4972856734375 0.39293974375 0.4917525875 0.3890104453125 0.4121664703125 0.40280415312500006 0.4401757296875 0.51157916875 0.52529493125 0.5017147609375 0.5252981937500001 0.5096768703125 0.5360531625 0.508028046875 0.5382021984375001 0.5029210171875 0.5394208953125 0.47725383125 0.5397223062500001 0.46287492500000005 0.5224778078125001 0.3763374140625 0.5065042156249999 0.3915264671875
0 0.518841296875 0.5011116328125 0.438639303125 0.511814715625 0.43895050468749996 0.5213221375 0.4027215703125 0.601724853125 0.25338375625 0.6309896203124999 0.287853175 0.7562919828125 0.3001445671875 0.7544076140625 0.301677728125 0.746209959375 0.5428963171875 0.7092292265625 0.545972428125 0.7167202421875001 0.56287309375 0.7141292375 0.5674595234375001 0.65768783125 0.5360531625 0.508028046875 0.5252981937500001 0.5096768703125 0.52529493125 0.5017147609375 0.518841296875 0.5011116328125
0 0.56287309375 0.7141292375 0.5462803671875001 0.71826555625 0.544124803125 0.707448365625 0.301369790625 0.744664646875 0.29737965625 0.75642401875 0.32355107968749997 0.8798134875000001 0.33369343749999997 0.8830361484375 0.3401438078125 0.87567716875 0.581362396875 0.838696434375 0.5872034187499999 0.8441710484374999 0.605024634375 0.8382538687500001 0.5982402203125 0.7803706625 0.569303884375 0.6589975984375 0.56287309375 0.7141292375
0 0.617063565625 0.9701800484374999 0.6367291421875 0.9655726375 0.607773228125 0.7964269171875 0.603488209375 0.838489415625 0.5872034187499999 0.8441710484374999 0.581362396875 0.838696434375 0.3398358703125 0.87413185625 0.337994771875 0.8807841984375001 0.3615174578125 0.9916857578125 0.4039938453125 0.9904498203125 0.6182887890625001 0.9604370796874999 0.617063565625 0.9701800484374999
0 0.247729928125 0.33246227031250003 0.17430256093750002 0.3771622328125 0.20600706875000002 0.504481 0.373781971875 0.47238967968749995 0.4121664703125 0.40280415312500006 0.391229984375 0.3056850015625 0.247729928125 0.33246227031250003
0 0.3740899109375 0.47393499375000003 0.20447064531249998 0.5047165453125 0.23371491562500002 0.627634921875 0.4033374453125 0.6048154796875 0.440486928125 0.5210865921875001 0.4121664703125 0.40280415312500006 0.3740899109375 0.47393499375000003
0 0.1824732859375 0.06855285625 0.1852414609375 0.0744985609375 0.209257321875 0.18707084062499998 0.22646592499999998 0.1860251484375 0.20337061250000002 0.0701266953125 0.1824732859375 0.06855285625
0 0.14744020625 0.06755361875 0.1323839015625 0.07145439375 0.14897989218750002 0.0752801828125 0.1800685265625 0.1995083265625 0.209873196875 0.190161465625 0.186777884375 0.074263015625 0.182781225 0.07009816875 0.14744020625 0.06755361875
0 0.1800685265625 0.1995083265625 0.2090081234375 0.3288435 0.23911420468750003 0.3051177328125 0.21509834374999998 0.1925454546875 0.1800685265625 0.1995083265625
0 0.2047067890625 0.33109544999999996 0.21055433906249998 0.35249428125 0.216700034375 0.351552096875 0.2431206546875 0.3331689078125 0.23727310625000003 0.3117700765625 0.2047067890625 0.33109544999999996
0 0.1244525828125 0.21440478125 0.1431976109375 0.213123540625 0.18037646406250002 0.2010536390625 0.14867195625000001 0.0737348703125 0.12623820624999998 0.07239657656250001 0.1022680296875 0.07129383125 0.006361790625 0.083955809375 0.01713135 0.2260804171875 0.1189194984375 0.2104754828125 0.1244525828125 0.21440478125
0 0.1580079796875 0.358957534375 0.1749086453125 0.3563665296875 0.20347830312499998 0.332876309375 0.2093160609375 0.33038881249999996 0.1813002765625 0.20568957656250003 0.14074063750000002 0.21668525781249998 0.0178470796875 0.2355258203125 0.028313714062500002 0.373652771875 0.15493186718750002 0.35146651875 0.1580079796875 0.358957534375
0 0.186646165625 0.5026716140625 0.20416270625 0.5031712328125 0.1739946234375 0.37561691875 0.21117021249999998 0.35558490625 0.20501472656250003 0.33264076249999996 0.173680159375 0.35814738749999997 0.159544403125 0.3587219890625 0.15339544375 0.35170206406250004 0.028417550000000003 0.3750230765625 0.039200975 0.5173306734375 0.1854144171875 0.49649036406249997 0.186646165625 0.5026716140625
0 0.24877448281249998 0.631696259375 0.0653241359375 0.6566356156250001 0.09088294687500001 0.78489656875 0.25374390468749997 0.7599286828125 0.260813415625 0.7636224390625 0.2804789921875 0.7590150265625 0.24877448281249998 0.631696259375
0 0.22296320937499997 0.6372458546875001 0.23494666562500002 0.6338161734375001 0.20385476875 0.5016259203125 0.1854176796875 0.5044524734375 0.1847985421875 0.49339973906249995 0.039199646875 0.5173131468750001 0.039236846874999995 0.5178040890625 0.06563207343750001 0.658180928125 0.22296320937499997 0.6372458546875001
0 0.11644175937500001 0.9131575203125 0.31863713437499996 0.8869369234375 0.28693262656249996 0.7596181546875 0.0914988234375 0.78798719375 0.11644175937500001 0.9131575203125
0 0.315564284375 0.887408015625 0.11644175937500001 0.9131575203125 0.1334128375 0.9983229234375001 0.34729864843749997 0.9920994828125 0.32755426718749997 0.899902553125 0.315564284375 0.887408015625