0 0.088 0.135135134375 0.09 0.24924925 0.16999999999999998 0.24624624687500002 0.22200000000000003 0.27327327343749996 0.22999999999999998 0.13813813749999998 0.18 0.08708708750000001 0.11599999999999999 0.090090090625 0.118 0.135135134375 0.10400000000000001 0.135135134375 0.088 0.135135134375
0 0.318 0.2882882890625 0.32999999999999996 0.2852852859375 0.362 0.309309309375 0.366 0.24324324375 0.366 0.1951951953125 0.312 0.13813813749999998 0.22999999999999998 0.141141140625 0.22200000000000003 0.2762762765625 0.246 0.2882882890625 0.318 0.2882882890625
0 0.43200000000000005 0.2012012015625 0.502 0.20420420468749997 0.516 0.20720720781250002 0.516 0.16216216249999998 0.502 0.1321321328125 0.376 0.13813813749999998 0.374 0.222222221875 0.43200000000000005 0.21921921875 0.43200000000000005 0.2012012015625
0 0.21600000000000003 0.41741741718750003 0.21800000000000003 0.2762762765625 0.16799999999999998 0.24924925 0.086 0.24624624687500002 0.08399999999999999 0.4084084078125 0.16599999999999998 0.41141141093750005 0.21600000000000003 0.41741741718750003
0 0.242 0.3483483484375 0.246 0.291291290625 0.21800000000000003 0.2762762765625 0.21800000000000003 0.41741741718750003 0.24 0.42042042031250004 0.242 0.3483483484375
0 0.324 0.4264264265625 0.372 0.4354354359375 0.376 0.32432432499999997 0.32999999999999996 0.2882882890625 0.246 0.2882882890625 0.242 0.3483483484375 0.242 0.4264264265625 0.324 0.4264264265625
0 0.434 0.222222221875 0.366 0.222222221875 0.362 0.309309309375 0.43 0.3123123125 0.434 0.222222221875
0 0.5700000000000001 0.29429429375 0.5700000000000001 0.20420420468749997 0.43200000000000005 0.20420420468749997 0.43200000000000005 0.2882882890625 0.43600000000000005 0.297297296875 0.5700000000000001 0.29429429375
0 0.41600000000000004 0.372372371875 0.43 0.372372371875 0.43 0.3123123125 0.364 0.309309309375 0.376 0.32732732656249997 0.376 0.36936936875000004 0.41600000000000004 0.372372371875
0 0.422 0.47447447499999995 0.42400000000000004 0.471471471875 0.43 0.46846846875 0.43 0.390390390625 0.43 0.375375375 0.418 0.372372371875 0.376 0.372372371875 0.372 0.4354354359375 0.374 0.471471471875 0.422 0.47447447499999995
0 0.21600000000000003 0.5465465468749999 0.21600000000000003 0.41741741718750003 0.172 0.4144144140625 0.08399999999999999 0.4084084078125 0.08399999999999999 0.5495495499999999 0.16399999999999998 0.5555555562500001 0.21600000000000003 0.5465465468749999
0 0.242 0.4294294296875 0.24 0.42042042031250004 0.21800000000000003 0.42042042031250004 0.21600000000000003 0.5465465468749999 0.24 0.5465465468749999 0.242 0.4294294296875
0 0.21600000000000003 0.708708709375 0.21400000000000002 0.5465465468749999 0.16999999999999998 0.5585585578125001 0.08199999999999999 0.552552553125 0.08399999999999999 0.7147147140625 0.16999999999999998 0.7237237234375 0.21600000000000003 0.708708709375
0 0.242 0.624624625 0.242 0.603603603125 0.244 0.5795795796875 0.244 0.5615615609375 0.24 0.5465465468749999 0.21600000000000003 0.5465465468749999 0.21800000000000003 0.708708709375 0.242 0.696696696875 0.242 0.624624625
0 0.22000000000000003 0.852852853125 0.21600000000000003 0.708708709375 0.172 0.7237237234375 0.08399999999999999 0.7177177171875 0.088 0.8768768765624999 0.178 0.8858858859375 0.22000000000000003 0.852852853125
0 0.24 0.6996997 0.21600000000000003 0.7117117109375 0.22000000000000003 0.852852853125 0.238 0.8348348343750001 0.24 0.6996997
0 0.178 0.9339339343749999 0.186 0.921921921875 0.2 0.921921921875 0.21800000000000003 0.9369369375 0.22599999999999998 0.939939940625 0.22599999999999998 0.9009009015625 0.22200000000000003 0.84984985 0.178 0.8888888890625 0.088 0.8768768765624999 0.088 0.9699699703125001 0.176 0.9609609609374999 0.178 0.9339339343749999
0 0.24 0.939939940625 0.24 0.8348348343750001 0.22000000000000003 0.84984985 0.22799999999999998 0.9009009015625 0.22799999999999998 0.939939940625 0.24 0.939939940625
0 0.372 0.4354354359375 0.32 0.4264264265625 0.244 0.4264264265625 0.242 0.5615615609375 0.322 0.5675675671875 0.372 0.5585585578125001 0.372 0.4354354359375
0 0.37 0.68168168125 0.368 0.5615615609375 0.32 0.5675675671875 0.244 0.5645645640625 0.244 0.5795795796875 0.244 0.696696696875 0.32599999999999996 0.7117117109375 0.37 0.68168168125
0 0.368 0.684684684375 0.32 0.7147147140625 0.24 0.6996997 0.238 0.83183183125 0.32 0.84984985 0.368 0.7927927921875 0.368 0.684684684375
0 0.272 0.9489489484375 0.284 0.9519519515624999 0.3 0.9459459453125 0.308 0.9549549546874999 0.31 0.9789789796875 0.322 0.9729729734375001 0.362 0.91891891875 0.366 0.7957957953125 0.32 0.84984985 0.242 0.8348348343750001 0.242 0.939939940625 0.252 0.939939940625 0.262 0.9549549546874999 0.272 0.9489489484375
0 0.362 1 0.362 0.921921921875 0.32 0.9759759765625 0.308 0.98198198125 0.31 1 0.362 1
0 0.562 0.3303303296875 0.5700000000000001 0.3333333328125 0.5700000000000001 0.29429429375 0.43200000000000005 0.297297296875 0.43 0.3123123125 0.43200000000000005 0.390390390625 0.5599999999999999 0.390390390625 0.562 0.3303303296875
0 0.658 0.2702702703125 0.572 0.2672672671875 0.572 0.3333333328125 0.658 0.3333333328125 0.658 0.2702702703125
0 0.76 0.309309309375 0.756 0.234234234375 0.634 0.234234234375 0.634 0.2672672671875 0.658 0.2702702703125 0.658 0.30630630625 0.76 0.309309309375
0 0.6679999999999999 0.375375375 0.712 0.37837837812499997 0.728 0.375375375 0.734 0.36636636562499997 0.76 0.36636636562499997 0.76 0.309309309375 0.658 0.30630630625 0.658 0.3333333328125 0.6679999999999999 0.3363363359375 0.6679999999999999 0.375375375
0 0.514 0.48648648593750005 0.564 0.48348348281250003 0.564 0.453453453125 0.5599999999999999 0.44744744687500004 0.5599999999999999 0.390390390625 0.43 0.390390390625 0.43200000000000005 0.46846846875 0.496 0.471471471875 0.514 0.48648648593750005
0 0.37 0.5795795796875 0.40199999999999997 0.5825825828125 0.422 0.5735735734375 0.42400000000000004 0.47447447499999995 0.40199999999999997 0.47447447499999995 0.372 0.471471471875 0.372 0.5585585578125001 0.368 0.5615615609375 0.37 0.5795795796875
0 0.40599999999999997 0.684684684375 0.40800000000000003 0.6666666671875 0.40599999999999997 0.5825825828125 0.40199999999999997 0.5825825828125 0.37 0.5795795796875 0.37 0.6876876875 0.398 0.69369369375 0.40599999999999997 0.684684684375
0 0.40599999999999997 0.78078078125 0.40599999999999997 0.6876876875 0.394 0.696696696875 0.37 0.690690690625 0.37 0.7897897890625 0.39 0.7957957953125 0.40599999999999997 0.78078078125
0 0.508 0.5765765765624999 0.514 0.48648648593750005 0.49400000000000005 0.471471471875 0.426 0.46846846875 0.422 0.5855855859375 0.454 0.5915915921875 0.49800000000000005 0.5885885890625 0.508 0.5765765765624999
0 0.5660000000000001 0.48348348281250003 0.514 0.48648648593750005 0.51 0.5795795796875 0.564 0.5795795796875 0.5660000000000001 0.48348348281250003
0 0.46799999999999997 0.708708709375 0.518 0.7117117109375 0.532 0.690690690625 0.534 0.633633634375 0.532 0.5825825828125 0.512 0.5795795796875 0.49800000000000005 0.5915915921875 0.454 0.5915915921875 0.422 0.5885885890625 0.42000000000000004 0.6396396390625 0.42000000000000004 0.6996997 0.42800000000000005 0.7057057062500001 0.46799999999999997 0.708708709375
0 0.562 0.69369369375 0.564 0.5825825828125 0.532 0.5825825828125 0.534 0.6366366359375 0.534 0.690690690625 0.562 0.69369369375
0 0.528 0.702702703125 0.52 0.708708709375 0.47400000000000003 0.708708709375 0.44000000000000006 0.7057057062500001 0.418 0.6996997 0.41600000000000004 0.8108108109375 0.51 0.8258258265625 0.528 0.8048048046874999 0.528 0.702702703125
0 0.558 0.8018018015624999 0.562 0.69369369375 0.534 0.69369369375 0.528 0.702702703125 0.528 0.8018018015624999 0.558 0.8018018015624999
0 0.45199999999999996 0.9459459453125 0.538 0.9609609609374999 0.558 0.9009009015625 0.5599999999999999 0.8018018015624999 0.53 0.8018018015624999 0.512 0.828828828125 0.41600000000000004 0.8138138140625 0.414 0.783783784375 0.4 0.7897897890625 0.37 0.8198198203124999 0.37 0.93093093125 0.388 0.93093093125 0.45199999999999996 0.9459459453125
0 0.5559999999999999 0.9159159156250001 0.538 0.9609609609374999 0.45199999999999996 0.9459459453125 0.398 0.9339339343749999 0.376 0.9369369375 0.378 0.9579579578124999 0.378 1 0.55 0.996996996875 0.5559999999999999 0.9159159156250001
0 0.596 0.44744744687500004 0.5980000000000001 0.390390390625 0.6679999999999999 0.3873873875 0.6679999999999999 0.3363363359375 0.572 0.3333333328125 0.562 0.3333333328125 0.5599999999999999 0.390390390625 0.562 0.44744744687500004 0.596 0.44744744687500004
0 0.612 0.5645645640625 0.628 0.5645645640625 0.644 0.5645645640625 0.6519999999999999 0.5705705703125 0.682 0.5735735734375 0.688 0.5795795796875 0.76 0.5915915921875 0.826 0.5945945953125 0.8320000000000001 0.5045045046875 0.8320000000000001 0.3873873875 0.5980000000000001 0.390390390625 0.5940000000000001 0.5735735734375 0.608 0.5735735734375 0.612 0.5645645640625
0 0.5940000000000001 0.5645645640625 0.596 0.44744744687500004 0.562 0.44744744687500004 0.564 0.453453453125 0.564 0.5585585578125001 0.5940000000000001 0.5645645640625
0 0.572 0.6366366359375 0.5860000000000001 0.5645645640625 0.564 0.5585585578125001 0.564 0.678678678125 0.5780000000000001 0.675675675 0.572 0.6366366359375
0 0.5860000000000001 0.69369369375 0.5780000000000001 0.678678678125 0.562 0.678678678125 0.5599999999999999 0.7897897890625 0.5860000000000001 0.7927927921875 0.584 0.774774775 0.5860000000000001 0.69369369375
0 0.596 0.8198198203124999 0.5860000000000001 0.7927927921875 0.5599999999999999 0.7927927921875 0.5599999999999999 0.927927928125 0.596 0.93093093125 0.6 0.8228228234375001 0.596 0.8198198203124999
0 0.5860000000000001 0.777777778125 0.5860000000000001 0.7927927921875 0.6 0.8228228234375001 0.622 0.8198198203124999 0.674 0.8198198203124999 0.726 0.8138138140625 0.736 0.8258258265625 0.748 0.8258258265625 0.752 0.7057057062500001 0.758 0.696696696875 0.762 0.5945945953125 0.6900000000000001 0.5795795796875 0.682 0.5705705703125 0.6519999999999999 0.5705705703125 0.644 0.5615615609375 0.626 0.5645645640625 0.614 0.5645645640625 0.608 0.5735735734375 0.5940000000000001 0.5765765765624999 0.5860000000000001 0.5675675671875 0.5700000000000001 0.6366366359375 0.58 0.678678678125 0.588 0.69369369375 0.5860000000000001 0.777777778125
0 0.728 1 0.738 0.8408408406250001 0.742 0.8378378375000001 0.74 0.828828828125 0.736 0.8258258265625 0.726 0.8168168171874999 0.6719999999999999 0.8228228234375001 0.624 0.8198198203124999 0.602 0.8258258265625 0.596 0.9339339343749999 0.602 1 0.728 1
0 0.602 1 0.592 0.9339339343749999 0.5559999999999999 0.927927928125 0.55 1 0.602 1
0 1 0.60660660625 0.954 0.60660660625 0.9199999999999999 0.603603603125 0.8859999999999999 0.597597596875 0.866 0.5885885890625 0.858 0.5765765765624999 0.8320000000000001 0.5765765765624999 0.828 0.5945945953125 0.782 0.597597596875 0.764 0.5945945953125 0.758 0.696696696875 0.754 0.7057057062500001 0.754 0.7267267265624999 0.78 0.76876876875 1 0.774774775 1 0.60660660625
0 0.744 0.84984985 0.766 0.9009009015625 0.772 0.903903903125 0.994 0.903903903125 1 0.777777778125 0.778 0.76876876875 0.752 0.7297297296874999 0.75 0.828828828125 0.744 0.8378378375000001 0.744 0.84984985
0 0.992 1 0.994 0.90690690625 0.766 0.903903903125 0.738 0.84384384375 0.73 0.9759759765625 0.738 1 0.992 1
0 0.9359999999999999 0.36336336406249997 0.9380000000000001 0.2132132125 0.806 0.20720720781250002 0.772 0.240240240625 0.774 0.375375375 0.8099999999999999 0.3573573578125 0.9359999999999999 0.36336336406249997
0 0.9339999999999999 0.5105105109375 0.9359999999999999 0.36636636562499997 0.8019999999999999 0.36336336406249997 0.774 0.375375375 0.774 0.3873873875 0.8320000000000001 0.3873873875 0.834 0.5075075078125 0.9339999999999999 0.5105105109375
0 0.866 0.5645645640625 0.8859999999999999 0.5555555562500001 0.8960000000000001 0.552552553125 0.898 0.5375375375 0.9339999999999999 0.54354354375 0.9339999999999999 0.5105105109375 0.834 0.5075075078125 0.828 0.5735735734375 0.86 0.5765765765624999 0.866 0.5645645640625