0 0.8039999999999999 0.2853333328125 0.7 0.2693333328125 0.626 0.2746666671875 0.618 0.376 0.6940000000000001 0.392 0.796 0.4 0.8039999999999999 0.2853333328125
0 0.9039999999999999 0.3546666671875 0.916 0.248 0.786 0.2346666671875 0.736 0.24266666718750002 0.734 0.272 0.806 0.2853333328125 0.8019999999999999 0.3466666671875 0.9039999999999999 0.3546666671875
0 0.8019999999999999 0.3493333328125 0.792 0.45599999999999996 0.906 0.4613333328125 0.9119999999999999 0.3546666671875 0.8019999999999999 0.3493333328125
0 0.826 0.5653333328125 0.8960000000000001 0.5599999999999999 0.906 0.46399999999999997 0.792 0.45866666718750004 0.788 0.49866666718749997 0.796 0.49866666718749997 0.794 0.5573333328125 0.826 0.5653333328125
0 0.8880000000000001 0.6613333328125 0.8939999999999999 0.5626666671875 0.826 0.568 0.796 0.5599999999999999 0.79 0.608 0.796 0.6106666671875 0.794 0.6639999999999999 0.8880000000000001 0.6613333328125
0 0.792 0.6666666671875 0.784 0.7653333328125 0.8779999999999999 0.76 0.8880000000000001 0.6639999999999999 0.792 0.6666666671875
0 0.686 0.7946666671875 0.782 0.7653333328125 0.796 0.6133333328125 0.786 0.6106666671875 0.6839999999999999 0.6213333328124999 0.604 0.5813333328125 0.596 0.6613333328125 0.604 0.6719999999999999 0.604 0.736 0.686 0.7946666671875
0 0.604 0.5786666671875 0.686 0.616 0.79 0.608 0.794 0.504 0.696 0.5066666671875 0.614 0.48266666718750006 0.61 0.5653333328125 0.604 0.5626666671875 0.604 0.5786666671875
0 0.696 0.5066666671875 0.786 0.504 0.796 0.4 0.6940000000000001 0.3946666671875 0.614 0.3786666671875 0.612 0.44266666718750003 0.618 0.4453333328125 0.616 0.48 0.696 0.5066666671875
0 0.488 0.184 0.47800000000000004 0.312 0.606 0.3226666671875 0.614 0.1973333328125 0.488 0.184
0 0.488 0.31466666718749997 0.484 0.4373333328125 0.61 0.44266666718750003 0.616 0.3253333328125 0.488 0.31466666718749997
0 0.616 0.44800000000000006 0.484 0.44000000000000006 0.476 0.5519999999999999 0.49400000000000005 0.5626666671875 0.61 0.5626666671875 0.616 0.44800000000000006
0 0.5940000000000001 0.6773333328125 0.602 0.5653333328125 0.49400000000000005 0.5653333328125 0.476 0.5546666671875 0.47400000000000003 0.5626666671875 0.466 0.6639999999999999 0.47400000000000003 0.6773333328125 0.5940000000000001 0.6773333328125
0 0.604 0.6746666671875 0.5980000000000001 0.6666666671875 0.596 0.6773333328125 0.472 0.6773333328125 0.47000000000000003 0.7733333328125 0.48200000000000004 0.7946666671875 0.5980000000000001 0.784 0.604 0.6746666671875
0 0.348 0.6853333328125 0.346 0.7893333328125001 0.46399999999999997 0.7813333328125001 0.47000000000000003 0.6719999999999999 0.344 0.6719999999999999 0.344 0.6853333328125 0.348 0.6853333328125
0 0.472 0.5573333328125 0.368 0.5573333328125 0.366 0.5706666671875 0.348 0.5706666671875 0.346 0.6666666671875 0.46399999999999997 0.6693333328125 0.472 0.5573333328125
0 0.37 0.4373333328125 0.366 0.5546666671875 0.47400000000000003 0.5519999999999999 0.48200000000000004 0.44000000000000006 0.37 0.4373333328125
0 0.36 0.30133333281249997 0.356 0.43200000000000005 0.48 0.4373333328125 0.48600000000000004 0.3173333328125 0.36 0.30133333281249997
0 0.484 0.184 0.348 0.1626666671875 0.33999999999999997 0.184 0.33599999999999997 0.29333333281249996 0.476 0.31466666718749997 0.484 0.184
0 0.33599999999999997 0.1786666671875 0.32599999999999996 0.1493333328125 0.16599999999999998 0.128 0.16 0.2746666671875 0.322 0.296 0.32799999999999996 0.2906666671875 0.33599999999999997 0.1786666671875
0 0.20600000000000002 0.2826666671875 0.20400000000000001 0.42133333281249996 0.352 0.43200000000000005 0.358 0.2986666671875 0.20600000000000002 0.2826666671875
0 0.368 0.4373333328125 0.22000000000000003 0.4266666671875 0.21200000000000002 0.5599999999999999 0.21800000000000003 0.5733333328125 0.366 0.568 0.368 0.4373333328125
0 0.20600000000000002 0.6986666671874999 0.20400000000000001 0.8213333328125 0.34199999999999997 0.8 0.346 0.688 0.20600000000000002 0.6986666671874999
0 0.21800000000000003 0.576 0.21200000000000002 0.568 0.2 0.568 0.2 0.696 0.34199999999999997 0.6853333328125 0.346 0.5706666671875 0.21800000000000003 0.576
0 0.126 0.1893333328125 0.126 0.272 0.158 0.2746666671875 0.162 0.1946666671875 0.126 0.1893333328125
0 0.086 0.1866666671875 0.086 0.2666666671875 0.124 0.272 0.124 0.1893333328125 0.086 0.1866666671875
0 0.044 0.1786666671875 0.044 0.264 0.08399999999999999 0.2666666671875 0.08399999999999999 0.184 0.044 0.1786666671875
0 0.028000000000000004 0.264 0.03 0.41600000000000004 0.202 0.42133333281249996 0.20400000000000001 0.2826666671875 0.028000000000000004 0.264
0 0.04 0.4186666671875 0.041999999999999996 0.576 0.20800000000000002 0.5653333328125 0.21400000000000002 0.42400000000000004 0.04 0.4186666671875
0 0.198 0.568 0.04 0.576 0.04 0.5386666671875 0.024 0.5706666671875 0.026000000000000002 0.7226666671875 0.192 0.712 0.198 0.6986666671874999 0.198 0.568
0 0.202 0.7013333328125 0.198 0.7013333328125 0.192 0.7146666671874999 0.032 0.7226666671875 0.032 0.8533333328125 0.194 0.8320000000000001 0.202 0.8186666671875 0.202 0.7013333328125