0 1 0.6902465171875 0.7042857140625001 0.6838156484375 0.7171428578125 0.7170418 0.7042857140625001 1 1 1 1 0.6902465171875
0 0.7028571421875001 1 0.7171428578125 0.7170418 0.7042857140625001 0.6838156484375 0.6742857140625 0.6784565921875 0.4557142859375 0.673097534375 0.3257142859375 0.6698820999999999 0.3057142859375 0.703108253125 0.301428571875 1 0.7028571421875001 1
0 0.3 1 0.3042857140625 0.7009646296875001 0.3257142859375 0.6688102890625001 0.2257142859375 0.66452304375 0.17285714218749998 0.661307609375 0.16 0.6430868171874999 0.13571428593749998 0.6452304390625 0.111428571875 0.6602357984375 0.0857142859375 0.6655948546875 0 0.6634512328125 0 1 0.3 1
0 1 0.48660235781249994 0.6742857140625 0.48874598125 0.6785714281249999 0.502679528125 0.6942857140625 0.514469453125 0.6871428578125001 0.6784565921875 0.7028571421875001 0.6838156484375 1 0.6902465171875 1 0.48660235781249994
0 0.328571428125 0.5048231515625 0.3228571421875 0.6709539125 0.45999999999999996 0.6720257234375 0.6757142859374999 0.6773847796875 0.688571428125 0.6784565921875 0.6971428578125 0.5133976421875001 0.6771428578124999 0.5048231515625 0.5542857140625 0.49946409375 0.41 0.49839228281250003 0.341428571875 0.497320471875 0.328571428125 0.5048231515625
0 0 0.6634512328125 0.08857142812499999 0.6655948546875 0.11000000000000001 0.662379421875 0.13571428593749998 0.6463022515625 0.15714285781249998 0.6430868171874999 0.171428571875 0.661307609375 0.22857142812500003 0.6634512328125 0.3228571421875 0.6666666671875 0.3271428578125 0.4898177921875 0.2 0.4898177921875 0.22857142812500003 0.5058949625 0.2028571421875 0.502679528125 0.171428571875 0.48767416875 0.1328571421875 0.490889603125 0.12285714218749999 0.5037513390624999 0.09285714218749999 0.5176848875 0.081428571875 0.5080385859375001 0.1 0.490889603125 0 0.4919614140625 0 0.6634512328125
0 0.9842857140625 0.367631296875 0.9614285718750001 0.361200428125 0.871428571875 0.3601286171875 0.8942857140625 0.372990353125 0.8942857140625 0.3837084671875 0.8557142859375 0.3719185421875 0.8471428578125 0.35905680625 0.8057142859375 0.35905680625 0.7771428578124999 0.379421221875 0.758571428125 0.3772775984375 0.7757142859374999 0.3579849953125 0.6657142859375 0.3644158625 0.6785714281249999 0.38263665625 0.6742857140625 0.48874598125 0.97 0.485530546875 0.9842857140625 0.367631296875
0 0.58 0.3719185421875 0.53 0.3762057875 0.5757142859375 0.4008574484375 0.5671428578125 0.40943194062500005 0.531428571875 0.3901393359375 0.48857142812500004 0.3815648453125 0.4571428578125 0.397642015625 0.42571428593749994 0.40621650625 0.4342857140625 0.3922829578125 0.45 0.37084673125 0.478571428125 0.3644158625 0.481428571875 0.3579849953125 0.4357142859375 0.3569131828125 0.3657142859375 0.361200428125 0.361428571875 0.3772775984375 0.3442857140625 0.372990353125 0.32 0.3879957125 0.33999999999999997 0.49839228281250003 0.40714285781250004 0.49839228281250003 0.5542857140625 0.5016077171875 0.6757142859374999 0.5037513390624999 0.671428571875 0.479099678125 0.6799999999999999 0.3837084671875 0.6657142859375 0.36227224062499996 0.578571428125 0.35905680625 0.561428571875 0.36227224062499996 0.58 0.3719185421875
0 0.22857142812500003 0.3890675234375 0.2 0.3837084671875 0.16857142812499998 0.3719185421875 0.1428571421875 0.3687031078125 0.11428571406250002 0.3804930328125 0.09285714218749999 0.39442658124999996 0.09285714218749999 0.3879957125 0.0942857140625 0.3697749203125 0.06 0.3697749203125 0.0028571421875 0.37834941093749996 0.021428571875 0.490889603125 0.1042857140625 0.48767416875 0.1471428578125 0.46623794218750003 0.1628571421875 0.45337620625 0.1928571421875 0.438370846875 0.2028571421875 0.46195069687499996 0.178571428125 0.4780278671875 0.2 0.48767416875 0.3271428578125 0.48767416875 0.3342857140625 0.48767416875 0.318571428125 0.3890675234375 0.3328571421875 0.38263665625 0.32999999999999996 0.3665594859375 0.26 0.3654876734375 0.2128571421875 0.37084673125 0.22857142812500003 0.3890675234375
0 0.11000000000000001 0.35905680625 0.10857142812500001 0.350482315625 0.11857142812499999 0.3333333328125 0.138571428125 0.332261521875 0.1542857140625 0.337620578125 0.1642857140625 0.3515541265625 0.1757142859375 0.355841371875 0.1942857140625 0.3547695609375 0.21000000000000002 0.3579849953125 0.22714285781250002 0.3633440515625 0.24428571406250002 0.3665594859375 0.26 0.3654876734375 0.3328571421875 0.3665594859375 0.3357142859375 0.37834941093749996 0.3428571421875 0.374062165625 0.3571428578125 0.37834941093749996 0.3571428578125 0.3697749203125 0.3471428578125 0.209003215625 0.311428571875 0.2100750265625 0.2757142859375 0.209003215625 0.24714285781249998 0.2100750265625 0.2171428578125 0.2132904609375 0.22714285781250002 0.22936763125 0.2171428578125 0.232583065625 0.1957142859375 0.21221865 0.16999999999999998 0.214362271875 0.131428571875 0.2165058953125 0.1171428578125 0.22079314062500002 0.10714285781249999 0.2390139328125 0.091428571875 0.2336548765625 0.098571428125 0.215434084375 0.021428571875 0.21757770625 0.0571428578125 0.37084673125 0.0957142859375 0.3697749203125 0.09 0.361200428125 0.11000000000000001 0.35905680625
0 0.4342857140625 0.3569131828125 0.4342857140625 0.349410503125 0.3942857140625 0.3483386921875 0.3771428578125 0.3408360125 0.378571428125 0.30975348281250004 0.3757142859375 0.271168275 0.3757142859375 0.2422293671875 0.3757142859375 0.2282958203125 0.41857142812500003 0.224008575 0.431428571875 0.224008575 0.43857142812500005 0.21221865 0.44285714218749994 0.2079314046875 0.3928571421875 0.2079314046875 0.3471428578125 0.2068595921875 0.358571428125 0.3697749203125 0.3671428578125 0.361200428125 0.4342857140625 0.3569131828125
0 0.4942857140625 0.2690246515625 0.498571428125 0.2990353703125 0.5242857140625 0.3043944265625 0.5371428578125 0.30975348281250004 0.5457142859374999 0.3247588421875 0.5442857140624999 0.34619507031249996 0.5328571421875 0.361200428125 0.5585714281249999 0.3536977484375 0.578571428125 0.35905680625 0.6471428578125 0.3601286171875 0.6528571421875 0.20471597031250002 0.63 0.20364415937499997 0.6071428578125 0.20364415937499997 0.581428571875 0.2068595921875 0.5585714281249999 0.2079314046875 0.5657142859375 0.2250803859375 0.551428571875 0.2272240078125 0.5357142859375 0.21221865 0.5157142859375 0.20471597031250002 0.49000000000000005 0.20364415937499997 0.45999999999999996 0.21221865 0.44285714218749994 0.2250803859375 0.49000000000000005 0.2250803859375 0.49142857187500005 0.2465166125 0.4942857140625 0.2690246515625
0 0.758571428125 0.35905680625 0.7528571421875 0.3515541265625 0.7557142859375 0.3397642015625 0.7557142859375 0.3226152203125 0.7642857140625 0.31189710625 0.781428571875 0.30653805 0.7942857140624999 0.3043944265625 0.8099999999999999 0.303322615625 0.8114285718750001 0.2979635578125 0.8128571421874999 0.290460878125 0.8214285718750001 0.2818863875 0.8300000000000001 0.2829582 0.8457142859375001 0.2829582 0.8457142859375001 0.2926045015625 0.8400000000000001 0.3043944265625 0.838571428125 0.3129689171875 0.8471428578125 0.32583065312500004 0.8428571421875001 0.350482315625 0.86 0.3547695609375 0.871428571875 0.361200428125 0.9328571421875 0.3601286171875 0.9542857140625 0.209003215625 0.9471428578125 0.2079314046875 0.9142857140625 0.2079314046875 0.8757142859375 0.21221865 0.8800000000000001 0.2282958203125 0.8699999999999999 0.2282958203125 0.8571428578125 0.214362271875 0.8271428578125001 0.2132904609375 0.77 0.209003215625 0.761428571875 0.21972132968750002 0.751428571875 0.2250803859375 0.7557142859375 0.21221865 0.7471428578125 0.2111468375 0.6728571421875 0.2132904609375 0.651428571875 0.2111468375 0.6471428578125 0.36227224062499996 0.6671428578125 0.3633440515625 0.758571428125 0.35905680625