0 0.1244065046875 0.25799457812500004 0.1585528453125 0.24390244062500002 0.1276585359375 0.00325203125 0.000016259375 0.00325203125 0.0040813 0.25799457812500004 0.1244065046875 0.25799457812500004
0 0.1276585359375 0.0043360421875 0.16261788593749998 0.2677506765625 0.526845528125 0.2482384828125 0.52847154375 0.002168021875 0.1276585359375 0.0043360421875
0 0.5292845515625 0.0043360421875 0.5252195125 0.2514905140625 0.869934959375 0.2363143625 0.8967642281250001 0.0043360421875 0.5292845515625 0.0043360421875
0 0.998 0.0053333328125 0.89839024375 0.005420053125 0.8691219515625 0.238482384375 0.9975772359375 0.24065040468749999 0.998 0.1173333328125 0.998 0.0053333328125
0 0.14066666562500002 0.27208672031250003 0.15530081406250001 0.24065040468749999 0.1235934953125 0.25907859218749996 0.00570731875 0.2623306234375 0 0.544 0.1585528453125 0.5409214078125 0.14066666562500002 0.27208672031250003
0 0.5081463421875 0.25040650468750003 0.13904065000000002 0.274254740625 0.1715609765625 0.5463414640625001 0.5203414640624999 0.523577234375 0.5081463421875 0.25040650468750003
0 0.8642439015625 0.2536585359375 0.521154471875 0.263414634375 0.5235934953125 0.5246612453124999 0.834975609375 0.5149051499999999 0.8642439015625 0.2536585359375
0 0.998 0.24266666718750002 0.8707479687499999 0.24498645 0.8366016265624999 0.49972899687499994 0.998 0.4933333328125 0.998 0.24266666718750002
0 0.18375609843750002 0.7555555546875 0.16586991874999998 0.539837396875 0.0016422765625 0.5441734421875 0 0.792 0.169934959375 0.78699186875 0.18375609843750002 0.7555555546875
0 0.507333334375 0.523577234375 0.16749593437500002 0.545257453125 0.19839024375 0.7674796749999999 0.510585365625 0.7436314375 0.507333334375 0.523577234375
0 0.8284715437499999 0.5084010859375 0.510585365625 0.523577234375 0.5081463421875 0.74688346875 0.8097723578125 0.7392953921875 0.8284715437499999 0.5084010859375
0 0.998 0.49866666718749997 0.8333495937500001 0.507317071875 0.816276421875 0.716531165625 0.998 0.712 0.998 0.49866666718749997
0 0.1926991859375 0.7425474265625 0.169934959375 0.78699186875 0.000016259375 0.7902439015625 0.0040813 0.9951219515625 0.21221138125 0.9701897015625001 0.1926991859375 0.7425474265625
0 0.50895935 0.7414634140625 0.20001625937499998 0.7696476953125 0.210585365625 0.9723577234375 0.5097723578125 0.942005421875 0.50895935 0.7414634140625
0 0.8113983734374999 0.73821138125 0.510585365625 0.7457994593749999 0.510585365625 0.9441734421874999 0.7926991859375 0.9224932234375001 0.8113983734374999 0.73821138125
0 0.998 0.7173333328125 0.81465040625 0.7176151765625 0.7943252046875 0.9192411921874999 0.9967642281250001 0.9073170718749999 0.998 0.7173333328125