0 0.132 0.163418290625 0.132 0.31934032968750004 0.388 0.32383808125 0.388 0.1694152921875 0.132 0.163418290625
0 0.404 0.1679160421875 0.4 0.32233883125 0.644 0.32233883125 0.646 0.17241379375000002 0.404 0.1679160421875
0 0.662 0.1694152921875 0.662 0.31934032968750004 0.8939999999999999 0.3208395796875 0.9039999999999999 0.1679160421875 0.662 0.1694152921875
0 0.958 0.3463268359375 0.9099999999999999 0.32533733125 0.6719999999999999 0.32233883125 0.6759999999999999 0.3463268359375 0.6719999999999999 0.5067466265625 0.9400000000000001 0.5037481265625 0.958 0.3463268359375
0 0.6639999999999999 0.34482758593749996 0.64 0.32383808125 0.398 0.32683658125 0.39 0.34482758593749996 0.396 0.5052473765625 0.6519999999999999 0.509745128125 0.6639999999999999 0.34482758593749996
0 0.384 0.509745128125 0.386 0.34482758593749996 0.386 0.32533733125 0.132 0.3208395796875 0.096 0.34482758593749996 0.10600000000000001 0.5067466265625 0.384 0.509745128125
0 0.954 0.52773613125 0.9359999999999999 0.5052473765625 0.662 0.5052473765625 0.666 0.52623688125 0.6599999999999999 0.6836581703125 0.9380000000000001 0.6896551718749999 0.954 0.52773613125
0 0.944 0.6836581703125 0.9380000000000001 0.6896551718749999 0.6679999999999999 0.685157421875 0.666 0.8335832078125 0.9380000000000001 0.8485757125 0.95 0.6941529234375 0.944 0.6836581703125
0 0.46399999999999997 0.6821589203125 0.462 0.8305847078124999 0.638 0.8305847078124999 0.642 0.6821589203125 0.46399999999999997 0.6821589203125
0 0.6599999999999999 0.52323838125 0.6519999999999999 0.509745128125 0.472 0.5082458765625 0.47400000000000003 0.5247376312500001 0.47000000000000003 0.6806596703125 0.646 0.6821589203125 0.6599999999999999 0.52323838125
0 0.27799999999999997 0.52323838125 0.282 0.6806596703125 0.462 0.6836581703125 0.47000000000000003 0.5082458765625 0.396 0.5052473765625 0.38 0.509745128125 0.282 0.5082458765625 0.27799999999999997 0.52323838125
0 0.27799999999999997 0.6821589203125 0.27999999999999997 0.8305847078124999 0.454 0.8305847078124999 0.46399999999999997 0.6821589203125 0.27799999999999997 0.6821589203125
0 0.262 0.6836581703125 0.27799999999999997 0.67616191875 0.27999999999999997 0.5082458765625 0.10200000000000001 0.5082458765625 0.1 0.497751125 0.078 0.5187406296875 0.08399999999999999 0.6791604203125 0.262 0.6836581703125
0 0.258 0.6821589203125 0.088 0.6821589203125 0.092 0.8290854578125 0.272 0.8320839578125 0.274 0.6821589203125 0.258 0.6821589203125