0 0.049565457812500005 0 0.025766095312499997 0.17799172968750002 0.3710572984375 0.245276634375 0.3937183421875 0.0009489578125000001 0.3901431 0 0.049565457812500005 0
0 0 0.47940325625 0.0252589734375 0.48118145625000003 0.1359885109375 0.491364278125 0.2506839703125 0.5018263000000001 0.36537942968750003 0.5122883203125 0.392322665625 0.265874503125 0.39651951875 0.24945674375000002 0.027432784375 0.18049666250000002 0 0.375845421875 0 0.47940325625
0 0 0.792128490625 0.33464095 0.7870861765625 0.367362390625 0.51242791875 0.256632853125 0.50224509375 0.1399544328125 0.49164347499999994 0.0312078578125 0.48160024999999995 0 0.47940325625 0 0.792128490625
0 0 0.9521484109375 0.3255192796875 0.9750645640625001 0.3366239109375 0.787225775 0.21804786874999998 0.7908161781249999 0.15761023125 0.7937242484375 0.0955059046875 0.7941273843750001 0 0.7966705625 0 0.9521484109375
0 0.3919837921875 0 0.3891449640625 0.06509224687500001 0.4440353265625 0.07373166406250001 0.5118576046875 0.090444278125 0.5260546015625 0.0890561265625 0.55286724375 0.098106509375 0.581979115625 0.10493115156249999 0.5907005390625 0 0.3919837921875 0
0 0.5911391953125 0 0.585628765625 0.1075756859375 0.5955435687499999 0.108273675 0.6507502046875 0.1145477546875 0.6735969234375 0.123318940625 0.7089739484375001 0.12819704062499998 0.75593246875 0.136278065625 0.7642629609375 0 0.5911391953125 0
0 0.76625445625 0 0.7579154296875 0.1364176640625 0.7744969953124999 0.14713539375 0.810190290625 0.14964815625 0.8389858921875 0.1588381375 0.9114066328125 0.1710992734375 0.9206989812499999 0.0117841234375 0.7834621390625001 0 0.76625445625 0
0 0.9114066328125 0.1710992734375 0.9934834453124999 0.1890386703125 0.9982938796875 0.0237147734375 0.9210152515625 0.0094187859375 0.9114066328125 0.1710992734375
0 0.5379673656249999 0.3143293375 0.5713614296875 0.3190678421875 0.5889621468749999 0.1125855546875 0.54628581875 0.10241838750000001 0.499959840625 0.0896066890625 0.445385746875 0.078601934375 0.3908116546875 0.06759718125 0.3733565296875 0.24305089375 0.39850247968749997 0.24959634375 0.3905103828125 0.2943981421875 0.4103399921875 0.295794121875 0.43778517343749995 0.3001138296875 0.4589652015625 0.3063800828125 0.5022740703124999 0.31181657500000004 0.5379673656249999 0.3143293375
0 0.6616991578125 0.122481353125 0.591261378125 0.11035981406249999 0.5719939703125 0.31433716875 0.583575465625 0.3175400921875 0.652346553125 0.32715669531249997 0.758477628125 0.3417909984375 0.770214803125 0.14922153437500002 0.7675139625 0.139480990625 0.6616991578125 0.122481353125
0 0.9306037 0.177225925 0.8409688531249999 0.158977734375 0.80955775 0.1543788296875 0.770214803125 0.14922153437500002 0.76244355 0.34207019375000003 0.779973928125 0.34569191093749996 0.7978205765624999 0.3469482921875 0.8566768609375 0.35586690625 0.9198153375 0.36269937812499997 0.9236708374999999 0.2889551453125 0.9306037 0.177225925
0 0.9256537984375001 0.28909474375 0.9217982984375 0.3628389765625 0.9347302125000001 0.3709121734375 0.9664575875000001 0.37314573906250004 0.98808218125 0.3746680859375 0.9934408796875 0.19050158125 0.930919971875 0.1748605890625 0.9256537984375001 0.28909474375
0 0.4970580640625 0.5454343515625 0.5373498234375 0.5434956359374999 0.5631283140625001 0.5453104109375 0.5757540453125001 0.3910051296875 0.5809599624999999 0.32213116875000003 0.5594636640624999 0.318230253125 0.512188875 0.312514565625 0.47284592812500004 0.30735726875 0.44540074531249996 0.303037559375 0.415972603125 0.29857825312499997 0.3901941125 0.2967634796875 0.36569570156250003 0.5099229828125 0.3648322296875 0.5313506125 0.40584186562499996 0.5390128437499999 0.42003886250000005 0.5376246921875001 0.4336033171875 0.540967215625 0.45739884843749995 0.5426423921875 0.4970580640625 0.5454343515625
0 0.75649466875 0.3416514 0.6503635921875001 0.3270170984375 0.583575465625 0.3175400921875 0.5660600859375 0.5383539984375 0.57795785 0.5391915859374999 0.6490281703125 0.5465824515625 0.678772584375 0.5486764203125001 0.754441365625 0.5516158078125 0.766093203125 0.344714725 0.75649466875 0.3416514
0 0.779973928125 0.34569191093749996 0.7680761640625 0.3448543234375 0.7564243281249999 0.5517554046875001 0.9190271187500001 0.563202440625 0.9284650609374999 0.372858715625 0.9198153375 0.36269937812499997 0.8546939 0.355727309375 0.7998035359375 0.34708789218749997 0.779973928125 0.34569191093749996
0 0.9406790968750001 0.37133096718749997 0.9307642906250001 0.3706329765625 0.9213263484375 0.5609767015625 0.9286256515625 0.5662657671875 0.97391748125 0.5718418578125 0.98468903125 0.49128311875 0.98808218125 0.3746680859375 0.970423509375 0.37342493593750004 0.9406790968750001 0.37133096718749997
0 0.5631283140625001 0.5453104109375 0.5353668625 0.5433560390625 0.495075103125 0.5452947531250001 0.45541588749999995 0.54250279375 0.43162035625 0.5408276171875 0.41805590156249994 0.53748509375 0.40354263437500004 0.54123858125 0.3648322296875 0.5313506125 0.33590603125 0.77762483125 0.4201391984375 0.7763919359375 0.46408060781250005 0.7770977546875 0.4981072125 0.7771055828125 0.5463308140625001 0.7757252625 0.566145425 0.5526856171875 0.5631283140625001 0.5453104109375
0 0.748397059375 0.701609209375 0.75564619375 0.5875146531250001 0.7564243281249999 0.5517554046875001 0.6847214671875 0.5490952140625 0.6529940937500001 0.5468616468749999 0.603420071875 0.543371696875 0.567726775 0.5408589328125 0.5492625859375 0.7687688500000001 0.55624561875 0.7764232515625 0.5889218031250001 0.771560809375 0.6348461734375 0.7724062265625 0.69465126875 0.7742288296875001 0.7408919093749999 0.772708909375 0.748397059375 0.701609209375
0 0.7676895515625 0.5573236671874999 0.7567405984375 0.54939006875 0.757312884375 0.5900195874999999 0.7500637515624999 0.70411414375 0.74152445 0.7679782359375 0.7491400234375 0.7709019640625 0.9113412046875 0.7703827171875 0.922993040625 0.563481634375 0.7676895515625 0.5573236671874999
0 0.97391748125 0.5718418578125 0.9246597296875001 0.565986571875 0.9136404359375 0.7681569796875001 0.9473507703124999 0.7705301453125 0.97391748125 0.5718418578125
0 0.5352010968750001 0.903872240625 0.5381931234375 0.8515556359374999 0.5442022609375 0.8066142390625 0.5460145437499999 0.7780905984375 0.4961242515625 0.7769659859375 0.46209764687500005 0.77695815625 0.41783996874999996 0.7786176734375 0.337572721875 0.7801297640625 0.327818509375 0.9728388265625 0.46736916562499997 0.98266301875 0.528956765625 0.9805123328124999 0.5360043140624999 0.927804803125 0.5352010968750001 0.903872240625
0 0.735831584375 0.8105542968749999 0.7405756390625 0.775074246875 0.6966342296875 0.7743684281250001 0.636829134375 0.7725458234375 0.590904765625 0.77170040625 0.548313775 0.775864859375 0.5442022609375 0.8066142390625 0.53850939375 0.8491902984375 0.53551736875 0.901506903125 0.5363205859375 0.9254394671874999 0.5289567640625 0.9805123328124999 0.7282315328125 0.973553503125 0.7385324234375 0.820294840625 0.735831584375 0.8105542968749999
0 0.9206485531249999 0.835503190625 0.9201616046875 0.809205290625 0.9195893187499999 0.7685757734374999 0.743191140625 0.7704831703125 0.735831584375 0.8105542968749999 0.740515384375 0.8204344375 0.7305029484375 0.9734741843749999 0.907843584375 0.9672813124999999 0.914554078125 0.8661129703125001 0.9206485531249999 0.835503190625
0 0.9195893187499999 0.7685757734374999 0.9221445656249999 0.809344890625 0.9189818624999999 0.83299825625 0.9165370390625001 0.8662525703125 0.9082450578125 0.96726729375 0.92110499375 0.9668182140624999 0.9473507703124999 0.7705301453125 0.9195893187499999 0.7685757734374999