0 0.347487153125 0 0.33445683593750003 0.093474459375 0.5460879203125 0.1090161859375 0.5604490875 0 0.347487153125 0
0 0.5603380453125 0 0.5510907781250001 0.088698184375 0.82178910625 0.1087050640625 0.8359766656250001 0 0.5603380453125 0
0 0.26393043125000004 0.365845025 0.2754706078125 0.259704415625 0.050064309375000005 0.2417720375 0.0346909296875 0.3442694234375 0.26393043125000004 0.365845025
0 0.555728834375 0.10992357187499999 0.3384405890625 0.096037703125 0.31197291250000003 0.23140957968750003 0.5422836249999999 0.2530860015625 0.555728834375 0.10992357187499999
0 0.82500274375 0.10900752656249998 0.55186089375 0.09095896875000001 0.550181653125 0.2275697375 0.8072726859375001 0.25176667343750003 0.82500274375 0.10900752656249998
0 1 0.1226670625 0.82836693125 0.10823000468749999 0.792466765625 0.33462275625000004 1 0.349396209375 1 0.1226670625
0 0.311121721875 0.26087153125 0.27654181875 0.2598052359375 0.2683658296875 0.3651683265625 0.5178078234375 0.3897395 0.5373965796875 0.25700264375000004 0.31932085 0.23319530624999998 0.311121721875 0.26087153125
0 0.8059003734375001 0.2538258140625 0.54223151875 0.23010393593749998 0.5224922171874999 0.36392077500000003 0.7841865640625 0.3940217171875 0.8059003734375001 0.2538258140625
0 1 0.351147978125 0.793688528125 0.333643596875 0.765118934375 0.5541613828124999 0.999094934375 0.5729003265625 1 0.5664077359374999 1 0.351147978125
0 0.2654706609375 0.3703665921875 0.034992029687499995 0.34210946249999996 0.0161757390625 0.46321255 0.01670043125 0.47823777187500005 0.2496977390625 0.499085984375 0.2654706609375 0.3703665921875
0 0.5164355140625 0.3917986421875 0.2679141828125 0.3684082703125 0.2478564140625 0.49672438124999996 0.4944032359375 0.52649381875 0.5164355140625 0.3917986421875
0 0.784956678125 0.3962825 0.525873771875 0.37080394375000003 0.49878652968750004 0.502835053125 0.7655358421875 0.5356000640625 0.784956678125 0.3962825
0 0.25535490156249996 0.49743012656249996 0.0170940515625 0.478287903125 0.0167689421875 0.480199671875 0.021605596875 0.6187033390625001 0.2348628546875 0.63664686875 0.25535490156249996 0.49743012656249996
0 0.4963951125 0.5277754406249999 0.250919503125 0.498106825 0.24067056562500003 0.6339110265625 0.4794004328125 0.6574739953125001 0.4963951125 0.5277754406249999
0 0.477999153125 0.7142379375 0.7115408734375 0.7438775093750001 0.7148703234375 0.7277786140625 0.736294578125 0.729795025 0.761702640625 0.531956840625 0.5027702828125 0.5053983015625 0.477999153125 0.7142379375
0 0.997873171875 0.5738794859375 0.7660395953125 0.5553421859375 0.7401741171875 0.6863941390625 0.9824187203125 0.7080996046875 0.997873171875 0.5738794859375
0 0.982227346875 0.711418753125 0.7378811421875 0.6872724765625 0.7416506390625 0.730299128125 0.9763785140625 0.7533760203125001 0.982227346875 0.711418753125
0 0.2402189171875 0.6371509718749999 0.02156549375 0.6175549593749999 0.0258628515625 0.74061518125 0.2199932296875 0.7588863765625 0.2402189171875 0.6371509718749999
0 0.48490704375 0.6568981171875 0.23653626249999998 0.6324277656249999 0.22305631718750002 0.7602688171875001 0.466540053125 0.7886558124999999 0.48490704375 0.6568981171875
0 0.21647849375 0.760743875 0.0258471578125 0.7401657359375 0.0291194109375 0.83387080625 0.2062758890625 0.8495039671875 0.21647849375 0.760743875
0 0.4640965265625 0.7906141328125 0.219391034375 0.7632063 0.204434565625 0.8471423640625 0.45327435937500005 0.8760334609375 0.4640965265625 0.7906141328125
0 0.710018015625 0.74701663125 0.4755556296875 0.7161962578125001 0.4525042453125 0.8737726796875 0.6889411390625 0.8982139874999999 0.710018015625 0.74701663125