0 0.41471113906249996 0 0 0.072588078125 0 0.1981997734375 0.014850328125000001 0.2531358203125 0.45442184531249996 0.180775034375 0.4309851171875 0 0.41471113906249996 0
0 0.4431222765625 0 0.46043542187500003 0.1797224609375 0.8825466453124999 0.114996478125 0.89579549375 0 0.4431222765625 0
0 0.8323930031250001 0.4397036515625 0.862460884375 0.4344407859375 0.889721090625 0.12289806562500001 0.4681903046875 0.19210112968749998 0.4830251328125 0.496275834375 0.8323930031250001 0.4397036515625
0 0.4715784140625 0.5028580640625 0.44898870312500005 0.1863046890625 0.06955295156249999 0.24813973906250003 0.021444340625 0.2565603265625 0.0915622265625 0.5602160328125 0.4715784140625 0.5028580640625
0 0.0915622265625 0.5602160328125 0.0754720296875 0.5309816140625 0.054900332812499994 0.5620543921875 0.11573126250000002 0.7940768046875 0.45307198125000003 0.7396097687500001 0.4300638140625 0.514703159375 0.0915622265625 0.5602160328125
0 0.45908555624999997 0.7385571953125 0.8036007218749999 0.6919917484375 0.820946284375 0.44628588125 0.501646296875 0.49759519531249996 0.4721588484375 0.50733514375 0.436657825 0.518127665625 0.45908555624999997 0.7385571953125
0 0.80418115625 0.6964688296875 0.46626000312500004 0.7464587828125 0.4869464296875 0.9534570734375001 0.7990719734375 0.8942461703125 0.80418115625 0.6964688296875
0 0.45423285 0.74856393125 0.45365241562499997 0.74408685 0.12232527500000001 0.7975013125 0.111458990625 0.808560621875 0.165994453125 0.9965946656250001 0.1906311671875 0.9961646296875 0.47977198281250005 0.945555484375 0.45423285 0.74856393125
0 0.21968777187500002 0.9956574453125 0.4549848328125 0.9915503203125 0.45028453749999997 0.9552954328125001 0.21968777187500002 0.9956574453125
0 0.7641513843750001 0.909515771875 0.4875268640625 0.957934153125 0.48035241875 0.950032565625 0.46289212500000004 0.9576673671875 0.47250759843749995 0.9912444593749999 0.5102538234375 0.9905855953125 0.7627812859375 0.9463849906249999 0.7641513843750001 0.909515771875
0 0 0.30610054999999997 0.0272486875 0.301331134375 0.008256315625 0.24971131249999998 0 0.25115643906249996 0 0.30610054999999997
0 0 0.361785796875 0.040807915625 0.3584806109375 0.0338426984375 0.3047556421875 0 0.3074966875 0 0.361785796875
0 0 0.530455671875 0.049676420312500004 0.521760665625 0.058592170312500004 0.5430934953125 0.0803247359375 0.5209748796875 0.0520454078125 0.397721765625 0.0345851140625 0.405356565625 0.0227671875 0.3616383328125 0 0.3656233390625 0 0.530455671875
0 0 0.6603999218750001 0.0113879515625 0.7482388515625 0.0825992265625 0.6808304265625 0.054900332812499994 0.5620543921875 0.049676420312500004 0.521760665625 0 0.530455671875 0 0.6603999218750001
0 0.085406903125 0.9871102796875 0.019723267187499997 0.7650946000000001 0.013709690625000001 0.7661471734374999 0.0438626296875 0.9987264843749999 0.070174396875 0.9982672109375 0.0739601859375 0.9936925046875 0.085406903125 0.9871102796875