0 0.261996303125 0.3526031140625 0.29417952812500003 0.3448374625 0.30829456093749996 0.23832206562499997 0.2803919953125 0.230545975 0.1056121296875 0.1684492765625 0.09045268281249999 0.29475525937499997 0.261996303125 0.3526031140625
0 0.0899685859375 0.297967290625 0.080591515625 0.3087417875 0.054781929687499994 0.5057124281250001 0.17334878125 0.542102446875 0.19202671093749998 0.5339199812500001 0.20993830624999998 0.41507487187500003 0.253358771875 0.397053128125 0.261996303125 0.3526031140625 0.0899685859375 0.297967290625
0 0.16336196875 0.65980915 0.17941339375 0.5404456343749999 0.17334878125 0.542102446875 0.0542978328125 0.5089244578125001 0.0567945359375 0.4794977828125 0.031699215625 0.4946594203125 0.0409513203125 0.6390364984375 0.1488122640625 0.679182925 0.16336196875 0.65980915
0 0.145450375 0.7786542609375 0.1581893359375 0.6684084296874999 0.1488122640625 0.679182925 0.0409598125 0.6391690375 0.0488839015625 0.7628227390625 0.1318688640625 0.791603975 0.145450375 0.7786542609375
0 0.1449662765625 0.7818662890625 0.27469415625 0.8213667453125 0.2883518875 0.7950505062500001 0.3065951421875 0.69972641875 0.16336196875 0.65980915 0.1581893359375 0.6684084296874999 0.1449662765625 0.7818662890625
0 0.3065951421875 0.69972641875 0.32871117656250004 0.5787060890625 0.19202671093749998 0.5339199812500001 0.179897490625 0.5372336046874999 0.16336196875 0.65980915 0.3065951421875 0.69972641875
0 0.253358771875 0.397053128125 0.210422403125 0.4118628421875 0.19202671093749998 0.5339199812500001 0.32871117656250004 0.5787060890625 0.33477578750000003 0.577049278125 0.3517954046875 0.45126170156249995 0.342978646875 0.4454576421875 0.3469276421875 0.406394875 0.3223375375 0.3895011015625 0.253358771875 0.397053128125
0 0.47670494375 0.3555416796875 0.400922028125 0.331075 0.36040614375 0.3298245609375 0.3469276421875 0.406394875 0.342978646875 0.4454576421875 0.3517954046875 0.45126170156249995 0.3508272109375 0.4576857625 0.457341059375 0.48402287812499994 0.48131726406249997 0.36352095625 0.47670494375 0.3555416796875
0 0.3508272109375 0.4576857625 0.33477578750000003 0.577049278125 0.4431498078125 0.6039048 0.46292157187500005 0.48557809687500003 0.3508272109375 0.4576857625
0 0.41731343125000003 0.723888315625 0.4431498078125 0.6039048 0.33477578750000003 0.577049278125 0.32871117656250004 0.5787060890625 0.3065951421875 0.69972641875 0.41731343125000003 0.723888315625
0 0.3065951421875 0.69972641875 0.2969894171875 0.7506004921875 0.40714739062499994 0.7913409453125 0.41731343125000003 0.723888315625 0.3065951421875 0.69972641875
0 0.43158505937499997 0.8349677734375 0.4315088421875 0.8483342984375 0.5133563703124999 0.8711441656250001 0.5307838671875 0.7555110859374999 0.431302821875 0.7210930984374999 0.41354366249999996 0.8132051562499999 0.43158505937499997 0.8349677734375
0 0.5233431828125 0.7534374625 0.5431149468750001 0.6351107593750001 0.4431498078125 0.6039048 0.4187657234375 0.7142522265625 0.431302821875 0.7210930984374999 0.5233431828125 0.7534374625
0 0.46292157187500005 0.48557809687500003 0.4431498078125 0.6039048 0.546835290625 0.6361475703125 0.5679831296875 0.5215513015625 0.46292157187500005 0.48557809687500003
0 0.5642627874999999 0.520514490625 0.586378821875 0.3994941609375 0.48131726406249997 0.36352095625 0.457341059375 0.48402287812499994 0.46292157187500005 0.48557809687500003 0.5642627874999999 0.520514490625
0 0.580798309375 0.39793894375 0.6062268046875 0.2678009328125 0.4997891734375 0.228097290625 0.47670494375 0.3555416796875 0.48131726406249997 0.36352095625 0.580798309375 0.39793894375
0 0.580798309375 0.39793894375 0.586378821875 0.3994941609375 0.681655428125 0.43608736718749996 0.691440378125 0.43546736875000003 0.7205892171875 0.30636616875 0.60574270625 0.2710129625 0.580798309375 0.39793894375
0 0.691440378125 0.43546736875000003 0.681655428125 0.43608736718749996 0.586378821875 0.3994941609375 0.5642627874999999 0.520514490625 0.66511990625 0.5586629140625 0.691440378125 0.43546736875000003
0 0.67070041875 0.5602181328125 0.66511990625 0.5586629140625 0.5679831296875 0.5215513015625 0.546835290625 0.6361475703125 0.647692409375 0.67429599375 0.67070041875 0.5602181328125
0 0.6251684953125001 0.785161825 0.647692409375 0.67429599375 0.5431149468750001 0.6351107593750001 0.5233431828125 0.7534374625 0.5307838671875 0.7555110859374999 0.6251684953125001 0.785161825
0 0.63446935 0.7877538546875 0.6251684953125001 0.785161825 0.5307838671875 0.7555110859374999 0.5133563703124999 0.8711441656250001 0.6146975859375 0.9060805593750001 0.63446935 0.7877538546875
0 0.738154834375 0.8199966265624999 0.63446935 0.7877538546875 0.6146975859375 0.9060805593750001 0.7193512625 0.93189926875 0.738154834375 0.8199966265624999
0 0.72699380625 0.8168861906249999 0.7500018171875 0.7028083281249999 0.647692409375 0.67429599375 0.6251684953125001 0.785161825 0.63446935 0.7877538546875 0.72699380625 0.8168861906249999
0 0.8195861640625001 0.3439961875 0.719621021875 0.3127902296875 0.691440378125 0.43546736875000003 0.7969860328125 0.46822854375 0.8195861640625001 0.3439961875
0 0.691440378125 0.43546736875000003 0.66511990625 0.5586629140625 0.7711496578125 0.5882120609375 0.7969860328125 0.46822854375 0.691440378125 0.43546736875000003
0 0.67070041875 0.5602181328125 0.647692409375 0.67429599375 0.7500018171875 0.7028083281249999 0.7711496578125 0.5882120609375 0.67070041875 0.5602181328125
0 0.7193512625 0.93189926875 0.8165642562500001 0.9556443546875 0.8343996328125 0.850165771875 0.8288953375 0.8352440265625001 0.82323860625 0.847055334375 0.738154834375 0.8199966265624999 0.7193512625 0.93189926875
0 0.738154834375 0.8199966265624999 0.82323860625 0.847055334375 0.8288953375 0.8352440265625001 0.8462466171875 0.7329774734375001 0.7500018171875 0.7028083281249999 0.72699380625 0.8168861906249999 0.738154834375 0.8199966265624999
0 0.8536873015625 0.735051096875 0.874835140625 0.620454828125 0.7711496578125 0.5882120609375 0.7500018171875 0.7028083281249999 0.8462466171875 0.7329774734375001 0.8536873015625 0.735051096875
0 0.8964670765625 0.50264653125 0.7969860328125 0.46822854375 0.7711496578125 0.5882120609375 0.874835140625 0.620454828125 0.8964670765625 0.50264653125
0 0.9194750875000001 0.38856867031250003 0.818617971875 0.350420246875 0.7969860328125 0.46822854375 0.8964670765625 0.50264653125 0.9194750875000001 0.38856867031250003