0 0.558054146875 1 0.5559914421875 0.8408030703125 0.30548186093749996 0.8571895656249999 0.2893784234375 1 0.558054146875 1
0 0.6779948921875001 1 0.9372254453125001 0.955961325 0.938715246875 0.9346561718749999 0.883394409375 0.759012471875 0.5786549046875 0.7911543296875 0.5644901546875001 0.8393592890624999 0.5900008609375 1 0.6779948921875001 1
0 0.354350490625 0.6427938609375 0.35515904531250003 0.8127656625 0.3867255015625 0.8466590421875001 0.5634784359375 0.8329885031250001 0.5786549046875 0.7911543296875 0.6471504765625 0.7827894765625001 0.6160905624999999 0.6146855140625 0.354350490625 0.6427938609375
0 0.6203399187499999 0.613963621875 0.6513998328125 0.7820675859375 0.9471347625 0.7481841171875 0.8853176312500001 0.5787626 0.6203399187499999 0.613963621875
0 0.14319910625 0.43985764375 0.1327771703125 0.6215512984375 0.245789065625 0.756105090625 0.352022990625 0.73805783125 0.35384463125 0.6396084671875 0.5555878484375001 0.6184211921875 0.5567011484375 0.5429914703125001 0.517142521875 0.3763312890625 0.14319910625 0.43985764375
0 0.9253841703125 0.3364202421875 0.535657528125 0.382999909375 0.5567011484375 0.5429914703125001 0.5560937078125 0.621606584375 0.6160905624999999 0.6146855140625 0.8853176312500001 0.5787626 0.8983690828125 0.6059873609374999 0.9669423609375001 0.530989625 0.969020171875 0.5012755609374999 0.9565456640625 0.4227237 0.9253841703125 0.3364202421875
0 0.26521762656250003 0.16396511875 0.28767724375000003 0.41531337031250004 0.517142521875 0.3763312890625 0.612145953125 0.37000588125 0.619026190625 0.30341045 0.5404141109375 0.11067145781250001 0.26521762656250003 0.16396511875
0 0.623275546875 0.30268856093749996 0.616395309375 0.3692839921875 0.8781353828125 0.34117564375 0.9292292484375 0.250712453125 0.9201237765625001 0.19337537031250002 0.824109309375 0.0559340140625 0.55639981875 0.10141310781249999 0.5441576078125 0.1067641734375 0.623275546875 0.30268856093749996
0 0 0.8022166359374999 0.005396675 0.8361994546875 0.21189510937499997 0.817475684375 0.2321301734375 0.8074954453125001 0.24204556875 0.7600123765625 0.12852781093750001 0.6222731875 0.1321704125 0.562770434375 0 0.5749138046875 0 0.8022166359374999
0 0 0.5691528875 0.131664553125 0.5595850421875 0.13894975 0.440579534375 0.282922028125 0.41284986718749994 0.268050303125 0.20928251874999998 0 0.2548195109375 0 0.5691528875
0 0.1675839984375 0.0987680921875 0.15281180625 0.225588165625 0.2632950875 0.206819015625 0.2647117671875 0.16077972499999998 0.531915396875 0.11211523906250001 0.555893959375 0.098227715625 0.5377839125 0.039149021875 0.1675839984375 0.0987680921875
0 0.560649178125 0.10069121875 0.806606021875 0.055636184374999995 0.80090944375 0.0466476625 0.546328103125 0.0318199890625 0.5462826296875 0.037705240625000004 0.560649178125 0.10069121875
0 0 0.24827685000000002 0.1523059453125 0.222402771875 0.172541696875 0.07502655625 0.08704869531250001 0.08627897031250001 0.1063729421875 0.1255234140625 0.11790681249999999 0.14319199375 0.1066763203125 0.154913846875 0.0509288203125 0.161113028125 0 0.172399646875 0 0.18009930000000002 0.0389899890625 0.1958545234375 0.0325147125 0.210039878125 0 0.2033673703125 0 0.24827685000000002