0 0.11125668281250001 0.10658995 0.099465465625 0.1707508890625 0.3614925046875 0.1645417671875 0.362802640625 0.10452024062500001 0.11125668281250001 0.10658995
0 0.10077560156250001 0.1800645734375 0.08243370625 0.2545740546875 0.3536316953125 0.249399784375 0.3588722359375 0.175925159375 0.10077560156250001 0.1800645734375
0 0.08243370625 0.2628528859375 0.064091815625 0.3435714890625 0.3588722359375 0.3383972171875 0.3614925046875 0.2545740546875 0.08243370625 0.2628528859375
0 0.064091815625 0.350815465625 0.049680328125 0.4387780453125 0.3588722359375 0.433603775 0.3614925046875 0.3435714890625 0.064091815625 0.350815465625
0 0.045749921875 0.446022021875 0.0195472171875 0.5505422624999999 0.352321559375 0.5432982859375 0.360182371875 0.4398128984375 0.045749921875 0.446022021875
0 0 0.6731517515625 0.34315061406249997 0.661271628125 0.3536316953125 0.5495074109375 0.0234776234375 0.557786240625 0 0.62840466875 0 0.6731517515625
0 0.381144534375 0.8237436875 0.38900534531250003 0.734746253125 0.3483911546875 0.666445896875 0.0025154609375 0.6809338515625 0.001205325 0.8299528109375001 0.0693323546875 0.8465104734375 0.381144534375 0.8237436875
0 0.3903154796875 0.7399205234374999 0.3798343984375 0.8258133953125 0.0771931671875 0.8465104734375 0.13090870937500002 0.8641029890624999 0.4073472390625 0.84858018125 0.40996750937500004 0.7626873093750001 0.3903154796875 0.7399205234374999
0 0.7034377953125001 0.677829290625 0.6864060375000001 0.5567513875000001 0.3588722359375 0.5629605093750001 0.3536316953125 0.677829290625 0.3929357515625 0.734746253125 0.67199455 0.72543256875 0.7034377953125001 0.677829290625
0 0.360182371875 0.45844026875 0.3614925046875 0.5608908015625 0.6837857656249999 0.5526119703125 0.67199455 0.44912658437499997 0.360182371875 0.45844026875
0 0.38900534531250003 0.732676546875 0.41258777812499997 0.767861578125 0.662823603125 0.751303915625 0.6706844140625 0.7275022765625 0.38900534531250003 0.732676546875
0 0.673304684375 0.7502690624999999 0.9182999687500001 0.740955378125 0.9785661875 0.7005960765625 0.94712294375 0.6002152484375001 0.6955769828125 0.609528934375 0.7073682 0.6757595843749999 0.6850959015625 0.7150840296875 0.673304684375 0.7502690624999999
0 0.923540509375 0.506043546875 0.6785452265624999 0.5215663546875 0.694266846875 0.6064243734375 0.948433078125 0.5991803953125 0.923540509375 0.506043546875
0 0.36804318281250004 0.2628528859375 0.36411277656249996 0.4480917296875 0.51084791875 0.440847753125 0.5003668375 0.25767861718749996 0.36804318281250004 0.2628528859375
0 0.6602033328125 0.4304992140625 0.6287600890625 0.2514694921875 0.50822765 0.2545740546875 0.5160884609374999 0.44188260625 0.5173985953125 0.4501614375 0.6575830609375 0.44912658437499997 0.6602033328125 0.4304992140625
0 0.67592495625 0.5039738390624999 0.7728749609375 0.4987995703125 0.81086888125 0.416011259375 0.7663242859375 0.2369815390625 0.6366208984374999 0.24526037031249998 0.666754009375 0.4273946515625 0.66151346875 0.4480917296875 0.67199455 0.4480917296875 0.67592495625 0.5039738390624999
0 0.9549837531250001 0.40359301406250003 0.8973378046875 0.226633 0.7689445546875 0.2307724140625 0.813489153125 0.4129066984375 0.7807357703125 0.48741617656249997 0.8934073984375 0.48534646875 0.9549837531250001 0.40359301406250003
0 0.37066345312500004 0.10452024062500001 0.36673304687499997 0.2556089078125 0.4911958921875 0.25353919999999996 0.4872654859375 0.10141568125 0.37066345312500004 0.10452024062500001
0 0.49381616250000004 0.1003808265625 0.49381616250000004 0.25353919999999996 0.627449953125 0.247330078125 0.6064877906249999 0.0993459734375 0.49381616250000004 0.1003808265625
0 0.6077979234375 0.0941717015625 0.6287600890625 0.2431906609375 0.76108374375 0.23801639375 0.7270202296875 0.09210199687500001 0.6077979234375 0.0941717015625
0 0.7296405 0.0838231640625 0.7663242859375 0.22870270625 0.8894769953124999 0.2214587296875 0.842312125 0.0786488953125 0.7296405 0.0838231640625