0 1 0.0778763609375 0.944423315625 0.07403388125 0.9090978421875 0.2638563609375 1 0.269341625 1 0.0778763609375
0 0.767974775 0.05685239843749999 0.665844621875 0.050606546875000005 0.563871653125 0.048855478125000004 0.5564418984375 0.0649639859375 0.5666591015625 0.0714224796875 0.564992784375 0.2523396625 0.6232989734375 0.262530575 0.7133151890625 0.265221365625 0.75734873125 0.267269346875 0.8674325890624999 0.272389296875 0.909255028125 0.26835114375 0.9304650375 0.0748805125 0.8721588468749999 0.0646895984375 0.767974775 0.05685239843749999
0 0.119637965625 0.03118601875 0.1487804421875 0.2359734625 0.559512159375 0.2670429984375 0.56660670625 0.0699242171875 0.119637965625 0.03118601875
0 0.0980927484375 0.043646375 0.009606503125 0.027564328125 0.016889392187499998 0.23582256406250002 0.1030073484375 0.24132369531250003 0.1468313125 0.23737863125 0.11810799375 0.044577273437499995 0.0980927484375 0.043646375
0 1 0.27257165 0.981309915625 0.2717023828125 0.979570365625 0.279100596875 0.9590520093749999 0.4352078 0.9753261796875 0.44344382343750005 1 0.44612469531250004 1 0.27257165
0 0.8714356390625 0.27257547656250003 0.75734873125 0.267269346875 0.71326279375 0.26372310312499997 0.6172420062499999 0.2607530453125 0.565045178125 0.253837921875 0.571678490625 0.272096321875 0.5752832203125 0.43231712499999997 0.9513602796875 0.443825003125 0.9610535328124999 0.43530088906250003 0.9772020765624999 0.26851968125000003 0.9090978421875 0.2638563609375 0.8714356390625 0.27257547656250003
0 0.22151646249999998 0.2588020921875 0.2476095171875 0.43353123125000004 0.567748675 0.44542911093750004 0.5772847453125001 0.4324102140625 0.5741515703125 0.28567375781250004 0.559512159375 0.2670429984375 0.2350031875 0.24447111562499999 0.22151646249999998 0.2588020921875
0 0.23495079218749998 0.2429728546875 0.14688370625 0.23887689375 0.095158434375 0.24544611718749998 0.0169417875 0.23732082499999999 0.0230719890625 0.412617325 0.2214325109375 0.42782627968750003 0.24492685781249998 0.413960753125 0.22156885937499998 0.26030035156250003 0.23495079218749998 0.2429728546875
0 0.48033156562499996 0.059928303125000006 0.47476681562499995 0.013814303125 0.2646903640625 0.007701703125000001 0.2659064515625 0.0424763703125 0.48033156562499996 0.059928303125000006
0 0.096038828125 0.0420550234375 0.11774123125 0.034089448437499996 0.2479451234375 0.043136820312500004 0.24094268749999997 0.0070107156249999995 0.008651368750000001 0.0002517296875 0.009606503125 0.027564328125 0.096038828125 0.0420550234375
0 0.5543879781250001 0.063372634375 0.5618701296874999 0.0487623875 0.6657922265625 0.049108284375 0.7639717265625 0.05666621875 0.8422407671875 0.066289771875 0.8409832890625 0.0303315140625 0.5127856375000001 0.0165630140625 0.514357484375 0.061510832812500006 0.5543879781250001 0.063372634375
0 0.24395219375 0.557514509375 0.2174294625 0.4276400984375 0.023176778125 0.4156138484375 0.0259752109375 0.49563655312500005 0.031125523437500004 0.5939103718750001 0.23125139374999998 0.5943193953125 0.24395219375 0.557514509375
0 0.565851940625 0.44833254218749996 0.24350167812499998 0.43034852968750004 0.242977728125 0.41536592343749995 0.21948338125000003 0.42923144999999996 0.2420030640625 0.5589196796875 0.25058550625 0.5757729078125 0.6007475359375001 0.5890671359375 0.6058824328125 0.45019434374999995 0.605306090625 0.43371347499999996 0.5773371390625 0.4339084765625 0.565851940625 0.44833254218749996
0 0.6033045640625 0.433620384375 0.60978069375 0.4473840015625 0.6086593640625 0.529602159375 0.638462134375 0.581846284375 0.9224690578124999 0.5890720218750001 0.9433541812499999 0.44345264218749997 0.6033045640625 0.433620384375
0 1 0.4430955671875 0.9732722609375 0.441852471875 0.9535713828124999 0.4499111359375 0.9243133984374999 0.584670328125 1 0.587102165625 1 0.4430955671875
0 1 0.5866946546875 0.954283875 0.5845684171875 0.9285784218750001 0.5923478125 0.9128071625 0.712776028125 0.9526280765624999 0.7086447875 1 0.709962378125 1 0.5866946546875
0 0.6364082140625 0.5802549328125 0.6066054421875 0.528010809375 0.5927938312500001 0.5901930390625 0.5870407125 0.6542458875 0.59914413125 0.7146417656249999 0.9128071625 0.712776028125 0.9265768968750001 0.5922547218750001 0.6364082140625 0.5802549328125
0 0.2866129515625 0.5774485265625 0.301231325 0.7097609171875 0.577336940625 0.71961081875 0.5793071078125 0.604524015625 0.578835553125 0.5910396687499999 0.2866129515625 0.5774485265625
0 0.3012837203125 0.711259178125 0.284663821875 0.5788536984375 0.2525346359375 0.5743677375 0.24047309375 0.5723109359375 0.2271959484375 0.59263495625 0.031046920312499997 0.592410540625 0.038417521875 0.7330499734375 0.28964133593749997 0.7211884640624999 0.3012837203125 0.711259178125
0 1 0.7099945140624999 0.956631125 0.7088309671874999 0.9089089015624999 0.7155863703125 0.836958803125 0.7152316515625 0.8312580796875 0.7807827609375 0.8565862484375 0.819356359375 1 0.8260264671875 1 0.7099945140624999
0 0.6012504468750001 0.7177313765625 0.5791917984375 0.6583683109375 0.581392384375 0.7212952593749999 0.5845884734375 0.8126891593750001 0.8283029281250001 0.8105617953124999 0.8312580796875 0.7807827609375 0.8369064078124999 0.7137333906250001 0.6012504468750001 0.7177313765625
0 0.2876398109375 0.721095375 0.24982042187500003 0.7253197078125 0.2636004765625 0.8336599265625001 0.5854267906249999 0.83666133125 0.5814447796875 0.7227935203125 0.29722827500000004 0.7095747375 0.2876398109375 0.721095375
0 0.25770069218749997 0.8363771796874999 0.2258021265625 0.7242026265625 0.0385710046875 0.7359786234375 0.045081484375 0.86020595625 0.246110703125 0.8478047249999999 0.25770069218749997 0.8363771796874999
0 0.3083570296875 0.9135243734375 0.28566964375000004 0.8361821765625 0.25764829843750003 0.8348789171875 0.2482170171875 0.8508943359375 0.04508658125 0.8603032140625 0.0500460359375 0.9549352499999999 0.29576101875 0.95332578125 0.3083570296875 0.9135243734375
0 0.299627921875 0.8353355468749999 0.30009947656249997 0.8488198921875 0.31046334531249997 0.9166139843750001 0.32167605 0.95153943125 0.573291815625 0.9467879031249999 0.5618276546875001 0.8475303375 0.5615132843749999 0.8385407734375001 0.299627921875 0.8353355468749999
0 0.2671269796875 1 0.255835315625 0.9544605031250001 0.05012901875 0.956518653125 0.051954379687499996 0.99134863125 0.237967121875 1 0.2671269796875 1
0 0.5758917734375 1 0.5771900750000001 0.9439775625 0.32367757343750003 0.9516325218749999 0.31041094999999996 0.9151157234375 0.279801215625 0.9540793203125 0.27948943593750003 1 0.5758917734375 1
0 0.818165246875 1 0.818798215625 0.9387605859375 0.579348784375 0.9485654328124999 0.5765551453125 1 0.818165246875 1
0 1 1 1 0.9217424109374999 0.8781104281250001 0.920577634375 0.876685246875 0.9369654140625 0.8187458218750001 0.9372623250000001 0.8261492374999999 1 1 1
0 1 0.8275222921875001 0.868647790625 0.821413159375 0.8812332828124999 0.8384525671875 0.8801643484375001 0.9221689859375 1 0.9232587078125001 1 0.8275222921875001
0 0.8324107671875 0.813744496875 0.584536078125 0.8111909 0.585374396875 0.835163071875 0.57352243125 0.8390993140624999 0.579086809375 0.9410741312500001 0.8187458218750001 0.9372623250000001 0.8786343765625 0.93556024375 0.8781628234375001 0.9220758968749999 0.8831824125000001 0.837047396875 0.8525308046875001 0.81767191875 0.8353135249999999 0.7824672031250001 0.8324107671875 0.813744496875