0 0.6921193203125 0 0.6978372109375 0.0455365984375 0.8787200984375 0 0.6921193203125 0
0 0.3696191484375 0 0.29119722812500004 0.0156814734375 0.31322964999999997 0.1364188421875 0.5144843140625001 0.089293215625 0.6918699546875 0.0466596015625 0.6886122593749999 0 0.3696191484375 0
0 0.3129745015625 0.168844128125 0.29119722812500004 0.0156814734375 0.002697203125 0.0661941046875 0.0079000109375 0.19388013906249998 0.25952434687500003 0.1465258734375 0.3129745015625 0.168844128125
0 0.8776767875000001 0 0.5085170578125 0.09041621875 0.527846284375 0.23016361093749999 0.9352517078125 0.16274288125 0.941487915625 0 0.8776767875000001 0
0 0.3504606453125 0.27279722500000003 0.52187903125 0.2312866140625 0.5093330734375 0.094887975 0.3191969046875 0.1352958390625 0.3504606453125 0.27279722500000003
0 0.0566376515625 0.18470799375 0.106619175 0.3233121234375 0.27885357499999996 0.2862732671875 0.3504606453125 0.27279722500000003 0.3265410453125 0.1755416296875 0.25952434687500003 0.1465258734375 0.0566376515625 0.18470799375
0 0.0566376515625 0.18470799375 0.0079000109375 0.19388013906249998 0.01447060625 0.35513412187500004 0.10065191874999999 0.3244351265625 0.0566376515625 0.18470799375
0 0.936883740625 0.1716863890625 0.9726872734375 0.16494836875000002 0.948767675 0.06769277500000001 0.939281209375 0.0833540453125 0.936883740625 0.1716863890625
0 0.7196144859375 0.198699253125 0.74057574375 0.347390153125 0.9638122546875 0.3192542859375 0.9846723624999999 0.2644499703125 0.9667200171875001 0.166071371875 0.7196144859375 0.198699253125
0 0.527846284375 0.23016361093749999 0.3504606453125 0.27279722500000003 0.3741250984375 0.402478103125 0.74057574375 0.347390153125 0.71879846875 0.1942274984375 0.527846284375 0.23016361093749999
0 0.3383215609375 0.4092161234375 0.3741250984375 0.402478103125 0.3504606453125 0.27279722500000003 0.11258642968749999 0.32218911875 0.0145511453125 0.3571106671875 0.01603413125 0.3935057484375 0.045926029687499995 0.46424329531249997 0.3383215609375 0.4092161234375
0 0.01603413125 0.3935057484375 0.01926453125 0.47278546875 0.045926029687499995 0.46424329531249997 0.01603413125 0.3935057484375
0 1 0.328155553125 0.9846723624999999 0.2644499703125 0.9697795109375 0.31813128125 0.9803877140624999 0.376264090625 1 0.37257317031250003 1 0.328155553125
0 1 0.37257317031250003 0.9684532015625 0.37851009687500003 0.9730941484375 0.4377659078125 1 0.44900051718749995 1 0.37257317031250003
0 0.5726765687500001 0.374362496875 0.5947089890624999 0.49509986718750004 0.969574940625 0.4523041765625 0.96462826875 0.323726040625 0.5726765687500001 0.374362496875
0 0.4029407890625 0.5265642234375 0.5955250046875 0.49957162187500004 0.5726765687500001 0.374362496875 0.380092353125 0.40135509999999996 0.4029407890625 0.5265642234375
0 0.2179558609375 0.5613773328125 0.4029407890625 0.5265642234375 0.3741250984375 0.402478103125 0.1831729125 0.43841421562500005 0.2179558609375 0.5613773328125
0 0.21117258906249997 0.5580285828125 0.1831729125 0.43841421562500005 0.0193063390625 0.4738115140625 0.0204908359375 0.5028811171875 0.0305228859375 0.582775178125 0.21117258906249997 0.5580285828125
0 1 0.458660546875 0.9730941484375 0.4377659078125 0.9703909562499999 0.45677593125 0.770207453125 0.47594802812500003 0.7879046484375001 0.606751909375 0.9880881515625 0.5875798125 1 0.580382709375 1 0.458660546875
0 0.439610915625 0.6260455640625 0.7879046484375001 0.606751909375 0.776174709375 0.4748250234375 0.40890804375 0.5254412203125 0.439610915625 0.6260455640625
0 0.127681584375 0.6754982390625 0.43364365937500005 0.6271685687499999 0.40972405937499995 0.529912975 0.10376198750000001 0.5782426453125 0.127681584375 0.6754982390625
0 0.049291243750000005 0.6856255296875 0.1284976 0.6799699921875 0.10376198750000001 0.5782426453125 0.0305228859375 0.582775178125 0.049291243750000005 0.6856255296875
0 1 0.57808296875 0.9829369109374999 0.593174571875 0.9990020765625 0.7150349453125 1 0.7149731874999999 1 0.57808296875
0 0.6276553359375 0.7432923671875 0.9990020765625 0.7150349453125 0.9829369109374999 0.593174571875 0.6175574265625 0.6203089921875 0.6276553359375 0.7432923671875
0 0.449708825 0.7490289421874999 0.6276553359375 0.7432923671875 0.622708665625 0.6147142328124999 0.427676403125 0.628291571875 0.449708825 0.7490289421874999
0 0.26390788125000003 0.779370296875 0.449708825 0.7490289421874999 0.42252516250000005 0.6338863296875 0.23590820468749998 0.6597559296875 0.26390788125000003 0.779370296875
0 0.075658890625 0.7962963875 0.26227585000000003 0.7704267875 0.23590820468749998 0.6597559296875 0.050107260937499995 0.690097284375 0.075658890625 0.7962963875
0 1 0.71794658125 0.798002559375 0.7297352874999999 0.8108036640625 0.8337086421875 1 0.8226670171875 1 0.71794658125
0 0.4692931984375 0.85635105 0.8005011828124999 0.844898159375 0.8108036640625 0.8337086421875 0.798002559375 0.7297352874999999 0.44374156875 0.750151946875 0.4692931984375 0.85635105
0 0.1926065359375 0.8621686625 0.46332594374999997 0.857474053125 0.44537360000000004 0.7590954562500001 0.1667997578125 0.7883948421875 0.1926065359375 0.8621686625
0 0.08519593125 0.882382725 0.1934225515625 0.8666404171875 0.1667997578125 0.7883948421875 0.07647490625 0.8007681421875 0.08519593125 0.882382725
0 1 0.8233212828124999 0.6659574921875 0.85171721875 0.6958443484375 0.947849809375 1 0.89060945 1 0.8233212828124999
0 0.5016281015625 0.965898903125 0.65407355625 0.9557108328125 0.6958443484375 0.947849809375 0.6659574921875 0.85171721875 0.48204372656250005 0.8585767984375 0.5016281015625 0.965898903125
0 0.3272008015625 0.9570972109375001 0.4956608453125 0.96702190625 0.4752604546875 0.855228046875 0.3032812 0.8598416171875 0.3272008015625 0.9570972109375001
0 0.1082995140625 0.9751665656249999 0.32123354531250004 0.958220215625 0.2973139453125 0.8609646203124999 0.086011946875 0.8868544796875 0.1082995140625 0.9751665656249999
0 0.48969358906249993 0.9681449109375 0.4916740359375 0.9789977296875 0.5618417015625 0.97572961875 0.65407355625 0.9557108328125 0.48969358906249993 0.9681449109375
0 0.3272008015625 0.9570972109375001 0.212190909375 0.9694907687500001 0.2162665171875 0.9918250421874999 0.48914894374999995 0.9791153375 0.4837263328125 0.9692679140625 0.3272008015625 0.9570972109375001
0 0.1082995140625 0.9751665656249999 0.11222367656250001 0.9966709140625 0.2162665171875 0.9918250421874999 0.212190909375 0.9694907687500001 0.1082995140625 0.9751665656249999