0 0.1784757171875 0.07956204375 0.5302281843750001 0.0496053296875 0.5253309484375001 0.0122272140625 0.482539609375 0.011231234375 0.1681037328125 0.025912103125000002 0.1784757171875 0.07956204375
0 0.031078353125000003 0.08794768593749999 0.0604865109375 0.22792505468750002 0.39665689843749996 0.20320704531249997 0.37546672812500004 0.06585343906249999 0.031078353125000003 0.08794768593749999
0 0.37920976562500003 0.062671221875 0.39665689843749996 0.20320704531249997 0.59600736875 0.1938994625 0.59202683125 0.046719978125 0.37920976562500003 0.062671221875
0 0.5913751640625 0.0632914109375 0.6028835203125 0.18004486718749999 0.827539628125 0.1620371390625 0.827870315625 0.04322719375 0.5913751640625 0.0632914109375
0 0.0624800171875 0.227831978125 0.0925398421875 0.351237915625 0.40539809687500006 0.33512697812500003 0.384817853125 0.2052635328125 0.0624800171875 0.227831978125
0 0.39665689843749996 0.20320704531249997 0.40552008281249996 0.3366250109375 0.6026330796875 0.3244144390625 0.5961293546875 0.1953974953125 0.39665689843749996 0.20320704531249997
0 0.6020648921875 0.29286268125000003 0.6099939359375 0.390234790625 0.8173184265625 0.3805549046875 0.8150039437500001 0.2784094703125 0.6020648921875 0.29286268125000003
0 0.8224900187499999 0.2720450375 0.8216810999999999 0.163814396875 0.6010120015625 0.1816359765625 0.6059299171875 0.2911784984375 0.8189909515625 0.27822331875 0.8224900187499999 0.2720450375
0 0.337740921875 0.3397895890625 0.3486810921875 0.42499128593749996 0.59412614375 0.41653902656249997 0.5869290125 0.3281551109375 0.337740921875 0.3397895890625
0 0.0889187875 0.3559181640625 0.1098264828125 0.440654484375 0.3485591078125 0.42349325625 0.329766903125 0.3401618921875 0.0889187875 0.3559181640625
0 0.1098264828125 0.440654484375 0.1319957703125 0.5163095328125 0.3587673671875 0.499706759375 0.3445720984375 0.42367940624999995 0.1098264828125 0.440654484375
0 0.60482234375 0.49874465937499995 0.5961196484375 0.41644594843749994 0.3566551109375 0.424618984375 0.3651138359375 0.5039216296875 0.37133832031249997 0.506638465625 0.60482234375 0.49874465937499995
0 0.5981548937500001 0.3922912796875 0.6049860687499999 0.476181096875 0.8721157015625 0.46370893593750007 0.870899084375 0.37504579374999997 0.8186217609374999 0.3474120390625 0.8174404125000001 0.3820529390625 0.6099939359375 0.390234790625 0.5981548937500001 0.3922912796875
0 0.1321177546875 0.517807565625 0.1499340765625 0.5891546671875 0.3753220953125 0.5801351328125001 0.3587673671875 0.499706759375 0.1321177546875 0.517807565625
0 0.367107340625 0.5038285546875 0.3775595703125 0.583038121875 0.6130370968750001 0.5750512390625 0.6068158484375 0.498651584375 0.367107340625 0.5038285546875
0 0.6049860687499999 0.476181096875 0.61791974375 0.5612897203125 0.8729663640625 0.54787798125 0.8702441828125 0.46530004375 0.6049860687499999 0.476181096875
0 0.6139327359375 0.561475871875 0.62190351875 0.6347863859375 0.8713355796875 0.6261479734375001 0.8691013406250001 0.549562165625 0.6139327359375 0.561475871875
0 0.445460715625 0.5813715765625 0.45147973593749996 0.630713571875 0.5973715359375 0.6284131328125 0.5932240359375001 0.5774800296875 0.445460715625 0.5813715765625
0 0.45135775 0.6292155375 0.45949225781249997 0.679962490625 0.60550604375 0.6791600843750001 0.59724955 0.6269151 0.45135775 0.6292155375
0 0.86592325 0.65797895625 0.871171853125 0.6487115359375 0.8745489359375 0.6410352203125 0.873329084375 0.626054896875 0.6238970234375001 0.6346933109374999 0.6294281015625 0.6780431734375 0.6933422375 0.67656278125 0.696269884375 0.712515559375 0.8738137890625 0.7057298453125 0.872349965625 0.6877534546875 0.867875015625 0.6819474765625 0.8668991328125 0.6699632171875 0.86592325 0.65797895625
0 0.6977722125 0.780113171875 0.869701559375 0.77810078125 0.87519413125 0.7718294234374999 0.8716148203125 0.752448078125 0.87580729375 0.7056367703124999 0.6942763796875 0.7126086359375 0.6977722125 0.780113171875
0 0.8715730796875001 0.7765096734375 0.695656721875 0.778708215625 0.69651061875 0.78919444375 0.64866650625 0.7914282640625 0.6589165046875001 0.843580171875 0.69081258125 0.842090959375 0.8568833984375 0.8418558265625 0.8550536203125001 0.819385340625 0.8561932265625 0.8088060374999999 0.8648189125 0.7918623015625 0.8699455296874999 0.7810968468749999 0.8715730796875001 0.7765096734375
0 0.8572493546875 0.846349925 0.8567614125 0.84035779375 0.659038490625 0.8450782046875001 0.6608265296875 0.8916102859375 0.708792628125 0.8908744984375 0.7120059859375 0.9057617468749999 0.8540327609375 0.9051454937500001 0.8570438875 0.89297508125 0.8576955546875 0.87640365 0.8563537171875 0.8599252921874999 0.8572493546875 0.846349925
0 0.15192758125 0.5890615921875 0.16937794687500002 0.6559145984375 0.30493626875 0.64958544375 0.291594896875 0.5840443171875 0.15192758125 0.5890615921875
0 0.297453425 0.5822670578125 0.3075396984375 0.6569825296875 0.451316009375 0.6532771328125 0.4394802015625 0.5816508046875 0.297453425 0.5822670578125
0 0.394884715625 0.7220759125 0.3918350828125 0.6846251015625 0.4553832625 0.678650609375 0.451316009375 0.6532771328125 0.31339822812499996 0.6552052671874999 0.3208810703125 0.722523653125 0.394884715625 0.7220759125
0 0.16738444218749998 0.656007675 0.1850787796875 0.72585674375 0.31876558125 0.721118696875 0.3051802375 0.6525815078125 0.16738444218749998 0.656007675
0 0.20302032187500002 0.7250190625 0.214490171875 0.792151296875 0.4042390765625 0.7878031875 0.3946407453125 0.7190798484375 0.20302032187500002 0.7250190625
0 0.2143681890625 0.7906532625 0.225472084375 0.8532913984375 0.4133494671875 0.8505343999999999 0.4042390765625 0.7878031875 0.2143681890625 0.7906532625
0 0.352728934375 0.892461671875 0.3692868984375 0.899207228125 0.37050675312500003 0.9141875515625 0.367007684375 0.9203658328125 0.3828337359375 0.91812319375 0.40305449375 0.8961269062499999 0.4081811109375 0.8853614515625001 0.41143620781249995 0.8761871031249999 0.4105823125 0.8657008765624999 0.4133494671875 0.8505343999999999 0.2274655890625 0.853198321875 0.23494843125 0.9205167078125 0.27095350156250003 0.920339375 0.2785615640625 0.9154729749999999 0.289912665625 0.9074243578125 0.30724428125 0.8990965125000001 0.32071087343750004 0.8924528515624999 0.342517440625 0.8899309859375 0.352728934375 0.892461671875
0 0.4287710609375 0.794176440625 0.437149540625 0.8479194578125 0.651064471875 0.8454505078125001 0.64866650625 0.7914282640625 0.4287710609375 0.794176440625
0 0.6450839578124999 0.845729734375 0.4370275546875 0.8464214265625 0.44068711250000003 0.8913623984375001 0.4748206625 0.8927761765625 0.513063209375 0.89550183125 0.5511837703125 0.8967294562499999 0.588938375 0.893462984375 0.62494344375 0.8932856515625 0.652974496875 0.893480621875 0.6450839578124999 0.845729734375