0 0.3392470765625 0.1333201921875 0.3785542328125 0.3405877890625 0.57104255 0.3125596546875 0.5267129078125 0.094035765625 0.3392470765625 0.1333201921875
0 0.2344839734375 0.36614444062499996 0.2758517453125 0.584142615625 0.3772927296875 0.5712937703125001 0.3352304734375 0.3502459390625 0.2344839734375 0.36614444062499996
0 0.4778063 0.5658610953125 0.43764847187499994 0.33226463281249996 0.342719621875 0.3456154765625 0.33613112031250003 0.3496034171875 0.3788008359375 0.5777041390625001 0.4778063 0.5658610953125
0 0.437093196875 0.3324103015625 0.477766415625 0.5648287359374999 0.5840364625000001 0.5464976781249999 0.543393090625 0.3162146953125 0.437093196875 0.3324103015625
0 0.54356829375 0.3153395328125 0.5844850687500001 0.5473028984375 0.6816415218749999 0.529565871875 0.6396138312499999 0.2985825765625 0.54356829375 0.3153395328125
0 0.6818294734375 0.5307112984375 0.7869872 0.513505909375 0.7458059828125 0.295388809375 0.7364064546875 0.284465403125 0.6497094109375 0.304024065625 0.641386175 0.30752379531249996 0.6818294734375 0.5307112984375
0 0.7868304953124999 0.5143503375 0.8190610906250001 0.7417267015625 0.91581131875 0.735156959375 0.883922475 0.509881071875 0.7868304953124999 0.5143503375
0 0.8179501734375 0.7427067734375 0.8493503171875 0.9573486046875 0.9488582453125 0.9538866171875 0.91657183125 0.7359272125 0.8179501734375 0.7427067734375
0 0.6811262609375001 0.531331684375 0.7171312984375 0.7588046 0.8179501734375 0.7427067734375 0.786869 0.512634984375 0.6811262609375001 0.531331684375
0 0.8512233374999999 0.968682971875 0.8183304296875 0.7430919 0.7173329203125001 0.7586930203125 0.743909196875 0.9542779015624999 0.756861496875 0.9762682140625 0.8512233374999999 0.968682971875
0 0.5844850687500001 0.5473028984375 0.6195102765625 0.7645274828125 0.7168843140625001 0.7578877984375 0.6803939031249999 0.5297057515625 0.5844850687500001 0.5473028984375
0 0.6193350734374999 0.7654026421875 0.64947665625 0.981891484375 0.7463400124999999 0.97539631875 0.7175764765625 0.75823795625 0.6193350734374999 0.7654026421875
0 0.478078321875 0.5647937656249999 0.518700503125 0.7890904937500001 0.62024481875 0.7768501453125001 0.5844850687500001 0.5473028984375 0.478078321875 0.5647937656249999
0 0.5175597390625 0.7879351171875 0.5556914625 0.99497294375 0.6499936125 0.9831168015625 0.6210053265625 0.7776203953125 0.5175597390625 0.7879351171875
0 0.37840544062500003 0.576824296875 0.42242007187499997 0.8024517156250001 0.517384534375 0.7888102765625 0.47883883125000004 0.5655640171874999 0.37840544062500003 0.576824296875
0 0.2759340703125 0.5853187578125 0.3204271546875 0.8138868468749999 0.4224884234375 0.8028718125 0.3776535859375 0.5722032421875001 0.2759340703125 0.5853187578125
0 0.4557060421875 1 0.45615563124999997 0.9971000296874999 0.42224486875 0.803326875 0.3203203 0.815182103125 0.3159661625 0.8255087359375001 0.34714626718749997 1 0.4557060421875 1
0 0.5556626625 1 0.5173161828125 0.7883901843750001 0.42148435781250004 0.802556625 0.4570205609375 1 0.5556626625 1
0 0.3205638546875 0.8147270359375 0.27243954531250003 0.5677446640625 0.25757496406249997 0.5681279609375001 0.1810678046875 0.6015157375 0.21791727968750002 0.8240966562500001 0.3205638546875 0.8147270359375
0 0.3469267453125 1 0.3159600078125 0.8249028640624999 0.319696490625 0.8152520421875 0.21622105625 0.8234313140625 0.21484926718750003 0.8325680578125001 0.2418501171875 1 0.3469267453125 1