0 0 0.3300155953125 0.24281845624999998 0.303790521875 0.217670965625 0.045925353125 0 0.0648917734375 0 0.3300155953125
0 0.2609352375 0.30371516249999997 0.5554140656250001 0.278056209375 0.540810615625 0.0283426828125 0.4758091515625 0.0249361015625 0.2498105484375 0.0446281359375 0.2609352375 0.30371516249999997
0 0.5698741859374999 0.284312328125 0.8644404781249999 0.2601489703125 0.8564812890625 0.1240498296875 0.8566166234375 0.044893375 0.5630268218750001 0.0295069859375 0.5688784625000001 0.1295678484375 0.5698741859374999 0.284312328125
0 0.893798034375 0.28013918437499996 0.9457952625000001 0.274105271875 0.9413262124999999 0.1632566953125 0.8613708453125 0.1732299125 0.86470286875 0.26463575625 0.892748471875 0.2621920453125 0.893798034375 0.28013918437499996
0 0.895818103125 0.349111103125 0.9499060515625001 0.344398234375 0.9480609093749999 0.27841750625 0.8939729609375 0.2831303734375 0.895818103125 0.349111103125
0 0.89489803125 0.5055257296875 0.9590022656249999 0.49994010624999996 0.9499935140625 0.345893828125 0.893902309375 0.3507812484375 0.89489803125 0.5055257296875
0 0.9314612265625 0.786447665625 0.9401425968750001 0.7856912281249999 0.96152288125 0.5237719328125 0.9163300234375 0.5277097421875 0.9314612265625 0.786447665625
0 0.757844396875 1 0.923829315625 0.9855371640625 0.93941218125 0.7946391921875 0.6694718328125 0.8167917796875 0.6801859984374999 1 0.757844396875 1
0 0.45897510468749997 0.5570381375 0.8962099859375 0.527959653125 0.894751728125 0.26201749531249996 0.4495038171875 0.29179418125 0.45897510468749997 0.5570381375
0 0 0.5342241078125001 0.0025738796875 0.5682448421874999 0.0065013359375 0.60097338125 0.45069968437499996 0.5532495546875 0.4312995734375 0.2903739484375 0 0.3323110375 0 0.5342241078125001
0 0.6522198265625 1 0.6453452828125 0.8173907953124999 0.3426784953125 0.8407567609375001 0.34701900625 1 0.6522198265625 1
0 0.31615457812500003 1 0.3085356578125 0.8422285281249999 0.010312706250000001 0.8727233671875 0.0091924890625 0.9224271015625 0.01103763125 0.98840783125 0.012926896875 1 0.31615457812500003 1
0 0 1 0.0129113421875 1 0.011212559375 0.9913990203124999 0.0086761140625 0.948026765625 0 0.9477878234375 0 1
0 0 0.9421553921875001 0.0082387953125 0.9405487921875 0.01093335625 0.917765765625 0.014406684375000001 0.8738698609375 0.014468929687500002 0.771645753125 0 0.7724139453125 0 0.9421553921875001
0 0 0.7686327453125 0.016122334375 0.765488821875 0.0065888000000000006 0.6024689750000001 0 0.6032584515625 0 0.7686327453125
0 0.46644313281249994 0.8224566421875 0.46179075 0.6740436437499999 0.45287786875 0.5560661953125 0.0104203875 0.5991286828125 0.0222447859375 0.8701804687499999 0.46644313281249994 0.8224566421875
0 0.46850023125 0.6854847515625 0.4707120390625 0.8265943265625 0.685322965625 0.8124041859375 0.921882259375 0.79479839375 0.914326765625 0.5278842921875 0.725758184375 0.5398052734375 0.47125703906250005 0.56047761875 0.46850023125 0.6854847515625