0 0.6554450234375 0.2248586359375 0.6673474328125 0.219147275 0.6708165593750001 0.22535662343750001 0.732470109375 0.2204441109375 0.700936275 0.102767334375 0.6239111859375 0.107181859375 0.6554450234375 0.2248586359375
0 0.67527851875 0.2279399609375 0.6775874187500001 0.2446797859375 0.662048484375 0.251086265625 0.688629721875 0.34909231875 0.76036741875 0.338816003125 0.7306518468750001 0.22079166875 0.67527851875 0.2279399609375
0 0.6904479875 0.3487447609375 0.7244581203125 0.476256896875 0.79471235 0.452519209375 0.7640039453125 0.3381208875 0.6904479875 0.3487447609375
0 0.7244581203125 0.476256896875 0.7351887421875001 0.518876796875 0.7505602796875 0.519374784375 0.756338309375 0.5423239609375 0.7452613328125001 0.551313775 0.7559919546875 0.5939336734375 0.8087215875 0.5838544859375 0.8232676937500001 0.5810740203125 0.834177271875 0.578988671875 0.7991743078125 0.4551025453125 0.7244581203125 0.476256896875
0 0.7541736921875 0.59428123125 0.7891766546875 0.71816735625 0.8238910531249999 0.7046592875 0.8658785046874999 0.68976098125 0.8359955343750001 0.5786411140625 0.7541736921875 0.59428123125
0 0.8220727906249999 0.70500684375 0.7891766546875 0.71816735625 0.82417961875 0.84205348125 0.8542646609375 0.8328665390625 0.8853425328125001 0.820053584375 0.8990632046875 0.813994665625 0.8658785046874999 0.68976098125 0.8220727906249999 0.70500684375
0 0.5656920921874999 0.23170606718750003 0.6002390921874999 0.2251024625 0.5728324203125 0.12381795468750001 0.5401036828125 0.13007400156249999 0.5656920921874999 0.23170606718750003
0 0.5184172499999999 0.2407425796875 0.5547825125 0.23379141718750002 0.52473214375 0.1295760125 0.491177975 0.1325536078125 0.5184172499999999 0.2407425796875
0 0.50023461875 0.2442181625 0.5184172499999999 0.2407425796875 0.491177975 0.1325536078125 0.4729953421875 0.1360291890625 0.50023461875 0.2442181625
0 0.43477714375 0.25673025625 0.4893250375 0.24630351093749997 0.46026749999999994 0.1384620953125 0.40307591093750006 0.14595794687500002 0.43477714375 0.25673025625
0 0.4066777640625 0.2586651765625 0.423042134375 0.255537153125 0.389522634375 0.1451124 0.3804313203125 0.146850190625 0.4066777640625 0.2586651765625
0 0.3630394484375 0.2670065734375 0.4048595 0.25901273593749996 0.37679479374999997 0.14754530625 0.3341493078125 0.15226069375 0.3630394484375 0.2670065734375
0 0.293945446875 0.280213784375 0.35031160625 0.26943947968750004 0.322414296875 0.1510675875 0.262579009375 0.1556325421875 0.293945446875 0.280213784375
0 0.21774579218749998 0.28790676249999997 0.27857390937500004 0.2797157953125 0.24968377031250003 0.1649699171875 0.1888556515625 0.1731608828125 0.21774579218749998 0.28790676249999997
0 0.1686526859375 0.297290834375 0.20319968593749999 0.2906872296875 0.1734841140625 0.1726628953125 0.13811168125 0.1759880453125 0.1686526859375 0.297290834375
0 0.11895933593750001 0.10748807499999999 0.0908599546875 0.1094229953125 0.1116631671875 0.18447987187499998 0.1353005875 0.179961615625 0.1500140921875 0.17027668437500001 0.1442360640625 0.14732750781249998 0.11895933593750001 0.10748807499999999
0 0.051827878125000004 0.1890448265625 0.09711706249999999 0.18726033749999998 0.075488415625 0.1089250078125 0.0328429296875 0.1136403921875 0.051827878125000004 0.1890448265625
0 0.1116631671875 0.18447987187499998 0.1365935421875 0.27592901875 0.1602309625 0.2714107625 0.137944284375 0.1828925109375 0.1116631671875 0.18447987187499998
0 0.07675825625 0.2804939734375 0.121222003125 0.27543103125 0.09893532499999999 0.1869127796875 0.050009615625 0.189392384375 0.07675825625 0.2804939734375
0 0.1365935421875 0.27592901875 0.1423715703125 0.29887819531250004 0.167827253125 0.2940123796875 0.16204922500000002 0.2710632046875 0.1365935421875 0.27592901875
0 0.0841871484375 0.3100000578125 0.1278254640625 0.3016586609375 0.121222003125 0.27543103125 0.0775836875 0.283772428125 0.0841871484375 0.3100000578125
0 0.5549036796875 0.378090078125 0.65292249375 0.36622640156249997 0.6230395234375 0.2551065328125 0.5276644046875 0.26990110624999997 0.5549036796875 0.378090078125
0 0.44398962812500004 0.399291128125 0.5557291125 0.38136853125000003 0.5258461421875 0.27024866406250003 0.41675035312500003 0.29110215625 0.44398962812500004 0.399291128125
0 0.32778818125 0.4146303859375 0.34134145781249997 0.41547593281250006 0.4431641953125 0.39601267500000004 0.41675035312500003 0.29110215625 0.2995560765625 0.31006742656249997 0.32778818125 0.4146303859375
0 0.2067899828125 0.4411952390625 0.3267953515625 0.41825640000000003 0.2977378125 0.31041498437500004 0.178725275 0.3297278125 0.2067899828125 0.4411952390625
0 0.07343340937500001 0.342981721875 0.095062053125 0.421317053125 0.193248265625 0.4025489125 0.1769070109375 0.3300753703125 0.07343340937500001 0.342981721875
0 0.5907320765625 0.50525465625 0.6117258015625 0.49780550625000003 0.6507347625000001 0.49378523750000003 0.6862745921875 0.4835556203125 0.6537479265624999 0.3695048546875 0.5567219437500001 0.3777425203125 0.5907320765625 0.50525465625
0 0.47981802343749996 0.5264557062499999 0.5052737078125 0.5215898921875 0.5915575093750001 0.5085331109375 0.5557291125 0.38136853125000003 0.44762615468750006 0.3985960125 0.47981802343749996 0.5264557062499999
0 0.344977984375 0.4147808171875 0.32778818125 0.4146303859375 0.3642746140625 0.5519778859375 0.477999759375 0.526803265625 0.445807890625 0.3989435703125 0.344977984375 0.4147808171875
0 0.2086082453125 0.44084768125 0.24145815 0.578890296875 0.2769979796875 0.568660678125 0.3279093484375 0.5589290484375 0.36245635 0.55232544375 0.3286136140625 0.4179088421875 0.2086082453125 0.44084768125
0 0.095062053125 0.421317053125 0.1320391203125 0.5757519359375001 0.16113133125 0.5701910046875 0.2120427015625 0.5604593765625 0.2348546890625 0.5526626671875 0.1977102234375 0.40513224843750006 0.095062053125 0.421317053125
0 0.5943686031250001 0.5045595406250001 0.6230913453125 0.6262098859375 0.6348263578125 0.6274029921875 0.7176410296875 0.6081368609375 0.7070778046874999 0.5586124953125 0.6925316984375 0.5613929609375 0.68510280625 0.531886878125 0.6970052156250001 0.52617551875 0.68809285625 0.4832080625 0.6507347625000001 0.49378523750000003 0.5943686031250001 0.5045595406250001
0 0.4816362859375 0.5261081484375 0.51382815625 0.6539678453125 0.623916778125 0.6294883421875 0.5915575093750001 0.5085331109375 0.4816362859375 0.5261081484375
0 0.365100046875 0.5552563390625 0.3964664828125 0.6798375796875 0.40274670625000003 0.6820733609375 0.51200989375 0.654315403125 0.47981802343749996 0.5264557062499999 0.365100046875 0.5552563390625
0 0.2824527703125 0.567618003125 0.23963988593750002 0.5792378546875 0.26770459375 0.69070528125 0.2753008859375 0.7133068984375 0.397291915625 0.683116034375 0.365100046875 0.5552563390625 0.2824527703125 0.567618003125
0 0.21022443750000003 0.5608069343750001 0.16559329218750002 0.57277434375 0.13022085781249998 0.5760994937499999 0.148212975 0.6551299421875 0.166395609375 0.6516543609375 0.174649934375 0.6844388984374999 0.160103828125 0.6872193640625001 0.1685255515625 0.713099434375 0.26588633125 0.6910528390625 0.23386185781250002 0.5562886781249999 0.21022443750000003 0.5608069343750001
0 0.6439176734375 0.6256652015624999 0.626727871875 0.6255147703125 0.6564434453125 0.7435391046875 0.6661927953125 0.7519842328124999 0.694459571875 0.7431448484375001 0.7509931296875 0.7254660796875 0.7194592937500001 0.607789303125 0.6439176734375 0.6256652015624999
0 0.5156464203125 0.6536202859375 0.5504819859375 0.7844108765625 0.6106520671875 0.766036990625 0.6615634375 0.7563053625 0.625735040625 0.6291407828125 0.5156464203125 0.6536202859375
0 0.399110178125 0.6827684765625001 0.43130204843750003 0.8106281718749999 0.440225965625 0.8157948453125 0.5094873640625 0.7956831703125 0.547838290625 0.7814799812500001 0.5156464203125 0.6536202859375 0.399110178125 0.6827684765625001
0 0.2753008859375 0.7133068984375 0.306667321875 0.837888140625 0.31195471406249997 0.84374993125 0.43130204843750003 0.8106281718749999 0.3982847453125 0.679490021875 0.2753008859375 0.7133068984375
0 0.1667072875 0.7134469921875 0.2028589234375 0.8646034234375 0.3040236265625 0.8349572453125 0.2695228578125 0.6903577234375 0.1667072875 0.7134469921875
0 0.6625562687500001 0.7526793484375001 0.698384665625 0.8798439281249999 0.7321062328125 0.8699618687499999 0.7385538515625 0.8652931828125 0.7567364828125 0.8618176015625 0.7669880265625 0.8495493328125001 0.7787230390625 0.8507424359375 0.7858286953125 0.8562566703125001 0.7518185609375 0.7287445328125 0.6625562687500001 0.7526793484375001
0 0.6142885953125 0.7653418750000001 0.5523002499999999 0.78406331875 0.58548495 0.9082970015624999 0.5944088671875 0.9134636765625 0.6654885296875 0.893004440625 0.6973918328125001 0.883469940625 0.6633817015625 0.7559578046875 0.6142885953125 0.7653418750000001
0 0.5076691015625 0.7960307281250001 0.4602268609375 0.8119717062499999 0.43576400781249996 0.8132115093750001 0.47125760781250003 0.9541850171874999 0.5843247218750001 0.9188274796875 0.549656553125 0.7811324234375 0.5076691015625 0.7960307281250001
0 0.4149376796875 0.8137561953124999 0.31195471406249997 0.84374993125 0.3490991796875 0.9912803484375001 0.41935340937500004 0.9675426609375 0.470432175 0.950906565625 0.43576400781249996 0.8132115093750001 0.4149376796875 0.8137561953124999
0 0.3174398140625 1 0.3482737484375 0.9880018953124999 0.31195471406249997 0.84374993125 0.289477521875 0.8377377109375 0.20368435625 0.8678818765624999 0.23694839218750002 1 0.3174398140625 1
0 0.32606238125 0.1125716890625 0.333323875 0.14898223906250002 0.39034806875 0.1483908546875 0.3811009125 0.119232328125 0.326229778125 0.10566722343749999 0.32606238125 0.1125716890625
0 0.83030996875 0.25328568125 0.7987299015625 0.28681203437499997 0.80203163125 0.2999258484375 0.8084792515625001 0.2952571625 0.8203816609375 0.2895458 0.829472978125 0.287808009375 0.8369134296875 0.2795133109375 0.8488158374999999 0.27380195 0.8843556687499999 0.26357233125 0.8794030749999999 0.243901609375 0.83030996875 0.25328568125
0 0.8978973874999999 0.3022186609375 0.9050030421875 0.30773289375 0.9131015250000001 0.309621115625 0.9195491453125 0.304952428125 0.924178503125 0.3006312984375 0.9288078609375001 0.2963101703125 0.9378991750000001 0.29457238124999996 0.948473959375 0.3062959625 0.9545867828124999 0.31543620625 0.9588813437500001 0.324924009375 0.9621830734374999 0.33803782656250003 0.9646593703124999 0.34787318749999996 0.96515000625 0.3649605703125 0.9805215468749999 0.365458559375 0.9549331375 0.26382649375 0.9005526390625 0.267348775 0.874594759375 0.29292798750000004 0.885336940625 0.29774710312499997 0.8978973874999999 0.3022186609375
0 0.8359205984375 0.28313932343750003 0.852943 0.29019421875 0.874594759375 0.29292798750000004 0.89509785 0.26839144843749996 0.8506341015625001 0.2734543921875 0.8359205984375 0.28313932343750003
0 1 0.6427664296875 0.9320055703125 0.6496310234375 0.903403996875 0.672279340625 0.9342797984375 0.779773196875 0.9296620000000001 0.74629354375 0.92174246875 0.6997000734375 0.9250557562499999 0.6750131078125 0.9838982125 0.674074165625 1 0.67264529375 1 0.6427664296875
0 1 0.751619375 0.98339601875 0.6947875625 0.9445544578125 0.6919033640625 0.9405831359375 0.7064074125 0.9427246374999999 0.7300517046875 0.9532878625000001 0.77957606875 1 0.7873434703125 1 0.751619375
0 1 0.616278765625 0.9806080406250001 0.62315956875 0.9812660765624999 0.6333424875 0.9837423734374999 0.6431778484375 1 0.6421958984375 1 0.616278765625
0 0.777078140625 0.284078265625 0.7498041953125 0.2892916375 0.7605348171874999 0.3319115359375 0.767640471875 0.33742576875 0.7711096000000001 0.3436351203125 0.777557221875 0.3389664328125 0.7945911812500001 0.308220546875 0.788813153125 0.28527136875000003 0.777078140625 0.284078265625
0 1 0.5257458703125 0.986420740625 0.532706396875 0.9773294265624999 0.5344441890625 0.9989580703125001 0.6127795203125 1 0.61315045 1 0.5257458703125
0 1 0.4797799703125 0.9958584125 0.47935889375 0.9644573015625 0.468179996875 0.983777046875 0.529775503125 1 0.523462825 1 0.4797799703125
0 0.9343953734375001 0.4017653765625 0.9304240531250001 0.416269425 0.9348744531250001 0.45665354531249996 0.9585118734375 0.4521352890625 0.9558797374999999 0.4114036109375 0.9590256265624999 0.3936211078125 0.96052065 0.3692817 0.9343953734375001 0.4017653765625
0 0.9348744531250001 0.45665354531249996 0.944612246875 0.5028994546875001 0.9536920046875 0.5389624453125 0.9755111609375 0.5347917468750001 0.9829516140625 0.5264970484375 0.9593373062499999 0.45541374062499995 0.9348744531250001 0.45665354531249996
0 0.9555102671875 0.5386148875 0.954840675 0.5662327515625 0.9642552296875 0.588486809375 0.974662615625 0.6071148578125001 0.9806080406250001 0.62315956875 0.9979652390625 0.6164055312500001 0.9773294265624999 0.5344441890625 0.9555102671875 0.5386148875
0 0.85696614375 0.646793525 0.852850540625 0.5926004734375 0.8417851203125 0.56378950625 0.83021750625 0.5556919359375 0.85696614375 0.646793525