0 1 0.3879613234375 0.931898059375 0.123759203125 0.638417696875 0.196076759375 0.6669884609375 0.28112835 0.66343050625 0.49082950781249995 1 0.40426012812499995 1 0.3879613234375
0 0.353073646875 0.3613369234375 0.2646940453125 0.3881091171875 0.327102953125 0.57864715 0.656719375 0.490582565625 0.66339226875 0.28436953125 0.6038995421875 0.208300659375 0.349503825 0.27012090624999996 0.353073646875 0.3613369234375
0 1 0.40793593437500003 0.9974332265625 0.40258897187500003 0.6817203171874999 0.4844181359375 0.6773626953125 0.639439071875 0.9804434499999999 0.5601812500000001 1 0.477889115625 1 0.40793593437500003
0 0.67778165 0.7700091718750001 0.9499404359374999 0.6997340671875001 0.9801800796875 0.5591595078125 0.6776260640625 0.6404608140625 0.67778165 0.7700091718750001
0 0.38871219375 0.7145049609375 0.6727130296875 0.63859328125 0.6590442078125001 0.4910054625 0.34565613281249996 0.573257521875 0.38871219375 0.7145049609375
0 0.41088068125 0.8091041375 0.452464315625 0.8156945078125 0.6808056109375 0.7559517171875 0.6709149359375 0.640213871875 0.3845892640625 0.71570265625 0.41088068125 0.8091041375
0 0.31631438125 0.5883706937500001 0.323461275 0.573115540625 0.256711559375 0.3915262515625 0.0026828984375 0.46115108281249995 0.0032179874999999996 0.5531251484374999 0.0310479359375 0.66109169375 0.31631438125 0.5883706937500001
0 0.0315430703125 0.6630125687499999 0.042931146875 0.7071927265625 0.0887272609375 0.694020915625 0.1194768359375 0.7015620359375 0.15027189375 0.717875946875 0.16215943125 0.7210121640625 0.16632785 0.728587259375 0.181330325 0.7352116 0.2737514390625 0.7413111265625 0.38226443125 0.715279759375 0.34179657343750003 0.5754769578125 0.3217086671875 0.5835089234375 0.0315430703125 0.6630125687499999
0 0.3326623796875 0.7549487312500001 0.34516763125 0.7776740125 0.362231571875 0.7836995078125 0.367498953125 0.8041343624999999 0.40675775312500007 0.8103018328125 0.3871774671875 0.7171472921875 0.27427817656250003 0.7433546125 0.3326623796875 0.7549487312500001
0 0.358230934375 0.260996209375 0.280465203125 0.0452665140625 0.0007155640625 0.12299499218750001 0.0026943890625 0.46312612187499996 0.347942728125 0.3672204375 0.358230934375 0.260996209375
0 1 0.49107151718750003 0.972733890625 0.616235121875 1 0.6286473265625 1 0.49107151718750003
0 1 0.6311394890625001 0.96887433125 0.618454559375 0.9608104281250001 0.6559411093749999 1 0.6789279374999999 1 0.6311394890625001