0 0.26988436562499996 0.1610107859375 0.243375375 0.138061834375 0.107941215625 0.17263852500000001 0.09843696874999999 0.478396790625 0.15114364062500002 0.4713808078125 0.1944578640625 0.468924796875 0.21702698125 0.462610828125 0.2377720875 0.4664687859375 0.2641254234375 0.46296079375000004 0.26988436562499996 0.1610107859375
0 0.196359703125 0.4719813421875 0.1455159546875 0.47543963749999996 0.11726078124999999 0.4758910828125 0.096612959375 0.4885687140625 0.09646224375 0.783152775 0.1680316421875 0.78024531875 0.170030765625 0.7998374546875 0.239776153125 0.807101921875 0.2472667640625 0.7994854046875 0.2528505953125 0.46777133437499996 0.2359091640625 0.4700264734375 0.196359703125 0.4719813421875
0 0.170030765625 0.7998374546875 0.16884883281250002 0.91914426875 0.0992396453125 0.9350296234375 0.0971051828125 0.9916753078125 0.24115494218750003 0.9849660828125 0.243540915625 0.80660078125 0.170030765625 0.7998374546875
0 0.335631509375 0.12909098125000001 0.27166946406250003 0.144224625 0.2622819578125 0.46982559999999995 0.4242251078125 0.4581978609375 0.42981387968749996 0.4475247953125 0.4353587984375 0.10919649218750001 0.403319403125 0.106841959375 0.3468868828125 0.12097332187500001 0.335631509375 0.12909098125000001
0 0.5857352640625 0.052772528124999996 0.553754240625 0.06033935 0.521792675 0.07121329062500001 0.4973022625 0.07116359375 0.467184165625 0.075172728125 0.4389873625 0.0855455234375 0.42981387968749996 0.4475247953125 0.525854234375 0.4413599171875 0.62567880625 0.438001015625 0.6331888734375 0.433691615625 0.6368903234375 0.10222811875 0.6328531640625 0.0564296109375 0.5857352640625 0.052772528124999996
0 0.7928555625 0.035131089062499996 0.7043836484375 0.04690791875 0.63848085 0.0523707796875 0.63511016875 0.44005528125 0.7123461671875 0.43970323125000005 0.787680328125 0.4362946328125 0.85360258125 0.43413888749999996 0.8576737140624999 0.16551063125 0.858738903125 0.026361109375000004 0.7928555625 0.035131089062499996
0 0.2641643375 0.4695750296875 0.2548108015625 0.4807492375 0.24914914375000002 0.799234834375 0.2774432328125 0.805397625 0.3377572578125 0.8106078296874999 0.4169145515625 0.81661944375 0.42234272656250005 0.4584484328125 0.2848899875 0.47012586718750005 0.2641643375 0.4695750296875
0 0.635129625 0.4433623984375 0.6295019374999999 0.4474212296875 0.6219335015625 0.4418092765625 0.4298333375 0.4508319125 0.42234272656250005 0.4584484328125 0.4169534640625 0.823233678125 0.49234599687499997 0.8297464328125 0.5658172312499999 0.8298955250000001 0.6223081234375 0.8256855171874999 0.6289426296875 0.6725558140625 0.6319291140625001 0.5397699578124999 0.635129625 0.4433623984375
0 0.635129625 0.4433623984375 0.6223859515625 0.8389139890624999 0.8371330609375001 0.83680585625 0.8517202015625 0.434389459375 0.635129625 0.4433623984375
0 0.3377572578125 0.8106078296874999 0.2774432328125 0.805397625 0.2510509828125 0.8022913796875001 0.245442753125 0.809657328125 0.2413292203125 0.984957965625 0.40853534687500004 0.9771702156250001 0.4131497875 0.8171205859375 0.3377572578125 0.8106078296874999
0 0.62232758125 0.8289926359375 0.5658172312499999 0.8298955250000001 0.49611075937500004 0.8292452921875 0.4169534640625 0.823233678125 0.40860539687499997 0.977166953125 0.44020118906250005 0.9756953546875 0.60610605625 0.9536111343749999 0.62232758125 0.8289926359375
0 0.8828160875 0.9167772218750001 0.8427996609375 0.8393612625 0.6223859515625 0.8389139890624999 0.60610605625 0.9536111343749999 0.8828160875 0.9167772218750001