0 0.2388416125 0.026987704687500003 0.0071696484375 0.0878318078125 0.009664565625 0.118395821875 0.25314455625 0.1414763484375 0.2388416125 0.026987704687500003
0 0.3416008640625 0 0.2388416125 0.026987704687500003 0.25314455625 0.1414763484375 0.2832160078125 0.1477680734375 0.513935309375 0.1628509890625 0.499588478125 0 0.3416008640625 0
0 0.25314455625 0.1414763484375 0.009664565625 0.118395821875 0.035818757812500004 0.438797896875 0.2808774203125 0.41798093124999997 0.25314455625 0.1414763484375
0 0.3168725453125 0.6733963875 0.2808774203125 0.41798093124999997 0.035818757812500004 0.438797896875 0.0447446453125 0.548144525 0.0947350140625 0.727006659375 0.3168725453125 0.6733963875
0 0.0947350140625 0.727006659375 0.16739579843750002 0.9869820015625 0.3602959046875 0.9174013625 0.333755578125 0.6831517953125 0.3168725453125 0.6733963875 0.0947350140625 0.727006659375
0 0.3619639609375 0.8980440765625 0.3602959046875 0.9174013625 0.16739579843750002 0.9869820015625 0.1694610921875 0.99437148125 0.3815618625 0.980779446875 0.372252784375 0.9095313203125001 0.3619639609375 0.8980440765625
0 0.5318158625 0.40410467812500006 0.5073411 0.1645828296875 0.25314455625 0.1414763484375 0.2808774203125 0.41798093124999997 0.3064202296875 0.420732215625 0.5318158625 0.40410467812500006
0 0.333755578125 0.6831517953125 0.5480673625 0.626867003125 0.5252216515625 0.40583652031249995 0.320840184375 0.4216748984375 0.2808774203125 0.41798093124999997 0.3168725453125 0.6733963875 0.333755578125 0.6831517953125
0 0.37554988749999996 0.9086654015625 0.5816384140624999 0.8356210828125 0.5558931109375 0.6295415249999999 0.5480673625 0.626867003125 0.333755578125 0.6831517953125 0.3574353171875 0.8945036359375 0.37554988749999996 0.9086654015625
0 0.372252784375 0.9095313203125001 0.3815618625 0.980779446875 0.5948267734375 0.9671128109374999 0.5816384140624999 0.8356210828125 0.372252784375 0.9095313203125001
0 0.499588478125 0 0.513935309375 0.1628509890625 0.6680261828125 0.169680053125 0.654967503125 0 0.499588478125 0
0 0.672554828125 0.17322049374999998 0.6680261828125 0.169680053125 0.5073411 0.1645828296875 0.5281212453124999 0.3908855953125 0.687177278125 0.37749145156249997 0.672554828125 0.17322049374999998
0 0.687177278125 0.37749145156249997 0.5281212453124999 0.3908855953125 0.5318158625 0.40410467812500006 0.5252216515625 0.40583652031249995 0.5464383125000001 0.6083756359375 0.7038652953125 0.5764901250000001 0.687177278125 0.37749145156249997
0 0.580843390625 0.807451071875 0.7123300546875 0.7587292718749999 0.7038652953125 0.5764901250000001 0.5464383125000001 0.6083756359375 0.5599852390625 0.6568456140625 0.580843390625 0.807451071875
0 0.7315201515624999 0.928692015625 0.723694403125 0.9260174937500001 0.7123300546875 0.7587292718749999 0.580843390625 0.807451071875 0.594908790625 0.9671075546875001 0.6297738046875 0.964873303125 0.7273890187500001 0.9392365796875 0.7315201515624999 0.928692015625
0 0.6581969109375 0 0.6680261828125 0.169680053125 0.8208855203125 0.172102753125 0.813116628125 0 0.6581969109375 0
0 0.672554828125 0.17322049374999998 0.687177278125 0.37749145156249997 0.83181335625 0.363154625 0.8241826234375 0.1712368328125 0.672554828125 0.17322049374999998
0 0.687177278125 0.37749145156249997 0.7038652953125 0.5764901250000001 0.8435752171875001 0.5445278515624999 0.83181335625 0.363154625 0.687177278125 0.37749145156249997
0 0.7038652953125 0.5764901250000001 0.7123300546875 0.7587292718749999 0.8549395703125 0.711816075 0.8435752171875001 0.5445278515624999 0.7038652953125 0.5764901250000001
0 0.7372803328125 0.9366388203125 0.8658674046874999 0.9028679453124999 0.8549395703125 0.711816075 0.7123300546875 0.7587292718749999 0.723694403125 0.9260174937500001 0.7372803328125 0.9366388203125
0 0.813116628125 0 0.8208855203125 0.172102753125 0.9473680218749999 0.1814528125 0.9450219546874999 0.0590941296875 0.9285056734375001 0 0.813116628125 0
0 0.8241826234375 0.1712368328125 0.8330448953125 0.36756098593750003 0.953369703125 0.3548792375 0.9473680218749999 0.1814528125 0.8241826234375 0.1712368328125
0 0.8330448953125 0.36756098593750003 0.84480675625 0.5489342140625 0.964734053125 0.5221674609375 0.953369703125 0.3548792375 0.8330448953125 0.36756098593750003
0 0.84480675625 0.5489342140625 0.8549395703125 0.711816075 0.9678751453125001 0.6726961546875 0.964734053125 0.5221674609375 0.84480675625 0.5489342140625
0 0.85370803125 0.7074097125 0.8650723796875001 0.8746979359375 0.9755448781249999 0.8267652921875 0.9678751453125001 0.6726961546875 0.85370803125 0.7074097125
0 0.8658674046874999 0.9028679453124999 0.9812660578125 0.8725607484375001 0.9800735218750001 0.830305734375 0.9755448781249999 0.8267652921875 0.8650723796875001 0.8746979359375 0.8658674046874999 0.9028679453124999
0 0.949394584375 0.2140291859375 0.9856627328125 0.20450406718749997 0.9450219546874999 0.0590941296875 0.949394584375 0.2140291859375
0 1 0.25580183437500004 0.9856627328125 0.20450406718749997 0.949394584375 0.2140291859375 0.9639390296875 0.4939974484375 1 0.48452674218749997 1 0.25580183437500004
0 1 0.48452674218749997 0.9639390296875 0.4939974484375 0.9715307578125 0.7237638937499999 0.9838851484375001 0.7299788578124999 1 0.724909828125 1 0.48452674218749997
0 1 0.724909828125 0.9838851484375001 0.7299788578124999 0.9715307578125 0.7237638937499999 0.9755448781249999 0.8267652921875 0.9800735218750001 0.830305734375 0.9812660578125 0.8725607484375001 1 0.8676406453125001 1 0.724909828125