0 0.9466385046875001 0.187676640625 0.9945680390625 0.19845841718749999 0.9978572640625 0.0571398828125 0.9811504890625 0.054652776562500005 0.9466385046875001 0.187676640625
0 0.576921996875 0 0.5527828515625 0.10463566093750001 0.9467704703125 0.18326411250000002 0.9795615671875 0.0543982546875 0.633995096875 0 0.576921996875 0
0 0.28960227031249997 0 0.2782308671875 0.0628735890625 0.5499362578125 0.10639651406249999 0.5758923015625 0 0.28960227031249997 0
0 0.08919077656249999 0 0.0806342265625 0.0395791859375 0.2764103421875 0.06369038593750001 0.2888388734375 0 0.08919077656249999 0
0 0.6964156421875 0.4668190140625 0.9755310203124999 0.567393128125 0.9873578515625001 0.5082374749999999 0.9945194359375 0.2005466015625 0.7795029359375001 0.150928403125 0.6964156421875 0.4668190140625
0 0.45658295468750004 0.37852282187499997 0.6760909234375 0.4657801484375 0.6970431421875001 0.45251010625 0.7750674234375 0.1524347390625 0.5267649515625 0.10711850625 0.45658295468750004 0.37852282187499997
0 0.33731985 0.0823144703125 0.2986469828125 0.31442936875 0.4562840265625 0.3684991875 0.5290486890625 0.104159071875 0.3561876109375 0.0786862875 0.33731985 0.0823144703125
0 0.19100720468750002 0.06331115468750001 0.1552778984375 0.270403975 0.2822945671875 0.31402680312500003 0.2994737640625 0.3068028859375 0.3353000390625 0.0764488421875 0.2043137453125 0.05879215156249999 0.19100720468750002 0.06331115468750001
0 0.057193048437500005 0.2336323984375 0.1551782578125 0.267062759375 0.1927280890625 0.05915314687499999 0.08127205625 0.0424080609375 0.057193048437500005 0.2336323984375
0 0.040181906249999996 0.22669549687499999 0.057524295312499994 0.2359022953125 0.0837874 0.0383773109375 0.040181906249999996 0.22669549687499999
0 0.9749612703125001 0.57002856875 0.86027640625 0.5263194437500001 0.7699043296875 0.81887480625 0.904312146875 0.8968232546875001 0.9749612703125001 0.57002856875
0 0.6987640265625 0.44835209843749996 0.6768853874999999 0.4659074078125 0.4882293953125 0.388025753125 0.4274462828125 0.6387672828125 0.739814484375 0.8173801375 0.7704321875 0.8012246875000001 0.860971221875 0.5231054921875 0.6961840359375 0.46789033281250003 0.6987640265625 0.44835209843749996
0 0.4557211703125 0.36730060937500003 0.29659485 0.3163174828125 0.296858778125 0.3074924234375 0.2834202734375 0.3164239578125 0.2293296578125 0.296675321875 0.19869836093749998 0.5068015953125 0.4089744140625 0.629157878125 0.42727932187500006 0.624331115625 0.4869717234375 0.39004113125 0.45532527968750003 0.3805381984375 0.4557211703125 0.36730060937500003
0 0.0354974203125 0.42523851874999996 0.193137140625 0.505910775 0.2256886078125 0.29830891875 0.061596240625 0.23987980625 0.0354974203125 0.42523851874999996
0 0.0025783421875 0.400634603125 0.029042096875 0.420879225 0.037150984375 0.40998555156250005 0.061596240625 0.23987980625 0.040751659375 0.22406005625 0.0025783421875 0.400634603125
0 0.8881522890625 0.8954539562500001 0.8662413234375 0.9207630124999999 0.8493943296875001 0.96952570625 0.8888929359375 0.968146384375 0.9031726453125 0.9020941359375 0.8881522890625 0.8954539562500001
0 0.8906676328125 0.891423209375 0.7683154109375 0.8186202859374999 0.7705318296875 0.804565896875 0.7387884171875 0.8183241953125 0.615741378125 0.7487352265625 0.601939303125 0.76315060625 0.542130984375 0.9802555796875 0.8495645765625 0.9695197609375 0.8657781109375 0.9229056453125001 0.8906676328125 0.891423209375
0 0.6143840609375 0.7474093875000001 0.42562575625 0.63958408125 0.42727932187500006 0.624331115625 0.40477050625000005 0.62959289375 0.3475934484375 0.85985213125 0.50305115 0.9816202765625001 0.5425241671875 0.9802418484375 0.6001187781249999 0.76396740625 0.6143840609375 0.7474093875000001
0 0.24540990312500002 0.5530786453125 0.21063933906250001 0.7481324515625001 0.343553828125 0.848120878125 0.4045389015625 0.6306642109375 0.249083278125 0.5436913109375 0.24540990312500002 0.5530786453125
0 0.09960617187500001 0.65719115625 0.2105396984375 0.7447912390625 0.2451109765625 0.5430550109375 0.122858396875 0.4735933015625 0.09960617187500001 0.65719115625
0 0.005391303125 0.5911122296875 0.0975540375 0.6590792703125 0.11752878124999999 0.47163116406250005 0.030299770312500002 0.41886385 0.005391303125 0.5911122296875
0 0 0.5866902734375 0.0032395281249999997 0.58965913125 0.028678528125 0.426363071875 0.0034524078125000002 0.40237073749999996 0 0.419149046875 0 0.5866902734375
0 0.3508338578125 0.969040409375 0.44923436875 0.9834996 0.50461203125 0.9815657703125 0.3763286546875 0.886623403125 0.3508338578125 0.969040409375
0 0.157771403125 0.70751974375 0.15274071250000001 0.71558124375 0.13001634374999999 0.8815289796875 0.1938720859375 0.9017334171875 0.255810334375 0.9460158796875 0.3478357546875 0.9651905734374999 0.3738456328125 0.8829004093749999 0.3411704484375 0.8477390984375001 0.157771403125 0.70751974375
0 0 0.6683246828125 0.034005246875 0.7287057906250001 0.018581929687500002 0.75062039375 0.0284817 0.7732661046875 0.0352682703125 0.7798952953125 0.07396521406249999 0.787202353125 0.09892740312500001 0.820019746875 0.1273017140625 0.8788773046875 0.15618248125 0.7072652234375 0.005622909375 0.5900409125 0 0.6235428703125 0 0.6683246828125