0 0.1140885484375 0.0203513375 0.0804095125 0.13765590156250002 0.335639453125 0.186663703125 0.3451609703125 0.094632365625 0.1140885484375 0.0203513375
0 0.05745221874999999 0.2533988453125 0.21587504218750003 0.31790112812500004 0.4763545765625 0.37144354218750003 0.4871666296875 0.2446398671875 0.4462783453125 0.21819182499999998 0.33139267031249997 0.18268715 0.0837016171875 0.14163890625 0.05745221874999999 0.2533988453125
0 0.03471748125 0.3585109359375 0.16876022968749999 0.4589173 0.43462303437500005 0.49717251874999996 0.46532139843750003 0.3744450546875 0.21196006562499997 0.31679790625000004 0.059409706250000006 0.25395045625 0.03471748125 0.3585109359375
0 0.395783284375 0.6191334265624999 0.41771739375 0.4985191984375 0.16907166406250002 0.4574774078125 0.036674968749999995 0.359062546875 0.015385073437499999 0.44057085625000003 0.0158971984375 0.45523618125 0.1335240203125 0.5834213218750001 0.395783284375 0.6191334265624999
0 0.1348586375 0.5868527171875 0.040188196875 0.486847715625 0.024482784375 0.5786641125 0.10149103749999999 0.7027173906249999 0.36984531875000004 0.7294534734375 0.39711790156250004 0.622564821875 0.1348586375 0.5868527171875
0 0.0395653296875 0.48972749843749996 0.016431709375 0.4526555046875 0.0158939078125 0.45514198281249996 0.020246265625000003 0.5797772046875 0.02323704375 0.5844236781250001 0.0395653296875 0.48972749843749996
0 0.47666601093749994 0.37000365 0.69768435625 0.41395374374999994 0.7212645203125 0.2953310171875 0.582296128125 0.2465035984375 0.4470441671875 0.21465110781250002 0.49045873437500004 0.24862287031250002 0.47666601093749994 0.37000365
0 0.43626908750000004 0.49916401875 0.654840753125 0.5256204703125 0.68593943125 0.410644078125 0.47306247187499995 0.3674605390625 0.43626908750000004 0.49916401875
0 0.41357986249999995 0.508046828125 0.4067275828125 0.606940953125 0.6278796046874999 0.6310692328124999 0.6463879328125001 0.5262938109374999 0.4264816484375 0.4964059640625 0.41357986249999995 0.508046828125
0 0.37896580625 0.6968875765625 0.4012987984375 0.7184574328125 0.6152437390625 0.7374994859374999 0.6289916671875 0.6451314781249999 0.6256106828125 0.6319575140625 0.398586196875 0.606174403125 0.37896580625 0.6968875765625
0 0.34644362968750003 0.7992416140625 0.3639273421875 0.824027925 0.5807640765625 0.8393019125000001 0.598649534375 0.7374062734375 0.4049023390625 0.7210005453125 0.378654371875 0.69832746875 0.34644362968750003 0.7992416140625
0 0.3414606734375 0.8222798796875 0.31352185625 0.826628075 0.298261553125 0.897182765625 0.311118540625 0.9145546765624999 0.5248857250000001 0.9152148078125 0.542326071875 0.834580875 0.3414606734375 0.8222798796875
0 0.3411492390625 0.823719771875 0.358411828125 0.7247039171874999 0.1034485234375 0.7032690015624999 0.0202563734375 0.5790007828125 0.0202301046875 0.5793143953125 0.0242512 0.6944635234375001 0.0885437375 0.810587534375 0.3411492390625 0.823719771875
0 0.1184834078125 0.9122111937499999 0.299373615625 0.9112450109375001 0.3138332921875 0.8251881828125001 0.09081265937500001 0.8096992546875 0.0239651609375 0.6862724250000001 0.030660890625 0.8780130484375 0.0362689265625 0.8890435421875 0.1184834078125 0.9122111937499999
0 0.7127697000000001 0.336337571875 0.9558096031250001 0.4032974125 0.9809021421875 0.3064880015625 0.7337695046875 0.22004302031249998 0.5999038 0.2052350859375 0.5879803984375 0.250760009375 0.7234473609375 0.29657221875 0.7127697000000001 0.336337571875
0 0.6860723921874999 0.458038775 0.8742137624999999 0.500362553125 0.9004631609375 0.38860261406249996 0.714501834375 0.33619959375 0.6860723921874999 0.458038775
0 0.6500355546875001 0.567040659375 0.8319041468749999 0.5999585374999999 0.8696759171874999 0.5021391140625 0.679577059375 0.4592637234375 0.6500355546875001 0.567040659375
0 1 0.5349094046875 0.8657609421875 0.50103589375 0.8319041468749999 0.5999585374999999 0.9938864296875 0.6288001984375 1 0.609088525 1 0.5349094046875
0 0.8081462265624999 0.7001993421875 0.9710628124999999 0.724721328125 0.9949096140625 0.633671484375 0.83292733125 0.6048298203125 0.8081462265624999 0.7001993421875
0 0.6513701734375 0.5704720531249999 0.6273008171875001 0.67215275 0.8101037156249999 0.7007509515625 0.8309698437499999 0.6042782109375 0.6513701734375 0.5704720531249999
0 0.6273008171875001 0.67215275 0.6051889484374999 0.774385059375 0.7882144015625 0.79235240625 0.8097922796875 0.70219084375 0.6273008171875001 0.67215275
0 0.7901718890625 0.7929040171875 0.93609395625 0.8095817249999999 0.9675481515625 0.731369175 0.8114383328124999 0.7041823468749999 0.7901718890625 0.7929040171875
0 0.7594294421875001 0.8774277453125 0.9095779203125 0.89376878125 0.9354710875000001 0.8124615093750001 0.783365121875 0.7955688624999999 0.7594294421875001 0.8774277453125
0 0.603231459375 0.7738334484375 0.5830329984375 0.8384136312500001 0.5735121984375 0.863228459375 0.7591180078125 0.8788676375 0.78563404375 0.79468058125 0.603231459375 0.7738334484375
0 1 0.4164451765625 0.9779268046875 0.4087324296875 0.9006667734375 0.39200267499999997 0.8769237265625 0.5017765953125 1 0.5290660968750001 1 0.4164451765625