0 0.7789287515625001 0.6272672218750001 0.7448872765625 0.6300336046874999 0.689159584375 0.6540169546875 0.6610730265625 0.653306390625 0.5442240875000001 0.6223963390625 0.5331939734375 0.7938949125 0.652516978125 0.8515411 0.8796422375 0.7672372859375 0.9029228015624999 0.608211775 0.8947820343749999 0.6013907828125 0.8510165796875 0.6214090015625 0.7931816406250001 0.63957755625 0.7789287515625001 0.6272672218750001
0 0.53530121875 0.799709709375 0.5276995531249999 0.938006434375 0.59667335 0.9832826375 0.7368441265625 0.9718916515625 0.860183140625 0.915476671875 0.8777184015625 0.7718831578125 0.6505145390625 0.851703828125 0.53530121875 0.799709709375
0 0.843081484375 0.39757725625 0.771334275 0.422862434375 0.7537990140625 0.5664559453125 0.89470343125 0.5969076375 0.9028179953125001 0.6022342515625 0.9686681015625 0.586212175 0.9747111703125 0.4709035609375 0.973292465625 0.389988675 0.843081484375 0.39757725625
0 0.8835947125000001 0.7639230671874999 0.9608234687499999 0.7358966859375 0.9686507328125 0.5865435921875 0.9028704 0.6052230125 0.8835947125000001 0.7639230671874999
0 0.8621331781249999 0.9123251796874999 0.8761764578125 0.9126804625 0.9535585062499999 0.87452045 0.9608048796875 0.7362513890625 0.8796422375 0.7672372859375 0.8621331781249999 0.9123251796874999
0 0.6554436578125 0.560980203125 0.7074546875000001 0.5537605046875 0.7336436109375 0.560611321875 0.749663128125 0.5593094953125 0.7693056328125001 0.42153078125 0.5633163625 0.45323561718749994 0.448862884375 0.4445785578125 0.43751835312500004 0.598144553125 0.5341856875000001 0.6217156 0.5361357234375 0.6185641093750001 0.585856096875 0.5950689437500001 0.5978969375000001 0.595586953125 0.6197665640625 0.5848306515624999 0.637343096875 0.557961615625 0.6554436578125 0.560980203125
0 0.5210745296875 0.78889375625 0.5330891671875 0.7879173859375 0.5442764906249999 0.6253851015625 0.5321832484375 0.621878328125 0.43754455625000005 0.5996389328125 0.43199773124999996 0.74076169375 0.5210745296875 0.78889375625
0 0.5017202390625 0.943110665625 0.525723315625 0.93966354375 0.5332987796875 0.7998724390625 0.52110073125 0.7903881390625 0.428019053125 0.7425815328125001 0.41638630625 0.879709334375 0.5017202390625 0.943110665625
0 0.4428031625 0.44207797812500005 0.5592852828125 0.452066690625 0.7653007546875 0.4218562375 0.782521596875 0.2603301515625 0.73006514375 0.24214536718750002 0.5114848046875 0.2419501828125 0.4498283984375 0.2709048640625 0.4428031625 0.44207797812500005
0 0.73003894375 0.24065098749999997 0.78046675625 0.25750411562500003 0.9650318234374999 0.2619600640625 0.9705675156250001 0.23457301406250003 0.9683141921875 0.10605621875 0.8014566656250001 0.0822031390625 0.6857605875 0.11704586718750001 0.6738658265625 0.23922985468750002 0.73003894375 0.24065098749999997
0 0.9432034671875 0.3894408359375 0.9630293828125 0.2621227921875 0.784576440625 0.263156184375 0.7671983874999999 0.41571598437499996 0.8391028078125 0.39939709375 0.9432034671875 0.3894408359375
0 0.65548818125 0.106037359375 0.5972078187500001 0.09880143125 0.5230127453125 0.0988448546875 0.5194683609374999 0.23980488906250003 0.6498365515625 0.24118259531250003 0.65548818125 0.106037359375
0 0.449802196875 0.2694104828125 0.51741351875 0.23697885312500003 0.520957903125 0.09601882187500001 0.38442518593749997 0.08616301093749999 0.2369520890625 0.13855320625 0.23860277968750002 0.2326992328125 0.3569563328125 0.23505330937500002 0.31556013437499997 0.2758301390625 0.315691140625 0.28330204531250003 0.3837478890625 0.2762749 0.449802196875 0.2694104828125
0 0 0.273646503125 0.124987746875 0.2718623765625 0.1111239375 0.053001959375 0 0.041338204687500005 0 0.273646503125
0 0.1430621078125 0.2733865828125 0.12907123125 0.2760200640625 0.1365347 0.4729529453125 0.316675665625 0.453824246875 0.31358389531249997 0.2774872484375 0.3549538921875 0.2352160375 0.174393703125 0.23043463437499997 0.1430621078125 0.2733865828125
0 0 0.4887620265625 0.134506059375 0.471621290625 0.121035271875 0.2751765953125 0 0.276691184375 0 0.4887620265625
0 0.14056578125000002 0.47412186875 0.14170751406249998 0.653610359375 0.3115480640625 0.618857109375 0.31269698749999997 0.4556440859375 0.14056578125000002 0.47412186875
0 0 0.68449170625 0.1397312765625 0.65526746875 0.1325298203125 0.4732784 0 0.49024384374999996 0 0.68449170625
0 0.149717271875 0.6529594453125 0.15064939375 0.8204928859375 0.3121919703125 0.7699523546875 0.31555294375 0.618531653125 0.149717271875 0.6529594453125
0 0 0.871303053125 0.14672311875 0.8253014859375 0.1457647953125 0.6562736671875 0 0.6861004671875001 0 0.871303053125
0 0.164666471875 0.8193537875000001 0.1673390171875 0.9717806859375001 0.31078103281249997 0.9182215656249999 0.31424681250000003 0.7727783890625 0.164666471875 0.8193537875000001
0 0 0.9993901796875001 0.125666278125 0.9979279203125 0.1654675859375 0.9794153203124999 0.162716434375 0.822505278125 0 0.8728866609375 0 0.9993901796875001
0 0.382808578125 0.45144297499999997 0.440826925 0.4437350875 0.4499594046875 0.2783767703125 0.38179785312500003 0.27942639062499997 0.31571734375 0.2847964265625 0.318520896875 0.44469523125 0.382808578125 0.45144297499999997
0 0.3149503109375 0.58416088125 0.38353108593749996 0.6070213625 0.43746595 0.595155790625 0.44488420624999997 0.44639839531250003 0.440853125 0.445229471875 0.38483721718749997 0.4527746265625 0.3185470984375 0.4461896109375 0.3149503109375 0.58416088125
0 0.3741365921875 0.75743586875 0.4299952921875 0.7409244234375 0.4374921515625 0.596650171875 0.385559728125 0.608353015625 0.317005153125 0.5869869171875 0.315489409375 0.7292786015625 0.3741365921875 0.75743586875
0 0.3645586875 0.8973897046875001 0.41638630625 0.879709334375 0.4260428140625 0.7442386421875 0.37416279375 0.7589302499999999 0.3175704546875 0.7335990156250001 0.3158713 0.8654300312500001 0.3645586875 0.8973897046875001