0 0.43693982968749995 0.0798923328125 0.31058169687500004 0.09407606406249999 0.27043467187500003 0.097205475 0.2658244171875 0.10441602187500001 0.285350846875 0.2366579109375 0.2918404515625 0.24001035312500002 0.5526221687499999 0.20505727031249998 0.534778946875 0.0644050625 0.510708490625 0.069771825 0.4493464875 0.0784492703125 0.43693982968749995 0.0798923328125
0 0.49618600781250005 0.34501323125 0.4861244875 0.2143906125 0.29074835781249997 0.2406507859375 0.2154939734375 0.2458100140625 0.22867710312499998 0.3779880765625 0.49618600781250005 0.34501323125
0 0.2284408 0.37881269687499997 0.21763709531250003 0.2711275921875 0.0832503890625 0.2848985859375 0.0948473765625 0.3661859796875 0.1103716875 0.365177428125 0.1172697390625 0.3670322078125 0.196272065625 0.35651462343749996 0.20744140312499998 0.360529709375 0.20822815625 0.3801008515625 0.2284408 0.37881269687499997
0 0 0.5422632609375 0.2158340484375 0.5176518765625 0.2241084234375 0.5097809578125 0.20812149687499998 0.382770371875 0.208298475 0.3601643078125 0.196272065625 0.35651462343749996 0.11723269843749999 0.3665050921875 0.1106635515625 0.3651434796875 0.0945925546875 0.3667470421875 0 0.37570696875 0 0.5422632609375
0 0 0.7079141015625 0.225231921875 0.67651710625 0.23752790625000003 0.658878515625 0.22467224687499998 0.5429293171875 0.2287538734375 0.5382031859375 0.22441880468750003 0.5100105671875 0.2155236640625 0.5174222687500001 0 0.541995771875 0 0.7079141015625
0 0 0.777009365625 0.005809053125 0.8619972499999999 0.2304977546875 0.82682875625 0.2388136265625 0.823735815625 0.2643144609375 0.7678931390625 0.2511374296875 0.6934323124999999 0.24435049531250003 0.693158878125 0.236925659375 0.65868285625 0.22521340156249997 0.6762535484375001 0 0.7079152859375 0 0.777009365625
0 0.3910860125 0.67077734375 0.257162303125 0.69113726875 0.2526036140625 0.6932617750000001 0.2658176859375 0.7682497171875 0.2732137046875 0.8274402609375 0.490999896875 0.7861661203125 0.48061116249999997 0.726260825 0.4795740421875 0.7115016109375001 0.4741699625 0.6555336265625 0.4253406671875 0.664135953125 0.3910860125 0.67077734375
0 0.711327834375 0.61785195625 0.6981569515625 0.6188524828124999 0.5719609328125 0.6319365 0.5548380609375 0.639508059375 0.5495845234375001 0.640119115625 0.5382529625 0.6379828796875 0.48954885 0.6441792421875 0.474732759375 0.6594538390625 0.47867306562499995 0.71134069375 0.4794924046875 0.727188084375 0.49073820625 0.7867279843749999 0.49657992812499996 0.790299896875 0.7865763593749999 0.7507237796874999 0.77724741875 0.6054018203125 0.711327834375 0.61785195625
0 0.4738527125 0.655304815625 0.47934255312499996 0.653869140625 0.48929402499999997 0.6447403046875 0.540550828125 0.637184184375 0.5434694609374999 0.636844709375 0.528988496875 0.5019533218750001 0.2335577828125 0.543755790625 0.227822725 0.53751435625 0.2243989015625 0.543226821875 0.23727308281249998 0.6594395796875 0.24464235781250002 0.6931249296875001 0.251702634375 0.6931008609375 0.256863575 0.6911720156250001 0.38993021250000004 0.671177490625 0.42475007343750004 0.664204646875 0.4738527125 0.655304815625
0 0.22845931875 0.379076253125 0.20830223750000001 0.38115508125 0.22377951875000002 0.5092877921875 0.22906425625 0.5384327953125 0.2338681640625 0.5439854000000001 0.457630175 0.51237894375 0.44300174062500003 0.3586391953125 0.438980821875 0.35166695937500003 0.22845931875 0.379076253125
0 0.7058178578125001 0.32169308750000003 0.44908937031249996 0.35314831406249997 0.44415067500000005 0.358239846875 0.4579035171875 0.5120814390625 0.5402970796875 0.4995751390625 0.759375215625 0.4724991515625 0.7544893874999999 0.319220475 0.7332018953125 0.3219622078125 0.7222873796875 0.3173860578125 0.7058178578125001 0.32169308750000003
0 0.4867267328125 0.214586275 0.496315646875 0.34685813125 0.7058363765625 0.3219566453125 0.7222318203125 0.31659538593750003 0.7331833765625 0.3216986484375 0.7547256890625 0.3183958546875 0.7466286765625 0.18223050937500002 0.4867267328125 0.214586275
0 0.7779176703124999 0.30506985625 0.7721589453125 0.3110539046875 0.754628634375 0.312827203125 0.759676684375 0.464227028125 0.7802182265625001 0.463432040625 0.979834128125 0.43994832968750003 0.9689251249999999 0.28403289531250003 0.8971460125 0.2933276984375 0.8932036296874999 0.29166055625 0.7779176703124999 0.30506985625
0 0.7775578000000001 0.6056314265625 0.8340496203125 0.5972006953125 0.8271711609375 0.45743936406249996 0.7796530234375 0.46376349531249994 0.759676684375 0.464227028125 0.759958940625 0.47243125468749997 0.540005215625 0.49960908593750003 0.52836773125 0.501494103125 0.544016146875 0.636249696875 0.549274140625 0.6398895046875 0.554801021875 0.6389809468750001 0.5716320296874999 0.6314433312500001 0.6981569515625 0.6188524828124999 0.71163821875 0.618081565625 0.7775578000000001 0.6056314265625
0 0.8345362890624999 0.5915641468749999 0.834378521875 0.5976938609375 0.7772659390625 0.605665375 0.7858540796875 0.7404450421875 0.8038473906249999 0.7452606765625001 0.9744393062500001 0.7203264375 0.9792971171874999 0.5812169328125 0.85568899375 0.599466553125 0.8345362890624999 0.5915641468749999
0 0.82689781875 0.45773686874999997 0.8345177687499999 0.5913005874999999 0.8559808578125001 0.5994326046875 0.979307490625 0.5809198906249999 0.9827817984375 0.4814287359375 0.979819340625 0.4390678875 0.82689781875 0.45773686874999997