0 0.32 0.36266666718749996 0.32799999999999996 0.49066666718749996 0.454 0.4773333328125 0.44800000000000006 0.3546666671875 0.32 0.36266666718749996
0 0.45 0.3493333328125 0.454 0.48 0.572 0.47466666718750006 0.572 0.344 0.45 0.3493333328125
0 0.5740000000000001 0.3413333328125 0.576 0.472 0.734 0.46399999999999997 0.732 0.3333333328125 0.5740000000000001 0.3413333328125
0 0.48600000000000004 0.21600000000000003 0.492 0.344 0.654 0.33599999999999997 0.648 0.2 0.48600000000000004 0.21600000000000003
0 0.492 0.4773333328125 0.32799999999999996 0.49066666718749996 0.33599999999999997 0.608 0.476 0.6 0.496 0.5653333328125 0.492 0.4773333328125
0 0.5 0.4773333328125 0.504 0.6 0.616 0.5946666671874999 0.612 0.47466666718750006 0.5 0.4773333328125
0 0.618 0.472 0.62 0.6 0.742 0.5946666671874999 0.736 0.46666666718750005 0.618 0.472
0 0.576 0.6 0.58 0.7306666671875 0.734 0.7333333328125 0.732 0.6 0.576 0.6
0 0.5700000000000001 0.6026666671875 0.454 0.6053333328125 0.458 0.72 0.572 0.72 0.5700000000000001 0.6026666671875
0 0.502 0.7226666671875 0.504 0.8373333328125 0.612 0.8400000000000001 0.61 0.7306666671875 0.502 0.7226666671875
0 0.614 0.7306666671875 0.62 0.8453333328125 0.734 0.8506666671875 0.734 0.736 0.614 0.7306666671875
0 0.568 0.8426666671874999 0.5740000000000001 0.9493333328125001 0.722 0.9546666671875 0.72 0.8506666671875 0.568 0.8426666671874999
0 0.568 0.8426666671874999 0.5 0.8346666671875 0.462 0.8400000000000001 0.466 0.9466666671875 0.5740000000000001 0.944 0.568 0.8426666671874999
0 0.358 0.952 0.462 0.9466666671875 0.458 0.8346666671875 0.352 0.8373333328125 0.358 0.952
0 0.496 0.7253333328125 0.348 0.7226666671875 0.352 0.8346666671875 0.49800000000000005 0.8320000000000001 0.496 0.7253333328125
0 0.454 0.6053333328125 0.33599999999999997 0.6106666671875 0.344 0.7253333328125 0.454 0.7173333328125 0.454 0.6053333328125
0 0.32599999999999996 0.4693333328125 0.21200000000000002 0.4773333328125 0.21800000000000003 0.5813333328125 0.32999999999999996 0.576 0.32599999999999996 0.4693333328125
0 0.33199999999999996 0.584 0.182 0.5866666671874999 0.188 0.6933333328125 0.33799999999999997 0.6853333328125 0.33199999999999996 0.584
0 0.33999999999999997 0.688 0.22799999999999998 0.6906666671874999 0.23399999999999999 0.8 0.344 0.792 0.33999999999999997 0.688
0 0.182 0.5866666671874999 0.08199999999999999 0.5893333328125 0.086 0.6933333328125 0.19 0.6906666671874999 0.182 0.5866666671874999
0 0 0.6986666671874999 0.08399999999999999 0.6933333328125 0.08 0.5893333328125 0 0.5946666671874999 0 0.6986666671874999
0 0.21000000000000002 0.4773333328125 0.11399999999999999 0.48 0.122 0.5813333328125 0.21600000000000003 0.5813333328125 0.21000000000000002 0.4773333328125
0 0.124 0.584 0.11000000000000001 0.4773333328125 0.10200000000000001 0.47466666718750006 0 0.488 0.002 0.5973333328125 0.124 0.584
0 0.172 0.36266666718749996 0.18 0.4773333328125 0.322 0.46666666718750005 0.318 0.3546666671875 0.172 0.36266666718749996
0 0.16799999999999998 0.36 0.072 0.368 0.08199999999999999 0.4773333328125 0.174 0.47466666718750006 0.16799999999999998 0.36
0 0 0.4853333328125 0.08 0.47466666718750006 0.074 0.368 0 0.37333333281250003 0 0.4853333328125
0 0.248 0.248 0.12 0.2506666671875 0.126 0.3573333328125 0.286 0.3573333328125 0.27999999999999997 0.2613333328125 0.248 0.248
0 0.002 0.37333333281250003 0.124 0.3573333328125 0.118 0.256 0.094 0.2506666671875 0.002 0.264 0.002 0.37333333281250003
0 0.47000000000000003 0.2213333328125 0.32599999999999996 0.2346666671875 0.33799999999999997 0.3573333328125 0.49000000000000005 0.344 0.488 0.23733333281250002 0.47000000000000003 0.2213333328125
0 0.32 0.9039999999999999 0.35 0.8613333328125 0.348 0.8 0.186 0.7973333328125001 0.192 0.9066666671875 0.32 0.9039999999999999
0 0.22999999999999998 0.7973333328125001 0.22799999999999998 0.6906666671874999 0.13 0.6933333328125 0.132 0.7973333328125001 0.22999999999999998 0.7973333328125001
0 0.01 0.8026666671875 0.132 0.7946666671875 0.126 0.696 0.004 0.704 0.004 0.7386666671875 0.01 0.8026666671875
0 0.094 0.8 0.10200000000000001 0.8986666671875 0.192 0.8986666671875 0.186 0.8 0.094 0.8
0 0.1 0.8986666671875 0.09 0.8 0.004 0.8053333328125 0.018 0.9013333328125 0.1 0.8986666671875
0 0.818 0.3253333328125 0.738 0.33599999999999997 0.734 0.42400000000000004 0.82 0.42133333281249996 0.818 0.3253333328125
0 0.8220000000000001 0.3253333328125 0.826 0.42133333281249996 0.9119999999999999 0.41333333281250006 0.9119999999999999 0.3173333328125 0.8220000000000001 0.3253333328125
0 0.916 0.32 0.914 0.40800000000000003 1 0.40800000000000003 0.9960000000000001 0.3173333328125 0.916 0.32
0 0.882 0.41600000000000004 0.882 0.5066666671875 0.994 0.5066666671875 0.998 0.40800000000000003 0.882 0.41600000000000004
0 0.882 0.41600000000000004 0.792 0.42400000000000004 0.794 0.504 0.882 0.5066666671875 0.882 0.41600000000000004
0 0.79 0.42400000000000004 0.738 0.42400000000000004 0.74 0.5066666671875 0.792 0.504 0.79 0.42400000000000004
0 0.8099999999999999 0.5093333328125 0.738 0.512 0.744 0.5973333328125 0.8119999999999999 0.592 0.8099999999999999 0.5093333328125
0 0.8160000000000001 0.5093333328125 0.8160000000000001 0.592 0.906 0.592 0.9039999999999999 0.504 0.8160000000000001 0.5093333328125
0 0.908 0.5066666671875 0.9099999999999999 0.592 0.998 0.6 0.994 0.5066666671875 0.908 0.5066666671875
0 0.8699999999999999 0.6799999999999999 0.8720000000000001 0.5946666671874999 0.786 0.5973333328125 0.786 0.6773333328125 0.8699999999999999 0.6799999999999999
0 0.876 0.5973333328125 0.874 0.6799999999999999 0.994 0.688 0.998 0.6026666671875 0.876 0.5973333328125
0 0.8160000000000001 0.7493333328125 0.8160000000000001 0.6799999999999999 0.734 0.6853333328125 0.736 0.7493333328125 0.8160000000000001 0.7493333328125
0 0.788 0.6 0.734 0.5946666671874999 0.732 0.6853333328125 0.788 0.6799999999999999 0.788 0.6
0 0.82 0.6799999999999999 0.8220000000000001 0.7466666671875 0.9 0.7546666671875 0.9 0.6826666671875 0.82 0.6799999999999999
0 0.906 0.6853333328125 0.906 0.76 0.984 0.768 0.992 0.6906666671874999 0.906 0.6853333328125