0 0.14666666718750002 0 0.14666666718750002 0.1266666671875 0.3066666671875 0.12 0.3066666671875 0.0066666671875 0.14666666718750002 0
0 0.3133333328125 0 0.3133333328125 0.1266666671875 0.48 0.13999999999999999 0.48 0.0066666671875 0.3133333328125 0
0 0.48 0 0.48666666718749996 0.1 0.5066666671875 0.1 0.5066666671875 0 0.48 0
0 0.5066666671875 0 0.5066666671875 0.1066666671875 0.6266666671875 0.1066666671875 0.6266666671875 0 0.5066666671875 0
0 0.7066666671874999 0.1066666671875 0.7866666671875 0.11333333281249999 0.78 0.02 0.6333333328124999 0.013333332812500001 0.6333333328124999 0.1 0.6866666671874999 0.1 0.7066666671874999 0.1066666671875
0 0.5733333328125 0.18 0.5933333328125 0.17333333281250002 0.6333333328124999 0.17333333281250002 0.6266666671875 0.11333333281249999 0.48 0.1066666671875 0.46666666718750005 0.18 0.4733333328125 0.18 0.5733333328125 0.18
0 0.6933333328125 0.1 0.6333333328124999 0.1 0.6333333328124999 0.17333333281250002 0.6933333328125 0.1666666671875 0.6933333328125 0.1
0 0.78 0.11333333281249999 0.7066666671874999 0.11333333281249999 0.6933333328125 0.11333333281249999 0.7 0.17333333281250002 0.78 0.17333333281250002 0.78 0.11333333281249999
0 0.13999999999999999 0.3 0.14666666718750002 0.2866666671875 0.1533333328125 0.18 0.1 0.18 0.0666666671875 0.1866666671875 0.0666666671875 0.3 0.13999999999999999 0.3
0 0.1533333328125 0.13333333281249998 0.14666666718750002 0.3 0.46666666718750005 0.3066666671875 0.45999999999999996 0.14666666718750002 0.1533333328125 0.13333333281249998
0 0.5866666671874999 0.1866666671875 0.46666666718750005 0.18 0.46666666718750005 0.3066666671875 0.5866666671874999 0.3 0.5866666671874999 0.1866666671875
0 0.8400000000000001 0.18 0.5933333328125 0.17333333281250002 0.58 0.1866666671875 0.5933333328125 0.3 0.8400000000000001 0.3066666671875 0.8400000000000001 0.18
0 0.1533333328125 0.4533333328125 0.17333333281250002 0.44666666718750003 0.1666666671875 0.3066666671875 0.13999999999999999 0.3 0.06 0.3 0.013333332812500001 0.29333333281249996 0 0.3066666671875 0.013333332812500001 0.4533333328125 0.1533333328125 0.4533333328125
0 0.1666666671875 0.3066666671875 0.17333333281250002 0.44666666718750003 0.3266666671875 0.4533333328125 0.3266666671875 0.3066666671875 0.1666666671875 0.3066666671875
0 0.3266666671875 0.3066666671875 0.3266666671875 0.4533333328125 0.4733333328125 0.45999999999999996 0.4733333328125 0.3133333328125 0.3266666671875 0.3066666671875
0 0.48 0.3133333328125 0.48 0.45999999999999996 0.6 0.4533333328125 0.6066666671875 0.3066666671875 0.48 0.3133333328125
0 0.9800000000000001 0.3066666671875 0.6066666671875 0.3066666671875 0.6 0.45999999999999996 0.62 0.48 0.9666666671874999 0.48666666718749996 0.9800000000000001 0.3066666671875
0 0 0.6533333328125 0.08 0.6533333328125 0.16 0.6 0.1533333328125 0.4533333328125 0 0.45999999999999996 0 0.6533333328125
0 0.17333333281250002 0.4533333328125 0.17333333281250002 0.6066666671875 0.4533333328125 0.6133333328125 0.46666666718750005 0.45999999999999996 0.17333333281250002 0.4533333328125
0 0.8 0.48666666718749996 0.62 0.48666666718749996 0.6 0.45999999999999996 0.46666666718750005 0.46666666718750005 0.4533333328125 0.6133333328125 0.4533333328125 0.6533333328125 0.7933333328125001 0.6533333328125 0.8 0.48666666718749996
0 0.9666666671874999 0.48666666718749996 0.82 0.4933333328125 0.8133333328125 0.6333333328124999 0.9800000000000001 0.6466666671875 0.9866666671875001 0.48 0.9666666671874999 0.48666666718749996
0 0 0.8266666671875 0.23333333281250002 0.8266666671875 0.23333333281250002 0.6533333328125 0.2666666671875 0.6133333328125 0.18 0.6133333328125 0.1533333328125 0.6 0.08 0.6533333328125 0 0.6599999999999999 0 0.8266666671875
0 0.5733333328125 0.6666666671875 0.46666666718750005 0.6666666671875 0.4533333328125 0.6533333328125 0.4533333328125 0.6133333328125 0.2666666671875 0.6133333328125 0.23333333281250002 0.6533333328125 0.23333333281250002 0.8266666671875 0.58 0.8266666671875 0.5733333328125 0.6666666671875
0 0.9466666671875 0.6533333328125 0.8133333328125 0.64 0.7933333328125001 0.6533333328125 0.6466666671875 0.6599999999999999 0.6466666671875 0.8066666671875 0.9800000000000001 0.8266666671875 0.96 0.6599999999999999 0.9466666671875 0.6533333328125
0 0 0.9866666671875001 0.06 0.9800000000000001 0.0533333328125 0.8266666671875 0 0.8266666671875 0 0.9866666671875001
0 0.23333333281250002 0.8333333328125001 0.06 0.8333333328125001 0.06 0.9866666671875001 0.22000000000000003 0.9933333328125 0.24 0.9733333328124999 0.23333333281250002 0.8333333328125001
0 0.24 0.8333333328125001 0.24 0.9866666671875001 0.4 0.9866666671875001 0.4066666671875 0.8333333328125001 0.24 0.8333333328125001
0 0.5933333328125 0.8 0.58 0.8 0.58 0.8266666671875 0.41333333281250006 0.8333333328125001 0.41333333281250006 0.9933333328125 0.5733333328125 0.9933333328125 0.5933333328125 0.96 0.5933333328125 0.8
0 0.7866666671875 0.9933333328125 0.8 0.8266666671875 0.64 0.8066666671875 0.6333333328124999 0.78 0.6133333328125 0.78 0.6133333328125 0.9866666671875001 0.7866666671875 0.9933333328125
0 0.8 0.8266666671875 0.7933333328125001 0.9866666671875001 0.9666666671874999 0.9933333328125 0.9666666671874999 0.8333333328125001 0.8 0.8266666671875