0 0.920346984375 0.70862533125 0.9063767 0.6972915921875 0.701818846875 0.75068761875 0.643343928125 0.954291534375 0.8361403140625001 0.9419365796875001 0.89894961875 0.7400103296875 0.920346984375 0.70862533125
0 0.9241702234375 0.4344947375 0.89065934375 0.44386631562499995 0.8273630375 0.704782765625 0.8516894234375 0.713855365625 0.9039341265624999 0.6998797578125 0.903348321875 0.6917882375 0.8979544703125001 0.60820311875 0.9074815468749999 0.5763275796875 0.9308350390625 0.49930865312500006 0.951060796875 0.451740615625 0.9655746765625001 0.42822214843750006 0.96742328125 0.40178588125000003 0.93799664375 0.3893513515625 0.9241702234375 0.4344947375
0 0.891587728125 0.4385264734375 0.7137765859375 0.45269125 0.63990320625 0.740061640625 0.6543376828125 0.7487254562500001 0.8127075906250001 0.7203117515625 0.8273630375 0.704782765625 0.891587728125 0.4385264734375
0 0.8237027749999999 0.1184068765625 0.7527584171874999 0.44623486406249996 0.894030303125 0.4359383078125 0.89065934375 0.44386631562499995 0.9246344171875001 0.431824815625 0.9789276515625 0.2372657125 0.986751540625 0.12537888749999998 0.9354205453125 0.11764540937500001 0.8237027749999999 0.1184068765625
0 0.822652778125 0.11298527656249999 0.8057757265625 0.10690962500000001 0.6000240125 0.098406925 0.5302512625 0.442417953125 0.5482999234375 0.4646766453125 0.7503158437499999 0.4488230265625 0.822652778125 0.11298527656249999
0 0.49884037656249997 0.462632728125 0.43102375625 0.761009828125 0.43766631718750004 0.780108059375 0.6385106281249999 0.748071403125 0.63990320625 0.740061640625 0.7117982015625001 0.45260949375 0.5498141125 0.4674283234375 0.5322296453125 0.442499709375 0.52350934375 0.458273965625 0.49884037656249997 0.462632728125
0 0.4411588875 0.7829414921875 0.4314879484375 0.75833990625 0.3849248265625 0.968854884375 0.40702798281249997 0.9694353484375 0.5672240890625 0.959169515625 0.62221938125 0.75008726875 0.4411588875 0.7829414921875
0 0.23215782499999998 0.7931282421875 0.19422599062499998 0.805006225 0.173702159375 0.95743699375 0.3770112984375 0.9685278578125001 0.4192750765625 0.7712807296874999 0.23215782499999998 0.7931282421875
0 0.4212534578125 0.7713624859375 0.43055956249999994 0.76367975 0.4973261875 0.45988105 0.25562101875 0.4633380921875 0.209467240625 0.797568759375 0.4212534578125 0.7713624859375
0 0.4963978015625 0.4652208921875 0.5230451515625 0.46094388906250006 0.5322296453125 0.442499709375 0.6004882046875 0.095737003125 0.3416627609375 0.0715955125 0.289717703125 0.46205803437500004 0.4963978015625 0.4652208921875
0 0.64484425 0 0.6262071703125 0.096799840625 0.735018171875 0.1012964609375 0.754171678125 0.002591140625 0.7319161421875 0 0.64484425 0
0 0.5239010390625001 0 0.5044758796875 0.08639108125 0.615851065625 0.0990609796875 0.6383661375 0 0.5239010390625001 0
0 0.3932865421875 0 0.3787878234375 0.07581881093750001 0.502497496875 0.0863093265625 0.51893563125 0 0.3932865421875 0
0 0.23945241718750002 0 0.2312159578125 0.0535857734375 0.34154114999999996 0.0608340703125 0.342126953125 0.068925590625 0.3654033421875 0.0725765921875 0.378021509375 0 0.23945241718750002 0
0 0.0744302578125 0 0.07143121875 0.0442935578125 0.217831478125 0.05034355625 0.223461175 0 0.0744302578125 0
0 0.289717703125 0.46205803437500004 0.3420053421875 0.058164150000000005 0.0511832078125 0.046145912500000004 0.0153084265625 0.45878536875 0.018458415625 0.475050165625 0.289717703125 0.46205803437500004
0 0 0.41441993750000006 0.019707129687499998 0.41056327656249997 0.048740632812500004 0.048734075 0.041877101562500005 0.0538286484375 0.0121687765625 0.22470359375 0 0.3775339015625 0 0.41441993750000006
0 0 0.8413949593750001 0.20702466406250003 0.8001569234374999 0.239208159375 0.45459251875 0.0160158421875 0.47763832968750003 0.017728746875 0.410481521875 0.004930071875 0.41533082343750005 0 0.4225621015625 0 0.8413949593750001
0 0.810729209375 0.7202299937500001 0.654801875 0.7460555359375001 0.6394390125 0.742731559375 0.6385106281249999 0.748071403125 0.62221938125 0.75008726875 0.568042909375 0.9591170421875 0.6432672109375 0.95429645 0.7037972296875 0.7507693734374999 0.810729209375 0.7202299937500001
0 0 0.9489991140624999 0.16526813906249999 0.9571718421875 0.181614946875 0.8098424359375 0 0.847135171875 0 0.9489991140624999