0 0.1102358140625 0.0632521734375 0.1047517015625 0.049583340625 0.00243730625 0.0598157671875 0.0035421906250000003 0.086931603125 0.0998953984375 0.07303542187499999 0.1102358140625 0.0632521734375
0 0.37184078593750003 0.023965490625 0.10350857656250001 0.048614025 0.1120053625 0.06744975625 0.37184078593750003 0.023965490625
0 0.1564467984375 0.240174603125 0.1009630546875 0.0729286453125 0.0035441031249999998 0.0869785296875 0.011317690625 0.2777560234375 0.1434150234375 0.260069759375 0.1564467984375 0.240174603125
0 0.1068425609375 0.0690597234375 0.16213601718749998 0.2417929015625 0.40007711874999996 0.20377919531250002 0.37557016718749997 0.0268734296875 0.1068425609375 0.0690597234375
0 0.20042108593750002 0.38341793125 0.1589478703125 0.2355499171875 0.14182094843749998 0.2569482640625 0.01125816875 0.276295259375 0.0178531265625 0.43814711562499997 0.1920108734375 0.4050381640625 0.20042108593750002 0.38341793125
0 0.402212425 0.20356564375000002 0.159108528125 0.24318931875 0.2041504671875 0.3863258703125 0.4235756796875 0.3545384875 0.402212425 0.20356564375000002
0 0.24136788125000003 0.5280576765625 0.2454926578125 0.513427859375 0.2052181203125 0.3862190953125 0.1893491453125 0.402023446875 0.017753089062499998 0.4356920203125 0.021087821875000003 0.5175322078125 0.031331635937500005 0.577497928125 0.24136788125000003 0.5280576765625
0 0.43194144218749997 0.3526081921875 0.20308281250000002 0.386432646875 0.24584360468750002 0.5155800390625 0.44785021562500005 0.47678557499999996 0.43194144218749997 0.3526081921875
0 0.2472473875 0.5241887546874999 0.031331635937500005 0.577497928125 0.030803384375 0.5869013671875 0.2581711625 0.5712163593749999 0.2472473875 0.5241887546874999
0 0.4482011625 0.47893775312500003 0.24708673124999997 0.5165493515625 0.258185978125 0.5646530484375 0.46086485 0.5432895656250001 0.4482011625 0.47893775312500003
0 0.399565515625 0.1939876140625 0.546390225 0.169460978125 0.5207333859375 0.0121202046875 0.4960311578125 0.011545253125 0.37290843906250004 0.0238587140625 0.399565515625 0.1939876140625
0 0.5449568078125 0.17397888749999998 0.4011595875 0.1971091078125 0.42749535312500003 0.3519592015625 0.5705758624999999 0.331087940625 0.5449568078125 0.17397888749999998
0 0.5673728984374999 0.3314082671875 0.429806134375 0.3528217421875 0.4597402546875 0.489813753125 0.5967657843749999 0.47173532500000004 0.5673728984374999 0.3314082671875
0 0.5964148390624999 0.46958314375 0.45884807343749995 0.4909966203125 0.4617570296875 0.5421066999999999 0.6055394328125 0.5255397937499999 0.5964148390624999 0.46958314375
0 0.5414473484375 0.1524571015625 0.708337571875 0.144515575 0.6884123515625 0.016022975000000002 0.6217503718749999 0.0144714 0.528931828125 0.02247216875 0.5414473484375 0.1524571015625
0 0.93522155 0.11854406718749999 0.9327172421875 0.021709234375 0.68959618125 0.016050529687500002 0.7097858046875001 0.1334343515625 0.93522155 0.11854406718749999
0 0.9519086234374999 0.1343734140625 0.9584900234375 0.13480884843750002 0.9350788906249999 0.021764203125 0.9335130296875 0.02172775625 0.9387754562499999 0.12037591875 0.9519086234374999 0.1343734140625
0 0.7067434968749999 0.1413940796875 0.5450012562500001 0.15428895468749998 0.5596965390624999 0.2643703984375 0.725007503125 0.246744065625 0.7067434968749999 0.1413940796875
0 0.9362892015625001 0.11843729218750002 0.708703334375 0.1401044390625 0.7284007578125 0.240936515625 0.9428090078125001 0.2249618109375 0.9362892015625001 0.11843729218750002
0 0.9447688453125 0.22367217187500002 0.9530901593750001 0.24143181249999998 0.9756715578125 0.246828921875 0.95862533125 0.1339750890625 0.9497733140625 0.134586965625 0.9373568562499999 0.11833051562500001 0.9447688453125 0.22367217187500002
0 0.725007503125 0.246744065625 0.5605887187499999 0.2631875328125 0.5726519062500001 0.3571276359375 0.740624596875 0.3425160203125 0.725007503125 0.246744065625
0 0.938713865625 0.2264650046875 0.7276840484375 0.243195471875 0.741867725 0.3434853375 0.9473837968750001 0.326212659375 0.938713865625 0.2264650046875
0 0.9450878312500001 0.31878680937500004 0.9544916156250001 0.32987636249999996 0.9886417421875 0.33302285 0.9760373203125001 0.24241778906250003 0.952914684375 0.240355721875 0.9376462109375 0.22657177968750003 0.9450878312500001 0.31878680937500004
0 0.7415167796875 0.3413331578125 0.5723009609374999 0.35497545937499997 0.5881083421875 0.4452601921875 0.7559203812499999 0.4230091765625 0.7415167796875 0.3413331578125
0 0.945789721875 0.3230911671875 0.741867725 0.3434853375 0.759298815625 0.4237649375 0.9553666546875 0.41509264375 0.945789721875 0.3230911671875
0 1 0.387705571875 0.9943340812500001 0.35295928125 0.9907770484375 0.332809296875 0.9484514515625 0.32610588281249997 0.9516224546875 0.41874801250000004 1 0.41866336718749997 1 0.387705571875
0 0.7568125625000001 0.421826309375 0.5904191234375 0.44612273125 0.6082011609375 0.5285545109374999 0.7767150921875 0.5106078515625 0.7568125625000001 0.421826309375
0 0.9558930734375 0.4183209109375 0.7582311609375 0.4238717125 0.7767150921875 0.5106078515625 0.960527128125 0.4933185125 0.9558930734375 0.4183209109375
0 1 0.41986215624999995 0.9546499453124999 0.4173515984375 0.9573241640625 0.4936388390625 1 0.4859651359375 1 0.41986215624999995
0 0.0311280109375 0.5888921328125 0.0674860109375 0.8118578546874999 0.18398442343750002 0.8082998124999999 0.2088641140625 0.7412869375 0.1750844046875 0.5740576468749999 0.0311280109375 0.5888921328125
0 0.2676295609375 0.7157243359375001 0.259602253125 0.6465342875 0.2624417796875 0.57078925625 0.1727736234375 0.5731951078125 0.20428700156250001 0.719871925 0.2676295609375 0.7157243359375001
0 0.2619130328125 0.6473968250000001 0.284680071875 0.8069783828125001 0.5670079968749999 0.8082710984375 0.5790929765625 0.6561403875 0.542985340625 0.5744477046875 0.2633339609375 0.56960639375 0.2619130328125 0.6473968250000001
0 0.38786895 0.5680880734375 0.384885909375 0.549794553125 0.26494285156249997 0.5661645734375 0.38786895 0.5680880734375
0 0.388088875 0.5494742265625 0.389463025 0.571209565625 0.5424589203125 0.5712194359375 0.578025321875 0.6562471624999999 0.5724226781249999 0.695084825 0.5903825140625 0.698756859375 0.5880912 0.5316593390625 0.388088875 0.5494742265625
0 0.6003275328125001 0.70651136875 0.583245059375 0.70821978125 0.5648726859375001 0.8084846499999999 0.428959259375 0.8067663671874999 0.43279003125 0.8435669593749999 0.44066917187500004 0.97839013125 0.6525615375 0.9736034218749999 0.6571284875 0.8419100765625 0.6003275328125001 0.70651136875
0 0.2697648703125 0.7155107828125 0.2140713640625 0.7199870359375 0.1892337984375 0.84714580625 0.22022075624999998 0.9905943562499999 0.439762175 0.9861363078125001 0.43047925 0.8427044218749999 0.42736518749999997 0.8036448765624999 0.284680071875 0.8069783828125001 0.2697648703125 0.7155107828125
0 0.09475451093750001 0.979082146875 0.21671129687500001 0.9690725671875 0.1911936328125 0.845856165625 0.207445515625 0.7392415359375 0.18666096875 0.8047512171875001 0.06940927031250001 0.811009328125 0.09475451093750001 0.979082146875
0 0.22224024999999997 1 0.21618487968750003 0.9658443 0.0996350734375 0.9764067671875001 0.10188075781249999 1 0.22224024999999997 1
0 0.44662074374999994 1 0.44564168281249994 0.9822673843749999 0.21986981249999998 0.9884421765625 0.22175449375 1 0.44662074374999994 1
0 0.64013378125 1 0.653394453125 0.9986738046875001 0.6546968468750001 0.973389871875 0.4426290078125 0.9771004874999999 0.44343998906250004 1 0.64013378125 1
0 0.949057465625 0.60929761875 0.936146546875 0.4968504421875 0.6106874171875 0.5304931390625 0.6220338937500001 0.6266921984375 0.949057465625 0.60929761875
0 1 0.488462071875 0.9372142015625 0.4967436671875 0.94692215625 0.6095111703125 0.960786846875 0.6146863984375 1 0.615227346875 1 0.488462071875
0 0.8040467515625 0.6183319 0.62185841875 0.6256161062500001 0.6709908515625 0.926921140625 0.8408071734375 0.8836905453125 0.8040467515625 0.6183319
0 0.9565310437500001 0.6085501890625 0.8068987671875 0.6158593921875 0.83707779375 0.880782603125 0.986097078125 0.82978916875 0.9565310437500001 0.6085501890625
0 1 0.61420348125 0.960786846875 0.6146863984375 0.988949096875 0.8273166625 1 0.8241787125 1 0.61420348125
0 1 0.9111046249999999 0.9894755171874999 0.8305449328125001 0.70016846875 0.9261903734375 0.709438903125 0.996349734375 1 0.9651547359375 1 0.9111046249999999
0 0.6950204859375 0.921237028125 0.6724094546875 0.92896654375 0.68435643125 0.995577309375 0.706777175 0.9933350171875001 0.6950204859375 0.921237028125