0 0.648399159375 0.0262512796875 0.59757200625 0.318520125 0.8216134890625 0.343488590625 0.89370944375 0.056460937499999996 0.648399159375 0.0262512796875
0 0.5967868125 0.3275465171875 0.55020658125 0.6026077062499999 0.7525386187499999 0.6194605609375 0.8226132140625 0.34929619375 0.5967868125 0.3275465171875
0 0.7462629453125 0.6187611625 0.5521870625 0.6062461359375 0.513651390625 0.8343558906249999 0.696743378125 0.8638746062499999 0.7585778484375 0.633804453125 0.7538725625 0.615052275 0.7462629453125 0.6187611625
0 0.6641744625 1 0.6956838078125 0.8705919453125001 0.5090030125 0.839534034375 0.48175994062500005 1 0.6641744625 1
0 0.59066876875 0.3177507890625 0.644565278125 0.028694884375 0.4892699484375 0.011387884375 0.4034069890625 0.0093894015625 0.3719411703125 0.303627671875 0.59066876875 0.3177507890625
0 0.3805505171875 0.3057263828125 0.35018924687499997 0.5791773906250001 0.5481283140625 0.5955406671875 0.5939043875000001 0.32152909687500003 0.3805505171875 0.3057263828125
0 0.353699240625 0.5852647531249999 0.3295786453125 0.8070063484375 0.5103369578125 0.835125746875 0.549774575 0.6093949828125 0.5490302578125 0.5979196609375 0.353699240625 0.5852647531249999
0 0.47791550781250003 1 0.5044334484374999 0.8401640140625 0.3253812390625 0.8133739875 0.30448793749999997 0.9961943515625 0.338635934375 1 0.47791550781250003 1
0 0.3690777125 0.3055870265625 0.40036637031250005 0.009318631249999999 0.1624307890625 0.00378061875 0.1559194078125 0.2966415234375 0.3690777125 0.3055870265625
0 0.1569191328125 0.3024491296875 0.1524457421875 0.569671334375 0.347678978125 0.5788976328125 0.377059490625 0.30761579375000003 0.1569191328125 0.3024491296875
0 0.15354325 0.5789075421875001 0.148652553125 0.6706407109375 0.152985678125 0.683655228125 0.1615731171875 0.7142324296875 0.165805521875 0.7602736046875 0.1637432859375 0.7976386015625 0.32949983125000004 0.8115545140625 0.35064021875 0.5803668875 0.15354325 0.5789075421875001
0 0.1634689078125 0.7953295515625001 0.15897521718750002 0.8278666265625001 0.1515202859375 0.8589344453125 0.1407509234375 0.8907721296875 0.139161640625 0.9777694421875 0.30448793749999997 0.9961943515625 0.32359632031249996 0.8165927765625 0.1634689078125 0.7953295515625001