0 0 0 0 0.2613333328125 0.24 0.2693333328125 0.46399999999999997 0.264 0.46799999999999997 0.2 0.45999999999999996 0.1893333328125 0.45999999999999996 0.1653333328125 0.462 0 0 0
0 0.47400000000000003 0.3093333328125 0.502 0.3066666671875 0.506 0.31466666718749997 0.5 0.3226666671875 0.484 0.3333333328125 0.47400000000000003 0.3466666671875 0.47400000000000003 0.4453333328125 0.48 0.488 0.506 0.5093333328125 0.74 0.5066666671875 0.74 0.49866666718749997 0.754 0.496 0.754 0.45066666718750004 0.818 0.44266666718750003 0.8300000000000001 0.22400000000000003 0.55 0.2133333328125 0.502 0.21600000000000003 0.46799999999999997 0.23733333281250002 0.46399999999999997 0.2853333328125 0.466 0.3093333328125 0.47400000000000003 0.3093333328125
0 0 0.4693333328125 0.018 0.712 0.22400000000000003 0.7093333328125 0.294 0.704 0.47000000000000003 0.6933333328125 0.47800000000000004 0.6799999999999999 0.47400000000000003 0.3466666671875 0.48 0.3306666671875 0.492 0.3253333328125 0.504 0.32 0.504 0.3093333328125 0 0.304 0 0.3493333328125 0 0.4693333328125
0 0.068 0.8666666671875 0.034 0.8666666671875 0.038 0.9413333328125001 0.044 0.9733333328124999 0.10800000000000001 0.9706666671875 0.256 0.968 0.248 0.8613333328125 0.068 0.8666666671875
0 0.462 0.944 0.45999999999999996 0.8960000000000001 0.462 0.8426666671874999 0.45199999999999996 0.8453333328125 0.362 0.8560000000000001 0.25 0.8640000000000001 0.256 0.968 0.40800000000000003 0.952 0.462 0.944
0 0.476 0.704 0.476 0.736 0.47400000000000003 0.776 0.47800000000000004 0.8053333328125 0.5 0.8266666671875 0.6519999999999999 0.8213333328125 0.67 0.8160000000000001 0.674 0.808 0.67 0.776 0.678 0.6613333328125 0.6839999999999999 0.6133333328125 0.6940000000000001 0.6026666671875 0.696 0.5653333328125 0.5 0.568 0.47800000000000004 0.568 0.48 0.6666666671875 0.476 0.704
0 0.954 0.4773333328125 0.8699999999999999 0.45866666718750004 0.8300000000000001 0.44800000000000006 0.826 0.4453333328125 0.754 0.45066666718750004 0.75 0.544 0.8560000000000001 0.6053333328125 0.9480000000000001 0.6026666671875 0.96 0.4853333328125 0.954 0.4773333328125
0 1 0.5466666671875 0.966 0.5253333328124999 0.952 0.5306666671875 0.952 0.5706666671875 0.95 0.6053333328125 0.8619999999999999 0.6106666671875 0.786 0.568 0.752 0.5519999999999999 0.738 0.5253333328124999 0.6980000000000001 0.5253333328124999 0.6900000000000001 0.608 0.746 0.6639999999999999 0.752 0.6826666671875 0.798 0.7306666671875 1 0.7226666671875 1 0.5466666671875
0 0.696 0.616 0.686 0.616 0.678 0.64 0.678 0.7013333328125 0.738 0.7893333328125001 0.756 0.7893333328125001 0.762 0.7013333328125 0.758 0.6853333328125 0.696 0.616
0 1 0.7226666671875 0.798 0.728 0.762 0.6986666671874999 0.754 0.792 0.794 0.8426666671874999 0.828 0.8426666671874999 0.858 0.8453333328125 0.86 0.8053333328125 0.858 0.7946666671875 1 0.784 1 0.7226666671875
0 0.6980000000000001 0.7333333328125 0.6759999999999999 0.7013333328125 0.67 0.7786666671875 0.73 0.8746666671875 0.748 0.8826666671875 0.754 0.7973333328125001 0.744 0.7946666671875 0.6980000000000001 0.7333333328125
0 0.67 0.8026666671875 0.67 0.8186666671875 0.738 0.9386666671875 0.748 0.96 0.748 0.8880000000000001 0.704 0.8320000000000001 0.6719999999999999 0.7866666671875 0.67 0.8026666671875
0 0.8640000000000001 1 0.8640000000000001 0.9573333328125001 0.79 0.96 0.752 0.8986666671875 0.748 0.9279999999999999 0.75 0.9626666671875 0.766 0.9973333328124999 0.77 0.9973333328124999 0.784 1 0.8640000000000001 1
0 0.79 0.96 0.868 0.96 0.866 0.9013333328125 0.86 0.8906666671875 0.858 0.8720000000000001 0.858 0.8453333328125 0.794 0.8426666671874999 0.756 0.792 0.752 0.8506666671875 0.75 0.8960000000000001 0.79 0.96