0 0.982 0.2 0.9339999999999999 0.192 0.696 0.1973333328125 0.686 0.24 0.6839999999999999 0.4693333328125 0.97 0.4613333328125 0.982 0.2
0 0.758 0.46666666718750005 0.76 0.6719999999999999 0.952 0.688 0.9720000000000001 0.4613333328125 0.758 0.46666666718750005
0 0.5740000000000001 0.4773333328125 0.5900000000000001 0.6719999999999999 0.758 0.6719999999999999 0.758 0.472 0.682 0.4693333328125 0.682 0.4026666671875 0.662 0.46666666718750005 0.5740000000000001 0.4773333328125
0 0.572 0.47466666718750006 0.352 0.49066666718749996 0.374 0.6639999999999999 0.588 0.6719999999999999 0.572 0.47466666718750006
0 0.6980000000000001 0.1893333328125 0.5740000000000001 0.2026666671875 0.48 0.2693333328125 0.492 0.48266666718750006 0.662 0.46399999999999997 0.682 0.40533333281250006 0.686 0.24266666718750002 0.6980000000000001 0.1893333328125
0 0.49000000000000005 0.48266666718750006 0.48 0.272 0.576 0.2026666671875 0.46799999999999997 0.2186666671875 0.318 0.27999999999999997 0.33999999999999997 0.4933333328125 0.49000000000000005 0.48266666718750006
0 0.47000000000000003 0.21600000000000003 0.322 0.2186666671875 0.29 0.24 0.42000000000000004 0.23733333281250002 0.47000000000000003 0.21600000000000003
0 0.418 0.2346666671875 0.27999999999999997 0.24266666718750002 0.21800000000000003 0.2613333328125 0.366 0.25866666718750003 0.418 0.2346666671875
0 0.33599999999999997 0.4693333328125 0.316 0.27999999999999997 0.368 0.264 0.22000000000000003 0.2613333328125 0.128 0.29333333281249996 0.154 0.47466666718750006 0.33599999999999997 0.4693333328125
0 0 0.33599999999999997 0.026000000000000002 0.48266666718750006 0.154 0.4773333328125 0.128 0.29333333281249996 0.21400000000000002 0.264 0.158 0.25866666718750003 0.09 0.2666666671875 0 0.2906666671875 0 0.33599999999999997
0 0 0.2826666671875 0.068 0.272 0.18 0.23733333281250002 0.046 0.2346666671875 0 0.256 0 0.2826666671875
0 0.286 0.24266666718750002 0.318 0.2106666671875 0.22000000000000003 0.2293333328125 0.178 0.23733333281250002 0.09 0.2613333328125 0.21600000000000003 0.264 0.286 0.24266666718750002
0 0.21400000000000002 0.2293333328125 0.27999999999999997 0.2213333328125 0.284 0.1946666671875 0.268 0.1866666671875 0.21200000000000002 0.2 0.21400000000000002 0.2293333328125
0 0.36 0.2186666671875 0.354 0.184 0.286 0.192 0.27999999999999997 0.22400000000000003 0.318 0.20800000000000002 0.36 0.2186666671875
0 0.314 0.1893333328125 0.31 0.10133333281250001 0.262 0.1146666671875 0.27599999999999997 0.1866666671875 0.314 0.1893333328125
0 0.602 0.096 0.596 0.1386666671875 0.654 0.1386666671875 0.648 0.096 0.602 0.096
0 0.368 0.088 0.376 0.1893333328125 0.49000000000000005 0.1706666671875 0.476 0.07466666718750001 0.368 0.088
0 0.37 0.0826666671875 0.306 0.096 0.314 0.192 0.372 0.1893333328125 0.37 0.0826666671875
0 0.266 0.14666666718750002 0.21400000000000002 0.1546666671875 0.21400000000000002 0.192 0.27599999999999997 0.184 0.266 0.14666666718750002
0 0.18 0.16 0.128 0.1653333328125 0.13 0.20800000000000002 0.188 0.2 0.18 0.16
0 0.79 0.10933333281249999 0.748 0.10933333281249999 0.75 0.1413333328125 0.786 0.1386666671875 0.79 0.10933333281249999
0 0.8119999999999999 0.1066666671875 0.792 0.10933333281249999 0.788 0.1386666671875 0.8140000000000001 0.13333333281249998 0.8119999999999999 0.1066666671875
0 0.844 0.10133333281250001 0.8140000000000001 0.1066666671875 0.8140000000000001 0.1413333328125 0.842 0.136 0.844 0.10133333281250001
0 0.8960000000000001 0.0933333328125 0.852 0.0986666671875 0.85 0.1386666671875 0.9039999999999999 0.1306666671875 0.8960000000000001 0.0933333328125
0 0.96 0.09066666718750001 0.9 0.0986666671875 0.908 0.1306666671875 0.96 0.13333333281249998 0.96 0.09066666718750001
0 0.882 0.13333333281249998 0.882 0.1653333328125 0.916 0.1626666671875 0.914 0.1306666671875 0.882 0.13333333281249998
0 0.9640000000000001 0.13333333281249998 0.9119999999999999 0.1306666671875 0.9179999999999999 0.1653333328125 0.9560000000000001 0.1573333328125 0.9640000000000001 0.13333333281249998
0 0.952 0.688 0.758 0.6719999999999999 0.6900000000000001 0.6719999999999999 0.696 0.8480000000000001 0.942 0.8746666671875 0.952 0.688
0 0.6900000000000001 0.6719999999999999 0.526 0.6719999999999999 0.54 0.8453333328125 0.7 0.8533333328125 0.6900000000000001 0.6719999999999999
0 0.526 0.6693333328125 0.376 0.6613333328125 0.4 0.8320000000000001 0.54 0.8453333328125 0.526 0.6693333328125
0 0.40599999999999997 0.8320000000000001 0.42800000000000005 0.968 0.616 0.9786666671875001 0.61 0.8506666671875 0.40599999999999997 0.8320000000000001
0 0.772 0.8586666671875 0.61 0.8506666671875 0.614 0.9813333328124999 0.768 0.992 0.772 0.8586666671875
0 0.95 0.8746666671875 0.772 0.8613333328125 0.774 0.9973333328124999 0.942 0.9973333328124999 0.95 0.8746666671875
0 0.388 0.776 0.372 0.6533333328125 0.182 0.6453333328124999 0.20400000000000001 0.7946666671875 0.378 0.7973333328125001 0.388 0.776
0 0.354 0.49066666718749996 0.33399999999999996 0.4693333328125 0.20600000000000002 0.4773333328125 0.22999999999999998 0.6426666671875 0.372 0.6533333328125 0.354 0.49066666718749996
0 0.20600000000000002 0.4773333328125 0.08199999999999999 0.48 0.10600000000000001 0.6453333328124999 0.23199999999999998 0.6426666671875 0.20600000000000002 0.4773333328125
0 0 0.64 0.10600000000000001 0.6426666671875 0.08199999999999999 0.48 0 0.48266666718750006 0 0.64
0 0.062 0.6426666671875 0.096 0.7813333328125001 0.202 0.792 0.182 0.648 0.062 0.6426666671875
0 0 0.776 0.096 0.784 0.062 0.6426666671875 0 0.6373333328124999 0 0.776
0 0.144 0.7866666671875 0 0.776 0.002 0.8160000000000001 0.022 0.9119999999999999 0.16799999999999998 0.9119999999999999 0.144 0.7866666671875
0 0.264 0.8 0.144 0.792 0.16799999999999998 0.9146666671875 0.284 0.9146666671875 0.264 0.8
0 0.418 0.9066666671875 0.404 0.8293333328125 0.396 0.8293333328125 0.39 0.7813333328125001 0.382 0.7973333328125001 0.264 0.8 0.284 0.9146666671875 0.398 0.9253333328125001 0.418 0.9066666671875