0 0.442 0.702702703125 0.42800000000000005 0.9609609609374999 0.844 0.9729729734375001 0.836 0.7177177171875 0.442 0.702702703125
0 0 0.9639639640625 0.42400000000000004 0.9639639640625 0.44000000000000006 0.7042042046875 0.024 0.69369369375 0 0.8618618625 0 0.9639639640625
0 0.6799999999999999 0.4894894890625 0.6759999999999999 0.708708709375 0.89 0.7207207203125 0.8859999999999999 0.4984984984375 0.6799999999999999 0.4894894890625
0 0.47400000000000003 0.47597597656249996 0.45199999999999996 0.7012012015625 0.674 0.7102102109375 0.6799999999999999 0.48798798750000005 0.47400000000000003 0.47597597656249996
0 0.45199999999999996 0.47447447499999995 0.244 0.465465465625 0.21200000000000002 0.6981981984375001 0.442 0.7012012015625 0.458 0.48348348281250003 0.45199999999999996 0.47447447499999995
0 0 0.6921921921874999 0.20800000000000002 0.696696696875 0.22599999999999998 0.4699699703125 0.20800000000000002 0.4624624625 0 0.4609609609375 0 0.6921921921874999
0 0.6980000000000001 0.28978978906249997 0.532 0.2867867875 0.506 0.47447447499999995 0.884 0.496996996875 0.874 0.297297296875 0.6980000000000001 0.28978978906249997
0 0.43 0.2702702703125 0.068 0.25075075 0.036 0.459459459375 0.21400000000000002 0.4609609609375 0.42000000000000004 0.471471471875 0.43 0.2702702703125
0 0.6839999999999999 0.1486486484375 0.678 0.2882882890625 0.866 0.2957957953125 0.858 0.15015015 0.6839999999999999 0.1486486484375
0 0.6759999999999999 0.2867867875 0.6799999999999999 0.147147146875 0.51 0.14414414375 0.492 0.3078078078125 0.526 0.31081081093749996 0.532 0.283783784375 0.6759999999999999 0.2867867875
0 0.492 0.3078078078125 0.49400000000000005 0.1366366359375 0.322 0.13963963906250002 0.314 0.2627627625 0.434 0.26876876875 0.43200000000000005 0.3078078078125 0.492 0.3078078078125
0 0.314 0.1201201203125 0.142 0.1201201203125 0.122 0.25075075 0.312 0.2627627625 0.324 0.1291291296875 0.314 0.1201201203125
0 0.542 0.030030029687499998 0.538 0.141141140625 0.818 0.147147146875 0.8140000000000001 0.048048048437500004 0.542 0.030030029687499998
0 0.322 0.13963963906250002 0.496 0.133633634375 0.49800000000000005 0.1741741734375 0.504 0.1741741734375 0.506 0.1426426421875 0.516 0.1426426421875 0.52 0.0240240234375 0.246 0.0135135140625 0.23399999999999999 0.11861861874999999 0.316 0.1171171171875 0.32599999999999996 0.1261261265625 0.322 0.13963963906250002