0 0.742720621875 0.7781364359375 0.7424469171875 0.5163857046875 0.6831478343749999 0.44065438125 0.5254366421875 0.44524984375 0.5441518921874999 0.7705673890625 0.742720621875 0.7781364359375
0 0.352316715625 0.7734861656249999 0.542155546875 0.7706255609375 0.523440296875 0.44530801562500005 0.3559335140625 0.4528599125 0.32627666718750004 0.5151572343749999 0.352316715625 0.7734861656249999
0 0.324466453125 0.5178809890625 0.12264955468750001 0.5210906171875 0.1466932609375 0.7794777203125001 0.352502846875 0.77615175 0.324466453125 0.5178809890625
0 0.3701339828125 1 0.354685321875 0.7787591625 0.1586713265625 0.779128696875 0.1854124640625 1 0.3701339828125 1
0 0.560236515625 1 0.5501409234375 0.770392878125 0.352502846875 0.77615175 0.3700874265625 1 0.560236515625 1
0 0.6452215703124999 1 0.751994303125 0.99688880625 0.7487096546875 0.7779619249999999 0.5505131859375 0.7757240453125 0.56023801875 1 0.6452215703124999 1
0 0.749997959375 0.996946975 0.963606790625 0.990722740625 0.9659389140625001 0.76629018125 0.77828255625 0.7717582015625 0.7473556484375 0.7299232484375 0.749997959375 0.996946975
0 0.7453593046875 0.7299814171875 0.77428986875 0.771874540625 0.9701177328125 0.768839425 0.9716542421875 0.5043649390625 0.7758263765625 0.5074000578125 0.680965359375 0.43804696718749997 0.7424469171875 0.5163857046875 0.7453593046875 0.7299814171875
0 0.7740161640625 0.5101238109375 0.9892490765625 0.4985102375 0.997468046875 0.2151439875 0.7618994296875 0.222008096875 0.6825712015625001 0.3178048515625 0.6827755718749999 0.43532321406249996 0.7740161640625 0.5101238109375
0 0.34772552343749996 0.22072145468749998 0.2711199203125 0.212269596875 0.059507434375 0.2184356609375 0.1043101953125 0.516282984375 0.32247010781249996 0.5179391578125 0.36336049843749996 0.44463048125000004 0.34772552343749996 0.22072145468749998
0 0.041547595312500005 0.849316684375 0.07622997031249999 0.858990121875 0.14051809843750002 0.776986646875 0.1107225828125 0.55081923125 0.051814003124999994 0.5952718515625001 0.027857871875000002 0.595969896875 0.041547595312500005 0.849316684375
0 0.049631528125000005 0.5926644390625 0.110536453125 0.5481536453125 0.0705730859375 0.3196114984375 0.0119007078125 0.3407916703125 0.01776515625 0.508727521875 0.023865184375 0.5960862375 0.049631528125000005 0.5926644390625
0 0.030051328125 0.0830726 0.0028684078125000003 0.0821404484375 0.011910781249999999 0.3410801671875 0.07275556093749999 0.3222189125 0.030051328125 0.0830726
0 0.1854045875 1 0.1588574578125 0.7817942812500001 0.14051809843750002 0.776986646875 0.0742336265625 0.8590482937499999 0.041547595312500005 0.849316684375 0.07037276406250001 1 0.1854045875 1