0 0.1173205078125 0.0280117515625 0.0017285718750000001 0.0424222 0.0089445296875 0.219514471875 0.146142878125 0.204674446875 0.1173205078125 0.0280117515625
0 0.1130450484375 0.0262025578125 0.147823278125 0.20202906718750002 0.293358984375 0.1864152109375 0.2599562671875 0.0055766703124999996 0.1130450484375 0.0262025578125
0 0.3202674703125 0 0.261941553125 0.00529794375 0.290763925 0.1819606359375 0.429733996875 0.1624496640625 0.4088062203125 0 0.3202674703125 0
0 0.415532103125 0.1620341078125 0.0090202125 0.22137187812499998 0.0167336890625 0.4106741484375 0.441298559375 0.3463542125 0.415532103125 0.1620341078125
0 0.324166640625 0.36279917500000003 0.347494003125 0.528186065625 0.4827983890625 0.5115992 0.45779062656249997 0.34885768906250003 0.324166640625 0.36279917500000003
0 0.1795455953125 0.385512984375 0.20714841874999998 0.55270906875 0.33756756875 0.5295797062500001 0.3182107796875 0.363635359375 0.1795455953125 0.385512984375
0 0.030953976562500003 0.40878424999999996 0.06939789375 0.58168665 0.20668756406250002 0.5648210578125 0.1778651953125 0.38815836406250004 0.030953976562500003 0.40878424999999996
0 0.062832259375 0.57778953125 0.030649089062500003 0.40641759843749997 0.016698293750000003 0.4098054953125 0.0212629625 0.5218304703125 0.029387271875 0.5848945624999999 0.062832259375 0.57778953125
0 0.05194889375 0.7600267890625 0.5041404640625 0.6772648171875 0.48676896249999996 0.51104174375 0.02969215625 0.5872612140625 0.05194889375 0.7600267890625
0 0.07298608125 0.9233257531250001 0.5285384515625 0.835273025 0.5104012109375 0.6787952859375 0.05164400625 0.7576601359375 0.07298608125 0.9233257531250001
0 0.44269206250000004 0 0.45829375 0.14880213281250002 0.9744683046875 0.076332803125 0.9646346390625 0 0.44269206250000004 0
0 0.9744683046875 0.076332803125 0.45264277656249996 0.1520049703125 0.4710778609375 0.3421732890625 0.998249475 0.2609316359375 0.9744683046875 0.076332803125
0 1 0.38305014375 0.990003440625 0.259679896875 0.4657317734375 0.34774277656249997 0.49287374375 0.5270508484375 1 0.4295402984375 1 0.38305014375
0 1 0.43716162656249996 0.514102125 0.5192515375 0.5336078328125 0.7020411734375 1 0.616709203125 1 0.43716162656249996
0 1 0.6114301109375 0.5273470859375 0.7005107046875 0.5512842234375 0.8706308984375 1 0.7718549203125 1 0.6114301109375