0 0.3871466171875 0 0.3804539546875 0.1136640078125 0.6989004828125001 0.147809459375 0.738658053125 0.1103437875 0.7615459390625 0 0.3871466171875 0
0 0.07387946875 0 0.063542440625 0.06804195625000001 0.3535002375 0.12275239062500001 0.377632990625 0.115511840625 0.3783592796875 0 0.07387946875 0
0 1 0.134784740625 0.7426104046875001 0.109658690625 0.7141366890625 0.1397330328125 1 0.16967798750000002 1 0.134784740625
0 1 0.171796059375 0.770057834375 0.1449871140625 0.687442634375 0.223852946875 0.6536272765625 0.44781010312499997 1 0.51391915 1 0.171796059375
0 0.7289842828124999 0.15380530312500001 0.7141366890625 0.1397330328125 0.7013028046875001 0.149091609375 0.3968365625 0.1162596765625 0.23130145937500002 0.170431740625 0.24592118593749998 0.3978831859375 0.596186134375 0.46354198281250003 0.61988523125 0.44992205625 0.6574745296875 0.38055950625 0.676701953125 0.2175616125 0.731277090625 0.1751494953125 0.7289842828124999 0.15380530312500001
0 0.028282154687499998 0.36053185781249997 0.18096394531249999 0.39283655624999997 0.243194725 0.3701596171875 0.23539335625 0.1687033203125 0.3457350796875 0.1230792546875 0.065805215625 0.07036743281249999 0.028282154687499998 0.36053185781249997
0 0.24210837812500002 0.39752495312499997 0.23882373124999998 0.373974696875 0.1806848515625 0.39492320937500003 0.03817054375 0.3635737984375 0.011307329687500001 0.485808959375 0.012333859375 0.5299129046875 0.23602396093750003 0.56809633125 0.24210837812500002 0.39752495312499997
0 0.5651466984375 0.6571232328125001 0.6292560578125 0.572292925 0.660031415625 0.3903076875 0.6046640390625 0.46750784218749997 0.2466339328125 0.40217590625 0.24691920625 0.582853696875 0.5651466984375 0.6571232328125001
0 1 0.5142645375 0.65646325625 0.4554716296875 0.6295007046875 0.6378151015625 0.98061151875 0.6990740703125 1 0.554115253125 1 0.5142645375
0 0.47983948437499996 0.640656671875 0.4567692265625 0.7842776171875 0.8930541390625001 0.8706956968749999 0.9624512609375 0.7367095921875 0.959570240625 0.7005199953125001 0.624137871875 0.6394241109375 0.6312397421875 0.5767050578124999 0.5736246046875 0.6610890921875 0.47983948437499996 0.640656671875
0 0.23252027968750003 0.584670159375 0.237294896875 0.56821574375 0.021779098437499998 0.5342332203125 0.0485393921875 0.6709151796875 0.412271484375 0.770588878125 0.4333836671875 0.7282020609375001 0.43901500000000004 0.6283694921875 0.23252027968750003 0.584670159375
0 0.4149529 0.7697843718749999 0.06831616562500001 0.6769990640625 0.063247440625 0.686030778125 0.0827707328125 0.7998475765624999 0.42644695625000006 0.8955240468750001 0.44377636562499995 0.8717977078124999 0.46385608125 0.71204920625 0.449596703125 0.712822340625 0.431415 0.7332992859374999 0.4149529 0.7697843718749999
0 0.021500006250000002 0.5363198734375 0.0124300625 0.5340461624999999 0.015712287499999998 0.6750639140625 0.047283471875 0.6803051265625 0.021500006250000002 0.5363198734375
0 0.0792370234375 0.7974026890625 0.052227665624999996 0.681826096875 0.015749709375 0.6766717578125 0.018372164062499998 0.789343078125 0.062435771875000004 0.797937 0.0792370234375 0.7974026890625
0 0.2431081640625 0.8518874546875 0.23759076875 0.8450304359375 0.0774079 0.8014565890625001 0.018337278125000002 0.7878442640625 0.0204380609375 0.8781024000000001 0.2388723015625 0.9412867484375 0.2431081640625 0.8518874546875
0 0.515023803125 0.92603150625 0.24479773749999997 0.848876884375 0.24409558750000002 0.9407210656249999 0.5004058421875001 0.9679720546875 0.515023803125 0.92603150625
0 0.513237209375 0.9686018109375001 0.6412448515625 0.9603987093749999 0.52195168125 0.9319646078125 0.513237209375 0.9686018109375001
0 0.4601633921875 0.7877658328125 0.4393108703125 0.9051841859374999 0.657844771875 0.9593349375000001 0.855242640625 0.9466851078125 0.8919377656249999 0.879042315625 0.4601633921875 0.7877658328125