0 0.0923038890625 0.6688151312499999 0.202678021875 0.65243460625 0.177297578125 0.5166828421874999 0.17050984687499998 0.5107142796875 0.13027255625 0.2954980671875 0.0260598984375 0.30438525312500003 0.0923038890625 0.6688151312499999
0 0.1135513859375 0.19594968125 0.17050984687499998 0.5107142796875 0.2858218234375 0.50052014375 0.22207563281249998 0.17978698125 0.1135513859375 0.19594968125
0 0.3380210828125 0.1932056265625 0.22949683593749998 0.20936832500000002 0.2944738765625 0.5265726421875 0.3974484671875 0.5110634187499999 0.3380210828125 0.1932056265625
0 0.50165390625 0.49202535000000003 0.5047346421875 0.48827868125 0.44654532968750005 0.1770429296875 0.3380210828125 0.1932056265625 0.3986793171875 0.507534575 0.50165390625 0.49202535000000003
0 0.5618573046875001 0.16684879218749998 0.44654532968750005 0.1770429296875 0.50905345 0.4911540484375 0.61881576875 0.4816133890625 0.5618573046875001 0.16684879218749998
0 0.6783929125 0.1429749296875 0.5600002 0.1569157359375 0.61696588125 0.4818312140625 0.7365966640625 0.47451244375 0.6783929125 0.1429749296875
0 0.7912359671875 0.1296875984375 0.6765430265625 0.14319275468749998 0.7341205234375 0.46126837031249995 0.846963578125 0.44798104062500005 0.7912359671875 0.1296875984375
0 0.90777879375 0.1159646171875 0.793085853125 0.1294697734375 0.848813465625 0.4477632140625 0.9665943625000001 0.44066227187499996 0.90777879375 0.1159646171875
0 1 0.5687768625 0.97893896875 0.4561282390625 0.8710265375 0.465451075 0.9286040359375001 0.783526690625 1 0.777320875 1 0.5687768625
0 0.8710265375 0.465451075 0.752014790625 0.4760808640625 0.8145301296874999 0.800342865625 0.9304611406250001 0.793459746875 0.8710265375 0.465451075
0 0.7544837109375 0.47917405625000004 0.6354719625 0.48980384375 0.696756453125 0.8175946906249999 0.8145301296874999 0.800342865625 0.7544837109375 0.47917405625000004
0 0.6354719625 0.48980384375 0.5207790234375 0.503309 0.5820562921875 0.820948965625 0.69613741875 0.8142836703125 0.6354719625 0.48980384375
0 0.5189291359375 0.503526825 0.406697896875 0.5099742921875 0.46613250156249997 0.8379829640625 0.5783565187499999 0.821384615625 0.5189291359375 0.503526825
0 0.4042361953125 0.5170319812499999 0.292012175 0.5336303296875 0.34773978906249997 0.8519237703125 0.46490165 0.84151180625 0.4042361953125 0.5170319812499999
0 0.2447724203125 0.877583875 0.3563846234375 0.8678253890625 0.35390848125 0.8545813140625 0.35020870937500004 0.8550169640625 0.2876717109375 0.5003023171875001 0.1766785421875 0.5133718234375 0.2447724203125 0.877583875