0 0.017020953125 0 0 0.1492153546875 0 0.27951951875000003 0.28788326406250003 0.27892372499999996 0.326497709375 0 0.017020953125 0
0 0 0.6915870046875 0.05224098125 0.683957846875 0.0992303625 0.6805222859375 0.12306980468749999 0.674473671875 0.145636540625 0.6739229078125 0.2035429953125 0.6692729046875 0.24032491406249998 0.660944709375 0.25077082968750003 0.655602178125 0.30113887968749997 0.3012257484375 0.27484598125000004 0.27929157031249996 0 0.280556615625 0 0.6915870046875
0 0 0.9766182671875001 0.20187085312500003 0.9659760046875 0.2450910765625 0.6635685484375 0.240287565625 0.661266134375 0.2038618890625 0.66925609375 0.14663057031249999 0.6735510484375 0.12303245625 0.674795096875 0.0992303625 0.6805222859375 0.0522783296875 0.683636421875 0.0036973546875 0.69258664375 0 0.692951590625 0 0.9766182671875001
0 0.326727434375 0 0.2867973015625 0.282814446875 0.30244606093750004 0.28997587343750003 0.5495022859375001 0.29132704375 0.6069890734375 0 0.326727434375 0
0 0.2858032734375 0.28318630625 0.30113887968749997 0.3012257484375 0.2533880609375 0.6385330312499999 0.260211221875 0.6643687234375 0.52450494375 0.6264764375 0.5895104734375 0.31796893125 0.5248153375 0.291031215625 0.3021271671875 0.2899926859375 0.2858032734375 0.28318630625
0 0.4605825171875 0.890202996875 0.5151076421874999 0.6282496703125 0.25989232812499996 0.6643855359375 0.2533880609375 0.6385330312499999 0.25077082968750003 0.655602178125 0.246027646875 0.6609635265625 0.2055079703125 0.9442209781249999 0.21039479062500002 0.96217235 0.218536628125 0.9630209515624999 0.45351514687499994 0.8992008890625 0.4605825171875 0.890202996875
0 0.460971775 0.9523166796875 0.4700056703125 0.90184555625 0.46054517031250003 0.8905244218749999 0.45379669062500005 0.8995055031250001 0.21874347656249998 0.9639684140625 0.21980860937500002 0.9650303609374999 0.460971775 0.9523166796875
0 0.6681275734375001 0.846996540625 0.471953509375 0.8959926578124999 0.46428858125000005 0.8746737296875 0.460188928125 0.8908626578125001 0.46964942968749995 0.9021837906249999 0.460971775 0.9523166796875 0.467065421875 0.9519954328125 0.654022453125 0.9356388125 0.6763642171875001 0.8497568796875001 0.6681275734375001 0.846996540625
0 0.533640809375 0.6269531796875001 0.52690095625 0.6167664421875 0.52450494375 0.6264764375 0.5144698546875001 0.62828329375 0.4639696875 0.8746905406250001 0.4715972671875 0.8963308968750001 0.670434525 0.846236009375 0.7397120562499999 0.599158309375 0.533640809375 0.6269531796875001
0 0.5495396328125 0.2910056203125 0.5297682406249999 0.29204793125 0.59022295625 0.3172924578125 0.5266194125 0.616461828125 0.532965675 0.627308228125 0.741062325 0.5984482140625 0.8161201703125001 0.3207174609375 0.7317283359375 0.2941792078125 0.5640765796875 0.288641978125 0.5495396328125 0.2910056203125
0 0.6069714015625001 0 0.5491833921875 0.29134385625000003 0.5637950328125 0.288337365625 0.7529074578125 0.2946599640625 0.8189960671875 0.012290754687499999 0.7581051624999999 0 0.6069714015625001 0
0 0.8309707749999999 0 0.8268764687499999 0.015389331249999999 0.97912078125 0.044420193749999996 0.9905628296875 0 0.8309707749999999 0
0 0.8179302140625 0.0187360671875 0.7529074578125 0.2946599640625 0.7477879234375 0.29780496093750003 0.7626265234375 0.2983005203125 0.917502434375 0.3019556203125 0.9882921984375 0.0559378140625 0.9890502281250001 0.046651573437499996 0.83394958125 0.017252643749999998 0.8179302140625 0.0187360671875
0 0.762344978125 0.29799590781249996 0.7502270265625001 0.29863474375 0.816082821875 0.3210388859375 0.74445236875 0.5883663593749999 0.752671771875 0.5940027109375 0.9141755046875 0.5733492015625 0.9525454640625 0.4552041296875 0.9631508999999999 0.363931440625 0.9681610218750001 0.3025549125 0.917990828125 0.30320769531249997 0.762344978125 0.29799590781249996
0 0.9681619921875001 0.30254303125000004 0.98826538125 0.056266351562500004 0.917390390625 0.30291989375 0.9681619921875001 0.30254303125000004
0 0.9522502718749999 0.4556988765625 0.9148678765625 0.5701181390625 0.9209843093750001 0.5720318859375 0.939240240625 0.5697117781250001 0.9522502718749999 0.4556988765625
0 0.752427575 0.5933766734375 0.7445270625 0.5877235093750001 0.7410249765625 0.598769640625 0.7386433328125 0.60017301875 0.6754908578125 0.829996646875 0.6833367828125 0.8388472484375 0.8426542328125001 0.7988221734375001 0.915451078125 0.5732819546875 0.752427575 0.5933766734375
0 0.9156205796875 0.57455084375 0.8436856109375 0.7981288906249999 0.9149640453125001 0.778638009375 0.939240240625 0.5697117781250001 0.92165944375 0.5716768375 0.91586190625 0.5697462796874999 0.9156205796875 0.57455084375
0 0.682980540625 0.839185484375 0.6748157234375001 0.83035169375 0.670040934375 0.846895671875 0.6760826718749999 0.849452265625 0.653996234375 0.93564110625 0.8036526765625001 0.9225478640624999 0.8435362187500001 0.799414590625 0.682980540625 0.839185484375
0 0.8429731281249999 0.7988053625 0.80358401875 0.922553871875 0.8992138828125 0.9141873421875 0.9149640453125001 0.778638009375 0.8429731281249999 0.7988053625