0 0.9158200640624999 0.16490412968749998 0.6620766578125 0.2147698375 0.6867764609375 0.346958615625 0.9400347828125 0.3053264703125 0.9158200640624999 0.16490412968749998
0 0.6547112765625 0.2294998921875 0.3980128078125 0.27438028124999997 0.42566767343749995 0.411554375 0.6838392203125 0.36372797343749996 0.6547112765625 0.2294998921875
0 0.406410740625 0.3193244671875 0.3965664671875 0.30995830468749996 0.15806564218750002 0.35476235312500004 0.1778433078125 0.48226804999999995 0.42617949375 0.4359528265625 0.406410740625 0.3193244671875
0 0 0.5100054515625 0.1606336546875 0.48763194531250004 0.175876234375 0.4825702859375 0.1491915375 0.3289290671875 0.1260628421875 0.31344499375 0 0.33646444999999997 0 0.5100054515625
0 0 0.6402308109375 0.196147896875 0.612719759375 0.20106112187499997 0.6065255015625 0.1778433078125 0.48226804999999995 0.162600725 0.487329709375 0 0.5123128765625 0 0.6402308109375
0 0 0.6784256390625 0.0172512671875 0.770751234375 0.21641955781250002 0.7428692328125 0.221332784375 0.736674975 0.20008204062499998 0.6121152875 0.19024668125 0.613626465625 0 0.640233596875 0 0.6784256390625
0 0.043927053125 0.9135151140625 0.24653549375 0.8823848671875 0.2455385890625 0.866219978125 0.2292278078125 0.7680980468749999 0.22035370312499997 0.7422647609374999 0.0192183390625 0.7704489999999999 0.043927053125 0.9135151140625
0 0.20155511874999998 0.609169278125 0.4533403640625 0.57048314375 0.42766148125000003 0.44388415312499996 0.1798103796875 0.481965815625 0.20155511874999998 0.609169278125
0 0.22232077499999997 0.7419625265625001 0.47410602187500006 0.7032763921875 0.4518672875 0.57342915625 0.1981149703125 0.612417525 0.22232077499999997 0.7419625265625001
0 0.2435715171875 0.8665222140625 0.4933896921875 0.828138315625 0.4706658734375 0.706524640625 0.22232077499999997 0.7419625265625001 0.242583525 0.8612346609375001 0.2435715171875 0.8665222140625
0 0.499290909375 0.827231609375 0.7687798046875 0.7858253578125 0.7421129296875 0.6539388140625 0.47705217343750006 0.697384371875 0.499290909375 0.827231609375
0 0.4726240328125 0.695345065625 0.7435860062499999 0.6509928046875 0.717404215625 0.5108726984375 0.44791531874999996 0.55227895 0.4726240328125 0.695345065625
0 0.44791531874999996 0.55227895 0.7149431484375001 0.508531159375 0.6863002890625001 0.3660695140625 0.42468859375 0.4171441609375 0.44791531874999996 0.55227895
0 0.9424958515625 0.30766801093749996 0.68579738125 0.3525484015625 0.711979171875 0.4926685078125 0.9672045656250001 0.45073412656249995 0.9424958515625 0.30766801093749996
0 0.7139462421875 0.4923662703125 0.7425891015625 0.6348279156250001 0.97869855625 0.5985503265625 0.981947821875 0.5188076640625 0.9691716390625 0.4504318921875 0.7139462421875 0.4923662703125
0 0.7732079453125 0.7878646625 0.9723334593749999 0.7547610015624999 0.978587040625 0.6012871359374999 0.7450501703125 0.6371694546875 0.7732079453125 0.7878646625