0 0 0.3779327671875 0.4414310375 0.4362593859375 0.44447786562499997 0.4411712703125 0.43611253593750005 0.463083009375 0.48803904062500003 0.4445351515625 0.5280390546875 0.20223998906250001 0.032948925000000004 0.12384439843749999 0 0.2900208453125 0 0.3779327671875
0 0.5166077437500001 0.280171734375 0.5039024375000001 0.3442503890625 0.6130452187500001 0.3717288828125 0.6470687515625 0.37249936093749997 0.8703677687500001 0.432588875 0.9086200218749999 0.43231043125 0.9269105703125 0.431315790625 0.9327183328125 0.41216381406249997 0.9688293265624999 0.3415709921875 0.9739752609375 0.3318093765625 0.9764172625 0.299582571875 0.5444550890625 0.2208386046875 0.5166077437500001 0.280171734375
0 0.6467732796875 0.3739895625 0.6130452187500001 0.3717288828125 0.5782369515625 0.364776959375 0.5286742234374999 0.37140320625 0.501112775 0.4597120828125 0.5254969828125 0.468541209375 0.5902017484375001 0.46666048125000004 0.6065256765625 0.4654452 0.8008241875 0.4994308140625 0.8299551062500001 0.423484828125 0.6467732796875 0.3739895625
0 0.8129289734375 0.468798509375 0.8024953390625 0.50114165625 0.812328453125 0.5022448546875 0.81104488125 0.5188577109375 0.84613904375 0.5547853765624999 0.9506655281249999 0.5649891 0.9597949515625 0.5189452609375 0.9598077875 0.5187758687499999 0.9210932328125001 0.4809337109375 0.8129289734375 0.468798509375
0 0.5857600890625 0.5194794468749999 0.8051354359375 0.548661734375 0.8120329796875 0.50373505625 0.6068211484375 0.4639549984375 0.5215637375 0.468099928125 0.5107329468749999 0.512585325 0.5857600890625 0.5194794468749999
0 0.583793465625 0.51925880625 0.5239083609375 0.517110209375 0.5127821 0.5630858062499999 0.5672565953125 0.572244128125 0.8433685343749999 0.6093151812500001 0.8520389125 0.5554472984375 0.583793465625 0.51925880625
0 0.9506655281249999 0.5649891 0.8520389125 0.5554472984375 0.8433685343749999 0.6093151812500001 0.93973305625 0.62012654375 0.9506655281249999 0.5649891
0 0.9400285281249999 0.6186363421875 0.8433685343749999 0.6093151812500001 0.8363693062499999 0.6648939078125 0.9290960546875 0.6737737890625 0.9400285281249999 0.6186363421875
0 0.55602865 0.628871778125 0.8369602515624999 0.6619135046875 0.841697384375 0.6076043390625 0.5672565953125 0.572244128125 0.5108154765624999 0.5628651671875 0.50391793125 0.6077918437500001 0.55602865 0.628871778125
0 0 0.640230521875 0.3913024359375 0.6789415484375 0.44310218749999997 0.437970228125 0 0.3794605359375 0 0.640230521875
0 0 0.909324559375 0.33064809375 0.9341529640624999 0.3913024359375 0.6789415484375 0 0.640230521875 0 0.909324559375
0 0.6990011765624999 0.6479589031249999 0.555733178125 0.6303619796875 0.442269571875 0.584118509375 0.419750303125 0.5861620703125 0.3951339984375 0.6900348796875 0.456864890625 0.76398805625 0.667884484375 0.7846161375 0.6990011765624999 0.6479589031249999
0 0.6928596375 0.7904648609375 0.902799025 0.8064016984375 0.9290960546875 0.6737737890625 0.8366647796875 0.66340370625 0.7009677984375 0.64817954375 0.6696573156250001 0.7756749296875001 0.6928596375 0.7904648609375
0 0.472597871875 0.7657531765625001 0.45853604062500003 0.765698896875 0.43573087499999996 0.738766715625 0.410920784375 0.8334776749999999 0.44727936562500004 0.913724378125 0.823107703125 0.9345625296875 0.851075884375 0.8036454609374999 0.6911884859375 0.78875401875 0.6719194125 0.7744053671875 0.669555634375 0.786326978125 0.472597871875 0.7657531765625001
0 0.9025035515625 0.8078919015625001 0.8513713562499999 0.8021552609375 0.82281223125 0.93605273125 0.8762065218749999 0.9405198125 0.9025035515625 0.8078919015625001