0 0.5454519734375001 0 0.1990088640625 0.0862249015625 0.100098628125 0.108643615625 0.08305268906249999 0.11662121406249999 0.1761099453125 0.2740274453125 0.266624515625 0.296771146875 0.7043986624999999 0.16697812812499999 0.670511484375 0 0.5454519734375001 0
0 0.1042990734375 0.2564193828125 0.02101761875 0.27736705 0.0245539640625 0.324035784375 0.114947203125 0.30048179531249997 0.1042990734375 0.2564193828125
0 0.2536293953125 0.6075445421875 0.1375967453125 0.371045965625 0.1219610890625 0.30240765937499997 0.02464131875 0.3251885984375 0.041621190625 0.5492699921875001 0.071175725 0.6534368578125 0.2536293953125 0.6075445421875
0 0.175111015625 0.2705886484375 0.13467833125 0.27952860625 0.1623296484375 0.35990485781250003 0.24763581562499998 0.5869117578124999 0.5681076296875001 0.49769379999999996 0.523227021875 0.26912884843749996 0.45643217500000005 0.24656905468749998 0.2565995890625 0.299292703125 0.1988236140625 0.2781544609375 0.175111015625 0.2705886484375
0 0.528243046875 0.26417711875 0.5731236546875 0.49274206875 0.595490096875 0.5104866296874999 0.894580146875 0.4217267203125 0.8968131359375 0.1850014109375 0.70808278125 0.15744133124999998 0.7033926078125 0.1709212359375 0.47882711718750004 0.23478599218750001 0.528243046875 0.26417711875
0 0.127448790625 0.847155784375 0.3336435609375 0.7793016578125 0.25329641875000003 0.6063982765625 0.0758516484375 0.6547207671875 0.127448790625 0.847155784375
0 0.3483444109375 0.7780640109375 0.6410865328125 0.6896707671875 0.6008391 0.506681165625 0.588143234375 0.5074145 0.5727835531250001 0.49897770937499997 0.27670454218749996 0.5832902 0.3483444109375 0.7780640109375
0 0.6524504906249999 0.68435236875 0.928812625 0.60622925625 0.9362948640625 0.46904517031250004 0.9276517203125 0.4244784453125 0.89626640625 0.40531233125000005 0.883549165625 0.428191384375 0.62890889375 0.4996208078125 0.6524504906249999 0.68435236875
0 0.35227600625 0.8582563562500001 0.322576953125 0.822675853125 0.32795445624999997 0.7893427625 0.1277817671875 0.84830205 0.170883453125 0.99667875625 0.2301383515625 0.9946095296875 0.3869412109375 0.940558471875 0.35227600625 0.8582563562500001
0 0.343980090625 0.8000720843750001 0.4016349375 0.94670273125 0.41800067343749997 0.9511964140625 0.5536808515625 0.9072288171875 0.67967620625 0.8595471375000001 0.652350740625 0.7876990562499999 0.625995703125 0.7488174 0.6347172234375 0.7121831546874999 0.6217026296875 0.6970064109375 0.3403244703125 0.7800812546875 0.343980090625 0.8000720843750001
0 0.399629953125 0.94720704375 0.3976320921875 0.9403294484375 0.23341362187499998 0.9944951546875 0.44703715937500005 0.9870352562500001 0.430030584375 0.9481705484375 0.399629953125 0.94720704375
0 0.717749553125 0.8721109421875 0.7054009140625 0.8592267328125001 0.6800234328125 0.8459295890625 0.6823471453125001 0.8613353578125 0.44206049687500004 0.9451446812500001 0.4577350328125 0.986661678125 0.62264903125 0.9809027546875001 0.7427299328125 0.9506989734375001 0.717749553125 0.8721109421875
0 0.65278346875 0.685498634375 0.687370296875 0.84900171875 0.7097438625 0.8593643765625 0.8340672078125 0.8133332703124999 0.951376665625 0.7653763015624999 0.94450528125 0.6158123140625 0.9314835640625001 0.6080174765625 0.65278346875 0.685498634375
0 0.7197687890625 0.8568428203125 0.7464069249999999 0.9485440859375001 0.966955321875 0.8930698578125 0.9643983828125 0.7731711390625 0.9457018125 0.760653596875 0.7197687890625 0.8568428203125