0 0.2608401375 0.3977929296875 0.30884768125 0.023403078124999997 0.115318371875 0.008738303125000001 0.06542708593749999 0.348774446875 0.2608401375 0.3977929296875
0 0.24405729375 0.4806191109375 0.2547685671875 0.3995241828125 0.06542708593749999 0.348774446875 0.025127148437500003 0.6166643796875 0.028605356250000002 0.7020257375 0.212928878125 0.7174560953125 0.24405729375 0.4806191109375
0 0.2222103234375 0.7199438265625 0.212928878125 0.7174560953125 0.02848216875 0.699002484375 0.03716800625 0.9121681921875 0.1952971890625 0.954552009375 0.2222103234375 0.7199438265625
0 0.3756362546875 1 0.4327786546875 0.423726284375 0.2749940875 0.38143483749999996 0.2008660546875 0.9560446484374999 0.36485845625 1 0.3756362546875 1
0 0.2614973609375 0.38117590625000003 0.2749940875 0.38143483749999996 0.42349720937499996 0.42123855312499997 0.4529238578125 0.17051089375 0.29664739687499997 0.1185477609375 0.2614973609375 0.38117590625000003
0 0.45528284843750005 0.16778454375000001 0.4740920984375 0.035924551562500004 0.3075136875 0.02330199375 0.2961446953125 0.12177165625 0.45528284843750005 0.16778454375000001
0 0.586422146875 0.219727365625 0.4539292625 0.16406310468750002 0.42349720937499996 0.42123855312499997 0.569293159375 0.453599384375 0.586422146875 0.219727365625
0 0.53173888125 0.19835318125 0.5371903296875 0.0889793625 0.47237473437500005 0.0581721109375 0.45578555 0.1645606515625 0.53173888125 0.19835318125
0 0.5265139875 1 0.529002753125 0.960030165625 0.3790306625 0.9668536203125001 0.37564467968750004 1 0.5265139875 1
0 0.546788965625 0.7095411234375 0.4069100625 0.6888421625000001 0.3790306625 0.9668536203125001 0.522931184375 0.9617614218750001 0.546788965625 0.7095411234375
0 0.43328135625 0.42050238906250004 0.4069100625 0.6888421625000001 0.546788965625 0.7095411234375 0.57064674375 0.45732082656250006 0.43328135625 0.42050238906250004
0 0.653530034375 1 0.673867503125 0.7503196187500001 0.5459772203125 0.739551271875 0.522931184375 0.9617614218750001 0.529002753125 0.960030165625 0.5266660625 1 0.653530034375 1
0 0.6920018953125 0.509999809375 0.5661224218750001 0.48633588281250006 0.5454745171875001 0.7427751687499999 0.673867503125 0.7503196187500001 0.6920018953125 0.509999809375
0 0.70932454375 0.29969014843749997 0.58410229375 0.2594092 0.5711494484374999 0.45409693124999995 0.5661224218750001 0.48633588281250006 0.69149919375 0.513223703125 0.70932454375 0.29969014843749997
0 0.58410229375 0.2594092 0.7106781296875 0.3034115890625 0.7229346140625 0.0883853953125 0.596706959375 0.054552235937500006 0.54430644375 0.1177558046875 0.53173888125 0.19835318125 0.5869248484375 0.21650346874999998 0.58410229375 0.2594092
0 0.70267403125 0.3919493984375 0.739799809375 0.401900328125 0.7539517234375 0.22432716406250003 0.7159750578125 0.2074308984375 0.70267403125 0.3919493984375
0 0.8108394578125001 0.256368125 0.7508201265625 0.2940191484375 0.7392971078125 0.4051242234375 0.75113120625 0.4284479640625 0.7948312578125 0.43344374218750004 0.8763534546875 0.46872891406250006 0.888146375 0.2938820984375 0.8520260000000001 0.2774833796875 0.8108394578125001 0.256368125
0 0.75113120625 0.4284479640625 0.739799809375 0.401900328125 0.7013204421875 0.3882279546875 0.6884829781249999 0.532567075 0.79344056875 0.5539818859375 0.796687546875 0.43394128906249996 0.75113120625 0.4284479640625
0 0.8680403109375 0.584052975 0.8782097437499999 0.469226459375 0.7948312578125 0.43344374218750004 0.7942914515624999 0.560927221875 0.8680403109375 0.584052975
0 0.779173275 0.7819036609375 0.79344056875 0.5539818859375 0.6898365656250001 0.536288515625 0.6740611624999999 0.7738819765625 0.779173275 0.7819036609375
0 0.76523711875 1 0.779173275 0.7819036609375 0.6722048734375 0.7733844296875 0.6517181015625 1 0.76523711875 1
0 0.858298190625 1 0.8707886625000001 0.789666415625 0.7773169859375 0.7814061140625 0.7633490375 1 0.858298190625 1
0 0.9979825796874999 0.780096296875 0.9504154296875 0.7874985531250001 0.9383134656250001 0.9891316218749999 0.9653069171875 0.9896494812500001 0.9979825796874999 0.780096296875
0 1 0.5973147437499999 0.9650700437499999 0.6067014953125 0.954630709375 0.78526975 0.9984852828124999 0.7768724015624999 1 0.7671583281250001 1 0.5973147437499999
0 0.9152975484375 1 0.935954475 0.9918579703124999 0.9364571765624999 0.988634075 0.9497582046874999 0.804115575 0.8711368421874999 0.799835646875 0.8571906390624999 1 0.9152975484375 1
0 0.8697832562500001 0.7961142046874999 0.9497582046874999 0.804115575 0.9499127265625 0.79072245 0.955131375 0.6208307859375 0.8803771109375 0.604152821875 0.8697832562500001 0.7961142046874999
0 0.7786705734375 0.78512755625 0.872142246875 0.7933878562500001 0.8791780453125 0.587038253125 0.8680403109375 0.584052975 0.7929378671875 0.55720578125 0.7786705734375 0.78512755625
0 0.8680403109375 0.584052975 0.881034334375 0.5875358 0.878520821875 0.603655275 0.9514187968750001 0.6198356921875 0.9511077171875 0.48540687499999996 0.8807232562499999 0.453106984375 0.8680403109375 0.584052975