0 0 0.2363636359375 0.1300813015625 0.2136363640625 0.1300813015625 0.140909090625 0.12195121874999999 0.0363636359375 0 0.090909090625 0 0.2363636359375
0 0.24390243906250003 0 0.1300813015625 0.040909090625 0.1382113828125 0.1454545453125 0.14634146406249998 0.2136363640625 0.3333333328125 0.17727272656249998 0.32520325156249996 0.16363636406249998 0.3170731703125 0 0.24390243906250003 0
0 0.32520325156249996 0 0.3333333328125 0.16363636406249998 0.40650406562499997 0.1454545453125 0.6016260156250001 0.11818181875 0.6341463421875 0.10909090937499999 0.6422764234375 0.090909090625 0.9512195125 0.03181818125 0.9512195125 0 0.32520325156249996 0
0 1 0.03181818125 0.9512195125 0.0363636359375 0.6422764234375 0.090909090625 0.6422764234375 0.10909090937499999 0.6341463421875 0.3454545453125 1 0.34090909062499997 1 0.03181818125
0 0.6341463421875 0.3454545453125 0.6341463421875 0.1136363640625 0.6016260156250001 0.1227272734375 0.40650406562499997 0.1454545453125 0.3414634140625 0.16818181875 0.3495934953125 0.17727272656249998 0.3658536578125 0.36818181875 0.455284553125 0.36818181875 0.495934959375 0.3636363640625 0.6341463421875 0.359090909375 0.6341463421875 0.3454545453125
0 0.1544715453125 0.3727272734375 0.3577235765625 0.3772727265625 0.3414634140625 0.18181818125 0.14634146406249998 0.2136363640625 0.1544715453125 0.3727272734375
0 0.0162601625 0.3772727265625 0.14634146406249998 0.3727272734375 0.1382113828125 0.21818181874999998 0.00813008125 0.240909090625 0.0162601625 0.3772727265625
0 1 0.34090909062499997 0.6585365859375 0.3545454546875 0.6504065046874999 0.3545454546875 0.6422764234375 0.58181818125 1 0.640909090625 1 0.34090909062499997
0 0.593495934375 0.36818181875 0.3658536578125 0.3772727265625 0.3658536578125 0.55 0.609756096875 0.58181818125 0.6341463421875 0.5772727265625 0.6422764234375 0.36818181875 0.593495934375 0.36818181875
0 0.1788617890625 0.38181818125 0.1707317078125 0.3863636359375 0.1869918703125 0.5363636359374999 0.3577235765625 0.5636363640625001 0.3658536578125 0.38181818125 0.3414634140625 0.38181818125 0.1788617890625 0.38181818125
0 0.024390243750000002 0.38181818125 0.032520325 0.5136363640625 0.1707317078125 0.53181818125 0.1707317078125 0.5 0.1626016265625 0.3772727265625 0.024390243750000002 0.38181818125
0 0 0.509090909375 0.024390243750000002 0.5136363640625 0.0162601625 0.38181818125 0 0.38181818125 0 0.509090909375
0 0 0.61818181875 0.04065040625 0.63181818125 0.04065040625 0.5227272734375 0 0.51818181875 0 0.6 0 0.61818181875
0 0.048780487500000004 0.640909090625 0.1869918703125 0.6772727265625 0.1788617890625 0.5363636359374999 0.048780487500000004 0.51818181875 0.048780487500000004 0.640909090625
0 0.1951219515625 0.6954545453125001 0.382113821875 0.75 0.382113821875 0.5681818187500001 0.1869918703125 0.5454545453125 0.1951219515625 0.6954545453125001
0 0.6341463421875 0.5909090906250001 0.6016260156250001 0.5863636359375 0.382113821875 0.559090909375 0.398373984375 0.740909090625 0.6585365859375 0.809090909375 0.6666666671875 0.7 0.6666666671875 0.5954545453125 0.6341463421875 0.5909090906250001
0 1 0.65 0.6747967484374999 0.5954545453125 0.6829268296875 0.8136363640625 1 0.9045454546875 1 0.65
0 0 0.6818181812499999 0.048780487500000004 0.71818181875 0.048780487500000004 0.640909090625 0 0.6227272734375 0 0.6818181812499999
0 0.1869918703125 0.8227272734375 0.1869918703125 0.6863636359374999 0.05691056875 0.65 0.06504065 0.76818181875 0.1869918703125 0.8227272734375
0 0.06504065 0.78181818125 0.06504065 0.8545454546875 0.1869918703125 0.8318181812500001 0.06504065 0.78181818125
0 0.1951219515625 0.8318181812500001 0.382113821875 0.9136363640624999 0.382113821875 0.7545454546875 0.1951219515625 0.7 0.1951219515625 0.8318181812500001
0 0.6747967484374999 0.8227272734375 0.6666666671875 0.8136363640625 0.6260162609375 0.809090909375 0.398373984375 0.7454545453125 0.390243903125 0.759090909375 0.390243903125 0.9181818187499999 0.585365853125 0.990909090625 0.6341463421875 0.96818181875 0.6747967484374999 0.959090909375 0.6747967484374999 0.8227272734375
0 1 0.9090909093749999 0.6910569109375 0.8227272734375 0.6829268296875 0.8318181812500001 0.6829268296875 0.959090909375 0.8292682921875001 1 1 1 1 0.9090909093749999
0 0.8048780484375 1 0.6829268296875 0.9636363640625 0.5772357718750001 1 0.8048780484375 1
0 0.560975609375 1 0.569105690625 0.990909090625 0.390243903125 0.9227272734374999 0.382113821875 1 0.560975609375 1
0 0.3739837390625 1 0.382113821875 0.9227272734374999 0.30081300781250003 0.8818181812500001 0.2926829265625 0.890909090625 0.30081300781250003 0.9181818187499999 0.3170731703125 0.940909090625 0.3170731703125 1 0.3739837390625 1
0 0.3089430890625 1 0.3089430890625 0.940909090625 0.2926829265625 0.9181818187499999 0.2926829265625 0.890909090625 0.2845528453125 0.8727272734374999 0.2601626015625 0.8727272734374999 0.21951219531250002 0.8772727265625001 0.2113821140625 0.8636363640625 0.1951219515625 0.8363636359375001 0 0.8681818187499999 0 1 0.3089430890625 1